1.238985
1.044264
1.124647
1.013622
0.852483
0.652865
0.506679
0.532979
0.585115
0.648149
0.721476
0.804449
0.862193
0.709413
0.501531
0.320036
0.145722
-0.040597
-0.212321
-0.376601
-0.540911
-0.741898
-0.933411
-1.116620
-1.296124
-1.479063
-1.646630
-1.813860
-1.909792
-1.783840
-1.609440
-1.423025
-1.233878
-1.046909
-0.857710
-0.663997
-0.472398
-0.279813
-0.194944
-0.027034
-0.013405
-0.080995
0.092612
0.094788
0.042161
-0.031474
-0.124201
-0.254630
-0.395705
-0.525020
-0.641922
-0.732046
-0.802783
-0.849732
-0.890676
-0.922301
-0.895540
-0.824268
-0.632349
-0.446151
-0.257106
-0.067106
0.125637
0.320671
0.517328
0.715634
0.916891
0.955006
1.012371
1.214877
1.415199
1.624169
1.830728
2.037545
2.251751
2.466759
2.558431
2.377349
2.192755
2.004032
1.820424
1.624334
1.436555
1.238948
1.047691
0.952648
0.871449
0.713331
0.532823
0.345168
0.159191
-0.024756
-0.206221
-0.373527
-0.554071
-0.753381
-0.803887
-0.829774
-0.795991
-0.784464
-0.741919
-0.675170
-0.600425
-0.492988
-0.389471
-0.271485
-0.205389
-0.128026
-0.087068
-0.047334
-0.155620
-0.102580
-0.171502
-0.305985
-0.421016
-0.633455
-0.846326
-1.049770
-1.260525
-1.466497
-1.662514
-1.768006
-1.679652
-1.525850
-1.353405
-1.165363
-0.969150
-0.770662
-0.574071
-0.378302
-0.171680
0.041660
0.265469
0.493179
0.681175
0.743095
0.669580
0.614261
0.557805
0.517126
0.696063
0.899055
1.096907
1.236266
1.160129
0.964487
0.768930
0.572228
0.492388
0.551694
0.622043
0.686884
0.775127
0.857464
0.901508
0.737683
0.508542
0.300854
0.098639
-0.132859
-0.338868
-0.534860
-0.732981
-0.923823
-1.112305
-1.293060
-1.473089
-1.643664
-1.805532
-1.942823
-1.903520
-1.723038
-1.522283
-1.319883
-1.124149
-0.920486
-0.723300
-0.519091
-0.321107
-0.192688
-0.114300
0.036953
0.033877
-0.025176
0.127735
0.116436
0.061468
-0.003334
-0.083346
-0.192998
-0.318558
-0.445217
-0.572874
-0.670247
-0.717443
-0.740244
-0.747714
-0.748956
-0.666880
-0.472906
-0.297837
-0.119489
0.061498
0.239519
0.424856
0.612845
0.803609
0.981482
1.091526
1.116747
1.313117
1.508134
1.703394
1.897140
2.092195
2.287443
2.482935
2.450071
2.256351
2.062730
1.868725
1.674456
1.480791
1.283042
1.090772
1.070140
0.964632
0.786714
0.605504
0.426638
0.238738
0.058331
-0.115087
-0.294294
-0.475450
-0.651899
-0.727387
-0.734243
-0.709721
-0.698169
-0.638208
-0.553794
-0.428267
-0.323523
-0.199746
-0.100487
-0.029529
0.036291
0.078354
0.051068
-0.071072
-0.013717
-0.118111
-0.216426
-0.334473
-0.532661
-0.731001
-0.938086
-1.138293
-1.341847
-1.544042
-1.739030
-1.880078
-1.797766
-1.719101
-1.563101
-1.396826
-1.221614
-1.038578
-0.848773
-0.647188
-0.431289
-0.223771
0.009189
0.247631
0.473266
0.711062
0.870126
0.822035
0.732688
0.648253
0.566805
0.514507
0.476801
0.671844
0.866963
1.061366
1.160182
2.471645
2.376789
2.290289
2.099470
1.860257
1.621855
1.383773
1.145741
0.999819
0.824622
0.650638
0.483130
0.275471
0.065595
0.029273
0.052065
-0.007612
-0.236723
-0.470571
-0.682550
-0.888277
-1.049420
-1.281264
-1.417787
-1.501540
-1.547151
-1.556050
-1.405161
-1.228294
-1.073115
-1.147231
-1.230589
-1.290479
-1.322281
-1.171357
-0.983330
-0.814881
-0.641375
-0.502410
-0.530336
-0.475335
-0.243594
-0.022062
0.008474
0.141266
0.275556
0.379145
0.475510
0.584274
0.704412
0.817022
0.735483
0.493656
0.321113
0.430036
0.328550
0.100199
-0.131282
-0.276601
-0.443877
-0.563731
-0.686057
-0.791314
-0.837474
-0.663123
-0.658196
-0.449603
-0.222237
0.005742
0.115748
0.156843
0.377779
0.619355
0.861301
1.103853
1.343308
1.567010
1.805056
1.855034
1.618060
1.382947
1.141014
0.902579
0.667916
0.425674
0.183961
-0.041969
-0.255196
-0.479885
-0.695336
-0.915818
-0.889588
-0.794118
-0.697394
-0.565671
-0.435236
-0.189804
-0.033203
-0.096085
0.044160
0.236245
0.377269
0.309180
0.237574
0.141197
0.059198
-0.039387
-0.195575
-0.216873
-0.449704
-0.655799
-0.699171
-0.695739
-0.864336
-1.041801
-1.179166
-1.289171
-1.319606
-1.232095
-1.133142
-1.172988
-1.397364
-1.433394
-1.376606
-1.268470
-1.132918
-0.925685
-0.700174
-0.453817
-0.226221
0.019516
0.082010
0.174270
0.410184
0.584886
0.746186
0.924503
1.129289
1.361471
1.594321
1.825172
2.057017
2.287844
2.472968
2.479695
2.203206
1.937397
1.675141
1.408129
1.155215
0.896923
0.642271
0.387324
0.132441
-0.119889
-0.139191
-0.147326
-0.393948
-0.628280
-0.852319
-1.050476
-1.237624
-1.388106
-1.500936
-1.540579
-1.369869
-1.170604
-0.971113
-0.761545
-0.544205
-0.313919
-0.086525
0.144808
0.382019
0.616475
0.859621
1.100253
1.333346
1.462216
1.542553
1.391518
1.140823
0.890463
0.641179
0.391439
0.143781
-0.102657
-0.350230
-0.596063
-0.838806
-1.079233
-1.317899
-1.548130
-1.778460
-2.000492
-1.854391
-1.614926
-1.293247
-0.953703
-0.614040
-0.274298
0.065500
0.405337
0.657546
0.732001
0.608778
0.450577
0.284483
0.128971
0.001109
-0.176787
-0.120231
0.110181
0.310191
0.070252
-0.184392
-0.325234
-0.124358
-0.035446
-0.273440
-0.293449
-0.152948
-0.000907
0.265281
0.514344
0.352337
0.347404
0.526676
0.699957
0.730815
0.542930
0.280502
0.012442
-0.265938
-0.549593
-0.824146
-1.106908
-1.377762
-1.562566
-1.730633
-1.624679
-1.382972
-1.149050
-0.899378
-0.647658
-0.404823
-0.150076
0.105510
0.357539
0.609419
0.866834
1.124586
1.371600
1.411755
1.293538
1.124081
0.839150
0.565638
0.289281
0.020910
-0.244009
-0.502072
-0.751347
-0.990957
-1.214252
-1.286584
-1.238307
-1.160261
-1.055575
-0.927802
-0.780463
-0.616793
-0.439599
-0.228063
-0.106685
-0.155068
-0.142074
0.101474
0.346233
0.591971
0.838512
1.098630
1.339659
1.581739
1.836158
2.073889
2.307809
2.484550
2.563545
2.308124
2.056743
1.805870
1.555594
1.329790
1.125576
1.016557
0.810961
0.668334
0.482279
0.275939
0.154126
0.131575
0.012689
-0.215377
-0.459912
-0.691312
-0.904913
-0.978874
-1.090370
-1.343777
-1.468799
-1.532768
-1.555449
-1.395605
-1.195607
-1.094541
-1.183650
-1.265869
-1.341851
-1.275566
-1.111652
-0.894051
-0.725964
-0.579733
-0.535987
-0.572065
-0.332761
-0.077118
0.006695
0.086038
0.233451
0.341546
0.405598
0.514252
0.640816
0.758861
0.809698
0.543561
0.291337
0.378432
0.384766
0.195210
0.021250
-0.200338
-0.369615
-0.515403
-0.670672
-0.792484
-0.895439
-0.894895
-0.724291
-0.607622
-0.374307
-0.137622
0.088649
0.098420
0.257700
0.505146
0.753476
1.002118
1.250725
1.501970
1.725814
1.844930
1.721499
1.474952
1.228524
0.987318
0.733596
0.484964
0.238914
0.000744
-0.229088
-0.455985
-0.685687
-0.921287
-0.948416
-0.865790
-0.762203
-0.621991
-0.501589
-0.267825
-0.028156
0.056678
0.004360
0.192267
0.348572
0.516545
0.421045
0.313236
0.212079
0.133117
0.056214
-0.091847
-0.211621
-0.307072
-0.528811
-0.721419
-0.649709
-0.779403
-0.937935
-1.139935
-1.275833
-1.362280
-1.322692
-1.214753
-1.140746
-1.305850
-1.483649
-1.440331
-1.358462
-1.244435
-1.089341
-0.860482
-0.613747
-0.377416
-0.140717
0.103507
0.152249
0.158361
0.363323
0.561291
0.728074
0.902663
1.065797
1.268761
1.511923
1.752805
1.990592
2.232605
2.472372
2.565656
2.521640
2.259314
1.999528
1.741405
1.483900
1.226396
0.968766
0.712208
0.455418
0.198035
-0.058814
-0.077048
-0.103449
-0.348001
-0.568014
-0.777070
-0.971580
-1.144634
-1.292337
-1.425084
-1.506242
-1.384898
-1.186308
-0.981816
-0.759845
-0.531369
-0.294681
-0.053293
0.192486
0.441798
0.693587
0.947940
1.203855
1.397090
1.510670
1.588945
1.343721
1.089987
0.836722
0.579459
0.327116
0.075557
-0.175026
-0.424378
-0.678693
-0.925062
-1.168777
-1.408803
-1.653628
-1.882032
-2.040417
-1.838317
-1.544713
-1.212005
-0.865255
-0.533285
-0.201121
0.131182
0.413874
0.578073
0.514963
0.356503
0.189381
0.024332
-0.128201
-0.003856
0.106734
0.347793
0.473088
0.207540
-0.051154
-0.305140
-0.426425
-0.274248
-0.143621
-0.277683
-0.425374
-0.338678
-0.165987
0.109275
0.382794
0.614706
0.411935
0.183082
0.076145
0.253635
0.421868
0.527530
0.459588
0.188072
-0.099709
-0.416469
-0.733365
-1.047618
-1.349039
-1.589678
-1.765502
-1.684069
-1.444061
-1.199614
-0.960388
-0.710135
-0.458385
-0.205506
0.048246
0.302686
0.556825
0.807619
1.058446
1.305148
1.320185
1.235114
1.026296
0.763396
0.503715
0.247006
-0.004687
-0.251336
-0.494757
-0.727232
-0.951013
-1.158128
-1.257759
-1.204705
-1.108308
-0.997113
-0.859965
-0.700992
-0.513077
-0.322666
-0.094650
-0.061353
-0.100257
0.147729
0.395886
0.649316
0.907063
1.157586
1.402736
1.655409
1.850190
2.074559
2.322063
2.523044
0.960951
0.789609
0.592965
0.391699
0.196650
0.007678
-0.175908
-0.349673
-0.512905
-0.720664
-0.937154
-1.147426
-1.353254
-1.552197
-1.741072
-1.877253
-1.797804
-1.594176
-1.485155
-1.264578
-1.044050
-0.826794
-0.609880
-0.392002
-0.187021
-0.106278
0.049190
0.045529
-0.027368
0.143140
0.126482
0.060974
-0.019504
-0.102380
-0.203326
-0.326001
-0.444235
-0.568610
-0.677265
-0.770838
-0.843577
-0.877352
-0.902337
-0.947312
-0.923846
-0.870630
-0.635528
-0.458008
-0.278876
-0.086278
0.089664
0.277008
0.476861
0.656125
0.839436
0.957112
1.000508
1.203987
1.405688
1.598964
1.796792
1.983140
2.175801
2.363262
2.550650
2.606615
2.370687
2.144815
1.926864
1.709701
1.493442
1.281722
1.074073
0.958772
0.940347
0.768837
0.566086
0.368099
0.172791
-0.020442
-0.210644
-0.395851
-0.579227
-0.752156
-0.796155
-0.844813
-0.801209
-0.774777
-0.735716
-0.671664
-0.583222
-0.463840
-0.355902
-0.228466
-0.114429
-0.043069
0.013205
0.036680
-0.104414
-0.042420
-0.131653
-0.240210
-0.392087
-0.584843
-0.777820
-0.968954
-1.158627
-1.348772
-1.537304
-1.719185
-1.748212
-1.631525
-1.505522
-1.352585
-1.189806
-1.020074
-0.829439
-0.624364
-0.434408
-0.270979
-0.093253
0.090188
0.274964
0.444589
0.662493
0.843141
0.828747
0.744785
0.670688
0.613539
0.578784
0.771286
0.920483
1.063712
1.181398
0.979094
0.769060
0.562868
0.567347
0.635715
0.701997
0.791807
0.887110
0.960161
2.799723
2.582717
2.365597
2.148176
1.929986
1.712011
1.494281
1.275226
1.056244
0.837347
0.618548
0.399867
0.349037
0.348132
0.174451
-0.037757
-0.248851
-0.464449
-0.646707
-0.835681
-1.026729
-1.211588
-1.354997
-1.388859
-1.367065
-1.175128
-1.172601
-1.204487
-1.160432
-1.010966
-0.813950
-0.613595
-0.395789
-0.167734
0.041990
0.167484
0.214416
0.180081
0.164464
0.067280
-0.159150
-0.373718
-0.586152
-0.795858
-0.975368
-1.136491
-1.283979
-1.427337
-1.268144
-1.074011
-0.828077
-0.648951
-0.385650
-0.102523
0.191621
0.463555
0.663399
0.776548
0.698444
0.562821
0.426793
0.318530
0.247847
0.454522
0.669127
0.794529
0.620744
0.404045
0.187742
-0.028082
-0.248088
-0.291273
-0.296453
-0.411883
-0.351217
-0.282658
-0.322968
-0.082443
0.180448
0.410118
0.639720
0.762534
0.623416
0.416338
0.355477
0.466419
0.584660
0.674692
0.589630
0.398545
0.113827
-0.182250
-0.489150
-0.670614
-0.926105
-1.147869
-1.319551
-1.331434
-1.191803
-1.026448
-0.852049
-0.670516
-0.459800
-0.246313
-0.034413
0.096257
0.123301
0.147082
0.075397
-0.034159
-0.270631
-0.506306
-0.726038
-0.908797
-1.069127
-1.194611
-1.163817
-1.091888
-1.234601
-1.370369
-1.367139
-1.294184
-1.113574
-0.925822
-0.732581
-0.548134
-0.357448
-0.146597
0.065436
0.273920
0.347996
0.314906
0.490482
0.707667
0.926690
1.145788
1.363617
1.581699
1.800003
2.017658
2.235676
2.453685
2.672216
2.799345
1.296889
1.106995
1.055514
0.998051
0.800338
0.605096
0.496242
0.546792
0.592741
0.665416
0.748154
0.824798
0.790458
0.614302
0.374332
0.165189
-0.041849
-0.260405
-0.441196
-0.639609
-0.832150
-1.023127
-1.210027
-1.394645
-1.574116
-1.745497
-1.874059
-1.785002
-1.622052
-1.430532
-1.244545
-1.055365
-0.863985
-0.667929
-0.476911
-0.277609
-0.195780
-0.053637
0.007397
-0.076708
0.049563
0.115695
0.053449
-0.011871
-0.088906
-0.183062
-0.304092
-0.441441
-0.578126
-0.708712
-0.796656
-0.867629
-0.922389
-0.951051
-0.935655
-0.850042
-0.651510
-0.478100
-0.301576
-0.122579
0.063946
0.235893
0.415396
0.600984
0.779192
0.915515
0.926395
1.091672
1.285669
1.477575
1.667667
1.858115
2.048876
2.236900
2.427532
2.551807
2.356984
2.161219
1.966734
1.773008
1.580084
1.387407
1.195342
1.003396
0.926944
0.889779
0.715144
0.534643
0.352771
0.169567
-0.009412
-0.184841
-0.356944
-0.531150
-0.708400
-0.813019
-0.847139
-0.809516
-0.786695
-0.725155
-0.628745
-0.513565
-0.395064
-0.281317
-0.224150
-0.167774
-0.128835
-0.174374
-0.236857
-0.175412
-0.304418
-0.397713
-0.543119
-0.729396
-0.919079
-1.107640
-1.294622
-1.479288
-1.652825
-1.764140
-1.678981
-1.558331
-1.409986
-1.248291
-1.075833
-0.895836
-0.708462
-0.529216
-0.359300
-0.166135
0.018952
0.201946
0.404836
0.590833
0.661527
0.608359
0.552151
0.520103
0.500842
0.622068
0.814895
1.000062
1.200992
1.299972
2.689016
2.497827
2.289065
2.081528
1.874226
1.667613
1.461311
1.255356
1.049794
0.844710
0.640997
0.447694
0.267156
0.099103
-0.078965
-0.267827
-0.460402
-0.651130
-0.832530
-1.017804
-1.199811
-1.377834
-1.523489
-1.569025
-1.592257
-1.581267
-1.534103
-1.452261
-1.332594
-1.193607
-1.042134
-0.890507
-0.694251
-0.484144
-0.262622
-0.052519
0.095409
0.160500
0.215510
0.299655
0.288132
0.138841
-0.018785
-0.160104
-0.299081
-0.428988
-0.555918
-0.662753
-0.766510
-0.854877
-0.704571
-0.481433
-0.208024
0.065923
0.342951
0.552072
0.714737
0.860602
0.821423
0.768259
0.724682
0.710029
0.686689
0.673510
0.540742
0.330001
0.110230
-0.146672
-0.336449
-0.559574
-0.485857
-0.480415
-0.648633
-0.461765
-0.505116
-0.451613
-0.490471
-0.292812
-0.070998
0.150268
0.350182
0.553898
0.614622
0.635208
0.630894
0.656702
0.680604
0.719624
0.693228
0.544338
0.344936
0.106177
-0.120025
-0.271086
-0.388418
-0.523325
-0.667870
-0.570177
-0.460476
-0.328481
-0.188702
-0.051180
0.091566
0.169302
0.057149
0.006942
-0.094403
-0.242909
-0.444877
-0.629816
-0.799300
-0.969035
-1.123832
-1.240253
-1.357387
-1.449538
-1.500166
-1.540701
-1.551654
-1.517885
-1.458164
-1.293656
-1.123479
-0.948627
-0.780059
-0.597510
-0.412278
-0.233290
-0.059312
0.096849
0.254026
0.413977
0.582663
0.777148
0.976523
1.176545
1.377140
1.578243
1.779801
1.979215
2.181707
2.382346
2.581721
2.691538
2.458115
2.343995
2.166347
1.984213
1.797266
1.615589
1.428937
1.240636
1.050598
0.864292
0.672567
0.480875
0.289224
0.097620
-0.093925
-0.249720
-0.420030
-0.487826
-0.643164
-0.824964
-1.005763
-1.129996
-1.241883
-1.338921
-1.414463
-1.476765
-1.500817
-1.515823
-1.402825
-1.284532
-1.090094
-1.113198
-1.203242
-1.277254
-1.350216
-1.385941
-1.281273
-1.259525
-1.154085
-1.035380
-0.905703
-0.766975
-0.620786
-0.468418
-0.310943
-0.149211
0.016090
0.181112
0.315418
0.440842
0.593237
0.688013
0.649919
0.515834
0.383180
0.265946
0.145322
0.036904
-0.073982
-0.176108
-0.251622
-0.333035
-0.402722
-0.442520
-0.468831
-0.313651
-0.117648
0.080182
0.277036
0.474801
0.669733
0.875011
0.953548
1.024515
1.221615
1.386493
1.582437
1.593938
1.423950
1.243241
1.052969
0.889229
0.699272
0.488307
0.320077
0.130930
-0.042348
-0.230253
-0.400811
-0.461213
-0.426544
-0.363424
-0.288252
-0.210610
-0.117213
-0.011229
0.106528
0.226053
0.355370
0.486826
0.551775
0.477825
0.333312
0.216887
0.067725
-0.120111
-0.323675
-0.510588
-0.668058
-0.837822
-0.977628
-1.111754
-1.213099
-1.246649
-1.178980
-1.090105
-0.988931
-0.955581
-1.118178
-1.244413
-1.310291
-1.275545
-1.204959
-1.105774
-0.986911
-0.824397
-0.644162
-0.463218
-0.405767
-0.254028
-0.062940
0.126795
0.316796
0.509428
0.700133
0.893335
1.087096
1.281185
1.475560
1.673515
1.870701
2.068666
2.270763
2.453592
2.710989
2.493850
2.282274
2.072394
1.865554
1.653973
1.448672
1.246179
1.038692
0.835959
0.631174
0.427505
0.223094
0.020290
-0.095219
0.005279
-0.004558
-0.199347
-0.381659
-0.560415
-0.726030
-0.887785
-1.033162
-1.163856
-1.277179
-1.375614
-1.455691
-1.528990
-1.510497
-1.501324
-1.459500
-1.409914
-1.298417
-1.205660
-1.073511
-0.935201
-0.764984
-0.597830
-0.432636
-0.243874
-0.056416
0.136587
0.318330
0.490795
0.631961
0.714167
0.761333
0.707103
0.688409
0.678029
0.558004
0.428390
0.271209
0.136557
0.008625
-0.111813
-0.283735
-0.321718
-0.290415
-0.139295
0.058387
0.256752
0.436150
0.641084
0.664334
0.527601
0.340960
0.132639
-0.072222
-0.268500
-0.456799
-0.509307
-0.462515
-0.269685
-0.211936
-0.398934
-0.529840
-0.464273
-0.385508
-0.191782
0.018001
0.227678
0.435118
0.649060
0.743853
0.571850
0.390611
0.199708
0.004357
-0.047054
0.073001
0.201148
0.305536
0.321479
0.217233
0.214030
0.296259
0.239841
0.141652
-0.006643
-0.175442
-0.339649
-0.498491
-0.651065
-0.796327
-0.932982
-1.059620
-1.174580
-1.276014
-1.362032
-1.430640
-1.487209
-1.508948
-1.516253
-1.501837
-1.427666
-1.373619
-1.301183
-1.212067
-1.112144
-1.005433
-0.876374
-0.726998
-0.590872
-0.436986
-0.267591
-0.085390
-0.030094
-0.050635
0.022366
0.217456
0.418770
0.615087
0.817041
1.016717
1.221486
1.414670
1.611539
1.795961
1.994133
2.192492
2.385043
2.576414
2.716513
2.621233
2.374340
2.128407
1.883713
1.638630
1.395438
1.158561
0.960789
0.761234
0.586389
0.441414
0.284585
0.151103
0.141987
0.000702
-0.238280
-0.475554
-0.721229
-0.954900
-1.145539
-1.294731
-1.407486
-1.461023
-1.444146
-1.217784
-1.179523
-1.277843
-1.349474
-1.288970
-1.151390
-0.971664
-0.772781
-0.683654
-0.631629
-0.392234
-0.156877
-0.123711
0.036004
0.144372
0.211887
0.321951
0.426974
0.544949
0.568847
0.373360
0.161126
0.039955
0.179639
0.052563
-0.151818
-0.384805
-0.528282
-0.655989
-0.765606
-0.854771
-0.805965
-0.580851
-0.351966
-0.125630
0.124542
0.380134
0.630530
0.885023
1.107694
1.338176
1.579728
1.810163
1.687352
1.424981
1.172653
0.909466
0.652788
0.392939
0.190230
0.224247
0.055347
-0.185629
-0.425742
-0.601177
-0.603140
-0.811541
-0.768128
-0.661588
-0.520051
-0.391873
-0.228377
-0.062526
0.161333
0.376190
0.481421
0.341614
0.505716
0.685271
0.866072
0.755397
0.617429
0.508267
0.394063
0.327433
0.200566
0.005391
0.015589
-0.212429
-0.471142
-0.597810
-0.443682
-0.561854
-0.705026
-0.884876
-1.063488
-1.258590
-1.409342
-1.366691
-1.295015
-1.215384
-1.145192
-1.276887
-1.472289
-1.616309
-1.602486
-1.560680
-1.481214
-1.328593
-1.166198
-0.957445
-0.757229
-0.554864
-0.317965
-0.072875
0.124794
0.102754
0.106203
0.277929
0.500289
0.665309
0.860209
1.049652
1.198877
1.445863
1.692498
1.939364
2.185578
2.432929
2.621290
2.839850
2.617613
2.395961
2.174727
1.952626
1.731464
1.509740
1.288196
1.065734
0.844513
0.622232
0.400032
0.389575
0.391052
0.206380
-0.010188
-0.221415
-0.440263
-0.615278
-0.810272
-1.006627
-1.189182
-1.326071
-1.369057
-1.338499
-1.156432
-1.147536
-1.197984
-1.171121
-1.028666
-0.852069
-0.673358
-0.459665
-0.213754
0.013964
0.118936
0.171339
0.153877
0.124535
0.019080
-0.202017
-0.420187
-0.638245
-0.837853
-1.021639
-1.185632
-1.337231
-1.380750
-1.200483
-0.996155
-0.717825
-0.532119
-0.241071
0.068675
0.351517
0.566872
0.670618
0.584681
0.456573
0.323368
0.210002
0.250668
0.458190
0.673945
0.879289
0.771048
0.554911
0.329775
0.107959
-0.110086
-0.338472
-0.360919
-0.341301
-0.444848
-0.483291
-0.335250
-0.349497
-0.276946
-0.038156
0.191319
0.423836
0.651898
0.820958
0.674441
0.479582
0.264757
0.317780
0.429561
0.565701
0.533834
0.360320
0.092024
-0.200057
-0.501615
-0.716060
-0.956861
-1.168296
-1.344557
-1.327955
-1.171321
-1.003107
-0.835401
-0.639010
-0.425771
-0.208326
-0.002454
0.064241
0.105059
0.103669
0.037486
-0.139362
-0.366141
-0.567968
-0.769728
-0.965047
-1.119211
-1.174302
-1.119524
-1.077660
-1.310598
-1.346032
-1.318099
-1.152713
-0.967532
-0.773814
-0.581470
-0.394972
-0.177984
0.035183
0.253883
0.395649
0.369714
0.489897
0.709584
0.931317
1.153172
1.375131
1.595778
1.816681
2.036682
2.257122
2.477386
2.697237
2.839957
2.675721
2.464378
2.255449
2.048084
1.841113
1.634581
1.428610
1.222838
1.017290
0.812465
0.608382
0.439309
0.256084
0.086028
-0.094850
-0.283357
-0.474872
-0.622372
-0.808184
-0.990964
-1.170091
-1.346663
-1.533445
-1.576478
-1.624600
-1.583829
-1.567762
-1.482854
-1.395233
-1.266986
-1.113284
-0.938257
-0.745582
-0.538312
-0.321543
-0.120420
0.017538
0.087497
0.141287
0.204940
0.240482
0.083612
-0.067200
-0.210541
-0.345784
-0.487199
-0.604197
-0.709850
-0.809966
-0.876314
-0.728299
-0.461435
-0.192991
0.076042
0.318005
0.527905
0.705742
0.845441
0.787677
0.742389
0.712540
0.693332
0.660049
0.662030
0.572033
0.440517
0.228331
0.015321
-0.219278
-0.411445
-0.531206
-0.506150
-0.570277
-0.482702
-0.647421
-0.472562
-0.503441
-0.271660
-0.062925
0.178085
0.383913
0.564567
0.613804
0.620816
0.637981
0.664851
0.686063
0.717633
0.759120
0.600094
0.414218
0.199251
-0.071406
-0.260433
-0.357821
-0.483805
-0.606018
-0.574300
-0.451023
-0.317846
-0.177096
-0.037099
0.108579
0.145290
0.114383
0.043848
-0.068533
-0.237636
-0.428748
-0.610799
-0.808960
-0.963856
-1.111678
-1.238093
-1.344419
-1.427876
-1.486038
-1.537376
-1.545504
-1.512700
-1.422619
-1.275220
-1.105312
-0.917610
-0.752259
-0.570552
-0.386127
-0.210294
-0.034742
0.113967
0.271399
0.430206
0.603362
0.800047
0.997642
1.200434
1.399237
1.601531
1.802403
2.000681
2.200344
2.401809
2.599562
2.678421
2.556195
2.391536
2.194928
1.999852
1.805214
1.611062
1.417419
1.224039
1.030953
0.838201
0.646484
0.454732
0.266147
0.092476
-0.068726
-0.220236
-0.382920
-0.556827
-0.727826
-0.902184
-1.073549
-1.233711
-1.394833
-1.554601
-1.701290
-1.764963
-1.760469
-1.708763
-1.632493
-1.535218
-1.401018
-1.240847
-1.065230
-0.892028
-0.687708
-0.472997
-0.249827
-0.019775
0.141500
0.217209
0.281947
0.338241
0.383124
0.283213
0.151039
0.025725
-0.095782
-0.212779
-0.325809
-0.417466
-0.498254
-0.510682
-0.345762
-0.108694
0.133497
0.404536
0.591108
0.745709
0.810884
0.783440
0.748047
0.716592
0.689183
0.665324
0.650723
0.496589
0.303213
0.100884
-0.101944
-0.272296
-0.174245
-0.283070
-0.266260
-0.326131
-0.190905
-0.282419
-0.133240
0.061033
0.261545
0.456314
0.600661
0.617530
0.632091
0.644087
0.665409
0.695902
0.719348
0.648765
0.495492
0.298008
0.041521
-0.110656
-0.279936
-0.435267
-0.481586
-0.397427
-0.292892
-0.187244
-0.069866
0.054695
0.175039
0.210484
0.158732
0.106562
-0.033485
-0.186034
-0.375594
-0.576236
-0.769329
-0.935112
-1.105811
-1.248666
-1.385948
-1.497142
-1.598055
-1.656214
-1.702715
-1.703998
-1.639048
-1.486570
-1.339383
-1.185813
-1.026983
-0.863789
-0.696943
-0.535491
-0.370478
-0.224286
-0.091244
0.048718
0.197840
0.362008
0.547865
0.734458
0.924858
1.112475
1.300611
1.489211
1.678225
1.866369
2.055146
2.243293
2.430218
2.557533
2.447886
2.256930
2.065665
1.874352
1.683182
1.492173
1.301348
1.110732
0.940352
0.748787
0.558801
0.365810
0.174416
-0.015071
-0.208116
-0.392463
-0.476481
-0.623510
-0.803649
-0.981168
-1.113501
-1.236835
-1.335073
-1.401146
-1.440374
-1.453230
-1.337016
-1.206528
-1.033882
-1.043499
-1.128188
-1.217009
-1.288598
-1.318010
-1.225324
-1.212980
-1.092928
-0.939311
-0.789620
-0.628433
-0.457973
-0.276496
-0.084948
0.110803
0.241687
0.362162
0.510464
0.640405
0.723970
0.618209
0.475681
0.338153
0.221136
0.096203
-0.021541
-0.114441
-0.214450
-0.304431
-0.383305
-0.450063
-0.503719
-0.429394
-0.245269
-0.060883
0.126831
0.313855
0.501549
0.691494
0.856448
0.905041
1.022799
1.216959
1.411845
1.603676
1.651556
1.458557
1.267630
1.081550
0.893719
0.700761
0.507814
0.320720
0.133104
-0.051150
-0.239634
-0.423275
-0.528169
-0.488560
-0.453197
-0.385739
-0.306042
-0.215155
-0.120717
-0.018825
0.100124
0.224043
0.346121
0.469036
0.462426
0.328268
0.198900
0.076662
-0.115929
-0.299051
-0.470998
-0.634506
-0.787659
-0.928180
-1.073306
-1.193785
-1.263947
-1.303437
-1.224979
-1.137775
-1.035512
-0.951396
-1.099130
-1.251211
-1.379908
-1.360377
-1.309470
-1.238733
-1.138771
-1.013153
-0.853268
-0.677866
-0.500760
-0.447335
-0.278394
-0.091413
0.098859
0.286941
0.477718
0.668624
0.859641
1.048909
1.240185
1.429932
1.617336
1.807872
1.997675
2.188689
2.378651
2.447741
2.800969
2.601561
2.391468
2.181935
1.967772
1.753379
1.541321
1.321710
1.106064
0.886493
0.670588
0.451541
0.305065
0.338534
0.181980
-0.026804
-0.241852
-0.448369
-0.636179
-0.818900
-1.015712
-1.197224
-1.370970
-1.430217
-1.442005
-1.412177
-1.221165
-1.224332
-1.230729
-1.206827
-1.062519
-0.895566
-0.710612
-0.511435
-0.301017
-0.081667
0.093894
0.217869
0.245476
0.214787
0.196450
0.031507
-0.186625
-0.409956
-0.630777
-0.833696
-1.001991
-1.156526
-1.305603
-1.311016
-1.125929
-0.918884
-0.664359
-0.537554
-0.292090
-0.038553
0.215461
0.469850
0.691734
0.822654
0.863028
0.723031
0.591913
0.451509
0.321640
0.203517
0.379205
0.594277
0.798879
0.691254
0.474279
0.257149
0.040248
-0.176120
-0.228001
-0.291836
-0.417011
-0.255402
-0.242535
-0.110696
0.139513
0.312415
0.576204
0.784928
0.737929
0.525586
0.470796
0.580963
0.619443
0.511246
0.261207
-0.015465
-0.291706
-0.558039
-0.725047
-0.949503
-1.163282
-1.362244
-1.256516
-1.105665
-0.943229
-0.771585
-0.576654
-0.378569
-0.170900
0.013936
0.068764
0.094805
0.063652
0.003684
-0.158677
-0.372331
-0.573674
-0.763045
-0.934417
-1.081676
-1.197749
-1.162446
-1.198617
-1.320989
-1.339902
-1.298267
-1.127821
-0.945565
-0.754693
-0.567025
-0.376772
-0.167570
0.042682
0.250344
0.341859
0.282491
0.422886
0.639668
0.857309
1.074125
1.291813
1.510513
1.729778
1.950091
2.171077
2.393367
2.619970
2.798042
2.545084
2.277725
2.016905
1.756687
1.496396
1.239737
0.983093
0.724547
0.467430
0.210672
-0.046347
-0.073168
-0.124966
-0.368058
-0.596990
-0.815175
-1.012246
-1.194751
-1.355399
-1.477779
-1.580275
-1.422914
-1.233116
-1.027691
-0.817819
-0.584744
-0.356574
-0.117454
0.124739
0.372218
0.619780
0.871822
1.123933
1.332522
1.590413
1.630807
1.475179
1.230598
0.976824
0.723435
0.470506
0.218140
-0.033534
-0.284339
-0.534038
-0.782300
-1.028648
-1.272372
-1.512388
-1.746952
-1.973122
-1.992532
-1.737365
-1.408336
-1.062001
-0.715572
-0.385608
-0.039026
0.272072
0.480042
0.496900
0.357300
0.183254
0.020721
-0.128482
-0.296644
-0.237909
0.011266
0.256458
0.487787
0.313052
0.051718
-0.205405
-0.458785
-0.475592
-0.287830
-0.241570
-0.442401
-0.354806
-0.180691
0.091118
0.362216
0.617593
0.477707
0.259499
0.038211
0.186268
0.357725
0.508992
0.464824
0.220296
-0.068066
-0.371237
-0.673660
-0.984987
-1.281129
-1.536858
-1.713280
-1.661648
-1.421379
-1.176929
-0.929600
-0.680213
-0.429313
-0.177266
0.075668
0.329306
0.577529
0.832420
1.087662
1.328899
1.287335
1.200034
0.952886
0.690641
0.431277
0.175816
-0.075075
-0.320133
-0.559160
-0.791281
-1.000390
-1.201082
-1.152445
-1.070322
-0.977667
-0.841787
-0.685513
-0.518522
-0.336301
-0.116579
0.004045
-0.070412
0.104232
0.353609
0.603953
0.855087
1.111484
1.363569
1.616142
1.861382
2.108120
2.353179
2.547459
2.557042
2.323096
2.069082
1.815464
1.562261
1.309139
1.092407
0.959912
0.770684
0.586427
0.388214
0.228026
0.095186
0.081427
0.091262
-0.090212
-0.336970
-0.584703
-0.802902
-0.988034
-1.216949
-1.384593
-1.516627
-1.613224
-1.621572
-1.539011
-1.373770
-1.118914
-1.151605
-1.237003
-1.315868
-1.365622
-1.238658
-1.040635
-0.857296
-0.673561
-0.544956
-0.636544
-0.435002
-0.183962
0.039637
-0.003794
0.193539
0.312041
0.422719
0.504920
0.642239
0.751177
0.896395
0.853698
0.638866
0.620436
0.446952
0.294293
0.083458
-0.118442
-0.290257
-0.456530
-0.609624
-0.727240
-0.845908
-0.903772
-0.687119
-0.676635
-0.449558
-0.207458
0.033997
0.120540
0.236777
0.491179
0.745834
0.999918
1.256035
1.511673
1.764704
1.880059
1.636534
1.379751
1.127601
0.876433
0.644239
0.389802
0.145580
-0.057520
-0.285849
-0.525832
-0.751079
-0.945208
-0.862019
-0.766066
-0.650543
-0.507672
-0.350181
-0.121399
0.074797
0.105312
0.094141
0.288333
0.451114
0.574084
0.452388
0.342103
0.236457
0.167798
0.071446
-0.114374
-0.160577
-0.422154
-0.654542
-0.588100
-0.690288
-0.847573
-1.046019
-1.202701
-1.336000
-1.314861
-1.228321
-1.135618
-1.259675
-1.482928
-1.487813
-1.422809
-1.314516
-1.175811
-0.964042
-0.718853
-0.465216
-0.220456
0.025567
0.114435
0.106275
0.204923
0.351638
0.479532
0.656906
0.830865
1.019686
1.192280
1.438223
1.688778
1.935431
2.183077
2.406810
2.558089
2.543988
2.280041
2.018495
1.758337
1.498916
1.239432
0.980857
0.743915
0.484907
0.226196
-0.033438
-0.241501
-0.163462
-0.322394
-0.557942
-0.771445
-0.969411
-1.147294
-1.313630
-1.436806
-1.521985
-1.499133
-1.296066
-1.086190
-0.862821
-0.629376
-0.388234
-0.138939
0.111798
0.367238
0.624059
0.883351
1.144310
1.391319
1.511224
1.527486
1.276579
1.021648
0.767485
0.508724
0.255915
0.004223
-0.252628
-0.501742
-0.748673
-1.001169
-1.242278
-1.478127
-1.718314
-1.950595
-1.838016
-1.587602
-1.253002
-0.917626
-0.582129
-0.246549
0.089087
0.409885
0.639734
0.651572
0.510531
0.320832
0.161436
-0.004551
-0.149281
-0.226759
-0.112607
0.140366
0.384866
0.292283
0.028132
-0.228302
-0.370462
-0.295621
-0.085088
-0.194749
-0.363389
-0.253559
-0.043635
0.232439
0.514496
0.388006
0.153232
0.160432
0.339653
0.509291
0.612499
0.494880
0.232585
-0.071836
-0.392164
-0.712217
-1.031879
-1.350955
-1.584621
-1.766376
-1.667622
-1.427408
-1.182206
-0.934192
-0.690612
-0.437235
-0.182586
0.073044
0.323166
0.574590
0.832587
1.085631
1.339442
1.391050
1.263232
1.059045
0.793721
0.531527
0.271601
0.015499
-0.237621
-0.483090
-0.724336
-0.957972
-1.173529
-1.320408
-1.257424
-1.179895
-1.070165
-0.931489
-0.759642
-0.581792
-0.388356
-0.156383
-0.112593
-0.303809
-0.093537
0.161526
0.413637
0.673562
0.903079
1.160692
1.412318
1.665259
1.834815
2.088446
2.341114
2.545211
