2.607996
2.413432
2.216693
2.020627
1.822911
1.623061
1.431382
1.232078
1.029886
0.827700
0.631832
0.433110
0.234636
0.032688
-0.169222
-0.326363
-0.226888
-0.198942
-0.362178
-0.550052
-0.709156
-0.860743
-1.003425
-1.135568
-1.255282
-1.360447
-1.448790
-1.518021
-1.577561
-1.611907
-1.592713
-1.570366
-1.514577
-1.436011
-1.350077
-1.247192
-1.129592
-0.988124
-0.838226
-0.688762
-0.520382
-0.356747
-0.180603
-0.007150
0.181494
0.351396
0.535447
0.690199
0.772467
0.839802
0.803838
0.815120
0.822174
0.724165
0.577558
0.432260
0.310387
0.179081
0.055628
-0.097773
-0.154290
-0.126155
0.056894
0.252167
0.444854
0.638831
0.473745
0.269612
0.069341
-0.126373
-0.309695
-0.300051
-0.165930
-0.006717
-0.014748
-0.214471
-0.306141
-0.264715
-0.192448
-0.014985
0.209845
0.436241
0.653985
0.660420
0.529716
0.354092
0.160823
0.120668
0.247747
0.367716
0.494383
0.609053
0.637115
0.537281
0.487280
0.601050
0.558230
0.490426
0.344896
0.157049
-0.016921
-0.196574
-0.371010
-0.549189
-0.710121
-0.862417
-1.004474
-1.146945
-1.263117
-1.362633
-1.443033
-1.501973
-1.545064
-1.568540
-1.501875
-1.464957
-1.405123
-1.324294
-1.224737
-1.108822
-0.978835
-0.836859
-0.683056
-0.524022
-0.343149
-0.192815
-0.230032
-0.342068
-0.355195
-0.157161
0.041353
0.240271
0.439530
0.639081
0.838884
1.039732
1.238060
1.439043
1.639678
1.840300
2.041312
2.243003
2.446044
2.605775
2.731308
2.505518
2.274528
2.042017
1.814162
1.586744
1.360014
1.135325
0.910790
0.682624
0.505718
0.358390
0.201148
0.011937
-0.196624
-0.402537
-0.607535
-0.808721
-1.006150
-1.197420
-1.379912
-1.434663
-1.469868
-1.464313
-1.442874
-1.386004
-1.301183
-1.194443
-1.068372
-0.932966
-0.774493
-0.608732
-0.426822
-0.236804
-0.040388
0.100846
0.150929
0.275981
0.297619
0.229017
0.043581
-0.129645
-0.298022
-0.457116
-0.601101
-0.730544
-0.849219
-0.951764
-0.766167
-0.523229
-0.273412
-0.023312
0.226985
0.486079
0.675438
0.837345
0.870016
0.812551
0.761544
0.725080
0.709012
0.687464
0.525392
0.319815
0.084360
-0.136021
-0.321582
-0.561444
-0.552556
-0.584405
-0.586514
-0.540968
-0.708853
-0.542130
-0.624078
-0.419353
-0.269261
-0.054333
0.163848
0.375490
0.588784
0.645142
0.647183
0.659679
0.682526
0.715584
0.739290
0.716435
0.598618
0.401747
0.181369
-0.063687
-0.308562
-0.410273
-0.502708
-0.611886
-0.692149
-0.577164
-0.452233
-0.318406
-0.176705
-0.014999
0.114157
0.115985
0.029550
-0.038393
-0.186546
-0.356614
-0.534805
-0.708125
-0.867348
-1.006768
-1.132239
-1.241640
-1.335982
-1.416990
-1.471882
-1.496230
-1.499471
-1.482958
-1.425833
-1.293808
-1.112443
-0.925954
-0.735289
-0.541187
-0.355940
-0.158582
0.023961
0.167209
0.318271
0.469400
0.630355
0.831949
1.039306
1.247298
1.462551
1.664897
1.874385
2.083703
2.288514
2.493409
2.693344
2.736436
2.845029
2.643783
2.432440
2.215859
1.995879
1.779940
1.560415
1.336993
1.113623
0.890316
0.667081
0.443933
0.366094
0.363829
0.296218
0.081658
-0.128856
-0.344608
-0.550862
-0.727725
-0.925703
-1.118767
-1.305363
-1.387752
-1.408615
-1.377085
-1.202235
-1.198102
-1.226654
-1.190645
-1.056275
-0.882812
-0.703388
-0.511306
-0.307150
-0.076562
0.084863
0.209870
0.213825
0.178961
0.142629
-0.063836
-0.293993
-0.527115
-0.749646
-0.939740
-1.106552
-1.272355
-1.412729
-1.238769
-1.051248
-0.797536
-0.623535
-0.357752
-0.100316
0.155181
0.408383
0.631915
0.769082
0.698336
0.551724
0.415045
0.284590
0.165553
0.331068
0.549471
0.769335
0.830383
0.629764
0.408148
0.186626
-0.034830
-0.255421
-0.296402
-0.333907
-0.501080
-0.345990
-0.300301
-0.284155
-0.025090
0.172902
0.425397
0.655173
0.822974
0.661449
0.525149
0.338937
0.405437
0.521022
0.565276
0.432038
0.201027
-0.082778
-0.359111
-0.633928
-0.789466
-1.034266
-1.245336
-1.395950
-1.254817
-1.088982
-0.921141
-0.736345
-0.532357
-0.325805
-0.117207
0.020083
0.063187
0.082186
0.027297
-0.047955
-0.265598
-0.471761
-0.664101
-0.840557
-1.003425
-1.136396
-1.146772
-1.108229
-1.261680
-1.310124
-1.307742
-1.200752
-1.020559
-0.826151
-0.629854
-0.432041
-0.219970
-0.006255
0.208791
0.373146
0.363770
0.387436
0.610288
0.833429
1.057433
1.280451
1.504972
1.729980
1.956533
2.183783
2.413811
2.647474
2.841504
1.175582
0.947143
0.732701
0.522240
0.530045
0.596724
0.678181
0.765704
0.868818
0.920714
0.739333
0.537444
0.332973
0.133883
-0.059860
-0.248680
-0.428512
-0.598122
-0.812186
-1.030643
-1.242587
-1.449817
-1.645823
-1.822658
-1.870001
-1.702506
-1.476676
-1.251375
-1.016064
-0.784155
-0.554182
-0.325091
-0.182363
-0.078875
0.061999
-0.002049
0.017441
0.130115
0.076580
0.018264
-0.071350
-0.161456
-0.272114
-0.398661
-0.496179
-0.609004
-0.710134
-0.779842
-0.814438
-0.848824
-0.886472
-0.867437
-0.814312
-0.598418
-0.412576
-0.233379
-0.040941
0.153637
0.340846
0.543770
0.720873
0.896717
0.950079
1.002149
1.221169
1.427094
1.629920
1.826825
2.021042
2.215764
2.405136
2.589526
2.554574
2.314764
2.084622
1.859986
1.638392
1.422311
1.206790
0.996528
0.936872
0.914291
0.709744
0.500553
0.295245
0.093466
-0.106678
-0.303497
-0.496094
-0.690547
-0.813117
-0.855765
-0.844291
-0.823219
-0.790953
-0.733548
-0.662119
-0.560359
-0.449783
-0.323528
-0.194563
-0.082019
0.008780
0.073223
0.086795
-0.066347
0.021101
-0.081560
-0.202923
-0.328055
-0.525929
-0.723211
-0.920527
-1.116497
-1.311163
-1.503882
-1.693515
-1.850227
-1.810255
-1.681177
-1.532151
-1.360468
-1.182190
-0.997931
-0.810783
-0.626604
-0.450044
-0.285522
-0.105269
0.078041
0.263318
0.437539
0.643144
0.849586
0.866771
0.775624
0.694290
0.610279
0.550225
0.500814
0.659946
0.872639
1.061038
1.182349
2.621839
2.346727
2.078511
1.811824
1.545055
1.280467
1.015561
0.750686
0.486142
0.221768
-0.042396
-0.048003
-0.055077
-0.307133
-0.536927
-0.753909
-0.950392
-1.131825
-1.287467
-1.407514
-1.477692
-1.312304
-1.118859
-0.901630
-0.672956
-0.436311
-0.193518
0.050343
0.301798
0.556569
0.813985
1.072485
1.329787
1.455242
1.545255
1.351512
1.089350
0.827503
0.566034
0.305026
0.048999
-0.210356
-0.468734
-0.725839
-0.981248
-1.234330
-1.484099
-1.728974
-1.966239
-1.926351
-1.683034
-1.326825
-0.970084
-0.613022
-0.272563
0.084944
0.368896
0.508363
0.426113
0.255121
0.074351
-0.081109
-0.253292
-0.401214
-0.183805
0.068693
0.316689
0.511987
0.279257
0.011551
-0.251516
-0.464617
-0.449127
-0.234418
-0.202765
-0.453344
-0.438663
-0.294716
-0.016739
0.251752
0.530771
0.506183
0.266459
0.015421
0.003291
0.177114
0.363234
0.500282
0.446168
0.180258
-0.128903
-0.441866
-0.753218
-1.067920
-1.389109
-1.641687
-1.825062
-1.725870
-1.481122
-1.231184
-0.975194
-0.717663
-0.456543
-0.197934
0.061781
0.322361
0.583630
0.839610
1.102123
1.359677
1.384604
1.289212
1.060152
0.787165
0.518671
0.254076
-0.006706
-0.259937
-0.511046
-0.746263
-0.974965
-1.185204
-1.236568
-1.161364
-1.060898
-0.938358
-0.777494
-0.608352
-0.411957
-0.194117
0.014254
-0.047568
-0.176540
0.086448
0.349825
0.608741
0.868374
1.128599
1.378078
1.623489
1.881745
2.140717
2.394832
2.624013
2.806820
2.586098
2.357735
2.130186
1.906587
1.683194
1.460978
1.236740
1.016636
0.794707
0.572780
0.351522
0.313881
0.303627
0.109708
-0.106016
-0.322583
-0.533996
-0.728262
-0.929480
-1.127395
-1.320564
-1.419706
-1.449108
-1.414773
-1.257933
-1.179976
-1.232056
-1.231115
-1.101188
-0.928570
-0.743457
-0.544834
-0.331738
-0.108500
0.061738
0.233006
0.333478
0.220351
0.193765
0.158907
0.000861
-0.206310
-0.411827
-0.614719
-0.814509
-0.987729
-1.151727
-1.290167
-1.406921
-1.222562
-1.021289
-0.762162
-0.580557
-0.338626
-0.059594
0.234924
0.516026
0.730415
0.848097
0.782705
0.644157
0.513586
0.391875
0.279966
0.203738
0.416612
0.605350
0.793038
0.662388
0.431926
0.212999
0.001779
-0.221442
-0.249900
-0.364974
-0.325762
-0.252383
-0.278137
-0.065214
0.155932
0.326990
0.557483
0.785640
0.673275
0.480350
0.533212
0.644467
0.609558
0.443854
0.203002
-0.057506
-0.315550
-0.582112
-0.754534
-0.972130
-1.180013
-1.331475
-1.198606
-1.035618
-0.858546
-0.687786
-0.473139
-0.254910
-0.034599
0.084166
0.134445
0.125889
0.059671
-0.101210
-0.330567
-0.515670
-0.708235
-0.874821
-1.033828
-1.153428
-1.156955
-1.084043
-1.150780
-1.319624
-1.330001
-1.264854
-1.097973
-0.920073
-0.730560
-0.557433
-0.367948
-0.148203
0.063884
0.267181
0.340702
0.322605
0.509210
0.725757
0.946943
1.163522
1.380432
1.597628
1.810296
2.023500
2.237178
2.446496
2.653918
2.810416
2.620897
2.420302
2.219725
2.019089
1.818841
1.617769
1.416914
1.216305
1.011729
0.812293
0.612258
0.412603
0.211090
0.009713
-0.191504
-0.332903
-0.245115
-0.201440
-0.367884
-0.559663
-0.721193
-0.874263
-1.018043
-1.150041
-1.278723
-1.370934
-1.466245
-1.529978
-1.577345
-1.613852
-1.578792
-1.545615
-1.489000
-1.403010
-1.306714
-1.193681
-1.051360
-0.911069
-0.760486
-0.599542
-0.434630
-0.244576
-0.067789
0.113525
0.298717
0.474614
0.640057
0.731724
0.798705
0.773391
0.747932
0.767043
0.683438
0.546107
0.408377
0.271906
0.149600
0.026120
-0.149573
-0.196446
-0.024496
0.171358
0.367917
0.556065
0.659990
0.449031
0.242327
0.043150
-0.159651
-0.329554
-0.320711
-0.217692
-0.037265
-0.044059
-0.191419
-0.315055
-0.307548
-0.187896
-0.018061
0.193438
0.399894
0.616494
0.629034
0.447232
0.261323
0.063375
0.087301
0.207089
0.334309
0.468244
0.591039
0.686673
0.669512
0.554515
0.681264
0.630051
0.567322
0.444293
0.272606
0.088458
-0.091672
-0.266069
-0.454783
-0.601219
-0.775168
-0.922423
-1.059010
-1.187709
-1.298089
-1.391464
-1.465480
-1.517956
-1.547146
-1.551996
-1.504495
-1.455950
-1.392797
-1.309492
-1.208242
-1.091318
-0.960894
-0.810748
-0.659613
-0.500313
-0.315471
-0.189813
-0.236869
-0.364492
-0.346498
-0.145763
0.055192
0.256334
0.455373
0.656916
0.856609
1.054969
1.258633
1.459116
1.659851
1.859608
2.059877
2.259845
2.460600
2.620762
2.457526
2.281534
2.104954
1.928110
1.752052
1.575121
1.401493
1.225296
1.047489
0.867865
0.690117
0.514514
0.337041
0.162073
-0.012381
-0.197145
-0.211005
-0.234403
-0.405057
-0.558861
-0.706489
-0.851090
-0.980646
-1.110112
-1.230325
-1.330549
-1.422248
-1.501950
-1.559376
-1.607189
-1.629192
-1.610613
-1.587426
-1.526407
-1.456010
-1.366387
-1.257388
-1.147790
-1.012958
-0.880443
-0.736528
-0.580129
-0.435141
-0.269548
-0.110884
0.048955
0.215983
0.378521
0.543409
0.706546
0.780449
0.862416
0.874238
0.886852
0.900506
0.873586
0.755353
0.624516
0.498543
0.359788
0.244862
0.136483
0.032328
-0.023626
-0.005906
-0.010382
0.157794
0.327043
0.500040
0.673990
0.644550
0.465821
0.287184
0.108644
0.088550
0.065890
0.184691
0.122053
-0.046751
-0.157831
-0.099846
0.028550
0.244651
0.456473
0.656126
0.805541
0.688337
0.535125
0.375416
0.401050
0.493053
0.475236
0.343980
0.345822
0.421873
0.349331
0.286017
0.151948
0.001139
-0.159762
-0.309979
-0.472154
-0.612897
-0.747418
-0.892544
-1.011702
-1.122255
-1.237479
-1.321901
-1.410445
-1.462409
-1.514641
-1.512691
-1.483830
-1.440533
-1.408632
-1.349158
-1.272254
-1.189370
-1.088709
-0.972870
-0.847684
-0.713684
-0.574564
-0.425794
-0.262759
-0.229602
-0.268563
-0.165468
0.011161
0.185400
0.362532
0.537551
0.712619
0.886995
1.063269
1.238419
1.415332
1.591260
1.768798
1.945594
2.121940
2.299428
2.457034
2.364462
2.192751
2.019496
1.838067
1.656650
1.475247
1.296911
1.119864
0.937527
0.755833
0.571770
0.390568
0.216577
0.048097
-0.119324
-0.293718
-0.473045
-0.538975
-0.688081
-0.857680
-0.993403
-1.127823
-1.252515
-1.350052
-1.429749
-1.491885
-1.511141
-1.498633
-1.475289
-1.416283
-1.338031
-1.229856
-1.095526
-1.004648
-1.081212
-1.141281
-1.202239
-1.243939
-1.186488
-1.131899
-1.133702
-1.045956
-0.917895
-0.766751
-0.616700
-0.448183
-0.290205
-0.116874
0.051255
0.225103
0.393990
0.505371
0.649262
0.788536
0.752028
0.627873
0.492802
0.369751
0.255645
0.138250
0.028140
-0.073811
-0.166648
-0.249361
-0.320895
-0.380279
-0.334093
-0.153422
0.028666
0.213733
0.399675
0.582976
0.770869
0.850298
0.883277
0.924782
1.077566
1.285531
1.484977
1.655829
1.641022
1.458619
1.297268
1.122620
0.940852
0.751920
0.551425
0.360558
0.169509
-0.027206
-0.227388
-0.420639
-0.455977
-0.419456
-0.369501
-0.311062
-0.230808
-0.152155
-0.049594
0.061979
0.173118
0.271253
0.198500
0.073041
-0.059445
-0.213298
-0.398489
-0.565768
-0.722232
-0.856095
-0.991832
-1.118039
-1.198057
-1.233836
-1.214066
-1.124697
-1.021005
-0.929781
-1.064292
-1.200429
-1.264227
-1.202129
-1.127308
-1.017133
-0.873630
-0.708626
-0.543401
-0.408464
-0.242264
-0.066094
0.111773
0.288358
0.464496
0.642750
0.822652
1.003372
1.184641
1.366263
1.548317
1.732427
1.914955
2.099019
2.284867
2.360334
2.696060
2.477633
2.263387
2.050086
1.837329
1.625532
1.413932
1.203002
0.992575
0.782617
0.577102
0.383239
0.241563
0.061552
-0.125481
-0.324680
-0.516400
-0.705161
-0.897740
-1.079587
-1.265360
-1.437211
-1.499680
-1.527265
-1.520192
-1.493693
-1.420656
-1.327450
-1.196403
-1.046136
-0.878875
-0.691053
-0.490509
-0.277519
-0.058172
0.087372
0.146474
0.210771
0.242838
0.257020
0.102286
-0.060716
-0.210865
-0.356111
-0.496113
-0.617527
-0.732889
-0.839832
-0.745757
-0.621831
-0.357377
-0.092329
0.189171
0.450037
0.621846
0.783089
0.833270
0.789417
0.741429
0.714077
0.692887
0.676671
0.643489
0.444554
0.242814
0.007183
-0.240019
-0.439666
-0.589102
-0.500689
-0.679894
-0.575718
-0.566194
-0.628586
-0.486486
-0.515194
-0.337770
-0.122016
0.117458
0.332507
0.538792
0.643870
0.648205
0.669026
0.686608
0.720387
0.751303
0.761950
0.621302
0.452524
0.210035
-0.057654
-0.306837
-0.398338
-0.487037
-0.621533
-0.665468
-0.556770
-0.423851
-0.295863
-0.148018
-0.000556
0.132465
0.148645
0.065022
0.011585
-0.114857
-0.287829
-0.474518
-0.653672
-0.839892
-0.993406
-1.153602
-1.274368
-1.375058
-1.453160
-1.526149
-1.551950
-1.554120
-1.529930
-1.478038
-1.325080
-1.140172
-0.963198
-0.782053
-0.597433
-0.409886
-0.225530
-0.044894
0.118367
0.270199
0.432521
0.605245
0.797313
0.999729
1.206757
1.412283
1.614558
1.822587
2.026298
2.230219
2.436291
2.636874
2.699394
2.909485
2.754984
2.543498
2.327046
2.109004
1.889468
1.674230
1.446415
1.219955
0.992932
0.766003
0.539187
0.333748
0.368178
0.249061
0.037662
-0.181690
-0.409399
-0.605239
-0.773152
-0.934946
-1.036785
-1.167117
-1.086118
-1.187598
-1.107447
-1.181932
-1.166899
-1.140410
-1.013751
-0.848149
-0.666588
-0.494555
-0.303087
-0.073975
0.112933
0.222669
0.219711
0.185050
0.125808
-0.094997
-0.327607
-0.580078
-0.796374
-0.984945
-1.163835
-1.312741
-1.334013
-1.137532
-0.923253
-0.679799
-0.527711
-0.282126
-0.036568
0.207237
0.442722
0.634346
0.705279
0.564549
0.415662
0.275024
0.154271
0.351490
0.573978
0.797264
0.783569
0.554762
0.334629
0.110389
-0.115141
-0.338572
-0.345957
-0.337958
-0.480118
-0.427017
-0.348393
-0.421953
-0.305541
-0.048231
0.218038
0.445563
0.681486
0.743432
0.508782
0.349667
0.225436
0.352001
0.460491
0.525629
0.382782
0.180707
-0.091037
-0.353718
-0.609901
-0.752802
-0.974018
-1.170950
-1.358665
-1.338854
-1.178167
-1.012025
-0.834446
-0.631152
-0.425007
-0.216619
-0.016787
0.048166
0.064817
0.096988
0.011356
-0.156860
-0.361219
-0.543930
-0.722829
-0.883947
-1.032228
-1.161386
-1.124474
-1.084551
-1.267517
-1.328165
-1.315864
-1.277688
-1.091114
-0.893270
-0.689915
-0.485487
-0.269918
-0.052391
0.166918
0.363926
0.336822
0.347594
0.575686
0.802428
1.029700
1.259333
1.486414
1.716975
1.951400
2.182862
2.421736
2.662772
2.904095
2.685322
2.477806
2.272024
2.066709
1.862006
1.657952
1.453847
1.249752
1.046346
0.843418
0.641031
0.446722
0.283501
0.115073
-0.045818
-0.227825
-0.412207
-0.600041
-0.785430
-0.967891
-1.146816
-1.315467
-1.490755
-1.570357
-1.602877
-1.588618
-1.552911
-1.466847
-1.348895
-1.203426
-1.036527
-0.865796
-0.681083
-0.481459
-0.277225
-0.060451
0.073468
0.124411
0.203172
0.247461
0.235996
0.085873
-0.061890
-0.202363
-0.343042
-0.469126
-0.582893
-0.685351
-0.789176
-0.650797
-0.503127
-0.281025
0.007689
0.270251
0.493850
0.657004
0.808062
0.766160
0.714421
0.682921
0.658773
0.649529
0.633240
0.491734
0.284422
0.055262
-0.154004
-0.329346
-0.547292
-0.434745
-0.507831
-0.556353
-0.444755
-0.567917
-0.407462
-0.532144
-0.408320
-0.189889
0.052110
0.279001
0.478110
0.634646
0.656449
0.670306
0.694279
0.718160
0.755357
0.785331
0.668203
0.499078
0.263249
-0.012553
-0.298716
-0.442019
-0.591818
-0.735508
-0.633905
-0.520980
-0.407249
-0.274741
-0.138265
0.008264
0.152129
0.193026
0.130939
0.066829
-0.039830
-0.198813
-0.404723
-0.619169
-0.807049
-0.980892
-1.139464
-1.279861
-1.398870
-1.493152
-1.559562
-1.595558
-1.599636
-1.571621
-1.442624
-1.275495
-1.103016
-0.935385
-0.754359
-0.578472
-0.399135
-0.216866
-0.044207
0.080084
0.239034
0.406144
0.585714
0.786157
0.987110
1.188510
1.390306
1.590448
1.793043
1.994227
2.195946
2.398145
2.599647
2.685895
2.623648
2.420775
2.218095
2.015369
1.813059
1.609983
1.407118
1.204490
0.997512
0.796563
0.594486
0.390782
0.187174
-0.014093
-0.217316
-0.307200
-0.225107
-0.208979
-0.397761
-0.574175
-0.737810
-0.893098
-1.044482
-1.179179
-1.304225
-1.409081
-1.495196
-1.560086
-1.601585
-1.637044
-1.609144
-1.574908
-1.516747
-1.436672
-1.336097
-1.220153
-1.070032
-0.927696
-0.775020
-0.611985
-0.442813
-0.252620
-0.086929
0.111279
0.299291
0.463036
0.618231
0.692369
0.757655
0.689296
0.627376
0.715888
0.739433
0.654835
0.516920
0.375460
0.241916
0.113217
-0.003859
-0.176007
-0.222407
-0.040902
0.157016
0.350889
0.545917
0.641397
0.442692
0.237653
0.032680
-0.172216
-0.339425
-0.341516
-0.206121
-0.043108
-0.074235
-0.278157
-0.345204
-0.295340
-0.191124
0.008582
0.220864
0.430362
0.642347
0.622621
0.434259
0.243394
0.048608
0.095892
0.219513
0.350459
0.488010
0.614351
0.689813
0.644130
0.619555
0.667641
0.602888
0.529266
0.339140
0.165288
-0.016712
-0.194075
-0.366015
-0.547836
-0.706855
-0.857079
-0.996930
-1.124767
-1.237980
-1.334890
-1.413028
-1.470237
-1.521860
-1.531267
-1.483586
-1.443597
-1.384697
-1.305286
-1.207483
-1.093521
-0.965570
-0.819883
-0.670626
-0.516635
-0.327366
-0.164992
-0.218751
-0.308356
-0.344914
-0.143831
0.057056
0.259933
0.460600
0.663916
0.865282
1.066621
1.270814
1.473021
1.675495
1.876917
2.078869
2.280461
2.482360
2.623648
1.266946
1.168449
1.008994
0.818344
0.621793
0.581372
0.614375
0.677517
0.750696
0.827865
0.905130
0.781454
0.574293
0.381966
0.198801
0.003046
-0.168169
-0.346240
-0.515301
-0.703873
-0.888595
-1.076676
-1.255087
-1.436329
-1.602257
-1.756035
-1.829859
-1.692355
-1.519995
-1.333036
-1.150630
-0.965048
-0.771305
-0.582297
-0.391944
-0.200351
-0.097793
0.017478
-0.041327
0.043761
0.121355
0.076708
0.005349
-0.089842
-0.207892
-0.351438
-0.495333
-0.628761
-0.740630
-0.837017
-0.893212
-0.952336
-1.004895
-0.984634
-0.913100
-0.717959
-0.536043
-0.355188
-0.173038
0.011601
0.201526
0.390860
0.583270
0.775229
0.848664
0.854017
1.049543
1.248140
1.447194
1.648629
1.850485
2.052709
2.257563
2.465670
2.563466
2.379143
2.192788
1.999456
1.810680
1.618236
1.426234
1.229895
1.033747
0.862008
0.844234
0.735336
0.569059
0.381077
0.194441
0.018776
-0.163758
-0.343787
-0.509485
-0.687178
-0.883621
-0.937510
-0.932054
-0.895785
-0.856640
-0.788385
-0.693943
-0.576744
-0.455424
-0.307733
-0.208418
-0.139783
-0.065256
-0.026839
-0.078425
-0.128662
-0.066623
-0.180277
-0.289980
-0.444414
-0.644682
-0.846977
-1.042264
-1.247024
-1.440166
-1.627358
-1.769704
-1.701808
-1.552461
-1.383438
-1.199510
-1.009237
-0.814486
-0.617347
-0.417293
-0.203444
0.022063
0.237072
0.459613
0.670990
0.816375
0.753505
0.681047
0.639152
0.588433
0.549315
0.705546
0.904821
1.102874
1.263571
2.501744
2.243667
2.028032
1.778373
1.529029
1.282862
1.107714
0.961811
0.789690
0.647379
0.436907
0.222912
0.127085
0.081688
0.098852
0.028806
-0.215370
-0.458497
-0.694326
-0.896468
-1.039050
-1.234530
-1.408285
-1.527250
-1.611517
-1.624043
-1.496448
-1.319310
-1.103662
-1.170118
-1.255113
-1.330783
-1.345993
-1.176130
-0.976622
-0.816373
-0.646276
-0.531128
-0.598395
-0.349928
-0.078364
-0.013136
0.074882
0.233245
0.350827
0.443245
0.548997
0.667034
0.778556
0.780120
0.547427
0.336184
0.327371
0.381860
0.205980
0.004268
-0.197368
-0.365274
-0.515280
-0.648871
-0.775303
-0.865860
-0.817435
-0.720509
-0.533029
-0.295284
-0.065084
0.136622
0.106466
0.338694
0.583198
0.827897
1.072438
1.317411
1.562754
1.808214
1.951486
1.815041
1.566786
1.321237
1.077906
0.833017
0.586892
0.340774
0.120818
-0.107646
-0.334003
-0.565024
-0.789846
-0.914471
-0.821037
-0.708129
-0.594817
-0.464969
-0.241991
0.000924
0.109310
0.029247
0.204374
0.464756
0.486540
0.379388
0.268512
0.188963
0.107721
-0.015661
-0.178875
-0.255706
-0.485346
-0.692220
-0.661489
-0.789587
-0.938405
-1.127006
-1.251555
-1.347721
-1.304953
-1.210871
-1.145623
-1.336359
-1.481254
-1.444733
-1.371320
-1.265783
-1.120165
-0.896683
-0.659711
-0.396756
-0.160393
0.032403
0.106171
0.108674
0.293624
0.499261
0.654499
0.811693
0.992063
1.179292
1.418562
1.658419
1.891018
2.128556
2.363511
2.504843
2.588781
2.472398
2.223939
1.978078
1.730601
1.483630
1.231610
1.086663
0.887455
0.707345
0.541431
0.332135
0.110436
0.099223
0.108335
-0.023505
-0.267494
-0.510158
-0.732129
-0.951067
-1.149598
-1.310900
-1.435500
-1.517445
-1.553839
-1.551078
-1.380545
-1.139825
-1.093880
-1.175147
-1.257326
-1.331491
-1.234903
-1.063151
-0.854246
-0.670664
-0.513976
-0.633566
-0.453393
-0.225640
-0.011774
-0.017672
0.150827
0.287635
0.376673
0.462854
0.563810
0.678427
0.735394
0.530404
0.349099
0.218049
0.320027
0.154772
-0.059134
-0.271287
-0.439157
-0.594021
-0.715350
-0.836285
-0.936646
-0.785757
-0.620398
-0.377483
-0.132644
0.070400
0.069922
0.332399
0.589138
0.846139
1.103357
1.358055
1.610120
1.867488
1.919539
1.672059
1.413596
1.162578
0.907852
0.653137
0.394595
0.139870
-0.000497
-0.225428
-0.451509
-0.687424
-0.900923
-0.942414
-0.838431
-0.728727
-0.599001
-0.438795
-0.222211
-0.237939
-0.046605
0.066871
0.013384
0.057511
0.044007
0.252115
0.480338
0.419561
0.320737
0.217505
0.149428
0.058284
-0.077200
-0.171967
-0.360394
-0.618686
-0.612167
-0.691855
-0.834228
-1.008833
-1.215630
-1.337147
-1.302664
-1.202181
-1.107647
-1.280710
-1.493987
-1.476420
-1.392281
-1.263402
-1.103211
-0.938143
-0.687002
-0.438680
-0.195493
0.051679
0.119042
0.110524
0.251335
0.461622
0.649558
0.806461
0.988240
1.134282
1.335729
1.586866
1.838765
2.091362
2.345138
2.587282
2.614713
2.337607
2.068570
1.802160
1.559078
1.296265
1.031529
0.767743
0.503651
0.240237
-0.023115
0.043337
-0.053266
-0.299419
-0.527122
-0.740226
-0.941806
-1.117268
-1.263826
-1.384269
-1.349514
-1.164103
-0.969565
-0.750942
-0.539857
-0.306115
-0.068687
0.172034
0.417267
0.669599
0.920849
1.170956
1.346063
1.457945
1.467482
1.208823
0.948927
0.687098
0.425440
0.166875
-0.094072
-0.351045
-0.610778
-0.869791
-1.122654
-1.378608
-1.632315
-1.874163
-2.099048
-1.902531
-1.574051
-1.223271
-0.855520
-0.500068
-0.146926
0.185277
0.401153
0.415447
0.271028
0.079475
-0.079850
-0.246591
-0.328173
-0.506923
-0.306221
-0.057477
0.186355
0.234651
-0.038373
-0.299242
-0.556826
-0.598973
-0.393907
-0.306929
-0.322101
-0.057856
0.153332
0.414280
0.599178
0.761513
0.728520
0.608369
0.365599
0.289627
0.051452
-0.161832
0.028722
0.206135
0.381017
0.416133
0.230257
-0.062652
-0.362347
-0.677412
-0.983522
-1.288263
-1.590892
-1.772041
-1.915704
-1.648967
-1.399387
-1.137410
-0.882593
-0.625939
-0.360612
-0.102001
0.164191
0.417591
0.684407
0.945273
1.206528
1.357843
1.279117
1.105635
0.832079
0.564960
0.300991
0.042276
-0.211056
-0.457268
-0.694058
-0.919453
-1.124172
-1.205139
-1.126217
-1.034921
-0.907011
-0.751280
-0.575758
-0.382937
-0.174321
0.055798
0.036004
0.080186
0.341309
0.597343
0.859420
1.116760
1.370149
1.633215
1.888096
2.143834
2.396264
2.617511
2.732679
2.539348
2.328767
2.119039
1.909565
1.700552
1.491911
1.283664
1.075817
0.868383
0.661832
0.486613
0.304834
0.132419
-0.048406
-0.240656
-0.429661
-0.622347
-0.812687
-0.996363
-1.175554
-1.354640
-1.484136
-1.533865
-1.531275
-1.524202
-1.464788
-1.370924
-1.240066
-1.090985
-0.937666
-0.767673
-0.581700
-0.370517
-0.145448
0.026225
0.096374
0.165349
0.223829
0.252424
0.102838
-0.056626
-0.206369
-0.351227
-0.494287
-0.616090
-0.739950
-0.841689
-0.927987
-0.774290
-0.543391
-0.265441
0.012982
0.294074
0.520586
0.685806
0.823129
0.780977
0.734154
0.690291
0.669565
0.643647
0.628323
0.526244
0.327680
0.129256
-0.129868
-0.344868
-0.568714
-0.576132
-0.575954
-0.649346
-0.548225
-0.673058
-0.573420
-0.602259
-0.478171
-0.279830
-0.065319
0.160320
0.357394
0.566764
0.613848
0.619513
0.633630
0.658374
0.693569
0.730774
0.776501
0.639959
0.478487
0.260650
-0.006543
-0.285965
-0.471847
-0.590764
-0.724411
-0.717440
-0.587215
-0.461107
-0.325876
-0.182536
-0.032008
0.112635
0.125977
0.070152
0.023515
-0.107744
-0.274571
-0.474105
-0.663583
-0.862284
-1.025536
-1.150811
-1.277479
-1.381325
-1.459344
-1.508926
-1.528231
-1.516498
-1.474193
-1.332335
-1.158951
-0.980754
-0.798592
-0.613140
-0.433868
-0.242870
-0.057871
0.084369
0.236122
0.398177
0.568778
0.761223
0.964259
1.167890
1.374942
1.577184
1.781705
1.987113
2.190725
2.396375
2.599857
2.734842
2.795818
2.578788
2.344933
2.111141
1.877689
1.643891
1.410995
1.176775
0.943509
0.709324
0.476422
0.242429
0.205356
0.215360
0.349110
0.507892
0.535030
0.301863
0.064847
-0.159043
-0.386042
-0.611731
-0.810052
-1.010072
-1.215909
-1.405548
-1.537092
-1.556123
-1.502415
-1.305752
-1.317819
-1.351864
-1.182139
-0.994293
-0.764155
-0.526194
-0.289978
-0.029495
0.098077
0.180393
0.183776
0.157823
0.083307
-0.143819
-0.368700
-0.592831
-0.807317
-0.985523
-1.150500
-1.301421
-1.300093
-1.105353
-0.848308
-0.624855
-0.411815
-0.094113
0.217618
0.512640
0.718260
0.806199
0.677043
0.545437
0.420758
0.297146
0.436163
0.659486
0.888124
0.930206
0.704252
0.473575
0.239759
0.009965
-0.227183
-0.240474
-0.234156
-0.369443
-0.312678
-0.224481
-0.270725
-0.114978
0.149921
0.398504
0.642558
0.886626
0.827981
0.609639
0.387267
0.440979
0.569771
0.692209
0.673057
0.487197
0.213384
-0.091751
-0.406758
-0.638269
-0.880594
-1.110773
-1.301191
-1.258175
-1.100327
-0.929672
-0.748802
-0.538391
-0.313632
-0.086499
0.089119
0.125715
0.150389
0.111607
0.011259
-0.250753
-0.478956
-0.712710
-0.930004
-1.115241
-1.271113
-1.258535
-1.208581
-1.349780
-1.499938
-1.503743
-1.398099
-1.212048
-1.016841
-0.814647
-0.627706
-0.407814
-0.179955
0.043423
0.229099
0.207139
0.279242
0.511810
0.744613
0.977611
1.210775
1.442226
1.674040
1.906170
2.137213
2.368790
2.598970
2.796298
2.410167
2.218512
2.045046
1.854159
1.662955
1.473841
1.282756
1.092423
0.902256
0.711289
0.520353
0.329454
0.139770
-0.051539
-0.240172
-0.423441
-0.483831
-0.652346
-0.832775
-1.007277
-1.141728
-1.257902
-1.349561
-1.413208
-1.445335
-1.443951
-1.345715
-1.218520
-1.053220
-1.057654
-1.147825
-1.221498
-1.276505
-1.303753
-1.205580
-1.163591
-1.033227
-0.886146
-0.732410
-0.564210
-0.374540
-0.203234
-0.010559
0.171736
0.335363
0.445568
0.605494
0.711715
0.718830
0.593879
0.451904
0.327116
0.209034
0.089580
-0.017712
-0.125733
-0.209788
-0.282729
-0.359508
-0.407942
-0.431084
-0.249346
-0.074438
0.108866
0.295717
0.479077
0.669147
0.854417
0.978239
1.067913
1.259263
1.451199
1.558139
1.581103
1.443271
1.253242
1.060675
0.870148
0.679697
0.493639
0.311365
0.121984
-0.064492
-0.250198
-0.434964
-0.457785
-0.417137
-0.362958
-0.296054
-0.217366
-0.127872
-0.028559
0.079617
0.195752
0.319002
0.437355
0.523197
0.489659
0.380543
0.236848
0.097530
-0.080846
-0.255723
-0.429140
-0.595093
-0.751911
-0.897522
-1.048758
-1.177785
-1.256678
-1.320537
-1.282021
-1.192376
-1.102062
-1.011156
-1.100565
-1.251900
-1.367308
-1.403158
-1.372777
-1.313899
-1.239141
-1.154487
-1.035853
-0.860176
-0.685580
-0.514358
-0.454304
-0.284485
-0.095888
0.095656
0.282235
0.469412
0.661274
0.851052
1.039042
1.227395
1.417695
1.605156
1.774595
1.964214
2.153014
2.341413
2.410446
2.441132
2.238800
2.039824
1.843555
1.647799
1.450868
1.254036
1.061055
0.884788
0.690289
0.497535
0.303366
0.109253
-0.083268
-0.278524
-0.398722
-0.493710
-0.679090
-0.867085
-0.992969
-1.141875
-1.253055
-1.339685
-1.392017
-1.418760
-1.296509
-1.173512
-1.004664
-1.025524
-1.108214
-1.189976
-1.254039
-1.282031
-1.182626
-1.120343
-0.974219
-0.808155
-0.626223
-0.431755
-0.227333
-0.014942
0.189804
0.349480
0.496067
0.649904
0.755827
0.756879
0.618865
0.477586
0.341737
0.217177
0.098735
-0.011883
-0.132599
-0.213793
-0.315942
-0.386171
-0.442482
-0.482504
-0.333016
-0.153705
0.020541
0.202917
0.386292
0.576058
0.760731
0.924955
0.960239
1.080975
1.262943
1.453182
1.617417
1.502288
1.339783
1.156945
0.962167
0.767340
0.575898
0.384468
0.191748
-0.000774
-0.192316
-0.383512
-0.514737
-0.492747
-0.436698
-0.367967
-0.306796
-0.215126
-0.113663
-0.021158
0.097513
0.206587
0.339081
0.461546
0.515712
0.459504
0.328285
0.203059
0.068096
-0.108542
-0.269696
-0.442846
-0.592434
-0.735142
-0.885751
-1.020638
-1.155708
-1.255471
-1.345279
-1.419749
-1.385564
-1.289572
-1.193239
-1.091264
-1.074841
-1.225032
-1.378760
-1.446860
-1.405861
-1.335806
-1.254468
-1.153644
-1.035265
-0.848956
-0.669588
-0.504063
-0.397940
-0.276133
-0.079227
0.111263
0.300646
0.490380
0.680412
0.870701
1.061209
1.251907
1.437919
1.626834
1.815712
1.994201
2.181873
2.363065
2.447006
