2.720037
2.498920
2.285927
2.072942
1.861386
1.650231
1.440431
1.230116
1.020265
0.811193
0.602507
0.420009
0.232103
0.068755
-0.121716
-0.312776
-0.510557
-0.696089
-0.887990
-1.074255
-1.254609
-1.429733
-1.510796
-1.548961
-1.538011
-1.508668
-1.446053
-1.352729
-1.225127
-1.081117
-0.936042
-0.757818
-0.565131
-0.360415
-0.146900
0.029520
0.114918
0.192318
0.241661
0.276116
0.144643
-0.018902
-0.170551
-0.318154
-0.457146
-0.586361
-0.696611
-0.804403
-0.888401
-0.741338
-0.478271
-0.214680
0.049327
0.328380
0.552113
0.722554
0.865370
0.814881
0.761454
0.731052
0.702416
0.683362
0.673632
0.488682
0.288608
0.054970
-0.174288
-0.359033
-0.547130
-0.524148
-0.516950
-0.626712
-0.489369
-0.646335
-0.514741
-0.551085
-0.387949
-0.222033
0.002865
0.208494
0.409137
0.605486
0.626696
0.637956
0.659288
0.671480
0.712801
0.745316
0.689060
0.519985
0.306964
0.058846
-0.189991
-0.323064
-0.443244
-0.588829
-0.678749
-0.561084
-0.444831
-0.311498
-0.168282
-0.018606
0.110733
0.110697
0.041174
0.001066
-0.118573
-0.284773
-0.477307
-0.661006
-0.834226
-0.994995
-1.120669
-1.249625
-1.358742
-1.427907
-1.487946
-1.523019
-1.529850
-1.498969
-1.434769
-1.274686
-1.096179
-0.913587
-0.738342
-0.559233
-0.376867
-0.191739
-0.014950
0.134490
0.285052
0.444225
0.610991
0.807964
1.010412
1.209011
1.412456
1.616235
1.816558
2.017481
2.218942
2.420889
2.620320
2.722351
2.786726
2.551325
2.322174
2.094200
1.868735
1.645821
1.421990
1.197881
0.975162
0.752506
0.530534
0.307883
0.329279
0.311328
0.094077
-0.123012
-0.339131
-0.553645
-0.754666
-0.958864
-1.157880
-1.349989
-1.419442
-1.447588
-1.410242
-1.230158
-1.186253
-1.195577
-1.255646
-1.117599
-0.954352
-0.771114
-0.572150
-0.361083
-0.139754
0.057906
0.179228
0.235243
0.208655
0.179488
0.129400
-0.079126
-0.285837
-0.499368
-0.701881
-0.890112
-1.060487
-1.207680
-1.353545
-1.332585
-1.144801
-0.906758
-0.641720
-0.479014
-0.214179
0.066509
0.376912
0.633279
0.798699
0.854864
0.728168
0.593081
0.466425
0.349117
0.242129
0.153368
0.361023
0.548435
0.742216
0.720604
0.511416
0.288883
0.077229
-0.133269
-0.240379
-0.254241
-0.420855
-0.294454
-0.247737
-0.208345
0.016006
0.185118
0.397344
0.631906
0.816942
0.625392
0.489080
0.597352
0.603921
0.455403
0.221578
-0.037928
-0.297215
-0.556218
-0.737200
-0.951350
-1.159612
-1.345973
-1.237689
-1.073840
-0.914244
-0.744965
-0.528999
-0.310231
-0.089263
0.049160
0.084296
0.118414
0.031671
-0.105477
-0.338747
-0.526325
-0.720158
-0.897759
-1.037428
-1.148756
-1.155175
-1.119135
-1.300676
-1.326587
-1.315282
-1.146689
-0.968776
-0.783649
-0.603934
-0.448641
-0.228029
-0.015650
0.198150
0.396246
0.337373
0.338758
0.554632
0.770697
0.988719
1.209493
1.426632
1.644090
1.856982
2.070440
2.280007
2.490417
2.697703
2.790297
2.861395
2.662030
2.445154
2.228454
2.010870
1.793445
1.576202
1.359167
1.141054
0.922998
0.713426
0.583068
0.486637
0.286411
0.077376
-0.133259
-0.348598
-0.535497
-0.728276
-0.923005
-1.104446
-1.284307
-1.316776
-1.318824
-1.174507
-1.081433
-1.142303
-1.162406
-1.033388
-0.870324
-0.668234
-0.481192
-0.263302
-0.020161
0.096424
0.186599
0.172696
0.151453
0.090346
-0.121989
-0.335935
-0.547964
-0.762358
-0.941559
-1.118422
-1.272949
-1.413419
-1.321807
-1.141145
-0.897560
-0.680991
-0.468216
-0.184716
0.109311
0.393378
0.594864
0.710266
0.639788
0.503211
0.367700
0.257515
0.166053
0.366030
0.579102
0.760218
0.616154
0.397557
0.182222
-0.032649
-0.243214
-0.460895
-0.401941
-0.328573
-0.380431
-0.524509
-0.367096
-0.326360
-0.372545
-0.153222
0.068269
0.302135
0.533734
0.732722
0.650506
0.464316
0.312070
0.436980
0.557046
0.585298
0.450683
0.224387
-0.060256
-0.355476
-0.639845
-0.721979
-0.995915
-1.200182
-1.373501
-1.327191
-1.170827
-1.003414
-0.837531
-0.644538
-0.429540
-0.221679
-0.011925
0.069205
0.117968
0.115354
0.051124
-0.087670
-0.307337
-0.517078
-0.729481
-0.901522
-1.050411
-1.123502
-1.095701
-1.080698
-1.256368
-1.285999
-1.253224
-1.083652
-0.905892
-0.717348
-0.528760
-0.341024
-0.127444
0.081863
0.292339
0.432544
0.410673
0.509653
0.727079
0.944636
1.162304
1.378534
1.595053
1.811826
2.027728
2.244091
2.460591
2.676888
2.861439
1.369743
1.197696
1.060019
0.846415
0.646332
0.503746
0.557173
0.605177
0.664648
0.734993
0.798302
0.745920
0.554931
0.325415
0.116925
-0.097544
-0.302034
-0.492636
-0.687862
-0.887931
-1.085553
-1.279711
-1.469370
-1.648639
-1.788987
-1.710061
-1.549484
-1.365118
-1.174765
-0.980378
-0.783166
-0.583917
-0.392942
-0.237654
-0.133598
0.016828
-0.068826
-0.018879
0.094136
0.037087
-0.022947
-0.105514
-0.210342
-0.337181
-0.474050
-0.618580
-0.752382
-0.864008
-0.949303
-1.012229
-1.050616
-1.076725
-1.030186
-0.850826
-0.662706
-0.488744
-0.311305
-0.131102
0.052044
0.250476
0.421315
0.595005
0.766310
0.795617
0.857116
1.056308
1.257702
1.452043
1.642615
1.833630
2.025037
2.216789
2.405526
2.589615
2.464997
2.256526
2.053167
1.848619
1.647597
1.446478
1.247366
1.048428
0.850031
0.815407
0.792970
0.606221
0.419095
0.229719
0.042522
-0.141508
-0.321460
-0.497491
-0.668595
-0.852774
-0.942262
-0.952222
-0.900457
-0.860028
-0.789782
-0.692793
-0.572706
-0.442665
-0.290663
-0.191960
-0.130681
-0.090826
-0.088898
-0.209909
-0.149413
-0.224162
-0.327814
-0.478787
-0.666672
-0.857120
-1.041491
-1.222758
-1.406266
-1.578007
-1.725734
-1.674761
-1.537955
-1.395260
-1.233586
-1.061212
-0.879313
-0.689158
-0.517996
-0.361041
-0.194316
-0.020643
0.149575
0.314059
0.514145
0.683366
0.655614
0.602568
0.560744
0.525420
0.496512
0.663137
0.861209
1.054863
1.251895
1.374065
2.583938
2.322477
2.062875
1.804028
1.546014
1.288358
1.029494
0.794580
0.537042
0.279616
0.020905
-0.213377
-0.155475
-0.294844
-0.520994
-0.736885
-0.934472
-1.113142
-1.275038
-1.392075
-1.497143
-1.510883
-1.304765
-1.099439
-0.870884
-0.639264
-0.398803
-0.150980
0.099059
0.353645
0.610345
0.869806
1.131262
1.364347
1.490629
1.564052
1.321110
1.062391
0.809339
0.551312
0.299697
0.042744
-0.206747
-0.461943
-0.708083
-0.951344
-1.200565
-1.435761
-1.675877
-1.908436
-1.847695
-1.613509
-1.291122
-0.964371
-0.631097
-0.297738
0.035682
0.309173
0.553949
0.663752
0.553291
0.379021
0.216069
0.043339
-0.161045
-0.214396
-0.044921
0.208321
0.445652
0.212642
-0.047463
-0.299703
-0.360667
-0.228286
-0.077238
-0.288310
-0.365623
-0.244187
-0.020907
0.259027
0.511526
0.336696
0.094336
0.152332
0.333842
0.488561
0.595016
0.500213
0.223239
-0.089492
-0.351262
-0.610637
-0.899015
-1.229462
-1.510757
-1.698945
-1.797052
-1.546117
-1.302307
-1.054673
-0.812943
-0.567936
-0.306049
-0.064577
0.192003
0.443140
0.695328
0.953639
1.207103
1.389460
1.304866
1.161638
0.897678
0.636485
0.377667
0.122057
-0.130641
-0.376608
-0.619678
-0.850486
-1.069159
-1.284008
-1.279850
-1.214274
-1.111969
-0.975553
-0.817166
-0.644016
-0.453860
-0.224238
-0.100335
-0.193246
-0.189653
0.065118
0.316547
0.572747
0.832820
1.086238
1.334895
1.590299
1.850726
2.104540
2.356960
2.584764
2.538888
2.344460
2.129988
1.920682
1.701969
1.493056
1.284287
1.080085
0.871541
0.663204
0.459181
0.254594
0.049196
-0.170302
-0.219184
-0.394278
-0.593615
-0.700136
-0.874958
-1.033173
-1.150645
-1.243713
-1.321142
-1.364619
-1.231300
-1.082106
-0.886968
-0.962198
-1.066572
-1.168798
-1.245976
-1.205625
-1.192687
-1.101886
-0.969903
-0.815560
-0.645499
-0.463543
-0.269239
-0.085171
0.126071
0.294316
0.412069
0.581325
0.699995
0.771925
0.664088
0.507549
0.356592
0.211961
0.073272
-0.062496
-0.186077
-0.296914
-0.404205
-0.496599
-0.570141
-0.636036
-0.639594
-0.456099
-0.284216
-0.125957
0.067859
0.253028
0.450059
0.638709
0.808583
0.882792
0.896144
0.869716
1.033584
1.217128
1.410962
1.585148
1.492092
1.305801
1.106260
0.902272
0.698436
0.497161
0.296743
0.100908
-0.093300
-0.292553
-0.471426
-0.670319
-0.664349
-0.608362
-0.542078
-0.465741
-0.395319
-0.289368
-0.173042
-0.049686
0.068046
0.194224
0.334407
0.425893
0.377430
0.231965
0.091798
-0.056436
-0.249677
-0.410338
-0.557388
-0.697061
-0.844721
-0.966069
-1.075455
-1.191590
-1.287653
-1.366325
-1.410200
-1.423362
-1.335807
-1.224690
-1.116753
-1.091781
-1.282232
-1.379691
-1.313364
-1.243564
-1.142468
-1.051549
-0.933791
-0.730338
-0.536366
-0.361121
-0.214084
-0.089811
0.111469
0.316624
0.515054
0.709502
0.889589
1.085372
1.281527
1.478005
1.668028
1.858608
2.056066
2.247423
2.427091
2.544562
2.559432
2.318792
2.065108
1.811823
1.558999
1.308662
1.081894
0.959499
0.782939
0.627240
0.464410
0.240996
0.038952
0.011887
0.024375
-0.071706
-0.293304
-0.540255
-0.779459
-0.989688
-1.120766
-1.326045
-1.474842
-1.590798
-1.634453
-1.644442
-1.494406
-1.306184
-1.168810
-1.235643
-1.311461
-1.366879
-1.329121
-1.108162
-0.882182
-0.716232
-0.554726
-0.426348
-0.579889
-0.355798
-0.093582
0.116796
0.080817
0.280234
0.390698
0.490431
0.603297
0.728192
0.845343
0.980320
0.812135
0.611083
0.427562
0.488345
0.487131
0.282492
0.077540
-0.116696
-0.291413
-0.422010
-0.554037
-0.669575
-0.762278
-0.675314
-0.524859
-0.309482
-0.073736
0.161184
0.298080
0.349808
0.595317
0.844166
1.093196
1.342137
1.549036
1.713760
1.575755
1.326538
1.077361
0.828229
0.577823
0.328236
0.119388
-0.112467
-0.350640
-0.581411
-0.803449
-0.771719
-0.670597
-0.569796
-0.451307
-0.300431
-0.093305
0.107237
0.214687
0.118642
0.293325
0.528445
0.621303
0.526846
0.410298
0.306947
0.213384
0.103820
-0.091717
-0.110121
-0.231268
-0.463477
-0.674216
-0.635296
-0.726589
-0.901149
-1.105706
-1.273656
-1.390015
-1.346658
-1.283539
-1.212821
-1.339370
-1.561704
-1.571017
-1.518865
-1.428216
-1.304294
-1.124142
-0.888645
-0.611979
-0.383507
-0.154329
0.047142
0.042045
0.087666
0.336782
0.515382
0.670309
0.844121
1.030791
1.211823
1.456409
1.701476
1.939548
2.182291
2.421836
2.561999
2.643466
2.432626
2.225701
2.018691
1.812550
1.606680
1.401133
1.195792
0.990722
0.786110
0.582732
0.410932
0.227235
0.075226
-0.105041
-0.295904
-0.485139
-0.676115
-0.864998
-1.051357
-1.234647
-1.414158
-1.562780
-1.625261
-1.649401
-1.639385
-1.591019
-1.525888
-1.403661
-1.278258
-1.135480
-0.973395
-0.773665
-0.582645
-0.359032
-0.146833
0.023428
0.087001
0.164195
0.230668
0.311626
0.249980
0.094738
-0.049783
-0.186592
-0.321478
-0.451115
-0.571875
-0.682731
-0.782593
-0.853686
-0.874429
-0.594500
-0.325254
-0.055026
0.190452
0.452780
0.639068
0.795073
0.886790
0.835891
0.794464
0.759635
0.721463
0.709453
0.687426
0.500829
0.302542
0.062837
-0.160642
-0.361970
-0.584584
-0.424530
-0.525500
-0.440297
-0.597324
-0.633969
-0.439805
-0.493280
-0.298170
-0.077526
0.146378
0.342712
0.550229
0.594928
0.599223
0.602903
0.613618
0.635404
0.663976
0.635940
0.478402
0.281708
0.060783
-0.099977
-0.155644
-0.273496
-0.398318
-0.531315
-0.447555
-0.319341
-0.184758
-0.041626
0.053798
0.027120
-0.049367
-0.086742
-0.249256
-0.427848
-0.610731
-0.775950
-0.942094
-1.093002
-1.218535
-1.318008
-1.407191
-1.451509
-1.487382
-1.493911
-1.456335
-1.371925
-1.207945
-1.038441
-0.864362
-0.696637
-0.524496
-0.339707
-0.161152
0.004669
0.158336
0.313192
0.474773
0.652620
0.854126
1.052175
1.250898
1.450219
1.648577
1.847541
2.045859
2.247322
2.446879
2.595150
2.645877
2.822085
2.615848
2.393466
2.170859
1.948577
1.725846
1.503986
1.280869
1.058673
0.835494
0.612374
0.390699
0.388517
0.409272
0.207821
-0.009784
-0.222005
-0.442059
-0.628976
-0.826205
-1.017734
-1.210119
-1.341327
-1.388446
-1.360389
-1.173439
-1.156194
-1.213684
-1.158831
-1.025049
-0.831689
-0.614020
-0.394682
-0.166050
0.063889
0.168113
0.225612
0.211262
0.184713
0.105416
-0.116999
-0.332617
-0.551440
-0.762438
-0.940458
-1.112713
-1.266016
-1.404339
-1.253182
-1.065606
-0.777797
-0.628768
-0.352763
-0.066690
0.225234
0.497539
0.702035
0.780101
0.676568
0.537258
0.404762
0.294587
0.264717
0.478035
0.692598
0.892932
0.739376
0.518689
0.295346
0.078538
-0.137179
-0.361797
-0.279354
-0.320617
-0.473306
-0.319941
-0.280747
-0.217353
0.025126
0.247930
0.467936
0.638200
0.816968
0.648904
0.455444
0.318897
0.442729
0.561001
0.590161
0.455861
0.217519
-0.084924
-0.386948
-0.651837
-0.851429
-1.091945
-1.289266
-1.342356
-1.189566
-1.035509
-0.859713
-0.673811
-0.459887
-0.248565
-0.029864
0.053989
0.081738
0.111527
0.025205
-0.141303
-0.389792
-0.592208
-0.777077
-0.978924
-1.132477
-1.206713
-1.152254
-1.114226
-1.186238
-1.327868
-1.364941
-1.341438
-1.160308
-0.975597
-0.791515
-0.594089
-0.438134
-0.225839
-0.007053
0.207764
0.378169
0.351199
0.435954
0.656031
0.878372
1.100852
1.323451
1.544610
1.766055
1.986511
2.207455
2.428147
2.648678
2.822325
2.728925
2.508897
2.294152
2.082658
1.874899
1.661668
1.456446
1.252980
1.067247
0.897600
0.692759
0.488045
0.283479
0.080129
-0.030279
0.034317
0.025566
-0.168533
-0.358111
-0.536836
-0.708527
-0.866863
-1.012175
-1.142065
-1.263968
-1.354804
-1.424940
-1.492035
-1.487859
-1.475287
-1.432116
-1.373262
-1.268054
-1.171429
-1.037629
-0.888211
-0.725707
-0.553657
-0.375507
-0.189626
0.002754
0.200619
0.386308
0.526994
0.650649
0.700144
0.716086
0.590080
0.628598
0.560621
0.422943
0.291110
0.150723
0.016523
-0.110734
-0.250312
-0.415169
-0.330139
-0.169267
0.031926
0.233651
0.415323
0.605809
0.730579
0.588033
0.394070
0.183833
-0.020711
-0.219145
-0.410635
-0.572837
-0.531718
-0.415227
-0.251645
-0.336923
-0.553144
-0.569742
-0.450911
-0.330087
-0.123400
0.083785
0.286357
0.461696
0.660213
0.740670
0.546126
0.380122
0.190345
0.002415
-0.106271
0.024899
0.149537
0.264673
0.270585
0.168825
0.196723
0.276982
0.216912
0.149157
-0.009363
-0.177801
-0.327537
-0.485771
-0.637876
-0.782835
-0.919442
-1.046296
-1.161772
-1.264128
-1.351482
-1.421933
-1.473667
-1.505258
-1.515742
-1.504783
-1.437813
-1.379559
-1.306950
-1.232192
-1.131398
-1.017504
-0.892236
-0.746667
-0.611841
-0.458817
-0.305933
-0.118134
0.009856
-0.016643
0.025370
0.224055
0.428715
0.622829
0.827928
1.028050
1.223605
1.422717
1.630000
1.826573
2.015081
2.208760
2.403100
2.590920
2.732150
2.859788
2.658486
2.446293
2.234696
2.020087
1.802070
1.588081
1.366498
1.148989
0.927526
0.710355
0.569314
0.446370
0.288906
0.077767
-0.135163
-0.349151
-0.553496
-0.727860
-0.914015
-1.104493
-1.288447
-1.360123
-1.379074
-1.317787
-1.118119
-1.168759
-1.170821
-1.123240
-0.980183
-0.813373
-0.620492
-0.431463
-0.213441
0.011605
0.120283
0.225236
0.186504
0.156548
0.074814
-0.150971
-0.374828
-0.596247
-0.801126
-0.986589
-1.148689
-1.298166
-1.342018
-1.153757
-0.953467
-0.695762
-0.553806
-0.294542
-0.037291
0.217652
0.460230
0.651022
0.723642
0.600859
0.470275
0.332511
0.223408
0.313785
0.528865
0.745607
0.729341
0.510609
0.292527
0.075543
-0.141902
-0.361436
-0.348495
-0.299421
-0.377294
-0.448420
-0.314207
-0.303826
-0.205274
0.042386
0.278714
0.515435
0.734130
0.638358
0.444627
0.261144
0.373811
0.484857
0.605542
0.561167
0.353754
0.089287
-0.194281
-0.477594
-0.657032
-0.892936
-1.114341
-1.311453
-1.343311
-1.195114
-1.033824
-0.862240
-0.682535
-0.476153
-0.272793
-0.068119
0.071018
0.104240
0.136226
0.111035
-0.000459
-0.218922
-0.411225
-0.611110
-0.795029
-0.959946
-1.102899
-1.170312
-1.088063
-1.129310
-1.307135
-1.324989
-1.281126
-1.101719
-0.913823
-0.719428
-0.523922
-0.300962
-0.182389
0.028849
0.243599
0.381278
0.356594
0.456997
0.677942
0.897650
1.118935
1.339636
1.560448
1.782757
2.006956
2.229928
2.456775
2.684807
2.856550
2.449847
2.322453
2.133778
1.943460
1.753229
1.563099
1.375247
1.187792
0.998268
0.806365
0.614494
0.425342
0.233617
0.044874
-0.146627
-0.334799
-0.482502
-0.540001
-0.715173
-0.900274
-1.053929
-1.176804
-1.285002
-1.363954
-1.416193
-1.434115
-1.372389
-1.259684
-1.096228
-1.057336
-1.136729
-1.214965
-1.291884
-1.332562
-1.228905
-1.195009
-1.085646
-0.946075
-0.799565
-0.646792
-0.482783
-0.312017
-0.136852
0.051259
0.229707
0.349766
0.490140
0.609796
0.686440
0.605059
0.470954
0.342470
0.206733
0.091084
-0.016702
-0.115737
-0.220615
-0.299768
-0.383651
-0.438929
-0.480731
-0.386520
-0.199636
-0.013386
0.175122
0.363629
0.553266
0.743984
0.897528
0.996845
1.189831
1.384600
1.575438
1.659429
1.472192
1.286728
1.099574
0.912354
0.746809
0.555302
0.377102
0.186189
0.003081
-0.183035
-0.363860
-0.499201
-0.464181
-0.414846
-0.344176
-0.262395
-0.184171
-0.079291
0.026994
0.141792
0.264202
0.393395
0.509106
0.635326
0.488675
0.379149
0.242640
0.104037
-0.078980
-0.262469
-0.447700
-0.623539
-0.780987
-0.942604
-1.075898
-1.200762
-1.267925
-1.315377
-1.238663
-1.159770
-1.064764
-0.983455
-1.146110
-1.271922
-1.384632
-1.402080
-1.362188
-1.297234
-1.202836
-1.083387
-0.952136
-0.771648
-0.593032
-0.460372
-0.374886
-0.187895
0.002222
0.193393
0.383167
0.574465
0.764816
0.955840
1.146891
1.338098
1.529512
1.721917
1.913810
2.106671
2.299936
2.448541
2.577143
2.315032
2.059659
1.803625
1.548945
1.362575
1.134354
0.994406
0.818641
0.657595
0.474145
0.268065
0.111382
0.100116
0.122103
-0.054818
-0.303957
-0.553843
-0.783793
-0.967521
-1.150121
-1.318864
-1.477706
-1.578460
-1.635385
-1.574081
-1.402235
-1.167339
-1.150746
-1.243943
-1.320442
-1.388137
-1.244536
-1.063039
-0.870047
-0.689248
-0.556066
-0.571996
-0.507986
-0.250821
-0.012083
0.003065
0.161787
0.283643
0.376565
0.462791
0.583602
0.696545
0.821519
0.693674
0.501379
0.313699
0.360233
0.383784
0.191347
-0.016247
-0.228363
-0.392828
-0.538963
-0.671448
-0.780241
-0.878288
-0.814528
-0.707530
-0.534000
-0.288000
-0.049784
0.154865
0.149850
0.379016
0.630816
0.882564
1.134806
1.387272
1.639710
1.879152
1.752867
1.499618
1.249824
0.999869
0.744433
0.491358
0.242091
0.032321
-0.200556
-0.437225
-0.654277
-0.790229
-0.873532
-0.764673
-0.656092
-0.511352
-0.369674
-0.163792
0.053683
0.206704
0.144175
0.288205
0.528495
0.616994
0.514414
0.386625
0.292083
0.212797
0.106806
-0.083122
-0.099214
-0.336702
-0.561273
-0.601978
-0.635477
-0.774903
-0.953399
-1.121551
-1.285865
-1.340259
-1.280623
-1.189818
-1.138172
-1.403683
-1.509688
-1.475530
-1.399992
-1.279176
-1.127431
-0.916673
-0.663658
-0.395570
-0.156012
0.072864
0.118721
0.128000
0.294683
0.492720
0.663507
0.829946
1.012458
1.207394
1.451810
1.700733
1.946531
2.189884
2.417135
2.579383
2.719944
2.524436
2.315470
2.107724
1.899919
1.693136
1.486803
1.280705
1.075042
0.869734
0.665356
0.466139
0.298997
0.125340
-0.050922
-0.237668
-0.426483
-0.618446
-0.802200
-0.982349
-1.165796
-1.345513
-1.502222
-1.549262
-1.589659
-1.567994
-1.522653
-1.433375
-1.317148
-1.176624
-1.014540
-0.852571
-0.657663
-0.448715
-0.230082
-0.020083
0.101596
0.155615
0.236998
0.282164
0.225219
0.071518
-0.079966
-0.224301
-0.360787
-0.492100
-0.613935
-0.723690
-0.817868
-0.826921
-0.645926
-0.386577
-0.111620
0.149055
0.395092
0.589741
0.762107
0.846245
0.793678
0.751189
0.719047
0.679937
0.676395
0.650111
0.504562
0.295580
0.087873
-0.171415
-0.350548
-0.580829
-0.447986
-0.609347
-0.525259
-0.509671
-0.644384
-0.467081
-0.527177
-0.328806
-0.119660
0.119889
0.324768
0.525693
0.613192
0.613042
0.623289
0.643849
0.674602
0.709784
0.690409
0.546713
0.369923
0.134441
-0.128246
-0.325066
-0.407013
-0.549727
-0.688146
-0.607416
-0.490201
-0.363616
-0.224236
-0.086236
0.062804
0.136064
0.114079
0.036062
-0.049891
-0.205053
-0.401509
-0.596220
-0.786986
-0.954311
-1.106226
-1.221884
-1.346401
-1.432017
-1.496727
-1.542730
-1.546904
-1.522414
-1.466478
-1.304147
-1.135750
-0.962387
-0.784914
-0.604019
-0.420260
-0.242057
-0.060904
0.088826
0.243038
0.400972
0.571697
0.765583
0.964223
1.166818
1.366503
1.566722
1.767417
1.968537
2.167618
2.369607
2.567772
2.721510
2.849854
2.641209
2.419030
2.197771
1.977016
1.756459
1.536062
1.315712
1.095453
0.875298
0.655267
0.434828
0.419950
0.413013
0.206662
-0.007118
-0.223392
-0.435104
-0.621856
-0.815856
-1.016575
-1.205550
-1.325929
-1.361702
-1.347961
-1.176339
-1.147395
-1.189643
-1.184530
-1.042853
-0.862506
-0.663648
-0.461744
-0.247005
-0.011479
0.119415
0.193002
0.182259
0.162254
0.107527
-0.089626
-0.306915
-0.522626
-0.726563
-0.916335
-1.088503
-1.250694
-1.400178
-1.373770
-1.186923
-0.958813
-0.688933
-0.506259
-0.198570
0.109912
0.397705
0.627042
0.737516
0.680536
0.545481
0.419256
0.286500
0.180577
0.256140
0.465577
0.684150
0.797417
0.625252
0.405253
0.188846
-0.026988
-0.238083
-0.452027
-0.419583
-0.328410
-0.353503
-0.518579
-0.375237
-0.320553
-0.296178
-0.058589
0.146649
0.382429
0.613650
0.770348
0.608013
0.446759
0.353312
0.460588
0.562577
0.503486
0.301537
0.028937
-0.257868
-0.540874
-0.721069
-0.988947
-1.191998
-1.368306
-1.311508
-1.144097
-0.978249
-0.803435
-0.602271
-0.388469
-0.172770
0.006058
0.061700
0.090060
0.063328
-0.020887
-0.239743
-0.459729
-0.672116
-0.864940
-1.032901
-1.143995
-1.125189
-1.089844
-1.270285
-1.303862
-1.268748
-1.115981
-0.938192
-0.753198
-0.562539
-0.374009
-0.162389
0.050526
0.258901
0.422143
0.403282
0.497882
0.718278
0.936035
1.154073
1.372352
1.590838
1.807317
2.024196
2.241427
2.455589
2.670503
2.851055
2.528589
2.245877
1.970245
1.699899
1.432658
1.164136
0.976445
0.821169
0.680841
0.548998
0.390116
0.144839
0.029405
0.011901
0.012328
-0.132572
-0.390535
-0.646167
-0.847375
-1.048000
-1.229898
-1.398161
-1.531232
-1.601142
-1.673365
-1.639003
-1.511342
-1.327860
-1.131277
-1.195085
-1.274335
-1.324899
-1.289157
-1.106348
-0.902903
-0.759647
-0.563177
-0.435747
-0.494116
-0.249111
0.005877
0.172285
0.163620
0.361008
0.501826
0.563171
0.678318
0.807727
0.933659
0.998198
0.740368
0.510388
0.527591
0.571793
0.379455
0.149438
-0.070800
-0.238696
-0.377786
-0.509092
-0.616337
-0.702348
-0.548106
-0.399803
-0.198500
0.034894
0.261678
0.375167
0.418352
0.640397
0.891173
1.136878
1.382867
1.625942
1.669899
1.409243
1.149533
0.904428
0.654642
0.412008
0.243404
-0.018563
-0.271119
-0.520028
-0.748896
-0.680801
-0.586837
-0.474370
-0.345404
-0.201953
0.036461
0.256087
0.352266
0.232218
0.414605
0.621113
0.750444
0.638259
0.495215
0.378737
0.312250
0.190003
0.019147
-0.045406
-0.158173
-0.371356
-0.576254
-0.603566
-0.634778
-0.775871
-0.991581
-1.168244
-1.320641
-1.419171
-1.349215
-1.272673
-1.233512
-1.411672
-1.611178
-1.606542
-1.578781
-1.487944
-1.393656
-1.257046
-1.016447
-0.759948
-0.481553
-0.235925
-0.040535
0.029824
0.035868
0.207406
0.419331
0.556579
0.690439
0.849038
1.005681
1.241383
1.486664
1.724421
1.963145
2.202713
2.435732
2.535860
2.439705
2.248813
2.058446
1.868393
1.678090
1.489388
1.299571
1.111022
0.920504
0.731313
0.539593
0.349651
0.162040
-0.028001
-0.217924
-0.398529
-0.435089
-0.597456
-0.781399
-0.963155
-1.094210
-1.214286
-1.306378
-1.371205
-1.419686
-1.344159
-1.207093
-1.045794
-1.109964
-1.200518
-1.290912
-1.346851
-1.275129
-1.215116
-1.104546
-0.975125
-0.830175
-0.669806
-0.504809
-0.325385
-0.133944
0.053329
0.189011
0.328068
0.457472
0.607708
0.586597
0.457439
0.334597
0.206176
0.084319
-0.030152
-0.136374
-0.233372
-0.320178
-0.395737
-0.475849
-0.509266
-0.527841
-0.347032
-0.167701
0.016618
0.204756
0.384204
0.571910
0.757110
0.940117
1.127140
1.315326
1.503550
1.695152
1.707479
1.515970
1.324908
1.152340
0.961703
0.793550
0.606867
0.420180
0.236408
0.049016
-0.137797
-0.317980
-0.498948
-0.506818
-0.448060
-0.393338
-0.309902
-0.231418
-0.127278
-0.028950
0.091958
0.206407
0.327959
0.464055
0.577969
0.539270
0.416019
0.283665
0.173771
-0.009261
-0.176972
-0.358295
-0.521038
-0.675221
-0.836817
-0.986373
-1.120990
-1.235930
-1.261469
-1.299652
-1.220158
-1.140641
-1.045665
-0.966483
-1.108253
-1.251173
-1.353882
-1.408827
-1.385551
-1.330199
-1.255733
-1.165643
-1.037290
-0.890080
-0.708830
-0.534841
-0.434455
-0.304041
-0.115111
0.071746
0.263076
0.452978
0.640706
0.832466
1.020603
1.210681
1.399287
1.587433
1.776039
1.965455
2.156040
2.306447
2.439931
2.429009
2.227188
2.028776
1.833447
1.632725
1.437724
1.240378
1.060480
0.868286
0.678321
0.483977
0.291870
0.099805
-0.095858
-0.290663
-0.368380
-0.505454
-0.692605
-0.876693
-1.007270
-1.151531
-1.263067
-1.348250
-1.385778
-1.384580
-1.279000
-1.159646
-0.978673
-0.971012
-1.058898
-1.142926
-1.209809
-1.234099
-1.152247
-1.141316
-1.006712
-0.850171
-0.676085
-0.488071
-0.272079
-0.064392
0.150348
0.309226
0.430673
0.592425
0.711658
0.775242
0.647329
0.508457
0.375252
0.238376
0.107355
-0.005765
-0.122023
-0.217653
-0.314858
-0.402016
-0.463451
-0.525145
-0.475094
-0.293850
-0.117035
0.055147
0.234799
0.420533
0.606720
0.779611
0.889272
0.905375
0.984781
1.172796
1.309700
1.492587
1.587850
1.494273
1.302895
1.130830
0.940566
0.751054
0.561557
0.372402
0.183083
0.027195
-0.143924
-0.333396
-0.521856
-0.601115
-0.560741
-0.506597
-0.440572
-0.376610
-0.286315
-0.201274
-0.091736
0.025740
0.136549
0.254563
0.316752
0.219546
0.078767
-0.043080
-0.206043
-0.372549
-0.521184
-0.676779
-0.809363
-0.946739
-1.058987
-1.188371
-1.286546
-1.350012
-1.407862
-1.391742
-1.290324
-1.186836
-1.085978
-1.123142
-1.297916
-1.401980
-1.343680
-1.278048
-1.192452
-1.089546
-0.962772
-0.783279
-0.601794
-0.442251
-0.351151
-0.176237
0.018988
0.208330
0.398018
0.576810
0.756629
0.942387
1.133030
1.315034
1.501831
1.684391
1.871800
2.059409
2.238978
2.391461
2.432572
2.483436
2.192248
1.911774
1.644095
1.385999
1.132843
0.860062
0.611981
0.349300
0.091171
-0.170638
-0.100260
-0.213465
-0.443126
-0.684931
-0.909445
-1.110682
-1.278084
-1.414917
-1.508192
-1.355948
-1.178540
-0.986031
-0.773635
-0.564355
-0.348459
-0.118624
0.105985
0.341518
0.571905
0.804735
1.040632
1.270800
1.448595
1.540853
1.430129
1.177420
0.923405
0.671264
0.418468
0.167172
-0.083775
-0.333784
-0.582156
-0.829659
-1.074375
-1.316538
-1.551999
-1.785434
-2.025538
-1.867734
-1.623382
-1.313731
-1.006251
-0.692432
-0.381689
-0.070839
0.237707
0.514767
0.647163
0.574268
0.409838
0.238361
0.094978
-0.054253
-0.229309
-0.142850
0.100974
0.308839
0.066382
-0.190894
-0.425307
-0.398950
-0.178975
-0.144131
-0.368607
-0.298789
-0.182727
0.069182
0.320673
0.420359
0.185411
0.176702
0.366728
0.547289
0.630277
0.516524
0.280276
0.018583
-0.244039
-0.514994
-0.779447
-1.043383
-1.306600
-1.531251
-1.718477
-1.747937
-1.488450
-1.244407
-1.000798
-0.743616
-0.483556
-0.229520
0.027964
0.290950
0.543316
0.807399
1.061123
1.315485
1.504939
1.399662
1.284651
1.112516
0.812882
0.522582
0.235907
-0.046867
-0.322116
-0.590128
-0.848683
-1.092109
-1.271011
-1.212135
-1.146602
-1.054201
-0.938147
-0.801779
-0.631902
-0.495659
-0.300979
-0.085292
-0.107325
-0.086485
0.161341
0.405763
0.662532
0.919668
1.162225
1.400548
1.637142
1.887388
2.122390
2.351330
2.490567
2.623349
2.386258
2.132391
1.878752
1.625414
1.372304
1.140410
0.941558
0.759715
0.597210
0.371285
0.150517
0.126636
0.145517
0.094516
-0.111041
-0.358755
-0.537402
-0.737692
-0.951912
-1.198306
-1.382324
-1.518936
-1.612042
-1.658866
-1.640731
-1.486412
-1.310776
-1.071145
-1.136817
-1.224094
-1.288955
-1.356375
-1.272055
-1.068493
-0.866753
-0.695028
-0.532740
-0.432748
-0.558955
-0.363401
-0.101623
0.077703
0.036897
0.243922
0.381293
0.469654
0.578725
0.700579
0.834112
0.964910
0.770517
0.545697
0.367011
0.528799
0.544792
0.354809
0.132200
-0.074836
-0.245892
-0.405248
-0.550937
-0.680752
-0.792316
-0.746853
-0.599785
-0.544236
-0.302747
-0.060937
0.171435
0.179692
0.309932
0.498506
0.761605
1.024319
1.288677
1.540861
1.761683
1.602728
1.354843
1.107554
0.852001
0.596046
0.336625
0.076718
-0.173943
-0.403070
-0.639169
-0.878521
-0.869826
-0.780522
-0.656655
-0.529293
-0.359721
-0.214442
0.000770
0.011183
-0.024052
0.166141
0.315705
0.487474
0.386984
0.266898
0.148354
0.069107
-0.022497
0.074038
0.109873
-0.072649
-0.272540
-0.447866
-0.578633
-0.768485
-0.881452
-1.056846
-1.240319
-1.370385
-1.436161
-1.350361
-1.260790
-1.296025
-1.494344
-1.424682
-1.332191
-1.196690
-0.981935
-0.742402
-0.500533
-0.251710
-0.011797
0.154780
0.157797
0.297099
0.517514
0.693354
0.863992
1.046618
1.261077
1.509026
1.755159
2.000627
2.248265
2.492514
2.624395
2.322373
2.129842
1.938807
1.747972
1.607164
1.458699
1.399560
1.334836
1.144076
0.953973
0.763996
0.573509
0.383035
0.193313
0.002923
-0.186504
-0.375652
-0.548177
-0.585217
-0.762803
-0.941831
-1.096922
-1.231922
-1.346228
-1.425804
-1.482742
-1.508012
-1.488319
-1.401323
-1.276778
-1.110767
-1.149949
-1.219339
-1.284938
-1.330893
-1.311666
-1.239333
-1.148867
-1.008043
-0.852152
-0.684283
-0.506853
-0.321786
-0.130558
0.065663
0.242778
0.394914
0.530041
0.681192
0.769965
0.747601
0.624418
0.496068
0.373727
0.258064
0.149831
0.049810
-0.055229
-0.136770
-0.207487
-0.266554
-0.313178
-0.311963
-0.132029
0.049088
0.234249
0.417711
0.602227
0.789497
0.976020
1.086216
1.104953
1.295393
1.486875
1.591269
1.403162
1.213965
1.025705
0.835586
0.663785
0.481554
0.294134
0.107193
-0.076670
-0.262076
-0.350908
-0.318674
-0.273278
-0.200285
-0.131100
-0.051044
0.039024
0.138232
0.245742
0.360751
0.482514
0.596703
0.603299
0.475147
0.328478
0.197900
0.001172
-0.171544
-0.353621
-0.514346
-0.682607
-0.837526
-0.989363
-1.122942
-1.239177
-1.334388
-1.311998
-1.241494
-1.168615
-1.079367
-1.094153
-1.271072
-1.380640
-1.446509
-1.430499
-1.388952
-1.324201
-1.236390
-1.118480
-0.952642
-0.782662
-0.614815
-0.521543
-0.390024
-0.200864
-0.013522
0.174211
0.359683
0.550603
0.739168
0.927932
1.114756
1.302302
1.488960
1.675804
1.864070
2.052567
2.220105
2.323006
