1.403571
1.366074
1.328578
1.289959
1.251359
1.213533
1.175640
1.212128
1.249477
1.240054
1.202059
1.164395
1.128161
1.128801
1.098573
1.110032
1.149222
1.170688
1.135438
1.097976
1.060515
1.023055
0.985598
0.948142
0.910688
0.873236
0.838372
0.853904
0.877484
0.881477
0.885830
0.890600
0.863234
0.856849
0.862791
0.856694
0.820291
0.790088
0.753939
0.717068
0.676720
0.632928
0.590708
0.560456
0.530819
0.501744
0.468906
0.432270
0.395653
0.359060
0.322491
0.285945
0.254203
0.223869
0.188822
0.162415
0.126933
0.083325
0.042484
0.006305
-0.028288
-0.053716
-0.099348
-0.138028
-0.174009
-0.205886
-0.230240
-0.253726
-0.242326
-0.276189
-0.324190
-0.367462
-0.400626
-0.422967
-0.457733
-0.481693
-0.481781
-0.491771
-0.535435
-0.554645
-0.572563
-0.602988
-0.636559
-0.662903
-0.671616
-0.653714
-0.704892
-0.725690
-0.750620
-0.782617
-0.814431
-0.846053
-0.877428
-0.908583
-0.925760
-0.908268
-0.869558
-0.877251
-0.906487
-0.935427
-0.948096
-0.950891
-0.945746
-0.919397
-0.892627
-0.865498
-0.872819
-0.898051
-0.930347
-0.979629
-0.975069
-0.968946
-0.981846
-1.003945
-1.025552
-1.046653
-1.067150
-1.087045
-1.106371
-1.108985
-1.103534
-1.120644
-1.137038
-1.152698
-1.167682
-1.199549
-1.237566
-1.250764
-1.263120
-1.274591
-1.259382
-1.251578
-1.260359
-1.268320
-1.275370
-1.281445
-1.286662
-1.291014
-1.294494
-1.297097
-1.298752
-1.299370
-1.299102
-1.277493
-1.238020
-1.203449
-1.199816
-1.195205
-1.189781
-1.183550
-1.176520
-1.168701
-1.160073
-1.150522
-1.140221
-1.108683
-1.065865
-1.040843
-1.064589
-1.086805
-1.053206
-1.024627
-1.023159
-1.035048
-1.018632
-1.001472
-0.983732
-0.965427
-0.946573
-0.927185
-0.907663
-0.918246
-0.877611
-0.844252
-0.822314
-0.799935
-0.777127
-0.753820
-0.730104
-0.706005
-0.681535
-0.656704
-0.631525
-0.605945
-0.580026
-0.570863
-0.558661
-0.531470
-0.504000
-0.476215
-0.426748
-0.390240
-0.362036
-0.333594
-0.303231
-0.250328
-0.239074
-0.217468
-0.187904
-0.164446
-0.154903
-0.124454
-0.074514
-0.037192
-0.006517
0.024317
0.055304
0.086458
0.117773
0.149226
0.180813
0.212530
0.244375
0.276355
0.290937
0.317979
0.350552
0.383229
0.416008
0.448894
0.481890
0.514978
0.548157
0.581422
0.612368
0.629014
0.661823
0.695623
0.729495
0.763437
0.797448
0.831528
0.865687
0.888344
0.907881
0.928043
0.948820
0.970222
0.957946
0.972671
0.995765
1.019429
1.043656
1.068443
1.093895
1.119874
1.146372
1.176967
1.213365
1.249442
1.204016
1.188301
1.179933
1.187071
1.217731
1.253706
1.246461
1.269914
1.277244
1.286903
1.309600
1.305339
1.337461
1.373860
1.408190
1.424589
1.420516
1.414974
1.374179
1.365517
1.338271
1.332571
1.348959
1.311348
1.271999
1.265443
1.289355
1.326066
1.363171
1.397821
1.397622
1.397773
1.372620
1.335882
1.321123
1.359936
1.397452
1.434969
1.421432
1.423405
1.463178
1.499268
1.502192
1.505469
1.482479
1.487459
1.503897
1.467142
1.434403
1.436460
1.414725
1.380107
1.344943
1.313806
1.283134
1.322183
1.311484
1.277900
1.241092
1.204297
1.167516
1.138272
1.165105
1.205372
1.241986
1.266606
1.229980
1.193372
1.163484
1.135960
1.108940
1.088871
1.098988
1.144830
1.126629
1.090642
1.054683
1.018753
0.982854
0.958349
0.924919
0.889255
0.853627
0.820601
0.797285
0.761927
0.726613
0.691344
0.656121
0.620945
0.585817
0.550750
0.504592
0.464552
0.429474
0.394449
0.359479
0.324578
0.289739
0.254961
0.220246
0.185597
0.151015
0.116515
0.095276
0.056014
0.013479
-0.016444
-0.036686
-0.086752
-0.122724
-0.156536
-0.190250
-0.223864
-0.257374
-0.290759
-0.324019
-0.357160
-0.390178
-0.423069
-0.455827
-0.488430
-0.520870
-0.553158
-0.585288
-0.617255
-0.649051
-0.680650
-0.712035
-0.743223
-0.785302
-0.830612
-0.861556
-0.892258
-0.922684
-0.952862
-0.982778
-1.012422
-1.041782
-1.070823
-1.099491
-1.127825
-1.155809
-1.192509
-1.241571
-1.268914
-1.295759
-1.322161
-1.332333
-1.339895
-1.364263
-1.388072
-1.411184
-1.433689
-1.455559
-1.476767
-1.497283
-1.517068
-1.535918
-1.553967
-1.571185
-1.573877
-1.561631
-1.575688
-1.588573
-1.629319
-1.654500
-1.664738
-1.673890
-1.681934
-1.688585
-1.694051
-1.698341
-1.701445
-1.703351
-1.704055
-1.703305
-1.701305
-1.721849
-1.738252
-1.732470
-1.723819
-1.678960
-1.664150
-1.653829
-1.642451
-1.630044
-1.616635
-1.602096
-1.586563
-1.570140
-1.552857
-1.534745
-1.515837
-1.496052
-1.475479
-1.454219
-1.432299
-1.409747
-1.386590
-1.362781
-1.338371
-1.313446
-1.288030
-1.262143
-1.235806
-1.208993
-1.181727
-1.154080
-1.126068
-1.097708
-1.069015
-1.039975
-1.010592
-0.997132
-0.977556
-0.946932
-0.916070
-0.884962
-0.853604
-0.822042
-0.779470
-0.734556
-0.702794
-0.670841
-0.638687
-0.620370
-0.595973
-0.556588
-0.505566
-0.454450
-0.421029
-0.388128
-0.355100
-0.321950
-0.288681
-0.255296
-0.221778
-0.188156
-0.154434
-0.120614
-0.086701
-0.052697
-0.018586
0.015608
0.049883
0.084235
0.118663
0.153163
0.187750
0.210976
0.240375
0.275346
0.310373
0.345163
0.367416
0.390381
0.421343
0.456963
0.492624
0.528325
0.564072
0.599857
0.635678
0.671534
0.707424
0.743347
0.779308
0.824560
0.864209
0.900136
0.933338
0.958905
0.985108
0.957019
0.920786
0.884579
0.848398
0.812243
0.776119
0.740027
0.703964
0.667932
0.631930
0.595960
0.560027
0.514356
0.467746
0.457867
0.487152
0.523447
0.559771
0.596124
0.632501
0.664296
0.694730
0.732364
0.777607
0.806799
0.847258
0.887790
0.921567
0.951038
0.987725
1.024432
1.061154
1.097890
1.106213
1.073268
1.103022
1.139634
1.176569
1.168268
1.138382
1.138521
1.169906
1.165690
1.189568
1.224776
1.260414
1.293478
1.326949
1.364267
1.339987
1.343636
1.363439
1.363439
1.757227
1.721409
1.685591
1.649773
1.613955
1.578138
1.542321
1.505889
1.496091
1.527683
1.527494
1.557454
1.593680
1.609342
1.574456
1.539958
1.504483
1.468037
1.431164
1.395348
1.360822
1.325478
1.290392
1.256182
1.220404
1.186555
1.151741
1.115993
1.080356
1.047376
1.014777
1.000280
0.995956
0.964457
0.929068
0.890610
0.852554
0.816948
0.781347
0.745750
0.710159
0.676060
0.644716
0.609200
0.573691
0.540864
0.509281
0.473863
0.438457
0.407211
0.378005
0.348149
0.312961
0.277790
0.247159
0.219564
0.192525
0.166211
0.140556
0.110198
0.075669
0.041171
0.006715
-0.027708
-0.062098
-0.094499
-0.118126
-0.151291
-0.185339
-0.219342
-0.252109
-0.273996
-0.305599
-0.331918
-0.352116
-0.370990
-0.356592
-0.317587
-0.307997
-0.340470
-0.372848
-0.390178
-0.384737
-0.393504
-0.439923
-0.471618
-0.503181
-0.534626
-0.560421
-0.574187
-0.604882
-0.620699
-0.631220
-0.645361
-0.674700
-0.723646
-0.759463
-0.788535
-0.814348
-0.820937
-0.846020
-0.873719
-0.893414
-0.895317
-0.871065
-0.886193
-0.898834
-0.898418
-0.896702
-0.919751
-0.943183
-0.966244
-0.984400
-0.978115
-0.996237
-1.017077
-1.027062
-1.015432
-0.985070
-1.018729
-1.051453
-1.069497
-1.087019
-1.103813
-1.096761
-1.094458
-1.109177
-1.123234
-1.136534
-1.149210
-1.161252
-1.172646
-1.183219
-1.164461
-1.177243
-1.210558
-1.218265
-1.224993
-1.230977
-1.236220
-1.233639
-1.201609
-1.166168
-1.179012
-1.203116
-1.204533
-1.205045
-1.204693
-1.203596
-1.201754
-1.199170
-1.195605
-1.164312
-1.158475
-1.180446
-1.173903
-1.166447
-1.158298
-1.149465
-1.135357
-1.090832
-1.104649
-1.106898
-1.094575
-1.081639
-1.067925
-1.053591
-1.022245
-0.989845
-1.006140
-0.990487
-0.973258
-0.955534
-0.937324
-0.918569
-0.925599
-0.917170
-0.896600
-0.873596
-0.823479
-0.796139
-0.774240
-0.751976
-0.729349
-0.706262
-0.682848
-0.659115
-0.635072
-0.610689
-0.585949
-0.560933
-0.535647
-0.510098
-0.484234
-0.458098
-0.431727
-0.405127
-0.378457
-0.374417
-0.369394
-0.343128
-0.297084
-0.268851
-0.240396
-0.211771
-0.182981
-0.151728
-0.101676
-0.069242
-0.040070
-0.010753
0.018704
0.048341
0.078114
0.117552
0.158847
0.169315
0.198489
0.228902
0.259423
0.290051
0.320802
0.351670
0.382634
0.413692
0.444842
0.476107
0.494281
0.517397
0.549121
0.580926
0.612828
0.644802
0.676845
0.706640
0.723360
0.753909
0.786413
0.791993
0.748890
0.767235
0.786208
0.805748
0.825847
0.846512
0.879883
0.904944
0.911891
0.900297
0.889032
0.908889
0.932685
0.956975
0.983366
1.027524
1.027878
1.018503
1.009420
1.000706
1.027217
1.054177
1.081577
1.102738
1.095832
1.121704
1.127944
1.135415
1.161525
1.156371
1.151555
1.147035
1.142811
1.138886
1.135361
1.132146
1.129230
1.126616
1.124329
1.122431
1.120836
1.119544
1.118555
1.117930
1.148286
1.142322
1.118034
1.118677
1.119718
1.121080
1.122745
1.124712
1.126999
1.163906
1.200470
1.236192
1.272348
1.311049
1.347122
1.363286
1.366747
1.372686
1.412372
1.396095
1.362703
1.327181
1.291664
1.261083
1.255998
1.243630
1.209231
1.179815
1.150890
1.118069
1.082865
1.047672
1.012493
0.977327
0.946078
0.916253
0.881210
0.854015
0.827305
0.797012
0.762239
0.727488
0.692762
0.658058
0.623375
0.588714
0.554082
0.519476
0.484895
0.450339
0.415985
0.391505
0.367617
0.376666
0.419523
0.453594
0.487709
0.521857
0.556038
0.590251
0.624501
0.609715
0.586731
0.564309
0.541986
0.508324
0.484476
0.464033
0.441065
0.407935
0.374877
0.341875
0.303130
0.258120
0.225114
0.192180
0.159309
0.126502
0.093762
0.061110
0.040589
0.015633
-0.016563
-0.048673
-0.080667
-0.112571
-0.137040
-0.154440
-0.185780
-0.216986
-0.248080
-0.279057
-0.309913
-0.340612
-0.386229
-0.425494
-0.461049
-0.510295
-0.540986
-0.571409
-0.601680
-0.631795
-0.661726
-0.691444
-0.733971
-0.776316
-0.805855
-0.835153
-0.864218
-0.893069
-0.921697
-0.950096
-0.978164
-0.988742
-1.003796
-1.030596
-1.057068
-1.083137
-1.108872
-1.134261
-1.159291
-1.183865
-1.207977
-1.231671
-1.254932
-1.277746
-1.299931
-1.321594
-1.342736
-1.363341
-1.383349
-1.402589
-1.421211
-1.439193
-1.456517
-1.473028
-1.488686
-1.503597
-1.517742
-1.531100
-1.543396
-1.581519
-1.608943
-1.618931
-1.627946
-1.635685
-1.642440
-1.648197
-1.652945
-1.656510
-1.658819
-1.660086
-1.660310
-1.659490
-1.657344
-1.654060
-1.649751
-1.644425
-1.638078
-1.630395
-1.621751
-1.612163
-1.601649
-1.590116
-1.577502
-1.564047
-1.549773
-1.534703
-1.518679
-1.501833
-1.484284
-1.466054
-1.447166
-1.427428
-1.407093
-1.386187
-1.364731
-1.342693
-1.320024
-1.296883
-1.273286
-1.249251
-1.224709
-1.199714
-1.174345
-1.148614
-1.122537
-1.096022
-1.069187
-1.042055
-1.014636
-0.986923
-0.958875
-0.930581
-0.902051
-0.873294
-0.844277
-0.797180
-0.759463
-0.730193
-0.700732
-0.671036
-0.641157
-0.611112
-0.580907
-0.550540
-0.519980
-0.489279
-0.458444
-0.427477
-0.396365
-0.365107
-0.333735
-0.307862
-0.291665
-0.259678
-0.214812
-0.175174
-0.143154
-0.111042
-0.078814
-0.046503
-0.014113
0.018354
0.050907
0.083549
0.116260
0.149039
0.181883
0.214806
0.247797
0.280846
0.313953
0.347116
0.380352
0.413639
0.446977
0.480364
0.513803
0.547301
0.580842
0.614427
0.648054
0.681732
0.715454
0.749214
0.783012
0.816847
0.850729
0.884646
0.918596
0.952579
0.986596
1.020653
1.054739
1.088855
1.123000
1.157177
1.191386
1.219588
1.246830
1.280798
1.305510
1.337835
1.367812
1.393383
1.419399
1.453870
1.483083
1.495340
1.482422
1.439906
1.397593
1.398111
1.428784
1.463616
1.492601
1.465882
1.443247
1.446673
1.476956
1.507716
1.541876
1.575559
1.606928
1.638676
1.670820
1.658595
1.645243
1.678258
1.711655
1.745381
1.740593
1.740593
1.753036
1.721734
1.690433
1.659366
1.628302
1.597482
1.566667
1.536356
1.506482
1.507734
1.508427
1.477397
1.446405
1.417186
1.387924
1.356927
1.325997
1.297406
1.270759
1.304596
1.336193
1.305289
1.274385
1.243486
1.212588
1.181695
1.150803
1.119916
1.089030
1.058150
1.027271
0.996398
0.965739
0.938726
0.911492
0.880709
0.849926
0.819154
0.788383
0.757622
0.726863
0.696115
0.665724
0.639885
0.613682
0.583065
0.552450
0.521853
0.491258
0.460682
0.430108
0.399554
0.369556
0.345188
0.320260
0.289899
0.259542
0.229215
0.198893
0.168603
0.138317
0.108066
0.077820
0.047611
0.017408
-0.012755
-0.042912
-0.073026
-0.103133
-0.133193
-0.163247
-0.193249
-0.223243
-0.253183
-0.283113
-0.312984
-0.341612
-0.362031
-0.383664
-0.413085
-0.442492
-0.471806
-0.501103
-0.530299
-0.559475
-0.588540
-0.617584
-0.646506
-0.675403
-0.704165
-0.732899
-0.761484
-0.787908
-0.802917
-0.819983
-0.847639
-0.875247
-0.902620
-0.929940
-0.956996
-0.981098
-0.991076
-1.003815
-1.029434
-1.051523
-1.057523
-1.066787
-1.090586
-1.110232
-1.111799
-1.117171
-1.138732
-1.160123
-1.180810
-1.196424
-1.191391
-1.190944
-1.208755
-1.220838
-1.210592
-1.199695
-1.186314
-1.166994
-1.125480
-1.095716
-1.108979
-1.115620
-1.098510
-1.087416
-1.097469
-1.113948
-1.152574
-1.177164
-1.154332
-1.138097
-1.143723
-1.148979
-1.153031
-1.156698
-1.159142
-1.161192
-1.162009
-1.162425
-1.161608
-1.160386
-1.157941
-1.147335
-1.112579
-1.085351
-1.079998
-1.074264
-1.067447
-1.060256
-1.052021
-1.043422
-1.033823
-1.023870
-1.012965
-1.001719
-0.989571
-0.977096
-0.963770
-0.950132
-0.935694
-0.920959
-0.905476
-0.889712
-0.873249
-0.856521
-0.839143
-0.828755
-0.835144
-0.826643
-0.782993
-0.746532
-0.726764
-0.706787
-0.686332
-0.665680
-0.644586
-0.630062
-0.630062
-0.622888
-0.600104
-0.577164
-0.553886
-0.530462
-0.506728
-0.482856
-0.458699
-0.448717
-0.467682
-0.477948
-0.470727
-0.451433
-0.408240
-0.370979
-0.345282
-0.325123
-0.315594
-0.300131
-0.273451
-0.246689
-0.219773
-0.197931
-0.185391
-0.167449
-0.139751
-0.116744
-0.102079
-0.077759
-0.036520
-0.004683
0.010921
0.027046
0.044056
0.065549
0.094555
0.119675
0.138380
0.146271
0.136564
0.127129
0.118131
0.121067
0.142862
0.170995
0.208998
0.235396
0.243980
0.261000
0.290786
0.320596
0.350439
0.377055
0.398927
0.427373
0.465346
0.500035
0.530030
0.560043
0.590082
0.620139
0.650219
0.680317
0.710437
0.740572
0.770729
0.800901
0.831093
0.861299
0.891524
0.921762
0.952018
0.985421
1.022837
1.057052
1.087240
1.114368
1.137702
1.161388
1.185503
1.196092
1.190367
1.184884
1.179688
1.174739
1.170077
1.165664
1.161541
1.172101
1.199412
1.227031
1.254997
1.268567
1.266164
1.278829
1.307984
1.337417
1.367151
1.397522
1.428571
1.444100
1.443336
1.442822
1.442568
1.427195
1.396387
1.365847
1.335574
1.321150
1.322465
1.339704
1.372540
1.404442
1.435441
1.435880
1.407204
1.394775
1.397611
1.416729
1.450935
1.453158
1.426151
1.397154
1.366365
1.333472
1.298708
1.268195
1.241409
1.212492
1.181732
1.150978
1.120230
1.089488
1.058751
1.028020
0.997295
0.966578
0.935866
0.907989
0.882398
0.854025
0.823440
0.796181
0.771529
0.747364
0.723576
0.696112
0.665847
0.635600
0.605368
0.575157
0.544960
0.514786
0.484627
0.459158
0.437065
0.415591
0.394555
0.368454
0.338808
0.303719
0.264874
0.237099
0.216856
0.197336
0.178302
0.194824
0.234845
0.233104
0.204157
0.175273
0.146429
0.117652
0.088918
0.060256
0.031640
0.003102
-0.025388
-0.053793
-0.082146
-0.110408
-0.138614
-0.166721
-0.194769
-0.222709
-0.250586
-0.278344
-0.306036
-0.333599
-0.361089
-0.388439
-0.415712
-0.442830
-0.469865
-0.471287
-0.458949
-0.482005
-0.523787
-0.565428
-0.606996
-0.639530
-0.667429
-0.685710
-0.699132
-0.730995
-0.772030
-0.804576
-0.832964
-0.861203
-0.889370
-0.907578
-0.921060
-0.943796
-0.970852
-0.997665
-1.024366
-1.050791
-1.077090
-1.103076
-1.128923
-1.154411
-1.179743
-1.204666
-1.229413
-1.253692
-1.277771
-1.301313
-1.324630
-1.331408
-1.331408
-1.345986
-1.366437
-1.386047
-1.405324
-1.441997
-1.485444
-1.510121
-1.527614
-1.543873
-1.559669
-1.574069
-1.587953
-1.600274
-1.612028
-1.622056
-1.631467
-1.639003
-1.645882
-1.650762
-1.654956
-1.657068
-1.658477
-1.657770
-1.656361
-1.652852
-1.648659
-1.642430
-1.635552
-1.626745
-1.617334
-1.606131
-1.594377
-1.580987
-1.567103
-1.551744
-1.535948
-1.518837
-1.501345
-1.482688
-1.463701
-1.443688
-1.423389
-1.402190
-1.380746
-1.341558
-1.297624
-1.270748
-1.248341
-1.225291
-1.202075
-1.178289
-1.154359
-1.129922
-1.105360
-1.080346
-1.055224
-1.029700
-1.004081
-0.991180
-0.981202
-0.957277
-0.930221
-0.890670
-0.848378
-0.818575
-0.791450
-0.764088
-0.736678
-0.709055
-0.681388
-0.641943
-0.600153
-0.570181
-0.542505
-0.514649
-0.486758
-0.447313
-0.405737
-0.375769
-0.347886
-0.319847
-0.291782
-0.252324
-0.210929
-0.180988
-0.152939
-0.124755
-0.096548
-0.068215
-0.039861
-0.011390
0.017100
0.045700
0.074317
0.103036
0.131770
0.150868
0.168637
0.196489
0.225685
0.254956
0.284238
0.313590
0.342952
0.372380
0.401816
0.431316
0.460822
0.482190
0.502651
0.531564
0.561384
0.591250
0.621121
0.651036
0.680955
0.710915
0.740879
0.770883
0.800890
0.830934
0.860982
0.891064
0.921150
0.944535
0.967396
0.991036
1.014734
1.044721
1.075151
1.100140
1.124766
1.154991
1.185565
1.221471
1.257690
1.288499
1.319012
1.349542
1.380074
1.405508
1.430701
1.461125
1.491776
1.517913
1.543871
1.574455
1.605204
1.635963
1.666722
1.693573
1.720314
1.747629
1.774958
1.772544
1.769500
1.766912
1.764332
1.762212
1.760099
1.758449
1.756804
1.724788
1.692560
1.692560
1.606692
1.568656
1.530983
1.493739
1.455782
1.418262
1.381596
1.342679
1.314328
1.313501
1.341359
1.363922
1.325883
1.287843
1.249837
1.212081
1.196416
1.197284
1.198703
1.218875
1.258832
1.263446
1.249736
1.211801
1.173868
1.135108
1.094552
1.055997
1.018654
0.983400
0.946315
0.908891
0.874392
0.840340
0.806347
0.768568
0.730794
0.693024
0.660093
0.627657
0.595702
0.553624
0.512239
0.474603
0.436979
0.399362
0.361757
0.328645
0.296247
0.258798
0.221363
0.183940
0.146539
0.109153
0.071778
0.034432
0.000713
-0.028746
-0.065225
-0.102324
-0.139396
-0.176431
-0.213446
-0.250426
-0.287369
-0.324288
-0.361164
-0.398002
-0.433590
-0.459961
-0.492109
-0.528146
-0.552608
-0.588643
-0.636758
-0.673539
-0.704441
-0.727609
-0.761434
-0.796934
-0.832331
-0.855929
-0.879465
-0.914073
-0.936796
-0.953842
-0.968949
-0.982628
-0.995222
-1.005521
-1.014518
-1.022305
-1.051480
-1.070058
-1.074080
-1.122357
-1.157899
-1.159314
-1.158452
-1.149918
-1.121336
-1.109365
-1.108873
-1.131695
-1.153936
-1.175754
-1.196685
-1.198994
-1.186118
-1.204279
-1.221908
-1.238917
-1.222616
-1.215928
-1.229926
-1.242839
-1.255142
-1.266486
-1.276780
-1.286425
-1.294920
-1.302430
-1.309256
-1.314744
-1.319338
-1.323224
-1.325596
-1.308476
-1.271229
-1.268615
-1.267238
-1.264960
-1.261381
-1.269165
-1.301434
-1.303142
-1.287090
-1.241647
-1.221047
-1.216687
-1.241918
-1.222457
-1.176294
-1.162783
-1.148638
-1.133910
-1.118041
-1.101660
-1.084651
-1.066692
-1.048266
-1.029183
-1.009325
-0.989042
-0.968091
-0.946518
-0.919096
-0.865968
-0.832126
-0.809236
-0.785686
-0.777619
-0.781939
-0.756494
-0.730766
-0.704714
-0.678135
-0.651307
-0.624145
-0.596560
-0.568751
-0.540605
-0.493250
-0.445388
-0.419729
-0.392471
-0.364360
-0.335878
-0.307165
-0.278270
-0.249012
-0.246007
-0.269824
-0.264091
-0.247219
-0.216418
-0.185357
-0.154165
-0.122782
-0.107283
-0.086375
-0.033861
0.004491
0.036668
0.069036
0.101536
0.135430
0.187619
0.222916
0.242873
0.274961
0.307369
0.339889
0.372582
0.405360
0.438255
0.471292
0.504406
0.537642
0.558086
0.576983
0.610803
0.644710
0.678680
0.712768
0.746925
0.781139
0.815471
0.849857
0.884304
0.933687
0.984331
1.035060
1.085896
1.116748
1.100203
1.110135
1.121536
1.106168
1.067685
1.026614
1.047304
1.047848
1.035430
1.057823
1.062790
1.050146
1.038005
1.026107
1.014525
1.003414
0.992554
0.982065
1.000853
1.019045
1.009820
0.975103
0.940943
0.969940
1.003986
1.040723
1.070698
1.104583
1.141980
1.179396
1.216821
1.254256
1.218562
1.188107
1.182130
1.176607
1.161142
1.118524
1.103731
1.099476
1.095691
1.092277
1.092884
1.128225
1.121658
1.082160
1.080698
1.079511
1.078633
1.113591
1.151560
1.189883
1.227964
1.254860
1.255699
1.285717
1.317102
1.319029
1.294177
1.256529
1.221106
1.208247
1.213002
1.254511
1.277351
1.281521
1.286216
1.273352
1.235646
1.197949
1.160257
1.122572
1.084895
1.047224
1.009561
0.975942
0.943160
0.905614
0.868077
0.830549
0.793035
0.759119
0.728399
0.735288
0.759441
0.804588
0.816700
0.808889
0.771895
0.734929
0.697979
0.661057
0.624162
0.587286
0.550443
0.513628
0.476832
0.440077
0.403349
0.366643
0.329986
0.293355
0.256751
0.230435
0.205348
0.180988
0.218116
0.262749
0.298646
0.334604
0.370597
0.406648
0.402584
0.383905
0.397104
0.431473
0.476817
0.441451
0.406133
0.370864
0.335693
0.300572
0.265514
0.230556
0.195652
0.160828
0.126106
0.091443
0.056882
0.011157
-0.034116
-0.052365
-0.080408
-0.114502
-0.148439
-0.182280
-0.216035
-0.249601
-0.283073
-0.316432
-0.349594
-0.382652
-0.415560
-0.448266
-0.480854
-0.513250
-0.545438
-0.577493
-0.609302
-0.654635
-0.707334
-0.759952
-0.800895
-0.832715
-0.864180
-0.895460
-0.926536
-0.957218
-0.984653
-1.007063
-1.055392
-1.108356
-1.161261
-1.214091
-1.262206
-1.293617
-1.324681
-1.355503
-1.385833
-1.415792
-1.445459
-1.474461
-1.503071
-1.531296
-1.558690
-1.585648
-1.612048
-1.637509
-1.662441
-1.686581
-1.709674
-1.732128
-1.753480
-1.750183
-1.741602
-1.758607
-1.774443
-1.786597
-1.763486
-1.758239
-1.768533
-1.739551
-1.725898
-1.731430
-1.734977
-1.737510
-1.738628
-1.737911
-1.736174
-1.732832
-1.727880
-1.721936
-1.714269
-1.705261
-1.695319
-1.683614
-1.670851
-1.657232
-1.641883
-1.625740
-1.608733
-1.590280
-1.571165
-1.551180
-1.530069
-1.508384
-1.485854
-1.462466
-1.438586
-1.413904
-1.407125
-1.401240
-1.347444
-1.309386
-1.282067
-1.254060
-1.225716
-1.197045
-1.167788
-1.138273
-1.108436
-1.097653
-1.074378
-1.021388
-0.985661
-0.954310
-0.922660
-0.890751
-0.858679
-0.826324
-0.781530
-0.731766
-0.711310
-0.684660
-0.652681
-0.620397
-0.579037
-0.526672
-0.492461
-0.459968
-0.427307
-0.394442
-0.361469
-0.328327
-0.295025
-0.261627
-0.228063
-0.194374
-0.160598
-0.126662
-0.092628
-0.058518
-0.024251
0.010089
0.044508
0.079060
0.113674
0.148370
0.183175
0.218036
0.252980
0.288011
0.323094
0.358260
0.393496
0.428779
0.464146
0.499567
0.535031
0.570578
0.599570
0.622282
0.657777
0.699044
0.747541
0.784887
0.820769
0.856697
0.854339
0.836122
0.800003
0.763930
0.727886
0.691897
0.655952
0.620039
0.584194
0.541503
0.492984
0.516847
0.546447
0.582700
0.575764
0.578411
0.604592
0.647865
0.684497
0.695248
0.725015
0.752141
0.741564
0.755489
0.784526
0.831038
0.877726
0.924008
0.950697
0.982286
1.019100
1.055949
1.089247
1.117179
1.152913
1.189973
1.227053
1.264153
1.290998
1.282952
1.275271
1.273141
1.303617
1.334535
1.365791
1.397720
1.393928
1.356277
1.313528
1.286960
1.282242
1.311500
1.332427
1.328860
1.325728
1.332594
1.368095
1.405365
1.443343
1.481323
1.518159
1.551114
1.549812
1.549812
