1.713808
1.675160
1.650911
1.646261
1.613406
1.575549
1.537942
1.547532
1.578335
1.612165
1.607805
1.571042
1.537073
1.502219
1.465804
1.484772
1.508749
1.507144
1.483477
1.448404
1.413734
1.413643
1.447382
1.418436
1.396838
1.397546
1.370795
1.336402
1.303158
1.291379
1.292614
1.294311
1.312161
1.348230
1.324173
1.291258
1.254709
1.220133
1.186705
1.155602
1.122893
1.089056
1.055222
1.022882
0.992486
0.959195
0.925427
0.891663
0.857904
0.824689
0.795153
0.766009
0.737181
0.698913
0.662344
0.628693
0.599245
0.569475
0.535938
0.502412
0.468893
0.435389
0.401894
0.368407
0.340786
0.311330
0.278002
0.244695
0.211398
0.178123
0.144867
0.111622
0.078407
0.045207
0.012024
-0.021127
-0.051621
-0.076673
-0.107615
-0.140497
-0.173338
-0.206146
-0.239125
-0.280686
-0.314353
-0.338189
-0.369640
-0.399198
-0.421390
-0.396809
-0.364132
-0.396137
-0.428085
-0.459988
-0.479416
-0.503627
-0.534974
-0.554516
-0.571261
-0.586742
-0.601021
-0.614545
-0.626429
-0.637318
-0.647315
-0.655471
-0.652824
-0.632281
-0.632098
-0.631054
-0.608822
-0.617193
-0.642389
-0.667158
-0.679746
-0.679746
-0.701013
-0.724056
-0.746725
-0.748871
-0.749290
-0.770184
-0.790660
-0.810844
-0.830326
-0.849457
-0.868170
-0.860405
-0.857493
-0.874040
-0.889938
-0.905452
-0.920171
-0.934329
-0.948070
-0.960794
-0.973067
-0.984726
-0.967994
-0.954342
-0.963433
-0.971736
-0.979553
-0.986333
-0.992470
-0.998055
-1.002468
-1.006359
-1.009491
-1.011614
-1.021097
-1.055701
-1.067186
-1.069113
-1.101027
-1.098235
-1.061113
-1.054177
-1.060863
-1.088410
-1.089014
-1.091135
-1.131722
-1.162847
-1.188085
-1.211287
-1.243435
-1.285784
-1.319455
-1.352019
-1.384490
-1.416848
-1.447180
-1.467188
-1.493783
-1.525055
-1.556017
-1.579896
-1.594452
-1.605658
-1.615139
-1.621624
-1.607850
-1.585341
-1.561839
-1.537787
-1.513283
-1.487918
-1.462220
-1.436049
-1.425562
-1.408735
-1.361436
-1.332255
-1.311488
-1.284217
-1.256677
-1.228881
-1.200644
-1.172224
-1.143534
-1.100613
-1.059618
-1.040923
-1.027621
-1.017340
-1.004808
-0.983919
-0.953908
-0.909551
-0.868794
-0.838754
-0.808537
-0.778223
-0.747730
-0.717117
-0.686680
-0.669367
-0.645817
-0.614412
-0.582886
-0.551304
-0.519631
-0.487873
-0.456065
-0.424163
-0.392202
-0.360197
-0.328098
-0.295962
-0.263773
-0.231515
-0.199223
-0.166874
-0.127432
-0.085681
-0.053412
-0.021105
0.011236
0.043641
0.076073
0.108545
0.141065
0.173610
0.206199
0.238822
0.271467
0.304160
0.341419
0.383450
0.416892
0.449528
0.482195
0.514898
0.547619
0.580376
0.613158
0.645957
0.678794
0.711648
0.744523
0.777429
0.810349
0.843293
0.876261
0.909242
0.942249
0.975273
1.008310
1.049328
1.087009
1.119985
1.152984
1.185996
1.219028
1.246880
1.273249
1.306437
1.339638
1.372848
1.335659
1.321117
1.347989
1.375384
1.388902
1.355409
1.321924
1.288013
1.248882
1.212551
1.179018
1.140568
1.125197
1.154025
1.186589
1.212915
1.208701
1.225660
1.255887
1.289691
1.290612
1.253622
1.247081
1.244534
1.242323
1.240472
1.238829
1.237599
1.256425
1.289662
1.323634
1.357605
1.391577
1.425350
1.459154
1.493129
1.479739
1.450231
1.450929
1.470431
1.505540
1.473669
1.439259
1.404134
1.369960
1.336290
1.303541
1.293662
1.292438
1.260730
1.227910
1.194025
1.162740
1.130659
1.096822
1.062987
1.029155
0.995326
0.961500
0.927676
0.893857
0.861751
0.831537
0.798144
0.765778
0.736320
0.703727
0.670067
0.636416
0.602772
0.569133
0.535506
0.504208
0.475876
0.477087
0.492700
0.532488
0.520353
0.488017
0.461942
0.436366
0.411186
0.451278
0.479541
0.488507
0.463005
0.430350
0.397731
0.365146
0.332582
0.300068
0.273031
0.251013
0.219372
0.191432
0.170776
0.176058
0.178712
0.147120
0.115589
0.084100
0.052707
0.021366
-0.009918
-0.041097
-0.067472
-0.084257
-0.111510
-0.142100
-0.172566
-0.202936
-0.233238
-0.263374
-0.293427
-0.323381
-0.353166
-0.382863
-0.412415
-0.441807
-0.471102
-0.500194
-0.529141
-0.557977
-0.586542
-0.614982
-0.643250
-0.687359
-0.724349
-0.732757
-0.767941
-0.813198
-0.840576
-0.867737
-0.894708
-0.921255
-0.947602
-0.973650
-0.999281
-1.024681
-1.049644
-1.074207
-1.098506
-1.122187
-1.145507
-1.168462
-1.190691
-1.212563
-1.233874
-1.254471
-1.274660
-1.294036
-1.312743
-1.330986
-1.348102
-1.364635
-1.380489
-1.395148
-1.409207
-1.422271
-1.434216
-1.445501
-1.455426
-1.464373
-1.472605
-1.479088
-1.484799
-1.489471
-1.492570
-1.494877
-1.495820
-1.495449
-1.494280
-1.491460
-1.487633
-1.482960
-1.476537
-1.482133
-1.506562
-1.476422
-1.441213
-1.429677
-1.417131
-1.403945
-1.389441
-1.374251
-1.358397
-1.314162
-1.278049
-1.260460
-1.242030
-1.223156
-1.203481
-1.183221
-1.162570
-1.141096
-1.119244
-1.096970
-1.074032
-1.050798
-1.027099
-1.002929
-0.978500
-0.953584
-0.928349
-0.902885
-0.876929
-0.850770
-0.824352
-0.797565
-0.770606
-0.743364
-0.715861
-0.688206
-0.660255
-0.632128
-0.603860
-0.557194
-0.517614
-0.489204
-0.460570
-0.436123
-0.424471
-0.400788
-0.371216
-0.341457
-0.311596
-0.281642
-0.236586
-0.196468
-0.166491
-0.136378
-0.106194
-0.075883
-0.035804
0.008056
0.023834
0.046498
0.076515
0.120960
0.166922
0.212962
0.259083
0.302323
0.332099
0.361964
0.391512
0.406131
0.421261
0.437020
0.465899
0.492695
0.509901
0.537194
0.566635
0.585199
0.611150
0.642776
0.674478
0.706211
0.737987
0.769822
0.798746
0.819338
0.847823
0.879977
0.912181
0.944414
0.976672
1.008978
1.041306
1.073665
1.098134
1.106158
1.064037
1.043303
1.036585
1.060923
1.085634
1.110729
1.143189
1.176315
1.209458
1.242618
1.275788
1.308976
1.342178
1.375389
1.408620
1.441860
1.475111
1.502538
1.531247
1.564622
1.593617
1.621924
1.655406
1.655406
1.571658
1.533849
1.496041
1.458897
1.422296
1.386053
1.356655
1.359119
1.399467
1.408434
1.381937
1.342751
1.306109
1.271595
1.237438
1.199811
1.165623
1.183510
1.184545
1.147019
1.110420
1.077828
1.040378
1.002935
0.965500
0.928073
0.892704
0.859978
0.822645
0.785324
0.748013
0.710713
0.670189
0.631213
0.598882
0.561628
0.524389
0.487164
0.449952
0.412755
0.378241
0.346887
0.309837
0.272809
0.235800
0.198811
0.161843
0.124897
0.087973
0.051072
0.014198
-0.022649
-0.059470
-0.091260
-0.122280
-0.158863
-0.195411
-0.231918
-0.268385
-0.304811
-0.341196
-0.377537
-0.411367
-0.437017
-0.473001
-0.508921
-0.544780
-0.580574
-0.616301
-0.651956
-0.687536
-0.723028
-0.746056
-0.777415
-0.803795
-0.829358
-0.859888
-0.878662
-0.912395
-0.929730
-0.944015
-0.938692
-0.947945
-0.995260
-1.025747
-1.036420
-1.065534
-1.079468
-1.086317
-1.101728
-1.124336
-1.129340
-1.156846
-1.159236
-1.178620
-1.187602
-1.195807
-1.219852
-1.240754
-1.233038
-1.223357
-1.211928
-1.218207
-1.236909
-1.254910
-1.269061
-1.251148
-1.263778
-1.278149
-1.291702
-1.304417
-1.306722
-1.284832
-1.294540
-1.303242
-1.311028
-1.317881
-1.307489
-1.284963
-1.288834
-1.291690
-1.258046
-1.250238
-1.250120
-1.232448
-1.203118
-1.200308
-1.196545
-1.191783
-1.186146
-1.156932
-1.129129
-1.121143
-1.112343
-1.102695
-1.092154
-1.080846
-1.068785
-1.071906
-1.083373
-1.068799
-1.053487
-1.037398
-1.020652
-1.003267
-0.985259
-0.966648
-0.947449
-0.927656
-0.907233
-0.910991
-0.881440
-0.838845
-0.810635
-0.788703
-0.766285
-0.743347
-0.719977
-0.696189
-0.671997
-0.647413
-0.622450
-0.597109
-0.571359
-0.523215
-0.504576
-0.492128
-0.465094
-0.437764
-0.410142
-0.406794
-0.382970
-0.338335
-0.296828
-0.267884
-0.238710
-0.209310
-0.179657
-0.149799
-0.104760
-0.062957
-0.040026
-0.028440
0.002353
0.054896
0.071874
0.109802
0.151829
0.176375
0.193977
0.246263
0.278106
0.310040
0.342102
0.374290
0.389221
0.375449
0.389372
0.422367
0.455466
0.476739
0.501403
0.535004
0.568693
0.602468
0.636342
0.627664
0.634737
0.661286
0.695750
0.730282
0.764880
0.799553
0.847077
0.876314
0.903939
0.933844
0.948143
0.934380
0.921003
0.938477
0.961626
0.966477
0.954732
0.950356
0.976143
1.023246
1.039403
1.050911
1.069346
1.080788
1.069762
1.060322
1.086479
1.081414
1.097718
1.130094
1.163604
1.184190
1.174440
1.129551
1.117332
1.136454
1.146574
1.140098
1.141905
1.173782
1.211198
1.244038
1.276636
1.309664
1.343113
1.368752
1.365332
1.362292
1.328505
1.288854
1.248654
1.238219
1.274534
1.312232
1.348591
1.351576
1.378357
1.415905
1.423694
1.394479
1.397151
1.435562
1.473432
1.484236
1.463995
1.442944
1.435907
1.400383
1.365281
1.330600
1.351976
1.391101
1.430281
1.462659
1.463610
1.426047
1.392717
1.360177
1.324850
1.287412
1.249982
1.213033
1.181352
1.144479
1.107145
1.073546
1.074066
1.097371
1.060200
1.023044
0.985901
0.954424
0.915937
0.874556
0.837469
0.800398
0.763342
0.733669
0.705077
0.671650
0.631113
0.590300
0.561395
0.524693
0.496937
0.498396
0.508698
0.519394
0.540299
0.578791
0.542791
0.506836
0.480381
0.449362
0.419470
0.393270
0.359442
0.337922
0.317267
0.274099
0.224736
0.191385
0.167538
0.121965
0.100407
0.065964
0.042553
0.065867
0.115715
0.141102
0.106678
0.072342
0.038107
0.003963
-0.030085
-0.064036
-0.097885
-0.131628
-0.165258
-0.198756
-0.232134
-0.265388
-0.298513
-0.331504
-0.364357
-0.397060
-0.429587
-0.461955
-0.494157
-0.526187
-0.558039
-0.589703
-0.621168
-0.652393
-0.649866
-0.659354
-0.694943
-0.740717
-0.772773
-0.804624
-0.856562
-0.892032
-0.909562
-0.918667
-0.933861
-0.967427
-1.020495
-1.073532
-1.107435
-1.136998
-1.166218
-1.195079
-1.223560
-1.251641
-1.279213
-1.306330
-1.332969
-1.359102
-1.384704
-1.409746
-1.434198
-1.457898
-1.480927
-1.503250
-1.524832
-1.545635
-1.565623
-1.584754
-1.602810
-1.619900
-1.635993
-1.651047
-1.665023
-1.677881
-1.689582
-1.699865
-1.708884
-1.716630
-1.723077
-1.728202
-1.731985
-1.734412
-1.735234
-1.734651
-1.732701
-1.729390
-1.724731
-1.718742
-1.711442
-1.702649
-1.692574
-1.681291
-1.668836
-1.655246
-1.640561
-1.624819
-1.607910
-1.590007
-1.571191
-1.551502
-1.530979
-1.509662
-1.487587
-1.464691
-1.441093
-1.416860
-1.392024
-1.366614
-1.340661
-1.314192
-1.287167
-1.259663
-1.231729
-1.203387
-1.174657
-1.145559
-1.116111
-1.086288
-1.056138
-1.025694
-0.994972
-0.963985
-0.932745
-0.901265
-0.869528
-0.837562
-0.790967
-0.750053
-0.717872
-0.685504
-0.652959
-0.620222
-0.587313
-0.540798
-0.499776
-0.466737
-0.433555
-0.400236
-0.366772
-0.317408
-0.315095
-0.340338
-0.373144
-0.390123
-0.357407
-0.324531
-0.291504
-0.244797
-0.203976
-0.170841
-0.137582
-0.104203
-0.070698
-0.037072
-0.003341
0.030493
0.064426
0.098453
0.132573
0.166791
0.154972
0.125101
0.090724
0.049669
0.017445
0.038126
0.072901
0.107758
0.142688
0.177688
0.212755
0.251591
0.293894
0.273560
0.286324
0.316402
0.351057
0.385782
0.420577
0.455438
0.490369
0.525370
0.560431
0.565770
0.552136
0.548735
0.571524
0.595040
0.630265
0.666203
0.702181
0.705889
0.669907
0.633964
0.598063
0.562210
0.516941
0.513986
0.522383
0.522080
0.548103
0.574799
0.610992
0.647629
0.684291
0.716909
0.749996
0.794420
0.831176
0.824204
0.845445
0.879431
0.920125
0.962640
0.999590
1.036558
1.030199
1.052703
1.087233
1.124411
1.161602
1.198804
1.236017
1.266981
1.303055
1.340369
1.377693
1.401509
1.390219
1.347337
1.341559
1.367443
1.376169
1.390371
1.425399
1.463046
1.500696
1.535088
1.569812
1.557000
1.518027
1.502433
1.526044
1.486507
1.522468
1.527915
1.527199
1.526808
1.526742
1.526742
1.637341
1.604118
1.571023
1.538278
1.505406
1.472422
1.439438
1.406507
1.374285
1.364409
1.398630
1.392304
1.359352
1.325278
1.291395
1.259732
1.227547
1.194598
1.162920
1.131861
1.099057
1.066662
1.036258
1.004684
0.971817
0.941302
0.911579
0.878776
0.845975
0.813179
0.780386
0.747597
0.714814
0.682352
0.653669
0.623604
0.590917
0.558237
0.525562
0.492898
0.460987
0.433430
0.403813
0.371284
0.338768
0.306258
0.273768
0.241284
0.208817
0.176361
0.143918
0.111494
0.079197
0.053502
0.025951
-0.006251
-0.038432
-0.070595
-0.102723
-0.134126
-0.158000
-0.184687
-0.216502
-0.248277
-0.280029
-0.303068
-0.326485
-0.357826
-0.389126
-0.420372
-0.451547
-0.482690
-0.502415
-0.524191
-0.554747
-0.585227
-0.615629
-0.635375
-0.652109
-0.681724
-0.706660
-0.720375
-0.717096
-0.700547
-0.683309
-0.670253
-0.697871
-0.725361
-0.752627
-0.791631
-0.837510
-0.848897
-0.859424
-0.885426
-0.901859
-0.905732
-0.923889
-0.948176
-0.971856
-0.989652
-0.988281
-0.998391
-1.019913
-1.040796
-1.061455
-1.081244
-1.092344
-1.083483
-1.089423
-1.106501
-1.122635
-1.135313
-1.120113
-1.103933
-1.086104
-1.086774
-1.097866
-1.136454
-1.172174
-1.180919
-1.174706
-1.149569
-1.146089
-1.151511
-1.155446
-1.158968
-1.161317
-1.162868
-1.163653
-1.188843
-1.219447
-1.216980
-1.214007
-1.209916
-1.204902
-1.199217
-1.192216
-1.184805
-1.176061
-1.166764
-1.156571
-1.145478
-1.133898
-1.121109
-1.107980
-1.093830
-1.079147
-1.063817
-1.047690
-1.031249
-0.986346
-0.947946
-0.930111
-0.911805
-0.893064
-0.873657
-0.854027
-0.833649
-0.813034
-0.791918
-0.770397
-0.748594
-0.705571
-0.667686
-0.691837
-0.715778
-0.739388
-0.746704
-0.745538
-0.742225
-0.730483
-0.684053
-0.647170
-0.621519
-0.595566
-0.569500
-0.523380
-0.483883
-0.463461
-0.450710
-0.444804
-0.422368
-0.395671
-0.368670
-0.341569
-0.314266
-0.297290
-0.287268
-0.261485
-0.235339
-0.222992
-0.203970
-0.174913
-0.145730
-0.116484
-0.100543
-0.082544
-0.052641
-0.022673
0.007371
0.028057
0.045420
0.075994
0.103444
0.122460
0.147929
0.178952
0.201560
0.222908
0.254309
0.285732
0.317199
0.348703
0.380231
0.411811
0.443405
0.475047
0.510532
0.551585
0.558576
0.549216
0.570505
0.595499
0.627445
0.659409
0.691393
0.723404
0.755425
0.787479
0.821739
0.861689
0.897287
0.929272
0.955098
0.980144
1.012319
1.044504
1.076705
1.108923
1.141150
1.173398
1.204674
1.230429
1.242922
1.236907
1.231238
1.225730
1.220710
1.215827
1.211346
1.223067
1.251888
1.256433
1.253058
1.250190
1.237980
1.202710
1.204306
1.235397
1.268018
1.300854
1.332538
1.364683
1.397655
1.409563
1.408814
1.437931
1.470708
1.503696
1.536683
1.569671
1.557060
1.524315
1.492050
1.467445
1.468675
1.453832
1.422625
1.391845
1.361130
1.328241
1.296206
1.266189
1.255030
1.258415
1.289453
1.325696
1.358432
1.391171
1.423916
1.454339
1.483421
1.489609
1.487153
1.454402
1.421654
1.388910
1.356171
1.323434
1.294984
1.265638
1.232987
1.200342
1.167702
1.135071
1.102260
1.064940
1.029040
0.996357
0.963680
0.931007
0.902506
0.874270
0.841708
0.811297
0.784466
0.778924
0.785220
0.756386
0.724079
0.691793
0.659519
0.627259
0.595019
0.562788
0.530585
0.498391
0.466221
0.430375
0.391046
0.362975
0.338115
0.314218
0.300640
0.309469
0.294707
0.263043
0.231429
0.201012
0.179561
0.150376
0.108803
0.073854
0.042445
0.021020
-0.001471
-0.032472
-0.063429
-0.094332
-0.125161
-0.155960
-0.174175
-0.198652
-0.241843
-0.278369
-0.308805
-0.339130
-0.369417
-0.399561
-0.429651
-0.459630
-0.489504
-0.519305
-0.535467
-0.553113
-0.596571
-0.634826
-0.665060
-0.703986
-0.747377
-0.778610
-0.811441
-0.854753
-0.892072
-0.922425
-0.952625
-0.982768
-1.012678
-1.042518
-1.072165
-1.101654
-1.131005
-1.160090
-1.189082
-1.217721
-1.240185
-1.250299
-1.270494
-1.297392
-1.317359
-1.339888
-1.385557
-1.416062
-1.424048
-1.443933
-1.469687
-1.494628
-1.519310
-1.543190
-1.566520
-1.589232
-1.610942
-1.632288
-1.652070
-1.671356
-1.689323
-1.706165
-1.722050
-1.736029
-1.749356
-1.760243
-1.770138
-1.778130
-1.784230
-1.789117
-1.791162
-1.792333
-1.790687
-1.787708
-1.782820
-1.775826
-1.767834
-1.757104
-1.745655
-1.732130
-1.717471
-1.701585
-1.684143
-1.666149
-1.646367
-1.626141
-1.604785
-1.582685
-1.559972
-1.536306
-1.512340
-1.487454
-1.462262
-1.436508
-1.410291
-1.383788
-1.356710
-1.329471
-1.301755
-1.273832
-1.245624
-1.217119
-1.188480
-1.144246
-1.102885
-1.074156
-1.045262
-1.016196
-0.986903
-0.957860
-0.941923
-0.921787
-0.891434
-0.860977
-0.830436
-0.789556
-0.749262
-0.735920
-0.716558
-0.686509
-0.656344
-0.626110
-0.584042
-0.542737
-0.512551
-0.476641
-0.433126
-0.398927
-0.368783
-0.338493
-0.308165
-0.277729
-0.240935
-0.197744
-0.200315
-0.215348
-0.185423
-0.155453
-0.125379
-0.102461
-0.084994
-0.056540
-0.025901
0.004835
0.035610
0.066448
0.104773
0.147371
0.135103
0.125306
0.155723
0.186187
0.216712
0.247310
0.277937
0.237230
0.209526
0.229212
0.249494
0.270356
0.299434
0.331320
0.372765
0.414297
0.456022
0.479990
0.490916
0.518830
0.549896
0.581027
0.612183
0.643382
0.668066
0.689176
0.653390
0.623674
0.646275
0.669297
0.692841
0.728262
0.768424
0.808886
0.833658
0.811154
0.821577
0.862821
0.896420
0.927913
0.959454
0.988091
1.010507
0.996058
0.955519
0.969810
0.985933
0.946183
0.906558
0.867130
0.870277
0.895884
0.922225
0.950894
0.989269
1.024926
1.057345
1.089778
1.122216
1.154671
1.185708
1.212672
1.242584
1.275157
1.303900
1.331939
1.364609
1.397284
1.429964
1.421238
1.384280
1.404186
1.429041
1.425808
1.435810
1.465965
1.496494
1.527213
1.559992
1.579533
1.544906
1.541181
1.572942
1.572942
1.741346
1.707744
1.670573
1.631709
1.593042
1.564459
1.536207
1.506276
1.472698
1.433498
1.417094
1.411945
1.407052
1.402540
1.398288
1.394296
1.390280
1.356425
1.320255
1.283090
1.246176
1.212256
1.176490
1.163515
1.195218
1.229197
1.238771
1.225207
1.190310
1.189273
1.211788
1.221525
1.187482
1.153234
1.165968
1.176310
1.142911
1.109943
1.076253
1.042236
1.008255
0.975785
0.942262
0.908997
0.876991
0.843026
0.809063
0.776035
0.744596
0.710674
0.676754
0.642836
0.608921
0.575010
0.543393
0.537663
0.572946
0.539141
0.505342
0.471547
0.437912
0.408611
0.376218
0.342518
0.308824
0.275142
0.241467
0.207801
0.174143
0.140497
0.106861
0.073235
0.039618
0.006015
-0.027576
-0.061156
-0.094725
-0.128277
-0.161815
-0.195341
-0.228554
-0.255567
-0.287096
-0.320425
-0.353734
-0.387015
-0.414734
-0.439836
-0.464700
-0.497516
-0.530292
-0.563030
-0.596227
-0.638271
-0.666713
-0.689373
-0.711807
-0.743970
-0.767425
-0.786965
-0.806330
-0.837548
-0.858164
-0.874111
-0.888948
-0.902172
-0.914104
-0.932334
-0.959721
-0.968591
-0.976057
-0.982225
-0.988555
-1.014329
-1.039776
-1.055402
-1.057972
-1.081775
-1.123444
-1.151334
-1.150778
-1.172790
-1.194303
-1.215345
-1.233886
-1.225590
-1.188505
-1.152526
-1.133799
-1.124995
-1.136239
-1.166141
-1.208374
-1.195612
-1.204005
-1.206557
-1.192620
-1.205958
-1.218549
-1.217082
-1.198527
-1.208414
-1.192756
-1.167813
-1.144564
-1.150702
-1.156023
-1.160610
-1.164458
-1.167285
-1.169263
-1.170487
-1.170954
-1.170387
-1.143312
-1.121562
-1.118729
-1.114910
-1.084812
-1.045992
-1.007280
-0.973772
-0.940241
-0.918377
-0.915215
-0.941244
-0.941144
-0.946512
-0.969822
-0.991746
-1.012428
-1.031987
-1.047340
-1.033372
-1.018756
-1.003592
-0.987888
-0.971484
-0.954506
-0.937042
-0.919104
-0.900553
-0.881498
-0.862020
-0.842128
-0.821704
-0.800842
-0.779612
-0.758025
-0.735979
-0.713554
-0.690811
-0.667760
-0.644315
-0.620542
-0.606956
-0.603410
-0.578367
-0.553046
-0.517501
-0.474570
-0.470821
-0.449368
-0.422875
-0.398596
-0.392092
-0.353307
-0.314825
-0.287357
-0.259680
-0.231825
-0.195062
-0.150055
-0.122032
-0.078764
-0.031421
0.011170
0.020261
0.044733
0.073320
0.102024
0.130875
0.174064
0.207751
0.226095
0.244784
0.271217
0.299702
0.328295
0.357026
0.385877
0.414826
0.443873
0.473040
0.465010
0.447944
0.435220
0.448719
0.475543
0.505674
0.535878
0.566174
0.596552
0.634204
0.677765
0.708164
0.738641
0.769179
0.797704
0.813895
0.842038
0.873010
0.902056
0.919547
0.937665
0.956290
0.970701
0.958555
0.972848
0.993480
1.016174
1.048447
1.080755
1.092332
1.081947
1.071891
1.062157
1.068684
1.092344
1.116547
1.141266
1.166394
1.186696
1.179422
1.200004
1.226796
1.253965
1.281599
1.309677
1.321450
1.316503
1.311885
1.335624
1.331833
1.299810
1.296383
1.267632
1.232201
1.200920
1.198230
1.224213
1.256143
1.276907
1.241470
1.263254
1.296777
1.319073
1.284433
1.307202
1.341143
1.375218
1.409455
1.443526
1.477857
1.500591
1.467525
1.492138
1.527676
1.550989
1.517001
1.484808
1.470566
1.473143
1.476034
1.450547
1.418274
1.385106
1.355032
1.321787
1.287984
1.254984
1.225514
1.196487
1.165084
1.132411
1.104071
1.071250
1.040741
1.011950
0.978465
0.944992
0.911529
0.879347
0.852539
0.854837
0.840680
0.806035
0.765554
0.731263
0.701923
0.676245
0.651123
0.655028
0.646346
0.622663
0.599576
0.577155
0.555258
0.546765
0.590119
0.567983
0.535950
0.503956
0.472009
0.440116
0.408267
0.379050
0.359895
0.318809
0.281379
0.249789
0.218260
0.186802
0.155400
0.124056
0.092783
0.073894
0.049269
0.015360
-0.029865
-0.062460
-0.093269
-0.124002
-0.154640
-0.171505
-0.194822
-0.224899
-0.254860
-0.299123
-0.336316
-0.366218
-0.395992
-0.425613
-0.464540
-0.503382
-0.515595
-0.526523
-0.547128
-0.566916
-0.556723
-0.597373
-0.634206
-0.650044
-0.621109
-0.607263
-0.627986
-0.670520
-0.700178
-0.744824
-0.781756
-0.811315
-0.840702
-0.869875
-0.898879
-0.931978
-0.978903
-1.009485
-1.038096
-1.066501
-1.094660
-1.140130
-1.176414
-1.199386
-1.206355
-1.211245
-1.227851
-1.253227
-1.278192
-1.302626
-1.326641
-1.350220
-1.373280
-1.395665
-1.417520
-1.438824
-1.459473
-1.479269
-1.498399
-1.516838
-1.534461
-1.551023
-1.566762
-1.581653
-1.595551
-1.608163
-1.619794
-1.630419
-1.639881
-1.647855
-1.654714
-1.660440
-1.664880
-1.667696
-1.669325
-1.669761
-1.668866
-1.666323
-1.662604
-1.657718
-1.651553
-1.643834
-1.635030
-1.625162
-1.614146
-1.601756
-1.588425
-1.574179
-1.558959
-1.542583
-1.508085
-1.469061
-1.451022
-1.432047
-1.412442
-1.392230
-1.371380
-1.349771
-1.327657
-1.305053
-1.281940
-1.258218
-1.234091
-1.209575
-1.184652
-1.159242
-1.133508
-1.107463
-1.081093
-1.054333
-1.027313
-1.000043
-0.972514
-0.944669
-0.916614
-0.888357
-0.859891
-0.831168
-0.802275
-0.773217
-0.743989
-0.714550
-0.684972
-0.655259
-0.625406
-0.595378
-0.565236
-0.534981
-0.504611
-0.459576
-0.432429
-0.412502
-0.382426
-0.337112
-0.309612
-0.293134
-0.276283
-0.247295
-0.207175
-0.165672
-0.136116
-0.106411
-0.076605
-0.046703
-0.016701
0.013431
0.053544
0.094794
0.124943
0.155211
0.185558
0.215983
0.246486
0.277093
0.307770
0.338514
0.369328
0.400233
0.431199
0.462224
0.493310
0.537897
0.545270
0.541252
0.559304
0.590465
0.622012
0.657531
0.701854
0.721459
0.699891
0.675918
0.696091
0.717030
0.745303
0.777588
0.809906
0.842268
0.868069
0.893588
0.926162
0.949430
0.984938
1.021114
1.044530
1.068590
1.098471
1.131441
1.164429
1.197441
1.230470
1.260968
1.286153
1.319252
1.352438
1.385638
1.418850
1.452080
1.485323
1.518578
1.551844
1.578231
1.609238
1.642616
1.676003
1.669667
1.685778
1.685778
