1.701557
1.662882
1.625629
1.590847
1.553456
1.515445
1.480625
1.445807
1.410991
1.373504
1.348982
1.381136
1.375872
1.340978
1.303984
1.287142
1.320319
1.354657
1.389607
1.424558
1.432104
1.395922
1.360651
1.325595
1.289867
1.254501
1.219522
1.184323
1.149195
1.114478
1.100283
1.101078
1.068139
1.033595
0.999995
0.966798
0.933720
0.898809
0.864942
0.832607
0.798325
0.763462
0.728603
0.695402
0.663849
0.629488
0.594696
0.559910
0.527582
0.496908
0.462359
0.427666
0.392980
0.361767
0.331795
0.297227
0.262667
0.228116
0.193578
0.159998
0.131582
0.121518
0.128309
0.165956
0.190514
0.164549
0.128539
0.086309
0.052128
0.018099
-0.015903
-0.049875
-0.083831
-0.117745
-0.151638
-0.185504
-0.219328
-0.251434
-0.275528
-0.304696
-0.338167
-0.371571
-0.404946
-0.438264
-0.471527
-0.504758
-0.537898
-0.571000
-0.604040
-0.645447
-0.687596
-0.708901
-0.729419
-0.749027
-0.779071
-0.808332
-0.825581
-0.841744
-0.857057
-0.870500
-0.888653
-0.918599
-0.935675
-0.945987
-0.954118
-0.961363
-0.967209
-0.988789
-1.012622
-1.015031
-1.016274
-1.016274
-1.014226
-1.011301
-1.006499
-1.016785
-1.037966
-1.031039
-1.021787
-1.010931
-1.039870
-1.086483
-1.103631
-1.107559
-1.092302
-1.100148
-1.119112
-1.165044
-1.194305
-1.207178
-1.190091
-1.175950
-1.186000
-1.195301
-1.204102
-1.211660
-1.218738
-1.224934
-1.205980
-1.178159
-1.181507
-1.184284
-1.186298
-1.187248
-1.187707
-1.187035
-1.167378
-1.130481
-1.092602
-1.072010
-1.102290
-1.088864
-1.048696
-1.007735
-0.978467
-0.970817
-0.962373
-0.953527
-0.943689
-0.933380
-0.922492
-0.937307
-0.951964
-0.938675
-0.924858
-0.910600
-0.895493
-0.880056
-0.863971
-0.847338
-0.830393
-0.812635
-0.794587
-0.776048
-0.735523
-0.690079
-0.670561
-0.663891
-0.671861
-0.655450
-0.634026
-0.612115
-0.574795
-0.525550
-0.501087
-0.478358
-0.455259
-0.431832
-0.408223
-0.384153
-0.350155
-0.300691
-0.269465
-0.247303
-0.248127
-0.236399
-0.211460
-0.206404
-0.204431
-0.201194
-0.184183
-0.157343
-0.109236
-0.066955
-0.039864
-0.012571
0.014831
0.042503
0.070286
0.098227
0.126367
0.151772
0.160247
0.179130
0.208128
0.237313
0.262161
0.273036
0.295395
0.325302
0.355380
0.385520
0.415771
0.434305
0.447887
0.462569
0.484375
0.515600
0.534867
0.551247
0.568549
0.586415
0.604787
0.595031
0.590465
0.610613
0.631386
0.652537
0.641751
0.642636
0.665478
0.688988
0.714417
0.757691
0.801084
0.844623
0.879958
0.913450
0.946979
0.980533
1.014106
1.047718
1.081344
1.115000
1.148681
1.182376
1.216107
1.246546
1.271472
1.271784
1.263470
1.255585
1.264037
1.290890
1.289610
1.289827
1.317959
1.326895
1.321144
1.288562
1.252415
1.212473
1.218738
1.246552
1.207474
1.182252
1.178360
1.201313
1.233610
1.271740
1.310066
1.348599
1.350978
1.347360
1.344126
1.320721
1.283089
1.312352
1.322998
1.286302
1.273794
1.272552
1.271791
1.285709
1.320438
1.301057
1.266292
1.231314
1.196735
1.162540
1.127670
1.092704
1.057738
1.023600
0.990001
1.024831
1.038299
1.005837
1.022757
1.058248
1.061729
1.050392
1.019686
0.989520
0.959605
0.930278
0.898196
0.863668
0.829152
0.794643
0.760145
0.725657
0.691175
0.656710
0.622252
0.587806
0.558111
0.529680
0.495389
0.464472
0.437625
0.439331
0.453704
0.496181
0.496714
0.462872
0.437665
0.410685
0.377099
0.350237
0.327823
0.371939
0.411949
0.445168
0.437502
0.414444
0.381492
0.354422
0.333902
0.368632
0.400885
0.381951
0.355520
0.323418
0.291417
0.259456
0.227575
0.205812
0.188673
0.157315
0.119808
0.072948
0.037898
0.006555
-0.024658
-0.055793
-0.086848
-0.117759
-0.148607
-0.179317
-0.209916
-0.240437
-0.270767
-0.295159
-0.306958
-0.343705
-0.390949
-0.420588
-0.450120
-0.479501
-0.508667
-0.537730
-0.566542
-0.595192
-0.623690
-0.651892
-0.679966
-0.707768
-0.714289
-0.707151
-0.754496
-0.796351
-0.824780
-0.847460
-0.869748
-0.918384
-0.958341
-0.987080
-1.015501
-1.047278
-1.096175
-1.145038
-1.193871
-1.224202
-1.252299
-1.280024
-1.307400
-1.334570
-1.361131
-1.387446
-1.413327
-1.438667
-1.463727
-1.488037
-1.511931
-1.535329
-1.557899
-1.580082
-1.601361
-1.621964
-1.642020
-1.660843
-1.679138
-1.696379
-1.712580
-1.728195
-1.742098
-1.755294
-1.767331
-1.777886
-1.787701
-1.795646
-1.802545
-1.808293
-1.812132
-1.815132
-1.816297
-1.796152
-1.760078
-1.754770
-1.750859
-1.745461
-1.738677
-1.731137
-1.721670
-1.711443
-1.700076
-1.687336
-1.673955
-1.659113
-1.643494
-1.627087
-1.609433
-1.591276
-1.572088
-1.552175
-1.531762
-1.483970
-1.434944
-1.385879
-1.355485
-1.333496
-1.310672
-1.287508
-1.263873
-1.239651
-1.218723
-1.217350
-1.203091
-1.176724
-1.149865
-1.122813
-1.095374
-1.067648
-1.039738
-1.011406
-0.982928
-0.954189
-0.911358
-0.864172
-0.835235
-0.806153
-0.776884
-0.761909
-0.747209
-0.716900
-0.686460
-0.655904
-0.610023
-0.566973
-0.536372
-0.495075
-0.447541
-0.416852
-0.380096
-0.332594
-0.284999
-0.238967
-0.208446
-0.170088
-0.122490
-0.124476
-0.128944
-0.098914
-0.068772
-0.038542
0.007877
0.050674
0.080956
0.111355
0.142107
0.189754
0.224445
0.238217
0.264829
0.295786
0.326872
0.358023
0.389245
0.433784
0.477475
0.508700
0.531287
0.547490
0.578275
0.610016
0.641831
0.673714
0.705635
0.737650
0.751258
0.737513
0.749118
0.770167
0.802765
0.829338
0.849851
0.871168
0.892819
0.915166
0.918087
0.907780
0.930306
0.960489
1.003709
1.040290
1.073908
1.107564
1.137397
1.161997
1.187209
1.213905
1.247917
1.286218
1.328506
1.363426
1.397385
1.431365
1.465362
1.499369
1.525743
1.554706
1.588866
1.623041
1.656683
1.683805
1.714104
1.748415
1.749732
1.737295
1.696702
1.656274
1.615986
1.607251
1.611333
1.641090
1.641090
1.641011
1.607293
1.573666
1.540406
1.507432
1.474900
1.442217
1.409431
1.376842
1.344306
1.311769
1.279282
1.247012
1.214951
1.183233
1.151847
1.120706
1.088522
1.056028
1.025468
1.000445
1.003006
0.991945
0.956930
0.924833
0.895034
0.863268
0.830868
0.801673
0.772143
0.739818
0.707495
0.675177
0.642865
0.610556
0.581423
0.553401
0.521460
0.489260
0.457071
0.424888
0.392714
0.360549
0.328391
0.300209
0.273535
0.241952
0.209956
0.177981
0.146015
0.114067
0.082134
0.050215
0.018317
-0.013571
-0.038994
-0.064457
-0.096095
-0.127718
-0.159308
-0.190872
-0.222410
-0.253909
-0.285392
-0.316820
-0.348236
-0.379592
-0.410927
-0.442211
-0.473457
-0.504663
-0.528942
-0.549934
-0.579421
-0.610113
-0.640690
-0.671230
-0.701670
-0.726174
-0.743867
-0.769501
-0.799182
-0.828679
-0.858132
-0.887361
-0.912568
-0.925907
-0.925755
-0.909116
-0.909240
-0.918515
-0.942263
-0.968671
-0.994613
-1.020428
-1.045832
-1.070976
-1.095782
-1.120169
-1.144311
-1.148461
-1.149005
-1.170767
-1.192321
-1.213146
-1.222428
-1.215690
-1.206958
-1.196983
-1.184498
-1.171687
-1.185576
-1.199181
-1.211691
-1.211136
-1.191235
-1.164617
-1.133521
-1.134077
-1.142702
-1.149851
-1.156699
-1.162306
-1.167304
-1.171338
-1.155446
-1.125381
-1.093990
-1.062228
-1.092601
-1.118399
-1.116081
-1.101212
-1.065144
-1.046682
-1.041571
-1.035383
-1.028864
-1.021026
-1.012926
-1.003709
-0.994036
-0.983539
-0.972364
-0.960641
-0.948038
-0.935141
-0.921189
-0.907025
-0.891955
-0.876544
-0.860473
-0.843895
-0.826881
-0.809214
-0.791311
-0.772631
-0.750468
-0.704990
-0.676147
-0.681853
-0.673653
-0.652715
-0.631316
-0.609736
-0.608918
-0.604713
-0.558700
-0.519726
-0.496464
-0.472954
-0.449204
-0.425132
-0.400925
-0.357173
-0.315336
-0.311593
-0.307307
-0.301716
-0.286017
-0.259825
-0.233417
-0.206912
-0.180148
-0.153329
-0.126258
-0.099116
-0.071789
-0.052327
-0.041559
-0.019115
0.009033
0.037354
0.064717
0.078081
0.095555
0.124578
0.153672
0.182848
0.203156
0.218819
0.246484
0.275596
0.292931
0.313445
0.343654
0.373905
0.404209
0.434570
0.464964
0.460522
0.450405
0.470710
0.493480
0.524444
0.551407
0.573025
0.600669
0.631928
0.656257
0.679247
0.710756
0.742273
0.773819
0.805381
0.836963
0.868566
0.900182
0.931823
0.963472
0.995150
1.025441
1.050179
1.077740
1.109589
1.145457
1.184072
1.222935
1.261863
1.255297
1.254133
1.279411
1.307227
1.339161
1.371106
1.403058
1.430565
1.456781
1.452399
1.452652
1.480099
1.509296
1.541529
1.535127
1.498675
1.487072
1.483343
1.511067
1.530383
1.495239
1.482976
1.513204
1.543734
1.574515
1.581500
1.580287
1.610130
1.637529
1.637289
1.626332
1.594039
1.596565
1.629815
1.639726
1.640921
1.642558
1.644288
1.646436
1.638406
1.608621
1.579129
1.549913
1.567147
1.603124
1.577009
1.544706
1.512410
1.480116
1.447828
1.415543
1.383262
1.350987
1.318714
1.286449
1.254599
1.226907
1.199415
1.172417
1.140415
1.103085
1.072931
1.046135
1.014736
0.982699
0.950679
0.918664
0.886662
0.854669
0.822687
0.790719
0.758757
0.732473
0.706714
0.674923
0.643140
0.611379
0.583067
0.558917
0.529960
0.498415
0.466905
0.435403
0.403943
0.374633
0.352110
0.325803
0.294629
0.263494
0.232381
0.201322
0.170276
0.139297
0.110729
0.090466
0.065852
0.035275
0.004757
-0.025723
-0.056120
-0.086261
-0.097684
-0.115404
-0.156898
-0.194019
-0.224748
-0.248468
-0.267573
-0.305031
-0.347077
-0.388797
-0.428363
-0.458969
-0.489528
-0.520013
-0.550421
-0.580774
-0.620262
-0.662261
-0.692918
-0.723332
-0.753621
-0.783848
-0.813971
-0.843988
-0.873925
-0.903704
-0.933434
-0.962942
-0.992400
-1.021641
-1.050778
-1.079727
-1.108493
-1.137114
-1.165453
-1.193700
-1.221544
-1.249295
-1.276632
-1.303777
-1.330558
-1.356993
-1.383133
-1.408729
-1.434130
-1.458733
-1.483149
-1.506703
-1.529878
-1.552280
-1.573979
-1.595042
-1.614985
-1.634496
-1.652363
-1.669846
-1.685514
-1.700455
-1.713795
-1.725810
-1.736547
-1.745268
-1.753151
-1.758268
-1.762769
-1.764392
-1.765051
-1.763428
-1.760227
-1.755406
-1.748471
-1.740588
-1.730172
-1.719215
-1.705874
-1.691880
-1.676211
-1.659562
-1.641841
-1.622911
-1.603400
-1.582535
-1.561380
-1.538979
-1.516271
-1.492717
-1.468704
-1.444158
-1.419048
-1.393646
-1.367612
-1.341438
-1.314657
-1.287737
-1.260400
-1.232846
-1.205024
-1.176929
-1.148681
-1.120121
-1.091488
-1.062538
-1.033520
-1.004279
-0.974927
-0.945427
-0.915782
-0.886051
-0.845392
-0.803049
-0.788991
-0.774721
-0.759694
-0.744283
-0.728334
-0.704852
-0.676604
-0.635311
-0.591046
-0.562732
-0.543296
-0.558689
-0.561978
-0.547112
-0.515257
-0.471925
-0.439658
-0.410264
-0.380697
-0.348579
-0.305421
-0.284550
-0.299375
-0.288723
-0.259715
-0.230565
-0.201375
-0.172021
-0.142635
-0.113119
-0.083549
-0.053887
-0.065232
-0.108068
-0.104657
-0.086842
-0.056975
-0.024768
0.017311
0.055237
0.085553
0.115924
0.146340
0.176827
0.207337
0.237931
0.268541
0.299222
0.329929
0.360688
0.391485
0.422317
0.453198
0.484098
0.448379
0.408731
0.377695
0.346680
0.315708
0.290280
0.269995
0.234567
0.193121
0.180209
0.173528
0.195296
0.219986
0.251298
0.282636
0.314001
0.345400
0.376813
0.408269
0.439733
0.471237
0.502753
0.534298
0.565861
0.597445
0.580611
0.541447
0.558751
0.584209
0.616101
0.648000
0.679916
0.711843
0.743783
0.775737
0.807698
0.839678
0.871661
0.903663
0.934258
0.960837
0.989949
1.022080
1.054220
1.086364
1.118520
1.150678
1.182848
1.215021
1.247203
1.279390
1.311583
1.299868
1.263184
1.226829
1.192574
1.221447
1.251121
1.283503
1.315888
1.348275
1.380665
1.413057
1.443206
1.472903
1.505344
1.537787
1.570231
1.602677
1.635124
1.646598
1.644449
1.644449
1.606058
1.572028
1.538367
1.505980
1.473042
1.439429
1.406127
1.372975
1.369385
1.373186
1.405851
1.427414
1.428151
1.429168
1.430395
1.432013
1.432958
1.398856
1.365177
1.332793
1.300410
1.268027
1.234737
1.201049
1.168545
1.136338
1.105286
1.073745
1.041367
1.008990
0.976614
0.945865
0.915505
0.885763
0.855340
0.823052
0.792383
0.763385
0.732079
0.699862
0.667652
0.635444
0.603243
0.572679
0.544665
0.514137
0.482038
0.449949
0.417864
0.385791
0.355232
0.328391
0.298935
0.267006
0.235093
0.203186
0.171301
0.139421
0.107562
0.075713
0.043880
0.016357
-0.008709
-0.039412
-0.071017
-0.102584
-0.134138
-0.165662
-0.197160
-0.228636
-0.260073
-0.291498
-0.314279
-0.338686
-0.369750
-0.404782
-0.444992
-0.479251
-0.510422
-0.532883
-0.555202
-0.585904
-0.616570
-0.647160
-0.671138
-0.689856
-0.717345
-0.747285
-0.777052
-0.806774
-0.836348
-0.865825
-0.895185
-0.914174
-0.928282
-0.955234
-0.981278
-0.992075
-1.008596
-1.035568
-1.051030
-1.058105
-1.062933
-1.067756
-1.091741
-1.115552
-1.138845
-1.150302
-1.148775
-1.162983
-1.183886
-1.179631
-1.177052
-1.195213
-1.212950
-1.229982
-1.228985
-1.215968
-1.225097
-1.237376
-1.219522
-1.200945
-1.180451
-1.190109
-1.230105
-1.223619
-1.199331
-1.203355
-1.203112
-1.174866
-1.158748
-1.161057
-1.162411
-1.163182
-1.162648
-1.161768
-1.159459
-1.156700
-1.152869
-1.148259
-1.142931
-1.136513
-1.129722
-1.121555
-1.113077
-1.103494
-1.093359
-1.082457
-1.051516
-1.009452
-0.992737
-0.977096
-0.934011
-0.899987
-0.885491
-0.885663
-0.898254
-0.888209
-0.871256
-0.853426
-0.835409
-0.816739
-0.786346
-0.741032
-0.712789
-0.693161
-0.694944
-0.696440
-0.674938
-0.653234
-0.631134
-0.608721
-0.586064
-0.562996
-0.540078
-0.538043
-0.525651
-0.479901
-0.453472
-0.449585
-0.430932
-0.405525
-0.379792
-0.353983
-0.327884
-0.301674
-0.275264
-0.248684
-0.221983
-0.195062
-0.168080
-0.140851
-0.117887
-0.107158
-0.088063
-0.060017
-0.031831
-0.003586
0.024831
0.053289
0.081893
0.110560
0.139329
0.168190
0.197113
0.214589
0.226515
0.183557
0.157360
0.174258
0.197768
0.227767
0.257840
0.287939
0.318130
0.340905
0.329522
0.330769
0.350718
0.377472
0.408260
0.439104
0.469962
0.500876
0.529034
0.550806
0.577537
0.608732
0.633733
0.656678
0.687902
0.719342
0.750811
0.782293
0.813796
0.845319
0.876853
0.902242
0.927454
0.959166
0.990885
1.022620
1.054367
1.086125
1.117899
1.149678
1.181478
1.213281
1.245100
1.276927
1.308765
1.336768
1.362890
1.360923
1.355734
1.350974
1.346383
1.342115
1.338129
1.334356
1.330978
1.327711
1.324936
1.322282
1.320008
1.317970
1.316200
1.337212
1.368350
1.399973
1.431849
1.464990
1.497599
1.529289
1.522965
1.490307
1.458045
1.428484
1.461625
1.494886
1.528482
1.530624
1.499928
1.515774
1.550277
1.554853
1.562803
1.598138
1.607271
1.575020
1.542772
1.510527
1.481348
1.452546
1.420367
1.388189
1.356016
1.323848
1.291683
1.259525
1.227368
1.195220
1.163913
1.136321
1.109012
1.082111
1.055666
1.029486
0.998446
0.966606
0.934784
0.901099
0.863220
0.831824
0.806125
0.775842
0.744088
0.712357
0.680633
0.648929
0.617237
0.585561
0.553904
0.522257
0.497284
0.479869
0.519352
0.548671
0.557282
0.543873
0.512725
0.481618
0.450522
0.419479
0.386329
0.346029
0.314183
0.292573
0.292460
0.302606
0.266637
0.226919
0.196128
0.165363
0.134645
0.110329
0.090736
0.062573
0.032268
0.002061
-0.024997
-0.042572
-0.065888
-0.095579
-0.125175
-0.154731
-0.196564
-0.237461
-0.267048
-0.290475
-0.303516
-0.316098
-0.328372
-0.364980
-0.406860
-0.448429
-0.489899
-0.531103
-0.567105
-0.597808
-0.628429
-0.659019
-0.689493
-0.719936
-0.750267
-0.775595
-0.793223
-0.818240
-0.847814
-0.877208
-0.906552
-0.935676
-0.964722
-0.993582
-1.030077
-1.073708
-1.106375
-1.135221
-1.163749
-1.192196
-1.220341
-1.248310
-1.276033
-1.303445
-1.330684
-1.340629
-1.349464
-1.374592
-1.399470
-1.423803
-1.447645
-1.471067
-1.493692
-1.516070
-1.561572
-1.602096
-1.623084
-1.643395
-1.662837
-1.681098
-1.698755
-1.714599
-1.729954
-1.743246
-1.755669
-1.766368
-1.775474
-1.783328
-1.788788
-1.793562
-1.795179
-1.796039
-1.794423
-1.791345
-1.786541
-1.779654
-1.771800
-1.761364
-1.750322
-1.737030
-1.722910
-1.707298
-1.690497
-1.672840
-1.653744
-1.634255
-1.613268
-1.591940
-1.569619
-1.536006
-1.490159
-1.460113
-1.436691
-1.412423
-1.387968
-1.362840
-1.344482
-1.337244
-1.317945
-1.290706
-1.263067
-1.235323
-1.207178
-1.178929
-1.150412
-1.121730
-1.092885
-1.063828
-1.034693
-1.005312
-0.973517
-0.930432
-0.898782
-0.884286
-0.860811
-0.831940
-0.790552
-0.751104
-0.763849
-0.767786
-0.751024
-0.728568
-0.700921
-0.673053
-0.645111
-0.616907
-0.588646
-0.560186
-0.531631
-0.502943
-0.464506
-0.420729
-0.390074
-0.361348
-0.332444
-0.303483
-0.274398
-0.245221
-0.215968
-0.186595
-0.157185
-0.127631
-0.098046
-0.068355
-0.038607
-0.008789
0.021108
0.051044
0.081079
0.111138
0.141289
0.171474
0.201722
0.232022
0.262362
0.292770
0.323197
0.353704
0.384229
0.414812
0.445428
0.476083
0.506785
0.537507
0.568288
0.599084
0.629931
0.660799
0.691704
0.722641
0.753600
0.784601
0.812979
0.772708
0.734829
0.703704
0.672602
0.641525
0.603947
0.563722
0.582399
0.606528
0.637923
0.669333
0.700765
0.732220
0.763689
0.795185
0.826689
0.858223
0.889766
0.921331
0.952910
0.984503
0.964653
0.925997
0.887661
0.860985
0.886811
0.915113
0.947036
0.975664
1.002364
1.033633
1.066081
1.103205
1.138764
1.170749
1.202741
1.234740
1.263104
1.290282
1.286626
1.275851
1.239802
1.231526
1.260417
1.291515
1.323790
1.353672
1.383277
1.413396
1.444247
1.476607
1.508969
1.541331
1.541331
1.518072
1.481496
1.445403
1.409200
1.372632
1.336064
1.300530
1.264415
1.228428
1.193432
1.156902
1.122099
1.088044
1.062932
1.066132
1.034964
0.997196
0.958563
0.922659
0.890155
0.851018
0.812970
0.777797
0.746299
0.750903
0.755903
0.739219
0.698825
0.662587
0.626357
0.590136
0.553923
0.517718
0.481524
0.449973
0.416519
0.380450
0.344394
0.308355
0.272330
0.236319
0.201373
0.172376
0.137408
0.101595
0.065802
0.030031
-0.005710
-0.041426
-0.077117
-0.110917
-0.137860
-0.172753
-0.208140
-0.239641
-0.264830
-0.288921
-0.283250
-0.271164
-0.271761
-0.306023
-0.353088
-0.390891
-0.419079
-0.444409
-0.492001
-0.527381
-0.552304
-0.576466
-0.608744
-0.625958
-0.655339
-0.678844
-0.693269
-0.706284
-0.717473
-0.741687
-0.763030
-0.774071
-0.803142
-0.831869
-0.846515
-0.850243
-0.852388
-0.852388
-0.871095
-0.882737
-0.878939
-0.873350
-0.919972
-0.952309
-0.973781
-0.991941
-0.981104
-0.994273
-1.012513
-1.030079
-1.046934
-1.062799
-1.077904
-1.077538
-1.061997
-1.074137
-1.085263
-1.095530
-1.104921
-1.113423
-1.120723
-1.127032
-1.114458
-1.097545
-1.133908
-1.131660
-1.126088
-1.133389
-1.163434
-1.206899
-1.219515
-1.225209
-1.229877
-1.233510
-1.235700
-1.236828
-1.236900
-1.235913
-1.233723
-1.230231
-1.225702
-1.220146
-1.213572
-1.205714
-1.196791
-1.186914
-1.176103
-1.164330
-1.151384
-1.114554
-1.080293
-1.065359
-1.049511
-1.032801
-0.996939
-0.957704
-0.943240
-0.959124
-0.974278
-0.988708
-0.997131
-0.983236
-0.968406
-0.931732
-0.906788
-0.919740
-0.902026
-0.883615
-0.847981
-0.813613
-0.824377
-0.803964
-0.782562
-0.760666
-0.738291
-0.715380
-0.691939
-0.668080
-0.652461
-0.655587
-0.681697
-0.686879
-0.698558
-0.716869
-0.712824
-0.734186
-0.756674
-0.767031
-0.756222
-0.725946
-0.763377
-0.796703
-0.816155
-0.835047
-0.853135
-0.881304
-0.921332
-0.959633
-0.944340
-0.927155
-0.908506
-0.888436
-0.866183
-0.831649
-0.797024
-0.762322
-0.727545
-0.692694
-0.657757
-0.622760
-0.587705
-0.552595
-0.517424
-0.482195
-0.446920
-0.411602
-0.376243
-0.340830
-0.305380
-0.269894
-0.234375
-0.198820
-0.163227
-0.127604
-0.091955
-0.056278
-0.020570
0.015165
0.050923
0.086703
0.122505
0.158335
0.194183
0.230050
0.265936
0.301841
0.337766
0.373707
0.409663
0.445633
0.481623
0.517626
0.553643
0.589672
0.625715
0.667793
0.705914
0.741901
0.777901
0.813916
0.849944
0.885983
0.922033
0.958094
0.994169
1.030254
1.066348
1.102451
1.138565
1.180049
1.218354
1.254421
1.290497
1.326585
1.367530
1.384619
1.387444
1.417977
1.449067
1.455495
1.435988
1.405455
1.438041
1.471084
1.506149
1.541743
1.575496
1.611986
1.646736
1.681143
1.701462
1.664921
1.628380
1.590865
1.552969
1.515427
1.478858
1.441742
1.424568
1.424463
1.424686
1.425350
1.452378
1.489088
1.524731
1.561301
1.534268
1.521218
1.510848
1.480191
1.519095
1.529979
1.551225
1.574716
1.541982
1.544137
1.524222
1.488880
1.448514
1.412207
1.379908
1.345719
1.309488
1.273263
1.237046
1.200837
1.164634
1.128439
1.092252
1.056074
1.019905
0.983743
0.947590
0.911448
0.880119
0.846915
0.810888
0.774873
0.738875
0.702889
0.666916
0.630957
0.595014
0.559088
0.527482
0.510216
0.519318
0.563315
0.547133
0.511611
0.478006
0.451830
0.426490
0.447268
0.466858
0.441952
0.407219
0.372537
0.337901
0.306637
0.284520
0.331023
0.320078
0.285981
0.249778
0.202400
0.178847
0.150287
0.116546
0.082878
0.049310
0.015830
-0.017566
-0.050875
-0.084087
-0.117175
-0.150161
-0.183044
-0.215820
-0.248458
-0.280957
-0.285911
-0.288617
-0.337233
-0.370197
-0.414837
-0.456362
-0.489307
-0.522114
-0.509590
-0.533764
-0.576835
-0.610171
-0.643354
-0.676397
-0.717665
-0.762528
-0.795553
-0.828383
-0.861055
-0.893561
-0.925894
-0.958006
-0.989876
-1.021529
-1.058853
-1.108301
-1.139725
-1.170870
-1.201731
-1.227874
-1.236611
-1.264169
-1.292781
-1.320951
-1.348651
-1.375715
-1.423056
-1.460883
-1.486945
-1.512331
-1.508706
-1.523575
-1.545263
-1.566004
-1.585571
-1.603773
-1.620778
-1.636525
-1.650951
-1.663538
-1.674500
-1.683897
-1.691681
-1.697692
-1.701445
-1.703450
-1.703698
-1.702186
-1.698548
-1.692905
-1.685588
-1.676638
-1.666100
-1.653513
-1.639484
-1.609078
-1.566113
-1.548957
-1.530424
-1.510872
-1.490351
-1.468913
-1.446398
-1.423023
-1.398925
-1.374142
-1.348694
-1.322458
-1.295687
-1.278130
-1.266848
-1.215451
-1.164025
-1.126026
-1.097180
-1.067979
-1.038343
-1.008391
-0.978154
-0.947646
-0.916858
-0.885767
-0.854457
-0.822938
-0.791219
-0.759268
-0.727120
-0.703783
-0.683115
-0.650108
-0.616925
-0.583623
-0.550207
-0.516681
-0.483037
-0.436598
-0.405960
-0.376884
-0.331198
-0.316839
-0.301944
-0.277671
-0.240905
-0.192405
-0.143731
-0.139233
-0.136104
-0.103444
-0.070653
-0.024125
0.015622
0.048450
0.081374
0.114425
0.147567
0.180794
0.214104
0.247503
0.280999
0.314567
0.348207
0.381915
0.415708
0.449570
0.483494
0.517477
0.551520
0.585637
0.619806
0.654028
0.688299
0.722628
0.757012
0.791441
0.825914
0.860430
0.895000
0.929611
0.941790
0.937748
0.961693
0.995974
1.024350
1.026390
0.991203
0.956050
0.920930
0.885840
0.850779
0.815750
0.780765
0.745814
0.706088
0.662183
0.627185
0.582765
0.580705
0.609303
0.644603
0.679938
0.722770
0.757991
0.786104
0.821544
0.857014
0.892506
0.928021
0.962512
0.989792
1.024222
1.059932
1.095659
1.131401
1.167165
1.202944
1.238738
1.273190
1.301884
1.337189
1.368972
1.400780
1.436819
1.472871
1.445841
1.442365
1.454672
1.413341
1.376986
1.337369
1.327339
1.359967
1.396320
1.365928
1.369301
1.403417
1.439862
1.476311
1.510601
1.508766
1.469945
1.431428
1.393288
1.379558
1.392602
1.428573
1.465150
1.501726
1.497720
1.497720
