1.400577
1.360796
1.321164
1.281834
1.242814
1.203958
1.165589
1.127392
1.089555
1.052069
1.014781
1.048341
1.073968
1.074262
1.074920
1.075800
1.077237
1.078865
1.080917
1.061441
1.027784
0.994772
0.971323
0.975245
0.955697
0.919535
0.887643
0.855057
0.818993
0.782936
0.746883
0.710843
0.674807
0.638781
0.602763
0.566752
0.530754
0.495993
0.465999
0.432883
0.397036
0.361209
0.325389
0.289588
0.253801
0.218026
0.188485
0.158873
0.123310
0.087766
0.052240
0.016747
-0.018732
-0.054176
-0.089598
-0.124996
-0.160355
-0.195698
-0.230996
-0.266268
-0.301510
-0.328840
-0.355225
-0.390088
-0.424914
-0.459694
-0.494405
-0.529086
-0.563680
-0.598229
-0.632718
-0.667122
-0.700391
-0.721611
-0.742048
-0.761364
-0.790888
-0.822916
-0.839552
-0.862321
-0.894515
-0.926509
-0.957483
-0.970269
-0.982135
-0.992479
-1.016437
-1.046095
-1.075304
-1.096003
-1.101536
-1.105176
-1.107546
-1.082147
-1.074122
-1.099521
-1.106054
-1.103276
-1.126369
-1.139718
-1.132637
-1.143665
-1.164351
-1.153533
-1.151114
-1.169099
-1.165609
-1.149763
-1.163716
-1.178481
-1.192379
-1.205488
-1.218108
-1.196493
-1.181909
-1.191426
-1.200112
-1.208244
-1.215056
-1.212175
-1.181287
-1.170505
-1.174127
-1.176437
-1.178272
-1.179000
-1.178905
-1.178177
-1.176153
-1.173655
-1.170032
-1.165629
-1.160582
-1.154307
-1.147579
-1.139757
-1.131225
-1.122064
-1.111788
-1.101093
-1.089374
-1.094328
-1.115107
-1.106153
-1.091369
-1.075637
-1.059367
-1.042550
-1.024883
-1.006887
-0.988060
-0.968791
-0.949038
-0.928582
-0.907846
-0.886395
-0.864586
-0.842358
-0.797317
-0.749408
-0.726321
-0.702945
-0.679205
-0.654989
-0.633139
-0.634211
-0.623744
-0.597734
-0.571345
-0.544793
-0.517805
-0.490636
-0.463204
-0.435463
-0.407588
-0.379344
-0.350955
-0.322341
-0.293476
-0.264499
-0.235209
-0.205804
-0.176205
-0.146402
-0.116504
-0.086340
-0.056083
-0.025660
0.004931
0.035602
0.066501
0.103923
0.154059
0.191426
0.222409
0.272384
0.316348
0.347408
0.378594
0.409848
0.441282
0.472774
0.504388
0.536107
0.567888
0.599821
0.636775
0.686186
0.735660
0.785172
0.805028
0.831624
0.881431
0.890612
0.872381
0.854584
0.836943
0.819662
0.821509
0.837225
0.868286
0.897293
0.914494
0.940633
0.973729
0.993930
1.015775
1.049289
1.075400
1.095329
1.116116
1.139676
1.173828
1.201631
1.223746
1.217034
1.211881
1.235584
1.259733
1.284312
1.280138
1.276312
1.302395
1.328878
1.355773
1.383312
1.405821
1.398525
1.391476
1.384700
1.378346
1.376862
1.407148
1.421223
1.416112
1.439819
1.467374
1.463382
1.459623
1.456158
1.480994
1.507707
1.471392
1.434046
1.395294
1.384208
1.379502
1.341749
1.333755
1.369335
1.405522
1.441914
1.478058
1.514407
1.551079
1.562054
1.562857
1.564156
1.565648
1.567466
1.544276
1.510310
1.476930
1.456580
1.460045
1.439238
1.407077
1.375577
1.342539
1.306467
1.270401
1.234338
1.203669
1.171347
1.135392
1.099447
1.063508
1.027583
0.991664
0.955755
0.919858
0.883967
0.848093
0.812225
0.776371
0.740528
0.704694
0.668879
0.633071
0.597279
0.561501
0.525733
0.496754
0.486268
0.529739
0.553044
0.561554
0.530441
0.497347
0.471576
0.485421
0.530467
0.514162
0.487782
0.453135
0.424941
0.402199
0.410077
0.422672
0.435766
0.424254
0.390447
0.345148
0.300270
0.266412
0.232606
0.198852
0.177201
0.155676
0.122435
0.089260
0.056153
0.023163
-0.009779
-0.042592
-0.075328
-0.107980
-0.140494
-0.175073
-0.224012
-0.265459
-0.297934
-0.330258
-0.364395
-0.413527
-0.455276
-0.487540
-0.532725
-0.580306
-0.612549
-0.651906
-0.701074
-0.737569
-0.771068
-0.820258
-0.855456
-0.869917
-0.896739
-0.928103
-0.959156
-0.990069
-1.020759
-1.051168
-1.081445
-1.111306
-1.140990
-1.170374
-1.199392
-1.228237
-1.256518
-1.284575
-1.312218
-1.339384
-1.366318
-1.392481
-1.418357
-1.443660
-1.468336
-1.492690
-1.516008
-1.538948
-1.561097
-1.582427
-1.603302
-1.622819
-1.641839
-1.659785
-1.676686
-1.692964
-1.707520
-1.721445
-1.733975
-1.745244
-1.755702
-1.764111
-1.771777
-1.777760
-1.782346
-1.785968
-1.787375
-1.787990
-1.786778
-1.784183
-1.780562
-1.774812
-1.768306
-1.760036
-1.750548
-1.740090
-1.727801
-1.714861
-1.700389
-1.684943
-1.668665
-1.650942
-1.632699
-1.613222
-1.593016
-1.572140
-1.550183
-1.527829
-1.504524
-1.480689
-1.456335
-1.431191
-1.401713
-1.350219
-1.311073
-1.284936
-1.258202
-1.231237
-1.203699
-1.175875
-1.147728
-1.119139
-1.090374
-1.061165
-1.031746
-1.002074
-0.972071
-0.941933
-0.911448
-0.872326
-0.821975
-0.786646
-0.754236
-0.703969
-0.661834
-0.631049
-0.585807
-0.537814
-0.517972
-0.493887
-0.463438
-0.446563
-0.433689
-0.402256
-0.363801
-0.314015
-0.277214
-0.245706
-0.213982
-0.182183
-0.150252
-0.118184
-0.086053
-0.053742
-0.015594
0.033497
0.071264
0.103589
0.136078
0.163440
0.180415
0.176327
0.161289
0.180047
0.208175
0.255774
0.294406
0.328005
0.375216
0.403278
0.384650
0.398311
0.431495
0.464792
0.498125
0.531538
0.565016
0.598536
0.632150
0.665795
0.699511
0.733281
0.767088
0.800975
0.834889
0.868866
0.902887
0.936942
0.971065
1.005211
1.039413
1.073653
1.107924
1.071107
1.039193
1.062221
1.085747
1.109705
1.082865
1.048023
1.013221
0.978447
0.943698
0.908996
0.874313
0.839677
0.805072
0.770498
0.735976
0.701476
0.667033
0.632624
0.598251
0.554177
0.507889
0.461832
0.448405
0.472271
0.504904
0.539815
0.574774
0.605439
0.630841
0.663875
0.690811
0.646598
0.633215
0.660385
0.693927
0.728853
0.757118
0.788481
0.824222
0.859979
0.895744
0.931528
0.950569
0.944190
0.964327
0.994844
1.030859
1.066880
1.102907
1.138944
1.174984
1.211036
1.247091
1.283153
1.319223
1.355296
1.391378
1.413435
1.408852
1.408852
1.635319
1.603438
1.571558
1.538879
1.506192
1.493013
1.492727
1.492700
1.492932
1.493423
1.497633
1.530217
1.531498
1.504035
1.499836
1.501905
1.484729
1.455543
1.425381
1.394602
1.365285
1.333554
1.301893
1.273674
1.245800
1.211648
1.181728
1.151553
1.119919
1.088290
1.056666
1.026054
0.998322
0.966759
0.935204
0.903655
0.872113
0.840578
0.809050
0.780265
0.751678
0.720230
0.688792
0.657362
0.625943
0.594534
0.563136
0.536725
0.506936
0.475643
0.444363
0.413097
0.381845
0.350608
0.319387
0.288181
0.256992
0.225821
0.194667
0.163532
0.132416
0.105418
0.078444
0.044790
0.010129
-0.014336
-0.045211
-0.076058
-0.098694
-0.128167
-0.151756
-0.179113
-0.203896
-0.228813
-0.255050
-0.274155
-0.292475
-0.309991
-0.326652
-0.342403
-0.357286
-0.382600
-0.410999
-0.430621
-0.443190
-0.454804
-0.458093
-0.445714
-0.456201
-0.482564
-0.490598
-0.497199
-0.518256
-0.529572
-0.533667
-0.547036
-0.570807
-0.594330
-0.617596
-0.640594
-0.663309
-0.685707
-0.687063
-0.684728
-0.698176
-0.733176
-0.765964
-0.795846
-0.833318
-0.852938
-0.869664
-0.862367
-0.880217
-0.897706
-0.914720
-0.931241
-0.947254
-0.962742
-0.977688
-0.992076
-1.005888
-1.019107
-1.031717
-1.043635
-1.027656
-1.056749
-1.075433
-1.103382
-1.127050
-1.135065
-1.142329
-1.155534
-1.185503
-1.159492
-1.163559
-1.137685
-1.134259
-1.135835
-1.136615
-1.136598
-1.135782
-1.134171
-1.131765
-1.128571
-1.125495
-1.157083
-1.183939
-1.183577
-1.176947
-1.169532
-1.145123
-1.105723
-1.076006
-1.066124
-1.055563
-1.044338
-1.032421
-1.019852
-1.030730
-1.024284
-1.009610
-0.994370
-0.990572
-1.001183
-1.014863
-1.038564
-1.046771
-1.072240
-1.097414
-1.104946
-1.123984
-1.147765
-1.171181
-1.194211
-1.216833
-1.233056
-1.234600
-1.255368
-1.275594
-1.295240
-1.314307
-1.312695
-1.292223
-1.265215
-1.237962
-1.210479
-1.182782
-1.154885
-1.126800
-1.098534
-1.070095
-1.041503
-1.012769
-0.983901
-0.954906
-0.925793
-0.896567
-0.867236
-0.837804
-0.808278
-0.778660
-0.748951
-0.719163
-0.689299
-0.659364
-0.629361
-0.599293
-0.569164
-0.538976
-0.508733
-0.478436
-0.448088
-0.417687
-0.387240
-0.356749
-0.326217
-0.295644
-0.265032
-0.234384
-0.203701
-0.172983
-0.142233
-0.111452
-0.080637
-0.049794
-0.018923
0.011974
0.042896
0.073844
0.104815
0.135808
0.166824
0.197861
0.228919
0.259998
0.291097
0.322214
0.353348
0.384500
0.415668
0.446853
0.478053
0.509268
0.540497
0.571741
0.603000
0.634272
0.665556
0.696854
0.728163
0.759484
0.790817
0.822160
0.853514
0.885587
0.922613
0.948100
0.979034
1.010438
1.041852
1.073274
1.104705
1.138490
1.173618
1.205020
1.236431
1.267851
1.299279
1.325831
1.356436
1.361236
1.356514
1.352055
1.361671
1.378742
1.375110
1.371742
1.368638
1.365817
1.363274
1.360996
1.358986
1.377758
1.373430
1.354559
1.342563
1.325792
1.357307
1.386038
1.353991
1.322227
1.345050
1.377056
1.408950
1.440604
1.457940
1.469836
1.502263
1.529268
1.528399
1.497812
1.498104
1.499929
1.477770
1.490473
1.506947
1.493637
1.461868
1.430101
1.398858
1.372409
1.375818
1.348810
1.321169
1.290472
1.258858
1.227249
1.195645
1.164047
1.132454
1.100866
1.069284
1.037708
1.006138
0.974575
0.943017
0.911467
0.879923
0.848386
0.816856
0.786799
0.759466
0.728016
0.696575
0.670737
0.639998
0.608653
0.573270
0.539520
0.508141
0.479165
0.454032
0.429390
0.408262
0.415624
0.423360
0.396371
0.365503
0.340554
0.318503
0.292296
0.265592
0.241730
0.213459
0.192220
0.162068
0.131963
0.111855
0.084045
0.062503
0.044820
0.021302
-0.008024
-0.037285
-0.066477
-0.095598
-0.124645
-0.153609
-0.182491
-0.211290
-0.240002
-0.268625
-0.297154
-0.331711
-0.369908
-0.395001
-0.410257
-0.438258
-0.466130
-0.493873
-0.521484
-0.548959
-0.576291
-0.603473
-0.630499
-0.657362
-0.684055
-0.710569
-0.737556
-0.781920
-0.809275
-0.835295
-0.861094
-0.874113
-0.890241
-0.914945
-0.939373
-0.962741
-0.986972
-1.030965
-1.055300
-1.079300
-1.102960
-1.126264
-1.149190
-1.171720
-1.193830
-1.215498
-1.236700
-1.257410
-1.277602
-1.297220
-1.316223
-1.334612
-1.352357
-1.369424
-1.385781
-1.401393
-1.416226
-1.430245
-1.443414
-1.455699
-1.467028
-1.477332
-1.486644
-1.494934
-1.502176
-1.508344
-1.513416
-1.517374
-1.520204
-1.521893
-1.522436
-1.521798
-1.519920
-1.516903
-1.512759
-1.507504
-1.501158
-1.493742
-1.485282
-1.475807
-1.465345
-1.453930
-1.441579
-1.428264
-1.414107
-1.399142
-1.383404
-1.366927
-1.349746
-1.331894
-1.313404
-1.294306
-1.274631
-1.254405
-1.233610
-1.212328
-1.190584
-1.168403
-1.145806
-1.122816
-1.099453
-1.075737
-1.051685
-1.027315
-1.002643
-0.977657
-0.952402
-0.926891
-0.901139
-0.875156
-0.848954
-0.822545
-0.795937
-0.769141
-0.742165
-0.715018
-0.687694
-0.660213
-0.632586
-0.604818
-0.576917
-0.548887
-0.520735
-0.492466
-0.464085
-0.435597
-0.407007
-0.378309
-0.349516
-0.320633
-0.291665
-0.262613
-0.233482
-0.204275
-0.174995
-0.142768
-0.102535
-0.073224
-0.043842
-0.025565
0.002096
0.031824
0.061605
0.091439
0.126229
0.157331
0.173257
0.202942
0.232679
0.262469
0.292309
0.322196
0.352126
0.382101
0.412117
0.442174
0.472270
0.502404
0.532576
0.562783
0.593027
0.623307
0.653619
0.683963
0.708117
0.734364
0.769147
0.805638
0.836128
0.866644
0.897186
0.927755
0.958350
0.988968
1.019610
1.050274
1.080960
1.111668
1.142396
1.173145
1.203914
1.234702
1.265510
1.296337
1.327182
1.358045
1.388924
1.419820
1.432324
1.424691
1.417307
1.415756
1.437566
1.431002
1.424712
1.391027
1.378397
1.351320
1.351334
1.380135
1.409776
1.436575
1.463712
1.491525
1.523172
1.551042
1.579186
1.582478
1.601473
1.592696
1.574122
1.571840
1.579277
1.603048
1.603048
1.523085
1.484958
1.458038
1.455732
1.453745
1.451949
1.450635
1.440569
1.404361
1.368438
1.332735
1.297497
1.269161
1.269967
1.253236
1.219172
1.185594
1.151881
1.116509
1.082271
1.049467
1.017162
0.985066
0.953614
0.920738
0.885538
0.850345
0.815154
0.779972
0.746292
0.715824
0.682443
0.647364
0.612297
0.577234
0.542182
0.507138
0.472101
0.437077
0.402059
0.367053
0.335138
0.306208
0.272416
0.237572
0.202750
0.167940
0.133143
0.098369
0.063603
0.028864
-0.002911
-0.029973
-0.056226
-0.082116
-0.106803
-0.120124
-0.109789
-0.134290
-0.178607
-0.213035
-0.246927
-0.280763
-0.301022
-0.311287
-0.351258
-0.391023
-0.415282
-0.444479
-0.478332
-0.502718
-0.515614
-0.470220
-0.460430
-0.493595
-0.536282
-0.580902
-0.614149
-0.642154
-0.662021
-0.680615
-0.699182
-0.746157
-0.783179
-0.800034
-0.795563
-0.779266
-0.808300
-0.834459
-0.847155
-0.869932
-0.899952
-0.911698
-0.914968
-0.894088
-0.898719
-0.926855
-0.972990
-1.016201
-1.021313
-1.013325
-0.989899
-1.023196
-1.069120
-1.070438
-1.061138
-1.035756
-1.045507
-1.068916
-1.064972
-1.069717
-1.091612
-1.112954
-1.133999
-1.125599
-1.123759
-1.142293
-1.141844
-1.128079
-1.140983
-1.149629
-1.131734
-1.130122
-1.143164
-1.155189
-1.166827
-1.177397
-1.171355
-1.146194
-1.146525
-1.154017
-1.160295
-1.166021
-1.170935
-1.174854
-1.179374
-1.216909
-1.229730
-1.195027
-1.205783
-1.240487
-1.205275
-1.177287
-1.173761
-1.169412
-1.164499
-1.158349
-1.151778
-1.144165
-1.117670
-1.074576
-1.059598
-1.049588
-1.038577
-1.027024
-1.014862
-1.001832
-0.985344
-0.938724
-0.924405
-0.956690
-0.977372
-0.992432
-0.975594
-0.958428
-0.940648
-0.922277
-0.903604
-0.884105
-0.864354
-0.844031
-0.823254
-0.802174
-0.780440
-0.758492
-0.736021
-0.713207
-0.690099
-0.666480
-0.642680
-0.618406
-0.593880
-0.569074
-0.543873
-0.516027
-0.465914
-0.425915
-0.400163
-0.356691
-0.307582
-0.281438
-0.246835
-0.196779
-0.177834
-0.174444
-0.147672
-0.120314
-0.092719
-0.077883
-0.071366
-0.044580
-0.015925
0.012942
0.041949
0.071075
0.083795
0.100389
0.149387
0.189135
0.218960
0.263991
0.312944
0.361954
0.410988
0.460057
0.494905
0.524607
0.554494
0.577839
0.589535
0.613899
0.644430
0.658030
0.676677
0.707791
0.738991
0.770246
0.786756
0.805953
0.837713
0.861218
0.877962
0.895610
0.915989
0.948519
0.981094
1.013715
1.046404
1.077626
1.097301
1.122689
1.155747
1.188857
1.221353
1.242459
1.263886
1.285871
1.285503
1.274536
1.264053
1.253723
1.243738
1.234061
1.224575
1.247516
1.264718
1.256376
1.267560
1.294364
1.291632
1.284518
1.277826
1.271389
1.265214
1.259462
1.258082
1.288069
1.303120
1.298593
1.294458
1.290487
1.287013
1.283737
1.280794
1.278215
1.275804
1.273925
1.283194
1.317279
1.329641
1.328848
1.361712
1.396955
1.432397
1.467981
1.503676
1.508828
1.509681
1.510946
1.512464
1.514234
1.516413
1.518750
1.521526
1.507597
1.472287
1.439513
1.409883
1.413769
1.404595
1.373860
1.343582
1.313614
1.319182
1.311955
1.277002
1.242059
1.207122
1.172199
1.138926
1.110484
1.078443
1.043657
1.008890
0.974130
0.939387
0.904657
0.869938
0.835239
0.801564
0.774616
0.744308
0.709800
0.675318
0.640846
0.606406
0.575392
0.549894
0.518340
0.484227
0.459944
0.457714
0.501994
0.496741
0.462954
0.429227
0.398519
0.376382
0.347808
0.314439
0.292308
0.269183
0.236226
0.203321
0.170466
0.137698
0.106928
0.088579
0.063982
0.031757
0.011490
-0.006211
-0.037831
-0.069385
-0.100836
-0.132161
-0.163430
-0.194511
-0.225526
-0.256404
-0.298434
-0.346727
-0.378372
-0.409139
-0.439735
-0.470187
-0.500535
-0.520015
-0.544361
-0.592740
-0.631973
-0.662680
-0.677566
-0.684752
-0.665216
-0.663502
-0.683038
-0.725177
-0.772542
-0.802372
-0.832067
-0.861555
-0.890781
-0.919890
-0.948605
-0.984261
-1.033800
-1.055551
-1.062088
-1.088518
-1.115644
-1.142357
-1.168708
-1.194803
-1.220291
-1.245555
-1.270236
-1.294496
-1.318372
-1.341513
-1.364367
-1.386404
-1.421198
-1.470850
-1.498054
-1.518626
-1.538067
-1.556966
-1.575056
-1.592099
-1.608680
-1.623718
-1.626881
-1.606909
-1.607071
-1.617977
-1.627108
-1.635640
-1.642784
-1.648753
-1.653907
-1.657218
-1.659883
-1.660925
-1.660864
-1.659822
-1.657036
-1.653606
-1.648451
-1.642366
-1.635222
-1.626577
-1.617339
-1.606434
-1.594817
-1.582164
-1.568325
-1.553974
-1.538128
-1.521786
-1.504501
-1.486337
-1.467717
-1.447899
-1.427722
-1.406730
-1.385115
-1.363078
-1.340168
-1.316976
-1.293100
-1.268793
-1.244111
-1.218804
-1.193277
-1.167182
-1.140795
-1.114082
-1.086923
-1.059591
-1.031792
-1.003796
-0.975520
-0.946925
-0.918196
-0.889078
-0.859831
-0.830343
-0.800627
-0.770797
-0.722316
-0.678877
-0.648912
-0.607568
-0.558713
-0.527039
-0.492691
-0.443902
-0.405177
-0.374993
-0.328974
-0.286306
-0.273943
-0.244293
-0.195877
-0.161484
-0.130743
-0.099820
-0.068817
-0.037704
-0.006458
0.024148
0.039762
0.061195
0.093123
0.125144
0.157212
0.189411
0.217488
0.235723
0.271171
0.317708
0.364420
0.407799
0.440214
0.472689
0.505213
0.537825
0.570469
0.603194
0.635964
0.668783
0.712306
0.758555
0.804965
0.845542
0.878195
0.910914
0.943659
0.976486
1.009341
1.042248
1.066677
1.087033
1.120124
1.153386
1.186694
1.192316
1.180535
1.169209
1.158038
1.147247
1.123733
1.089919
1.056150
1.022397
0.988689
0.955008
0.921356
0.887751
0.852843
0.808013
0.777833
0.767088
0.756759
0.748508
0.773109
0.801266
0.835522
0.869803
0.904097
0.938429
0.972771
1.007137
1.036444
1.062648
1.096644
1.131209
1.165794
1.196308
1.223604
1.257389
1.292136
1.326900
1.361673
1.396457
1.397803
1.387071
1.346109
1.335836
1.365315
1.395301
1.425496
1.456303
1.487345
1.518778
1.518778
1.550097
1.515339
1.489076
1.487396
1.469183
1.435311
1.402364
1.369673
1.336248
1.302962
1.270025
1.272712
1.305649
1.286860
1.254974
1.223601
1.191831
1.159183
1.127599
1.096824
1.064532
1.031918
0.999306
0.967550
0.937469
0.905911
0.873348
0.840789
0.808585
0.779283
0.748817
0.716327
0.683843
0.651361
0.618885
0.586974
0.558640
0.527064
0.490475
0.459367
0.431217
0.399260
0.366912
0.334575
0.302245
0.269924
0.237613
0.205308
0.173018
0.141802
0.115147
0.086049
0.053927
0.021825
-0.010270
-0.042337
-0.074396
-0.106431
-0.138451
-0.170453
-0.202429
-0.234395
-0.258903
-0.285099
-0.316782
-0.348437
-0.380064
-0.404788
-0.427445
-0.458684
-0.489901
-0.521054
-0.552157
-0.583215
-0.605453
-0.625733
-0.656225
-0.686675
-0.717022
-0.747280
-0.777468
-0.796413
-0.810615
-0.795999
-0.771737
-0.727558
-0.716284
-0.728537
-0.753911
-0.781754
-0.809304
-0.836729
-0.863923
-0.879036
-0.886433
-0.927114
-0.970436
-0.996342
-1.022050
-1.047436
-1.058422
-1.061217
-1.102829
-1.142051
-1.142051
-1.140838
-1.137864
-1.106277
-1.060255
-1.075531
-1.100550
-1.146394
-1.168990
-1.161394
-1.171226
-1.188820
-1.178069
-1.162332
-1.133250
-1.137808
-1.181505
-1.181635
-1.164741
-1.175529
-1.186684
-1.196784
-1.190640
-1.167550
-1.166800
-1.173544
-1.146544
-1.119059
-1.090192
-1.094206
-1.128986
-1.162720
-1.195115
-1.194337
-1.193114
-1.190786
-1.170019
-1.133785
-1.122449
-1.117234
-1.110685
-1.103704
-1.095779
-1.087091
-1.077832
-1.067509
-1.056860
-1.045082
-1.022706
-0.979883
-0.936851
-0.893677
-0.900229
-0.911796
-0.896191
-0.869890
-0.825268
-0.815212
-0.825861
-0.834501
-0.838984
-0.819375
-0.799474
-0.779129
-0.758333
-0.737299
-0.737440
-0.731638
-0.685427
-0.658761
-0.658761
-0.627348
-0.581136
-0.555858
-0.531909
-0.507591
-0.492455
-0.488536
-0.469278
-0.443662
-0.398515
-0.367143
-0.387048
-0.393897
-0.386450
-0.351072
-0.305579
-0.278490
-0.255869
-0.246304
-0.218819
-0.173736
-0.176107
-0.192827
-0.181023
-0.164593
-0.135963
-0.107233
-0.078416
-0.049461
-0.020461
0.008695
0.033666
0.048968
0.072342
0.102084
0.121463
0.139459
0.169705
0.199984
0.230332
0.254009
0.272976
0.301882
0.332647
0.363481
0.394342
0.425249
0.456198
0.487173
0.518205
0.548024
0.569448
0.591244
0.613638
0.641890
0.673431
0.705009
0.736597
0.768217
0.799853
0.831511
0.863192
0.894885
0.934058
0.972363
1.003990
1.039270
1.079236
1.107684
1.131073
1.155202
1.182525
1.221839
1.257649
1.289432
1.316020
1.340608
1.372394
1.404341
1.436304
1.449302
1.442752
1.436553
1.430473
1.424863
1.410884
1.373438
1.352994
1.348267
1.343920
1.339698
1.335952
1.332349
1.329096
1.326116
1.323360
1.294788
1.263880
1.294746
1.326178
1.358829
1.390782
1.422215
1.454677
1.481559
1.448157
1.426174
1.425930
1.425979
1.426223
1.426886
1.427673
1.428892
1.430291
1.431996
1.454490
1.489277
1.464416
1.431820
1.399227
1.367733
1.337898
1.329755
1.333007
1.336710
1.334335
1.301898
1.269464
1.237035
1.207642
1.179661
1.147583
1.115244
1.082914
1.052944
1.025822
0.999216
0.972820
0.940906
0.908807
0.876724
0.844651
0.812589
0.780544
0.748504
0.716488
0.684479
0.652488
0.620511
0.588546
0.556603
0.524667
0.492759
0.460861
0.428985
0.397127
0.365284
0.339744
0.317432
0.326002
0.322368
0.290940
0.259542
0.228168
0.204856
0.185744
0.196188
0.196678
0.177172
0.176198
0.188149
0.154083
0.112872
0.082473
0.052112
0.021817
-0.008408
-0.038591
-0.068669
-0.096947
-0.113264
-0.134672
-0.164151
-0.193527
-0.222846
-0.252010
-0.281128
-0.310090
-0.345325
-0.389445
-0.423386
-0.452330
-0.481077
-0.506707
-0.518615
-0.545050
-0.589894
-0.634648
-0.679364
-0.723939
-0.765084
-0.793462
-0.821700
-0.849779
-0.877620
-0.905371
-0.932766
-0.960060
-0.987050
-1.013821
-1.040371
-1.066553
-1.092610
-1.118130
-1.149094
-1.195089
-1.241066
-1.287027
-1.316788
-1.341938
-1.366364
-1.390540
-1.414114
-1.437158
-1.459768
-1.501388
-1.545990
-1.567347
-1.588262
-1.608239
-1.627309
-1.645713
-1.662628
-1.679065
-1.693673
-1.707502
-1.719868
-1.730745
-1.740647
-1.748255
-1.755159
-1.759571
-1.762885
-1.764368
-1.763978
-1.762496
-1.758411
-1.753590
-1.746353
-1.738045
-1.728143
-1.716618
-1.704251
-1.689833
-1.674879
-1.658260
-1.640875
-1.622471
-1.602988
-1.583011
-1.561733
-1.540136
-1.517574
-1.484217
-1.437993
-1.407918
-1.384343
-1.359944
-1.335348
-1.310171
-1.284672
-1.258830
-1.246105
-1.237984
-1.210372
-1.182595
-1.154502
-1.126219
-1.097752
-1.069030
-1.040223
-1.011126
-0.977848
-0.933869
-0.889769
-0.845563
-0.813541
-0.784657
-0.755538
-0.726350
-0.697006
-0.667546
-0.637996
-0.596958
-0.557971
-0.572278
-0.572088
-0.543165
-0.514116
-0.484982
-0.455681
-0.424826
-0.381068
-0.342544
-0.313220
-0.292187
-0.276251
-0.248015
-0.216304
-0.173272
-0.141703
-0.128085
-0.112722
-0.096404
-0.055911
-0.014941
0.014959
0.044910
0.074933
0.105034
0.135171
0.165410
0.195675
0.226022
0.251316
0.270283
0.297514
0.328272
0.359103
0.392275
0.434009
0.470577
0.501351
0.532177
0.563022
0.593935
0.624863
0.655841
0.686848
0.717886
0.748968
0.780065
0.811215
0.842380
0.873583
0.904812
0.936064
0.967353
0.998654
1.029999
1.061355
1.092743
1.119361
1.142122
1.172039
1.203641
1.235273
1.243852
1.204170
1.201609
1.225920
1.203216
1.171348
1.139504
1.107669
1.075853
1.044053
1.012265
0.980504
0.947824
0.908438
0.893311
0.918163
0.943515
0.969154
1.000572
1.031863
1.058370
1.089445
1.127238
1.161314
1.193488
1.225678
1.256944
1.283859
1.313100
1.345399
1.377707
1.410018
1.442340
1.474664
1.506997
1.522405
1.517883
1.513696
1.509642
1.474418
1.445887
1.442731
1.455664
1.485586
1.485586
