1.716045
1.681061
1.646265
1.611658
1.577377
1.564021
1.563087
1.562485
1.538647
1.514113
1.514317
1.514845
1.504297
1.472420
1.470073
1.471688
1.473536
1.441650
1.409993
1.379326
1.346509
1.315380
1.284972
1.252197
1.219425
1.186655
1.153888
1.123759
1.093346
1.060635
1.027928
0.995225
0.962526
0.933688
0.921241
0.924671
0.892111
0.856869
0.820168
0.787559
0.758142
0.729416
0.696901
0.664396
0.631898
0.599409
0.566932
0.536618
0.509925
0.483916
0.452094
0.413380
0.381071
0.348774
0.316489
0.284224
0.251974
0.219738
0.187522
0.160518
0.133728
0.101705
0.069709
0.037733
0.005782
-0.026135
-0.054303
-0.077543
-0.108980
-0.135602
-0.158112
-0.189444
-0.220735
-0.250379
-0.270593
-0.268848
-0.267025
-0.297638
-0.318227
-0.325996
-0.312521
-0.336326
-0.366085
-0.395758
-0.425287
-0.447192
-0.461118
-0.473575
-0.485132
-0.498014
-0.525659
-0.540723
-0.549008
-0.555954
-0.542537
-0.535550
-0.561082
-0.586317
-0.603029
-0.605710
-0.627933
-0.651672
-0.675172
-0.698209
-0.720976
-0.741205
-0.738302
-0.750534
-0.771403
-0.791781
-0.811705
-0.831278
-0.850359
-0.868874
-0.877173
-0.866632
-0.880094
-0.896126
-0.911698
-0.926435
-0.940690
-0.954458
-0.967355
-0.979665
-0.991444
-1.002367
-1.012570
-1.022201
-1.031009
-1.038957
-1.035911
-1.010095
-1.039216
-1.063365
-1.067595
-1.070690
-1.073129
-1.074911
-1.075521
-1.075425
-1.074669
-1.072843
-1.048483
-1.019287
-1.015205
-1.010268
-1.004717
-0.998374
-0.991112
-0.983263
-0.974748
-0.965270
-0.955239
-0.944657
-0.933101
-0.921023
-0.908434
-0.895018
-0.881043
-0.866599
-0.851464
-0.835748
-0.819604
-0.802894
-0.785592
-0.777408
-0.786344
-0.770065
-0.761788
-0.767681
-0.771667
-0.774585
-0.777978
-0.801500
-0.810092
-0.812561
-0.834522
-0.856077
-0.877306
-0.898061
-0.897602
-0.899350
-0.918224
-0.936453
-0.954261
-0.971604
-0.960688
-0.976476
-1.020958
-1.065235
-1.092056
-1.106150
-1.119341
-1.111215
-1.089863
-1.058825
-1.027691
-0.996490
-0.965208
-0.933837
-0.902414
-0.870932
-0.830456
-0.793841
-0.762468
-0.731008
-0.699505
-0.667958
-0.636344
-0.598799
-0.557831
-0.516547
-0.475010
-0.438862
-0.417722
-0.380231
-0.342446
-0.311105
-0.279702
-0.248264
-0.216788
-0.185252
-0.158312
-0.134910
-0.103083
-0.066059
-0.027051
0.004697
0.036476
0.068279
0.100115
0.131982
0.163871
0.195785
0.227730
0.259695
0.291679
0.323695
0.355727
0.387776
0.419853
0.451947
0.484055
0.516187
0.548335
0.580497
0.612678
0.644876
0.677086
0.709311
0.741555
0.773809
0.806075
0.838359
0.870653
0.903038
0.941769
0.973388
0.999949
1.032303
1.061007
1.088738
1.121200
1.153670
1.187628
1.225595
1.254656
1.281873
1.309456
1.337533
1.367660
1.400305
1.432956
1.446301
1.444716
1.473944
1.483352
1.475627
1.442839
1.408141
1.380671
1.378356
1.350554
1.337507
1.368904
1.343362
1.323201
1.322560
1.290826
1.290826
1.323973
1.357518
1.390688
1.415253
1.383403
1.396019
1.430051
1.462925
1.472294
1.484130
1.519212
1.499267
1.468093
1.435304
1.405446
1.376050
1.347917
1.384592
1.419022
1.448813
1.453150
1.430876
1.395530
1.367333
1.335937
1.304719
1.277137
1.245546
1.213053
1.180568
1.143414
1.108030
1.075497
1.042975
1.010459
0.977949
0.945450
0.912959
0.880474
0.848000
0.815535
0.783078
0.750631
0.718196
0.687754
0.661340
0.629778
0.597480
0.565194
0.532927
0.500673
0.468750
0.443579
0.437682
0.441160
0.417461
0.415661
0.424554
0.433857
0.419752
0.395302
0.364047
0.342018
0.334001
0.345367
0.328728
0.304443
0.273966
0.243574
0.206111
0.164409
0.133980
0.095457
0.054871
0.024401
0.003586
-0.017206
-0.047228
-0.077155
-0.112021
-0.155664
-0.186907
-0.210331
-0.225706
-0.254930
-0.292219
-0.334165
-0.348181
-0.371384
-0.402808
-0.447504
-0.492106
-0.532815
-0.561810
-0.590645
-0.624760
-0.669518
-0.700249
-0.711378
-0.698091
-0.740167
-0.784322
-0.828370
-0.872206
-0.907723
-0.937452
-0.967003
-0.996399
-1.025668
-1.054743
-1.070904
-1.087874
-1.115820
-1.143456
-1.170881
-1.198060
-1.224826
-1.251327
-1.277561
-1.303261
-1.328620
-1.353644
-1.378068
-1.402006
-1.425522
-1.448366
-1.470529
-1.492161
-1.513049
-1.532998
-1.552281
-1.570758
-1.587965
-1.604350
-1.619887
-1.633755
-1.646633
-1.658509
-1.668576
-1.677346
-1.684964
-1.690747
-1.694919
-1.697840
-1.699014
-1.698327
-1.685419
-1.649308
-1.640178
-1.633898
-1.626422
-1.617039
-1.606634
-1.595219
-1.582137
-1.568086
-1.553165
-1.536943
-1.519780
-1.501893
-1.483022
-1.463270
-1.442925
-1.421858
-1.399983
-1.377630
-1.354756
-1.351860
-1.348833
-1.343708
-1.317288
-1.290580
-1.263602
-1.236217
-1.208564
-1.180697
-1.152531
-1.124120
-1.095536
-1.066736
-1.037709
-1.008543
-0.979220
-0.949690
-0.920047
-0.890289
-0.860344
-0.830304
-0.800172
-0.769893
-0.739522
-0.709074
-0.678513
-0.647864
-0.617150
-0.586349
-0.546270
-0.514014
-0.501718
-0.473427
-0.442933
-0.412372
-0.381707
-0.350985
-0.320209
-0.289343
-0.258424
-0.227457
-0.196419
-0.165327
-0.131784
-0.089874
-0.071439
-0.050416
-0.007879
0.008833
0.033326
0.076409
0.107518
0.144026
0.186834
0.217135
0.254753
0.296496
0.326765
0.357092
0.387466
0.417908
0.448409
0.482424
0.525294
0.557938
0.588451
0.619012
0.649639
0.680303
0.711004
0.741771
0.733039
0.693317
0.682214
0.690971
0.715139
0.756773
0.783725
0.807388
0.838783
0.862666
0.884901
0.907630
0.938351
0.970137
1.001941
1.033774
1.061532
1.085450
1.109997
1.139078
1.170235
1.195540
1.230216
1.267666
1.299847
1.332043
1.364249
1.396467
1.428700
1.460942
1.493194
1.489098
1.498670
1.525310
1.557738
1.590174
1.622615
1.655066
1.662742
1.657534
1.652632
1.623793
1.596056
1.591875
1.615122
1.644233
1.673645
1.703481
1.703481
1.401502
1.365400
1.329872
1.295286
1.260125
1.224781
1.189438
1.154787
1.120782
1.150553
1.168434
1.135545
1.101106
1.065850
1.030597
0.995345
0.960096
0.927324
0.894676
0.859484
0.826392
0.795014
0.764306
0.732296
0.697263
0.659064
0.620053
0.589656
0.557204
0.522207
0.487221
0.452240
0.417270
0.382309
0.347353
0.318014
0.286939
0.252129
0.217334
0.182548
0.147783
0.113030
0.078289
0.043571
0.010607
-0.016777
-0.043485
-0.069777
-0.112397
-0.151960
-0.186378
-0.220764
-0.255132
-0.289460
-0.323762
-0.358039
-0.392268
-0.426475
-0.460640
-0.488312
-0.512810
-0.546584
-0.580323
-0.614010
-0.647624
-0.681201
-0.714693
-0.741389
-0.762473
-0.794513
-0.823085
-0.841843
-0.869793
-0.900928
-0.917082
-0.939943
-0.971206
-0.987648
-1.000442
-1.011416
-1.021019
-1.029636
-1.009409
-0.996927
-1.001781
-1.022196
-1.048634
-1.074565
-1.111984
-1.161972
-1.169133
-1.168496
-1.165798
-1.161455
-1.156082
-1.148095
-1.150352
-1.169808
-1.165490
-1.157196
-1.174078
-1.190412
-1.206222
-1.221028
-1.226486
-1.206963
-1.207766
-1.219533
-1.230078
-1.240092
-1.249334
-1.257517
-1.265185
-1.271700
-1.277445
-1.282546
-1.286318
-1.278821
-1.245696
-1.211529
-1.181160
-1.215812
-1.234248
-1.232131
-1.257652
-1.281916
-1.276814
-1.250848
-1.209689
-1.174718
-1.149250
-1.141934
-1.133716
-1.128247
-1.152185
-1.159357
-1.147977
-1.135591
-1.122769
-1.109079
-1.094725
-1.079950
-1.064148
-1.047971
-1.031172
-1.013669
-0.995815
-0.977185
-0.958126
-0.938650
-0.943757
-0.944023
-0.922438
-0.900394
-0.878082
-0.855118
-0.831901
-0.808309
-0.784255
-0.759983
-0.735247
-0.710228
-0.684970
-0.659262
-0.633376
-0.607169
-0.580669
-0.552660
-0.502797
-0.464553
-0.441205
-0.415260
-0.384142
-0.334260
-0.297643
-0.270797
-0.243616
-0.216308
-0.188779
-0.161024
-0.133152
-0.105009
-0.100039
-0.120999
-0.116686
-0.103187
-0.073767
-0.044204
-0.014549
0.015325
0.045280
0.075367
0.105604
0.138195
0.186706
0.235259
0.283851
0.316195
0.346471
0.376879
0.407396
0.436896
0.419530
0.414936
0.429364
0.457067
0.488518
0.520079
0.551709
0.583397
0.629496
0.672200
0.703886
0.735650
0.767458
0.799371
0.824951
0.842317
0.871877
0.904229
0.936656
0.961362
0.980316
1.000168
1.009355
0.996940
1.008610
1.027144
1.015880
1.020698
1.043715
1.038630
1.028635
1.019030
1.030519
1.055680
1.047705
1.052055
1.078654
1.111175
1.146670
1.188835
1.231149
1.273610
1.271590
1.263749
1.256270
1.249108
1.242134
1.235649
1.243286
1.272203
1.274421
1.263591
1.223651
1.183916
1.144361
1.105176
1.086920
1.118613
1.126961
1.124053
1.121647
1.119473
1.117600
1.116161
1.114925
1.114122
1.113624
1.113356
1.147164
1.182699
1.218054
1.253953
1.287042
1.288322
1.306301
1.343392
1.380862
1.417891
1.453164
1.488438
1.523713
1.492275
1.459900
1.427888
1.393523
1.358799
1.327439
1.313921
1.318244
1.287943
1.252887
1.217839
1.182796
1.147757
1.112728
1.077702
1.042682
1.007671
0.973491
0.943849
0.911400
0.876500
0.841613
0.808542
0.779867
0.751731
0.725644
0.733093
0.755564
0.797968
0.778248
0.745507
0.719869
0.689387
0.655212
0.621076
0.590134
0.565798
0.534736
0.501765
0.478636
0.471454
0.482732
0.466538
0.442604
0.409510
0.376467
0.343456
0.310532
0.277643
0.244814
0.222251
0.201734
0.169365
0.137054
0.104803
0.072662
0.036764
-0.010118
-0.047647
-0.079794
-0.111805
-0.143758
-0.175622
-0.207365
-0.239047
-0.270588
-0.302034
-0.333398
-0.364589
-0.395704
-0.426676
-0.457504
-0.488248
-0.518773
-0.556927
-0.605323
-0.624290
-0.639489
-0.669214
-0.709772
-0.758681
-0.789351
-0.818826
-0.848074
-0.877068
-0.905922
-0.934415
-0.962713
-0.990782
-0.999354
-1.014070
-1.063934
-1.113790
-1.163640
-1.190811
-1.217242
-1.243275
-1.268812
-1.294087
-1.318711
-1.342937
-1.366757
-1.389811
-1.419532
-1.469288
-1.483282
-1.476753
-1.496560
-1.515887
-1.534464
-1.552015
-1.569046
-1.584854
-1.599849
-1.614117
-1.626894
-1.639018
-1.649898
-1.659556
-1.668515
-1.675642
-1.681928
-1.687070
-1.690577
-1.693306
-1.694345
-1.694216
-1.693177
-1.690193
-1.686434
-1.681292
-1.674761
-1.667483
-1.658438
-1.648553
-1.637673
-1.625333
-1.612354
-1.598086
-1.582901
-1.567092
-1.549884
-1.532168
-1.513592
-1.494112
-1.474177
-1.453235
-1.431779
-1.409794
-1.386975
-1.363813
-1.339993
-1.315667
-1.291037
-1.265678
-1.240057
-1.214024
-1.187517
-1.160784
-1.133569
-1.106081
-1.078346
-1.050182
-1.021848
-0.993201
-0.964287
-0.935223
-0.905804
-0.876241
-0.846481
-0.801467
-0.752636
-0.703727
-0.665541
-0.635815
-0.588159
-0.551189
-0.539738
-0.502470
-0.455335
-0.424976
-0.394512
-0.363922
-0.333152
-0.302303
-0.271295
-0.240174
-0.208976
-0.177604
-0.146168
-0.114622
-0.082962
-0.051242
-0.019390
0.012532
0.044525
0.076633
0.108789
0.141040
0.173365
0.205735
0.238217
0.270739
0.303327
0.335991
0.368693
0.401477
0.434308
0.467182
0.488940
0.513054
0.546302
0.579597
0.612920
0.646308
0.684589
0.729669
0.765377
0.798720
0.832117
0.865547
0.899004
0.890787
0.872602
0.838973
0.805382
0.771813
0.738299
0.704812
0.671360
0.628433
0.597849
0.620703
0.650019
0.683827
0.717685
0.751561
0.785468
0.819410
0.852368
0.876991
0.906260
0.940443
0.974658
1.008886
1.043140
1.077415
1.111679
1.137796
1.167103
1.201569
1.236055
1.270551
1.305068
1.339597
1.374137
1.408697
1.443266
1.477851
1.466970
1.432387
1.397824
1.360205
1.318291
1.276622
1.247195
1.275523
1.304232
1.333248
1.330243
1.336012
1.366255
1.399837
1.429685
1.390349
1.351188
1.312240
1.273630
1.235179
1.197066
1.200660
1.233587
1.232941
1.231302
1.230003
1.254703
1.289359
1.324715
1.360070
1.395425
1.369585
1.351181
1.386788
1.386788
1.651185
1.617717
1.584248
1.550780
1.517312
1.483843
1.450171
1.416498
1.383280
1.362371
1.363132
1.364214
1.365481
1.336897
1.304942
1.271535
1.239206
1.208185
1.177609
1.147201
1.113896
1.080584
1.047275
1.012286
0.975877
0.941959
0.908888
0.878757
0.847492
0.814208
0.780927
0.747649
0.717995
0.688032
0.654843
0.621659
0.588480
0.555310
0.522144
0.493924
0.464441
0.431398
0.398364
0.365339
0.332328
0.299323
0.266336
0.235570
0.208816
0.178256
0.145448
0.112668
0.079896
0.047150
0.014420
-0.018291
-0.050976
-0.083651
-0.108437
-0.135175
-0.167572
-0.199939
-0.232280
-0.264574
-0.296850
-0.329068
-0.357772
-0.380045
-0.408280
-0.440081
-0.471795
-0.503482
-0.535082
-0.561324
-0.580830
-0.608564
-0.639569
-0.670419
-0.697560
-0.714177
-0.737953
-0.768002
-0.785059
-0.800155
-0.829216
-0.851917
-0.862823
-0.884280
-0.912129
-0.921828
-0.932556
-0.958941
-0.975442
-0.979372
-0.998062
-1.022706
-1.046722
-1.064189
-1.062798
-1.059940
-1.055781
-1.071251
-1.089401
-1.080937
-1.081573
-1.099310
-1.116393
-1.133075
-1.121912
-1.112049
-1.125843
-1.139095
-1.151651
-1.163284
-1.174539
-1.152798
-1.138206
-1.146322
-1.153695
-1.160401
-1.139427
-1.116168
-1.153124
-1.178140
-1.180416
-1.181758
-1.182518
-1.181926
-1.180921
-1.178644
-1.161312
-1.124356
-1.109955
-1.104921
-1.098524
-1.091757
-1.083974
-1.075501
-1.066400
-1.056284
-1.045825
-1.034224
-1.022222
-1.009446
-0.995981
-0.982083
-0.967237
-0.952110
-0.936129
-0.919734
-0.902792
-0.885213
-0.867365
-0.821677
-0.782119
-0.763158
-0.768202
-0.795320
-0.805580
-0.809644
-0.788103
-0.757876
-0.710660
-0.678681
-0.656411
-0.633624
-0.610683
-0.587278
-0.573453
-0.572424
-0.554669
-0.529766
-0.504435
-0.478992
-0.453240
-0.437847
-0.432095
-0.409591
-0.382625
-0.355357
-0.334180
-0.325073
-0.304327
-0.276071
-0.247595
-0.221596
-0.209508
-0.190095
-0.160776
-0.131323
-0.101813
-0.086649
-0.068180
-0.038004
-0.014810
0.001809
0.029551
0.059555
0.077922
0.100564
0.131795
0.163083
0.194408
0.236120
0.275781
0.295526
0.325036
0.367913
0.402844
0.434280
0.455270
0.468498
0.458212
0.431800
0.390015
0.399084
0.422657
0.454987
0.487332
0.519706
0.552104
0.584519
0.616968
0.649427
0.681918
0.714423
0.746948
0.779496
0.812054
0.844643
0.875544
0.900994
0.930167
0.962933
0.995717
1.028168
1.054678
1.070654
1.064885
1.059435
1.054201
1.049437
1.044820
1.040669
1.036745
1.033140
1.006945
0.970535
0.998768
1.029767
1.061248
1.093717
1.127149
1.159549
1.191723
1.225179
1.247563
1.246778
1.266248
1.299459
1.332896
1.366368
1.399840
1.433311
1.466783
1.500255
1.533727
1.567199
1.585238
1.551766
1.518418
1.485192
1.451778
1.418347
1.385639
1.352692
1.319235
1.285779
1.252324
1.220017
1.192569
1.194426
1.182813
1.151833
1.119227
1.085865
1.055425
1.024439
0.991136
0.957836
0.924539
0.894176
0.864337
0.827260
0.792636
0.763286
0.731666
0.698467
0.669320
0.649822
0.688130
0.726606
0.765328
0.800121
0.833062
0.803277
0.770340
0.737418
0.704506
0.671604
0.638718
0.605838
0.572980
0.542292
0.516337
0.529125
0.569193
0.602842
0.632177
0.640000
0.648060
0.656471
0.637335
0.605035
0.572778
0.540533
0.508325
0.476141
0.443982
0.411864
0.379760
0.347709
0.312682
0.271073
0.229659
0.188384
0.162823
0.144141
0.154167
0.147416
0.115624
0.091402
0.070846
0.051483
0.029625
-0.001398
-0.025819
-0.043397
-0.070829
-0.101309
-0.131651
-0.157330
-0.172550
-0.205063
-0.250055
-0.282125
-0.310102
-0.325070
-0.351845
-0.396465
-0.431427
-0.461647
-0.491693
-0.521685
-0.551520
-0.581250
-0.610869
-0.652352
-0.695578
-0.680285
-0.683197
-0.727518
-0.763847
-0.794338
-0.836546
-0.879131
-0.909665
-0.940113
-0.970427
-1.000578
-1.030647
-1.060460
-1.090193
-1.119685
-1.149012
-1.178164
-1.207025
-1.235780
-1.264116
-1.292305
-1.320152
-1.347681
-1.374974
-1.401734
-1.428311
-1.454255
-1.479877
-1.505000
-1.544855
-1.592142
-1.617823
-1.641806
-1.664852
-1.687234
-1.708903
-1.729367
-1.748608
-1.737782
-1.734677
-1.749636
-1.763283
-1.775947
-1.786480
-1.792451
-1.766886
-1.752886
-1.757035
-1.759359
-1.760751
-1.759542
-1.757581
-1.753433
-1.748004
-1.741183
-1.756205
-1.777615
-1.764951
-1.751607
-1.736648
-1.720517
-1.703499
-1.684942
-1.668802
-1.673751
-1.658529
-1.611252
-1.579896
-1.556792
-1.532683
-1.508309
-1.483186
-1.457673
-1.431728
-1.390006
-1.343413
-1.316949
-1.290308
-1.263242
-1.235871
-1.208269
-1.180266
-1.152140
-1.123635
-1.094985
-1.066100
-1.036991
-1.007765
-0.978254
-0.948666
-0.918857
-0.895546
-0.879473
-0.852471
-0.821498
-0.777470
-0.737319
-0.706642
-0.675868
-0.645020
-0.614041
-0.581672
-0.538009
-0.494237
-0.450287
-0.426007
-0.412194
-0.369880
-0.328109
-0.297906
-0.267627
-0.237262
-0.206786
-0.176268
-0.145613
-0.118553
-0.100408
-0.074960
-0.043772
-0.012498
0.018803
0.050191
0.081613
0.113092
0.144625
0.176189
0.207826
0.239483
0.271202
0.298253
0.319979
0.349341
0.381508
0.423293
0.465159
0.507231
0.543610
0.575459
0.607358
0.639272
0.671237
0.703221
0.735239
0.767289
0.799358
0.823125
0.847940
0.880252
0.912582
0.944933
0.983676
1.024627
1.056913
1.089210
1.121533
1.153876
1.186236
1.218623
1.251020
1.283446
1.288781
1.248237
1.249911
1.274951
1.270625
1.258753
1.225983
1.193223
1.160475
1.127744
1.095019
1.062319
1.027662
0.987936
0.984630
1.011016
1.038026
1.065734
1.098758
1.131786
1.164824
1.194673
1.222734
1.255433
1.288576
1.321726
1.357066
1.394995
1.429396
1.462495
1.495606
1.527462
1.556017
1.584904
1.614064
1.589056
1.555318
1.552179
1.561409
1.592135
1.624559
1.657947
1.659019
1.650880
1.615790
1.596126
1.594931
1.594931
1.644998
1.596213
1.551817
1.510573
1.469344
1.428129
1.386926
1.345735
1.304563
1.263404
1.222257
1.181131
1.140019
1.098922
1.057843
1.016785
0.975743
0.934716
0.893717
0.852735
0.811769
0.770830
0.729915
0.689019
0.648145
0.607304
0.562012
0.517202
0.549732
0.587820
0.628959
0.670117
0.711296
0.752488
0.793695
0.834923
0.872261
0.907513
0.948891
0.990281
1.029835
1.065185
1.106003
1.147523
1.186635
1.181361
1.176475
1.180971
1.218665
1.223562
1.236348
1.275415
1.317149
1.358985
1.389865
1.345935
1.332136
1.330816
1.329918
1.329543
1.310230
1.268325
1.226420
1.184710
1.151791
1.152729
1.187073
1.199871
1.160193
1.121180
1.082590
1.044427
1.006936
1.028028
1.049829
1.008243
0.962393
0.918036
0.876391
0.834755
0.796292
0.760029
0.724474
0.684381
0.642969
0.601568
0.560184
0.522526
0.487573
0.446356
0.405157
0.361955
0.313260
0.277393
0.261973
0.269833
0.238281
0.231635
0.232705
0.192175
0.151686
0.115209
0.086359
0.047064
0.006976
-0.033068
-0.073041
-0.112958
-0.152825
-0.192626
-0.232348
-0.266011
-0.291332
-0.315031
-0.292816
-0.253588
-0.292079
-0.330452
-0.368730
-0.406896
-0.444898
-0.482789
-0.519059
-0.537471
-0.530478
-0.529172
-0.586112
-0.608994
-0.609389
-0.587584
-0.644490
-0.676440
-0.683541
-0.659900
-0.696676
-0.747327
-0.781628
-0.792709
-0.813017
-0.844013
-0.849037
-0.852436
-0.861290
-0.891236
-0.895781
-0.906063
-0.934022
-0.929510
-0.941640
-0.967290
-0.992215
-1.016490
-1.040228
-1.063308
-1.053374
-1.055585
-1.075934
-1.095242
-1.113817
-1.131708
-1.148656
-1.164597
-1.179784
-1.194163
-1.207230
-1.219478
-1.230902
-1.241064
-1.220823
-1.199931
-1.206819
-1.212390
-1.217076
-1.220875
-1.223199
-1.224556
-1.225012
-1.224236
-1.222239
-1.219344
-1.215481
-1.210166
-1.203976
-1.196914
-1.188551
-1.179177
-1.168973
-1.157759
-1.145362
-1.132188
-1.118243
-1.103057
-1.087117
-1.070468
-1.052865
-1.034380
-1.015252
-0.995428
-0.974628
-0.953250
-0.927597
-0.869746
-0.835804
-0.821635
-0.831577
-0.811439
-0.785769
-0.759654
-0.732829
-0.705593
-0.677965
-0.649807
-0.597913
-0.559589
-0.560686
-0.532994
-0.502829
-0.472363
-0.441452
-0.391438
-0.339443
-0.308124
-0.276446
-0.244528
-0.212501
-0.205853
-0.198110
-0.185255
-0.151125
-0.098743
-0.048389
-0.014081
0.020490
0.055220
0.090107
0.125232
0.160519
0.195947
0.231551
0.267338
0.294668
0.309788
0.366634
0.411874
0.448333
0.484946
0.507176
0.530808
0.568064
0.605458
0.634097
0.653568
0.674219
0.706395
0.740987
0.763235
0.786444
0.816124
0.855262
0.880418
0.905908
0.926234
0.913282
0.929981
0.961638
1.001855
1.032115
1.066586
1.107068
1.147589
1.155638
1.145459
1.135739
1.126498
1.117607
1.109085
1.101153
1.093577
1.086358
1.079676
1.103121
1.126444
1.121091
1.116285
1.111842
1.105915
1.060652
1.068141
1.107222
1.146865
1.120770
1.108841
1.149789
1.191352
1.210730
1.211113
1.212037
1.183976
1.143846
1.104202
1.137658
1.143436
1.101649
1.059866
1.020288
0.981403
0.939684
0.901373
0.862479
0.820843
0.779215
0.737593
0.696557
0.660322
0.620449
0.578948
0.537457
0.495978
0.454509
0.413049
0.371605
0.330171
0.288748
0.247339
0.211330
0.191683
0.199504
0.208062
0.238010
0.287276
0.328088
0.368926
0.409787
0.450676
0.491595
0.532534
0.573493
0.614483
0.655492
0.698012
0.747747
0.790847
0.831797
0.872766
0.913763
0.954776
0.995805
1.036858
1.077929
1.121097
1.170598
1.213044
1.254060
1.295092
1.344723
1.342080
1.301150
1.260243
1.219357
1.178489
1.137642
1.096823
1.056024
1.015244
0.974496
0.933772
0.893070
0.852396
0.811756
0.771139
0.730547
0.689998
0.649477
0.608982
0.568529
0.528112
0.487727
0.447378
0.407079
0.366815
0.326586
0.286416
0.246288
0.206200
0.166166
0.126192
0.086263
0.046382
0.071922
0.055527
0.005173
-0.035119
-0.075362
-0.115564
-0.155714
-0.195795
-0.235828
-0.275813
-0.315712
-0.346931
-0.356150
-0.302373
-0.260088
-0.220750
-0.181340
-0.141829
-0.145033
-0.184536
-0.223945
-0.263274
-0.302536
-0.341711
-0.380773
-0.419756
-0.458658
-0.497418
-0.536079
-0.574645
-0.613074
-0.603982
-0.609475
-0.663768
-0.703657
-0.742639
-0.781527
-0.820262
-0.858868
-0.897361
-0.935707
-0.973863
-1.011882
-1.049761
-1.087381
-1.112795
-1.133758
-1.170141
-1.206228
-1.242079
-1.277657
-1.312802
-1.347652
-1.382200
-1.416238
-1.449850
-1.483080
-1.515799
-1.547868
-1.579451
-1.610535
-1.640677
-1.670192
-1.699069
-1.726973
-1.753885
-1.779984
-1.805120
-1.828769
-1.851394
-1.872966
-1.892747
-1.911096
-1.928153
-1.943468
-1.956702
-1.968415
-1.978573
-1.985942
-1.991622
-1.995602
-1.997097
-1.996366
-1.993902
-1.989440
-1.982342
-1.973606
-1.963253
-1.950436
-1.935980
-1.920111
-1.902472
-1.883075
-1.862505
-1.840765
-1.817268
-1.773884
-1.720317
-1.694826
-1.668361
-1.641160
-1.613132
-1.584124
-1.554530
-1.524366
-1.493362
-1.461837
-1.429858
-1.397311
-1.364226
-1.330778
-1.296962
-1.262611
-1.227968
-1.193040
-1.157719
-1.122099
-1.086246
-1.050128
-1.013702
-0.977086
-0.940284
-0.903203
-0.865950
-0.828544
-0.790941
-0.753155
-0.708500
-0.652639
-0.614116
-0.576194
-0.538155
-0.499952
-0.461624
-0.423198
-0.384655
-0.345979
-0.307218
-0.268373
-0.229400
-0.190349
-0.151226
-0.112008
-0.072703
-0.038332
-0.012545
0.026529
0.066371
0.106261
0.146221
0.195020
0.244138
0.284012
0.323949
0.363928
0.403947
0.444032
0.484155
0.524314
0.564522
0.604774
0.645058
0.685377
0.725745
0.766141
0.806566
0.847034
0.887532
0.928055
0.968610
1.009199
1.049812
1.090447
1.131119
1.171813
1.212527
1.253269
1.294036
1.334822
1.375628
1.416463
1.457314
1.498182
1.539076
1.579987
1.597964
1.548225
1.567497
1.567497
