1.606217
1.575228
1.544240
1.513253
1.482265
1.451277
1.420145
1.388926
1.357897
1.326905
1.295914
1.264984
1.234234
1.203714
1.173464
1.142732
1.111757
1.080782
1.049911
1.020228
0.990177
0.959226
0.928274
0.897324
0.867714
0.838664
0.807912
0.777305
0.748921
0.719722
0.688860
0.656593
0.623114
0.593548
0.565318
0.537762
0.509714
0.478939
0.448168
0.417402
0.389043
0.362445
0.332656
0.301996
0.271350
0.241736
0.216200
0.188628
0.158126
0.127638
0.097158
0.066697
0.036242
0.005811
-0.024613
-0.055016
-0.085407
-0.115781
-0.146135
-0.176478
-0.200779
-0.224651
-0.254740
-0.284816
-0.314857
-0.344871
-0.374859
-0.404806
-0.434735
-0.464608
-0.493424
-0.514142
-0.537681
-0.567129
-0.596525
-0.625876
-0.647104
-0.665467
-0.693691
-0.720495
-0.736583
-0.751979
-0.766161
-0.787883
-0.815258
-0.830205
-0.841636
-0.867763
-0.890563
-0.898926
-0.914009
-0.939018
-0.951770
-0.956744
-0.921831
-0.880028
-0.903386
-0.921519
-0.922735
-0.942876
-0.986704
-1.016023
-1.037605
-1.058581
-1.077753
-1.073664
-1.075844
-1.094436
-1.099988
-1.091663
-1.100216
-1.116260
-1.106517
-1.096743
-1.110037
-1.122959
-1.135078
-1.146546
-1.157425
-1.167350
-1.176926
-1.156890
-1.139229
-1.145721
-1.151713
-1.156807
-1.161091
-1.164754
-1.143352
-1.114602
-1.114757
-1.115194
-1.114490
-1.125495
-1.154245
-1.163366
-1.159704
-1.154877
-1.149097
-1.112420
-1.089304
-1.111640
-1.120183
-1.111022
-1.101046
-1.090625
-1.079176
-1.067479
-1.054708
-1.041644
-1.027787
-1.000497
-0.958554
-0.934892
-0.919584
-0.903473
-0.887179
-0.870127
-0.852827
-0.834980
-0.829353
-0.835069
-0.822214
-0.802376
-0.781934
-0.761364
-0.740278
-0.718995
-0.697348
-0.675409
-0.653241
-0.630699
-0.608044
-0.584948
-0.561763
-0.538234
-0.506824
-0.463154
-0.431367
-0.407523
-0.383393
-0.359189
-0.334657
-0.310056
-0.285214
-0.260246
-0.235112
-0.209803
-0.184396
-0.173114
-0.164282
-0.154026
-0.139399
-0.112588
-0.085688
-0.058687
-0.041393
-0.028663
-0.002686
0.024973
0.052763
0.076637
0.091556
0.113342
0.141661
0.161474
0.177987
0.205885
0.234672
0.263537
0.288754
0.307035
0.331373
0.360609
0.382512
0.402111
0.431354
0.459360
0.480174
0.504456
0.534277
0.564124
0.593989
0.617647
0.639839
0.669922
0.700011
0.730126
0.757332
0.780609
0.808330
0.838621
0.868932
0.899248
0.929585
0.959928
0.990287
1.020656
1.051035
1.081428
1.111827
1.142242
1.172661
1.203096
1.233536
1.263988
1.294448
1.324917
1.355396
1.385880
1.383340
1.378079
1.373210
1.378890
1.405186
1.414977
1.411077
1.407519
1.404071
1.371346
1.342831
1.340258
1.337861
1.335753
1.333919
1.332278
1.355636
1.385444
1.416422
1.447257
1.477561
1.495066
1.494842
1.514338
1.545551
1.551243
1.550580
1.520724
1.506556
1.539066
1.543339
1.514416
1.484167
1.453259
1.424572
1.396247
1.368418
1.349735
1.353235
1.356963
1.360922
1.340338
1.309635
1.278941
1.247733
1.212905
1.179435
1.148695
1.120270
1.093815
1.064218
1.033564
1.002921
0.972280
0.941650
0.911024
0.880405
0.849795
0.819189
0.788595
0.758004
0.727427
0.696853
0.666291
0.638037
0.613061
0.584701
0.554279
0.523874
0.493474
0.463097
0.432726
0.402373
0.375096
0.351526
0.368296
0.405708
0.384460
0.355047
0.333165
0.320029
0.328756
0.323240
0.303124
0.276515
0.247147
0.217843
0.189820
0.171325
0.149432
0.120516
0.091649
0.062826
0.034077
0.005353
-0.023270
-0.051870
-0.080374
-0.108835
-0.137218
-0.165527
-0.193780
-0.231985
-0.272954
-0.301357
-0.329612
-0.357751
-0.391166
-0.432275
-0.457133
-0.471813
-0.485510
-0.499852
-0.540927
-0.581943
-0.622771
-0.658043
-0.686447
-0.714737
-0.742968
-0.771034
-0.799060
-0.826891
-0.854657
-0.882257
-0.909732
-0.937076
-0.964223
-0.991283
-1.018057
-1.044762
-1.071154
-1.097420
-1.123419
-1.149184
-1.174741
-1.199933
-1.224994
-1.249528
-1.273934
-1.297806
-1.320163
-1.339830
-1.373035
-1.416524
-1.445034
-1.469229
-1.492622
-1.515821
-1.538257
-1.560252
-1.581590
-1.602152
-1.622215
-1.620014
-1.613390
-1.629147
-1.644460
-1.658310
-1.671224
-1.682949
-1.693158
-1.702546
-1.709769
-1.716456
-1.720639
-1.724064
-1.725469
-1.725522
-1.724116
-1.720795
-1.716612
-1.710025
-1.702896
-1.693508
-1.683386
-1.671661
-1.658827
-1.644976
-1.629734
-1.613977
-1.596632
-1.578964
-1.560023
-1.540618
-1.520368
-1.486891
-1.443108
-1.416535
-1.395097
-1.372765
-1.350262
-1.327103
-1.303663
-1.279791
-1.266434
-1.260015
-1.223828
-1.181011
-1.155454
-1.129797
-1.103799
-1.077629
-1.051237
-1.024619
-0.997874
-0.970862
-0.943785
-0.916441
-0.885206
-0.843292
-0.808286
-0.780911
-0.753376
-0.725767
-0.697967
-0.668788
-0.627312
-0.590037
-0.562221
-0.527360
-0.485877
-0.444261
-0.402593
-0.386181
-0.369844
-0.342572
-0.315234
-0.287774
-0.260216
-0.232580
-0.214915
-0.200330
-0.159908
-0.121097
-0.093004
-0.064860
-0.036634
-0.008334
0.020016
0.038955
0.055755
0.084578
0.113422
0.142338
0.171291
0.200295
0.229351
0.258437
0.279063
0.298681
0.328113
0.360094
0.399294
0.433884
0.463254
0.492665
0.522096
0.551578
0.581960
0.621043
0.642589
0.623455
0.628934
0.658126
0.687364
0.716619
0.745931
0.775254
0.804627
0.834019
0.863446
0.892902
0.922382
0.951898
0.981427
1.011001
1.040585
1.070205
1.073777
1.035204
1.032027
1.053441
1.081650
1.111578
1.141539
1.171507
1.201499
1.228378
1.250997
1.235909
1.198716
1.167372
1.136838
1.099842
1.078399
1.102477
1.129489
1.159907
1.190336
1.220771
1.251221
1.281675
1.312143
1.341046
1.366210
1.391683
1.417460
1.446708
1.477364
1.508029
1.530340
1.495386
1.460544
1.425925
1.425000
1.452378
1.456964
1.454015
1.481159
1.509656
1.538579
1.567687
1.597102
1.608707
1.607616
1.607616
1.641028
1.604022
1.567134
1.530602
1.528448
1.561733
1.544833
1.510174
1.474688
1.439578
1.405758
1.371125
1.335600
1.325565
1.325276
1.325547
1.318482
1.284691
1.251190
1.218027
1.185330
1.152825
1.120981
1.088621
1.054084
1.018263
0.980851
0.945402
0.910821
0.879052
0.846922
0.812407
0.777895
0.743387
0.708884
0.674382
0.643535
0.612332
0.577928
0.543529
0.509138
0.474754
0.440375
0.406008
0.371644
0.337292
0.302947
0.268610
0.237799
0.208909
0.175300
0.141133
0.106988
0.072854
0.038737
0.004638
-0.029450
-0.063510
-0.097562
-0.131584
-0.165592
-0.199576
-0.233536
-0.267479
-0.294555
-0.321376
-0.354986
-0.388572
-0.422114
-0.455611
-0.489079
-0.522478
-0.554874
-0.577759
-0.604031
-0.636865
-0.669621
-0.702320
-0.724267
-0.745014
-0.776921
-0.808757
-0.840444
-0.863130
-0.879066
-0.920131
-0.964722
-0.978807
-0.991978
-1.003116
-1.012541
-1.020599
-1.026104
-1.031996
-1.057726
-1.075871
-1.075871
-1.074046
-1.070674
-1.086760
-1.107103
-1.098487
-1.088956
-1.077069
-1.046575
-0.999302
-1.001472
-1.018787
-1.065472
-1.095311
-1.078287
-1.076457
-1.089185
-1.100773
-1.111888
-1.087938
-1.071853
-1.079463
-1.069264
-1.040929
-1.036648
-1.040746
-1.077450
-1.097958
-1.064148
-1.062812
-1.096622
-1.078916
-1.041811
-1.036809
-1.032361
-1.026662
-1.020235
-1.012971
-1.004626
-0.995842
-0.985654
-0.975116
-0.963455
-0.951189
-0.938181
-0.924281
-0.909991
-0.894556
-0.878834
-0.862181
-0.845058
-0.827324
-0.789115
-0.741308
-0.746495
-0.750664
-0.730073
-0.709134
-0.687712
-0.665774
-0.643577
-0.620720
-0.597693
-0.574099
-0.550251
-0.526030
-0.501429
-0.476623
-0.451330
-0.429126
-0.425791
-0.413302
-0.386441
-0.359311
-0.332026
-0.304395
-0.276671
-0.248627
-0.220457
-0.192072
-0.163492
-0.134790
-0.105832
-0.076803
-0.047529
-0.018163
0.011370
0.030613
0.043136
0.070852
0.099704
0.114428
0.134777
0.165877
0.197073
0.228334
0.247857
0.266275
0.298127
0.325769
0.344798
0.371482
0.403837
0.446468
0.487512
0.475089
0.473138
0.494162
0.515858
0.538083
0.569103
0.602249
0.635454
0.665879
0.689753
0.718861
0.752356
0.779240
0.804683
0.838420
0.872168
0.905940
0.939730
0.973535
1.007364
1.041050
1.067818
1.096526
1.130541
1.164568
1.198605
1.232660
1.266719
1.300799
1.334883
1.368982
1.403091
1.437208
1.471339
1.505474
1.539626
1.572451
1.601005
1.632320
1.666588
1.672200
1.667185
1.696260
1.711026
1.672630
1.666756
1.697838
1.704661
1.701782
1.732649
1.757864
1.756055
1.738782
1.702828
1.667218
1.631757
1.662345
1.696856
1.731792
1.766612
1.801286
1.812769
1.813534
1.814772
1.810033
1.777200
1.744610
1.712354
1.678547
1.643970
1.612113
1.580612
1.549648
1.517259
1.482798
1.448341
1.413886
1.376078
1.338433
1.303931
1.270946
1.240312
1.232070
1.236517
1.233097
1.224219
1.185867
1.150480
1.119995
1.111374
1.115977
1.086742
1.053044
1.024126
0.993300
0.959103
0.924918
0.890739
0.856577
0.822420
0.788281
0.754149
0.720032
0.685928
0.651833
0.617758
0.584287
0.557255
0.527958
0.494089
0.464889
0.439105
0.469360
0.506315
0.472834
0.442430
0.418681
0.395607
0.373057
0.342174
0.309321
0.276547
0.243800
0.211116
0.178483
0.145894
0.113387
0.080905
0.048528
0.016185
-0.016074
-0.048265
-0.080397
-0.112422
-0.144413
-0.176260
-0.208065
-0.239752
-0.278703
-0.324447
-0.369971
-0.415305
-0.447264
-0.479177
-0.510959
-0.517469
-0.498860
-0.527636
-0.572399
-0.604917
-0.640279
-0.684877
-0.723616
-0.756166
-0.778897
-0.798044
-0.842916
-0.885324
-0.917310
-0.949185
-0.980936
-1.012495
-1.043979
-1.075171
-1.109531
-1.155871
-1.195308
-1.226508
-1.257436
-1.288248
-1.318631
-1.348887
-1.378715
-1.408267
-1.437470
-1.466163
-1.494624
-1.522259
-1.549644
-1.576160
-1.602134
-1.627375
-1.651583
-1.675287
-1.697290
-1.718777
-1.738405
-1.756947
-1.773929
-1.788874
-1.802754
-1.813426
-1.823165
-1.829544
-1.834255
-1.836414
-1.835804
-1.833645
-1.797784
-1.757359
-1.715026
-1.684429
-1.672985
-1.659804
-1.645586
-1.654773
-1.666656
-1.673124
-1.668586
-1.644882
-1.620240
-1.594999
-1.568665
-1.539849
-1.491079
-1.442291
-1.393472
-1.357608
-1.330535
-1.285286
-1.238479
-1.210856
-1.183015
-1.154739
-1.126129
-1.097279
-1.082453
-1.067984
-1.020711
-0.978887
-0.948685
-0.918285
-0.887730
-0.856920
-0.826034
-0.794882
-0.763653
-0.732247
-0.708102
-0.689895
-0.660478
-0.628189
-0.595746
-0.563261
-0.530672
-0.498013
-0.465292
-0.466563
-0.477328
-0.487081
-0.496540
-0.505222
-0.513332
-0.520915
-0.553800
-0.593989
-0.599491
-0.595772
-0.565586
-0.569587
-0.607157
-0.591895
-0.559094
-0.524443
-0.489378
-0.453044
-0.433126
-0.430339
-0.401437
-0.363147
-0.324059
-0.300345
-0.328746
-0.359832
-0.393896
-0.398296
-0.391181
-0.383062
-0.374693
-0.365524
-0.355901
-0.345741
-0.334902
-0.323779
-0.302376
-0.276156
-0.232499
-0.188666
-0.144610
-0.145001
-0.165364
-0.196805
-0.228976
-0.261030
-0.293017
-0.324917
-0.365964
-0.411421
-0.444446
-0.468700
-0.454565
-0.433232
-0.401683
-0.360628
-0.314668
-0.296670
-0.281378
-0.264952
-0.236751
-0.190752
-0.154106
-0.122621
-0.090990
-0.057400
-0.011559
0.028833
0.060447
0.092153
0.123912
0.155790
0.187700
0.219721
0.251786
0.283926
0.316135
0.348386
0.380726
0.413092
0.445545
0.473969
0.494992
0.523104
0.555964
0.552072
0.544538
0.567917
0.594676
0.628072
0.661498
0.694945
0.728431
0.761929
0.795468
0.829022
0.862604
0.896209
0.929831
0.963484
0.997146
1.030843
1.064550
1.098280
1.090366
1.048815
1.061879
1.088978
1.122993
1.157015
1.191053
1.225102
1.259162
1.288472
1.315458
1.309945
1.314096
1.343519
1.375532
1.409910
1.447917
1.486871
1.516558
1.537413
1.533313
1.547012
1.577977
1.577977
1.667481
1.630561
1.593641
1.556723
1.518188
1.490491
1.489152
1.488202
1.493413
1.530123
1.523340
1.487547
1.488351
1.489399
1.490738
1.492551
1.481378
1.442562
1.405158
1.368217
1.331277
1.294337
1.257497
1.222578
1.187972
1.153702
1.120050
1.085349
1.048547
1.011748
0.974952
0.938161
0.901374
0.864897
0.832309
0.797643
0.760946
0.724259
0.687576
0.650899
0.618385
0.584482
0.542648
0.504271
0.467632
0.431004
0.394384
0.357771
0.326663
0.293577
0.257112
0.220666
0.184230
0.147811
0.116250
0.086034
0.049823
0.013632
-0.022543
-0.058681
-0.094802
-0.130899
-0.166959
-0.200465
-0.227504
-0.260754
-0.296473
-0.332136
-0.367758
-0.403231
-0.427837
-0.436296
-0.424449
-0.453428
-0.488202
-0.522890
-0.557480
-0.589575
-0.609764
-0.638186
-0.672016
-0.705659
-0.739202
-0.772631
-0.790527
-0.795359
-0.777350
-0.811594
-0.854691
-0.867676
-0.879104
-0.887693
-0.866140
-0.844176
-0.821788
-0.868026
-0.903344
-0.908677
-0.931703
-0.953675
-0.955050
-0.954632
-0.953026
-0.948911
-0.958715
-0.981558
-0.974802
-0.977358
-0.997705
-1.017231
-1.028327
-1.013966
-1.020509
-1.040588
-1.089732
-1.138671
-1.187436
-1.168542
-1.142066
-1.107226
-1.081478
-1.066552
-1.076217
-1.110252
-1.149708
-1.156806
-1.163036
-1.168598
-1.172597
-1.160048
-1.125510
-1.121386
-1.121704
-1.120934
-1.145782
-1.174247
-1.170252
-1.165334
-1.158952
-1.115686
-1.072008
-1.027833
-1.054608
-1.087300
-1.113073
-1.137051
-1.153747
-1.140423
-1.105529
-1.060146
-1.078011
-1.094582
-1.109742
-1.093887
-1.085060
-1.095601
-1.081172
-1.059274
-1.036626
-1.013415
-0.989827
-0.965480
-0.940750
-0.915643
-0.865137
-0.822562
-0.796734
-0.749762
-0.703439
-0.677002
-0.650196
-0.623154
-0.595642
-0.567874
-0.539878
-0.511447
-0.491643
-0.485288
-0.459655
-0.429797
-0.399673
-0.369321
-0.338828
-0.308062
-0.266001
-0.214759
-0.223124
-0.241005
-0.270868
-0.231538
-0.187981
-0.165503
-0.162925
-0.163504
-0.134986
-0.106264
-0.078048
-0.129966
-0.168924
-0.191402
-0.187035
-0.171986
-0.141502
-0.125535
-0.114477
-0.102005
-0.077775
-0.045717
-0.013455
0.027196
0.077509
0.111673
0.144040
0.176532
0.209160
0.241863
0.274702
0.297493
0.315209
0.348650
0.382156
0.415730
0.449420
0.488502
0.537437
0.534130
0.513161
0.480016
0.500663
0.545033
0.529556
0.547811
0.598013
0.631415
0.663909
0.696499
0.729207
0.761977
0.794854
0.827819
0.859143
0.876248
0.902174
0.935675
0.969281
0.996973
1.015867
1.047392
1.077752
1.097991
1.094756
1.076920
1.029334
1.021122
1.043533
1.031935
1.035463
1.059569
1.084477
1.099386
1.089581
1.080178
1.071017
1.062331
1.053979
1.045873
1.038332
1.031052
1.024092
1.049869
1.068693
1.063003
1.085154
1.117636
1.154315
1.190999
1.227503
1.259961
1.294469
1.331237
1.331345
1.327909
1.324838
1.322196
1.312266
1.273368
1.234800
1.196455
1.158616
1.139549
1.139256
1.173971
1.211130
1.248104
1.285746
1.323680
1.362020
1.376316
1.378296
1.380774
1.364224
1.330421
1.332418
1.336256
1.340431
1.314993
1.281891
1.245269
1.212429
1.180698
1.144185
1.107680
1.071181
1.034698
1.000898
0.970911
0.935554
0.899219
0.862900
0.826598
0.790305
0.754033
0.722191
0.693847
0.702186
0.726469
0.771252
0.785290
0.781119
0.745467
0.709850
0.674253
0.638699
0.603175
0.567675
0.532228
0.496808
0.461419
0.436244
0.408668
0.373625
0.338641
0.306112
0.283958
0.262598
0.243634
0.257965
0.248843
0.214957
0.181189
0.147479
0.113858
0.080350
0.050457
0.033670
0.006518
-0.026281
-0.058908
-0.091433
-0.123861
-0.156089
-0.188221
-0.220211
-0.252007
-0.283694
-0.315186
-0.346493
-0.375524
-0.385585
-0.417811
-0.469278
-0.500237
-0.521427
-0.528972
-0.573377
-0.625240
-0.677076
-0.713178
-0.742338
-0.771091
-0.812884
-0.864931
-0.893475
-0.921586
-0.949371
-0.976628
-1.003605
-1.030105
-1.056082
-1.081736
-1.106720
-1.131202
-1.155313
-1.178507
-1.201248
-1.223431
-1.244650
-1.265368
-1.285273
-1.304227
-1.322612
-1.339868
-1.356229
-1.371951
-1.386169
-1.399601
-1.412156
-1.423125
-1.433308
-1.442274
-1.449770
-1.456429
-1.461514
-1.465323
-1.468260
-1.469286
-1.469292
-1.468265
-1.465340
-1.461542
-1.456457
-1.449808
-1.442322
-1.433357
-1.423184
-1.415303
-1.437079
-1.422163
-1.373614
-1.356315
-1.339962
-1.322706
-1.345823
-1.372735
-1.384072
-1.372959
-1.351247
-1.328486
-1.305135
-1.281293
-1.304098
-1.327497
-1.350258
-1.372021
-1.393243
-1.413526
-1.432814
-1.456028
-1.506228
-1.556216
-1.605947
-1.620300
-1.619617
-1.599388
-1.577788
-1.555554
-1.532326
-1.508172
-1.483493
-1.457868
-1.431645
-1.404989
-1.377461
-1.338616
-1.286446
-1.255647
-1.227234
-1.198362
-1.169028
-1.139441
-1.109405
-1.079061
-1.048503
-1.017518
-0.976797
-0.925685
-0.892837
-0.854764
-0.803746
-0.768089
-0.736698
-0.705043
-0.661102
-0.612739
-0.593143
-0.567618
-0.536354
-0.486560
-0.435551
-0.384478
-0.364853
-0.348162
-0.316240
-0.271859
-0.221288
-0.170610
-0.136615
-0.117262
-0.097289
-0.072915
-0.041882
-0.010641
0.020704
0.052225
0.083900
0.115671
0.147625
0.179691
0.211845
0.244185
0.269382
0.284760
0.315171
0.352930
0.402614
0.440329
0.473352
0.506496
0.539720
0.572793
0.590774
0.615801
0.649591
0.683478
0.713034
0.732910
0.763511
0.797859
0.832280
0.866751
0.901259
0.935844
0.964581
0.986728
1.031520
1.074608
1.109411
1.144265
1.176811
1.199964
1.223696
1.245602
1.235029
1.242364
1.268001
1.302981
1.335451
1.362109
1.396093
1.432021
1.467973
1.503943
1.536080
1.527863
1.538711
1.567229
1.596440
1.628415
1.664779
1.641854
1.603863
1.560925
1.543027
1.541083
1.572121
1.606188
1.642799
1.674701
1.676784
1.635700
1.656754
1.669809
1.629637
1.589768
1.560120
1.594666
1.594666
1.600499
1.566831
1.529260
1.511704
1.521684
1.536665
1.502865
1.469070
1.432010
1.394550
1.388705
1.420297
1.453986
1.485184
1.458652
1.423055
1.403946
1.391493
1.359880
1.358573
1.326995
1.292285
1.275937
1.287379
1.321246
1.355275
1.389303
1.423332
1.417955
1.410687
1.431799
1.397782
1.364696
1.331934
1.341620
1.362916
1.373048
1.406352
1.372423
1.340901
1.307959
1.274068
1.241087
1.210239
1.176393
1.142551
1.106320
1.070773
1.036901
1.003032
0.969166
0.938647
0.905765
0.874199
0.843073
0.810076
0.780992
0.747461
0.713795
0.680137
0.646488
0.612846
0.579259
0.551154
0.518620
0.485096
0.451585
0.418085
0.384598
0.351127
0.323249
0.292069
0.258743
0.225434
0.191541
0.151331
0.117253
0.083912
0.050589
0.017286
-0.015046
-0.040765
-0.073376
-0.112245
-0.148888
-0.182049
-0.215185
-0.248291
-0.281363
-0.314403
-0.342262
-0.340215
-0.300092
-0.267684
-0.258028
-0.274382
-0.302838
-0.330047
-0.350456
-0.369937
-0.388294
-0.417676
-0.439218
-0.462568
-0.488788
-0.503655
-0.517273
-0.529624
-0.540811
-0.560665
-0.589019
-0.614586
-0.622627
-0.629190
-0.650651
-0.664798
-0.668335
-0.674580
-0.699261
-0.699821
-0.737598
-0.756146
-0.764105
-0.786467
-0.807974
-0.802562
-0.818442
-0.838481
-0.870423
-0.910750
-0.929698
-0.947998
-0.965676
-0.982750
-0.999199
-1.015001
-1.030136
-1.044496
-1.029592
-1.001864
-0.992757
-1.004292
-1.019463
-1.062069
-1.073273
-1.081781
-1.089448
-1.096262
-1.102209
-1.107256
-1.144444
-1.181507
-1.217752
-1.253105
-1.273013
-1.238330
-1.202504
-1.193853
-1.168623
-1.145231
-1.139731
-1.133325
-1.125884
-1.117507
-1.108278
-1.098214
-1.078045
-1.036797
-1.015702
-1.003841
-0.992268
-0.963527
-0.929580
-0.916241
-0.902198
-0.887407
-0.872001
-0.855996
-0.856634
-0.886136
-0.915441
-0.926457
-0.951140
-0.967284
-0.983165
-1.005561
-1.011272
-1.037107
-1.062557
-1.102468
-1.129500
-1.136441
-1.160170
-1.183323
-1.205899
-1.227909
-1.236010
-1.229013
-1.223073
-1.241218
-1.258523
-1.253255
-1.230503
-1.199867
-1.169049
-1.138051
-1.106873
-1.075554
-1.044103
-1.012528
-0.980839
-0.949040
-0.917120
-0.885108
-0.853009
-0.820830
-0.788574
-0.756245
-0.723836
-0.691362
-0.658828
-0.626239
-0.591070
-0.549346
-0.516806
-0.484210
-0.451566
-0.418876
-0.386141
-0.352374
-0.310340
-0.276855
-0.244125
-0.211356
-0.181446
-0.155877
-0.122846
-0.089782
-0.050506
-0.013980
0.019028
0.052064
0.085126
0.118220
0.145350
0.180127
0.217643
0.250829
0.284035
0.317265
0.350516
0.383785
0.420358
0.452173
0.459876
0.468013
0.490969
0.521559
0.554708
0.575563
0.571981
0.598456
0.631292
0.664699
0.701620
0.739323
0.773711
0.813887
0.822468
0.830006
0.837879
0.855474
0.888504
0.921553
0.962765
0.997363
1.030378
1.063412
1.096465
1.129251
1.154648
1.193069
1.228867
1.258581
1.284438
1.310731
1.337512
1.375916
1.406860
1.434059
1.440979
1.402401
1.368831
1.330216
1.316000
1.329283
1.358442
1.388578
1.422363
1.387335
1.375970
1.353040
1.316099
1.292598
1.324073
1.355974
1.334520
1.299482
1.292886
1.317710
1.316781
1.316214
1.344864
1.378827
1.381305
1.347413
1.313432
1.279980
1.246881
1.261453
1.296118
1.329705
1.362551
1.396561
1.400221
1.376794
1.381605
1.405808
1.402427
1.368497
1.337302
1.306544
1.274024
1.241614
1.218248
1.222065
1.184185
1.149627
1.115833
1.082042
1.048257
1.014675
0.985274
0.952192
0.918482
0.884778
0.851081
0.817391
0.783709
0.750035
0.716369
0.682710
0.649060
0.616092
0.587900
0.554719
0.521183
0.491027
0.461511
0.429213
0.402636
0.441192
0.476019
0.474754
0.449488
0.431451
0.439839
0.416342
0.385363
0.359046
0.336859
0.323079
0.332086
0.300046
0.268058
0.236120
0.204235
0.172403
0.140628
0.108919
0.066169
0.030791
-0.000922
-0.028408
-0.048628
-0.079921
-0.111123
-0.142245
-0.173281
-0.204230
-0.235088
-0.265847
-0.296485
-0.314886
-0.348125
-0.387747
-0.417935
-0.447997
-0.477898
-0.493674
-0.527714
-0.566729
-0.596028
-0.622959
-0.610911
-0.649162
-0.684324
-0.707725
-0.732700
-0.775726
-0.789062
-0.816847
-0.846054
-0.884285
-0.925287
-0.954297
-0.983067
-1.011556
-1.039785
-1.067739
-1.095401
-1.122752
-1.149765
-1.176345
-1.198673
-1.235641
-1.274938
-1.301651
-1.327945
-1.353681
-1.378901
-1.403578
-1.427671
-1.451138
-1.472387
-1.467601
-1.484406
-1.503826
-1.522318
-1.539824
-1.559259
-1.605090
-1.622512
-1.635784
-1.647679
-1.647265
-1.627594
-1.634453
-1.639508
-1.642984
-1.663913
-1.698156
-1.724681
-1.721297
-1.748513
-1.747772
-1.738230
-1.726997
-1.714155
-1.699792
-1.683729
-1.666344
-1.647766
-1.615983
-1.575280
-1.552898
-1.505049
-1.479736
-1.440119
-1.404282
-1.381132
-1.357363
-1.332957
-1.307962
-1.282483
-1.267581
-1.261569
-1.250973
-1.222661
-1.193998
-1.165060
-1.135866
-1.100131
-1.058757
-1.041015
-0.994400
-0.961906
-0.932969
-0.903816
-0.874458
-0.844908
-0.815141
-0.785200
-0.755101
-0.724851
-0.694457
-0.663928
-0.633251
-0.614619
-0.587932
-0.556617
-0.521314
-0.478133
-0.446799
-0.415366
-0.374520
-0.336957
-0.305523
-0.272156
-0.227755
-0.242559
-0.223152
-0.184202
-0.139243
-0.094156
-0.048948
-0.033962
-0.006532
0.024147
0.054914
0.082676
0.100620
0.145492
0.190483
0.226438
0.257485
0.292210
0.335213
0.352729
0.382386
0.422831
0.454449
0.476747
0.508315
0.539943
0.571630
0.603367
0.635153
0.666986
0.698866
0.730792
0.751902
0.781351
0.813547
0.829450
0.824943
0.847158
0.879666
0.852035
0.829858
0.834447
0.860415
0.893338
0.926287
0.959258
0.992249
1.025260
1.058291
1.091341
1.124411
1.157501
1.190608
1.223732
1.256872
1.290028
1.323201
1.356391
1.384341
1.410624
1.439516
1.472906
1.506308
1.539723
1.542668
1.536639
1.543805
1.543805
