1.654107
1.621582
1.589211
1.557358
1.525398
1.493311
1.483532
1.483766
1.455129
1.423884
1.392042
1.360667
1.330050
1.299759
1.269677
1.266757
1.266593
1.234835
1.203079
1.171324
1.139571
1.107820
1.076072
1.044324
1.012580
0.980837
0.949096
0.917358
0.885622
0.856009
0.827391
0.795991
0.764320
0.732656
0.700994
0.669336
0.637683
0.606033
0.577738
0.549882
0.518327
0.486777
0.455235
0.423699
0.392170
0.360651
0.329136
0.297634
0.267245
0.240996
0.212493
0.181140
0.149802
0.118471
0.087163
0.055860
0.024580
-0.006690
-0.037942
-0.069176
-0.100398
-0.131593
-0.162409
-0.186432
-0.212404
-0.243333
-0.274237
-0.305116
-0.335954
-0.366778
-0.397545
-0.428296
-0.458997
-0.485630
-0.506927
-0.487416
-0.447123
-0.469643
-0.499704
-0.529670
-0.559595
-0.589442
-0.619215
-0.648934
-0.678537
-0.707554
-0.724091
-0.743982
-0.772805
-0.794118
-0.808012
-0.832156
-0.860029
-0.871576
-0.882049
-0.890645
-0.906484
-0.932191
-0.944443
-0.949556
-0.910490
-0.873415
-0.897426
-0.921245
-0.944699
-0.954699
-0.954699
-0.971997
-0.993496
-1.014280
-1.034852
-1.054834
-1.074385
-1.093495
-1.092577
-1.084020
-1.099360
-1.115652
-1.131057
-1.145981
-1.160224
-1.154686
-1.138221
-1.110207
-1.087888
-1.128746
-1.149012
-1.128283
-1.141276
-1.180293
-1.193866
-1.200820
-1.206310
-1.203335
-1.175580
-1.162376
-1.164645
-1.188602
-1.221217
-1.192204
-1.170439
-1.199876
-1.215794
-1.211844
-1.206916
-1.201426
-1.167867
-1.129851
-1.091099
-1.071862
-1.093127
-1.096639
-1.085927
-1.074243
-1.062275
-1.049148
-1.028787
-0.986185
-0.956823
-0.942068
-0.926622
-0.910887
-0.894288
-0.881812
-0.890408
-0.898054
-0.904249
-0.893883
-0.873613
-0.852739
-0.831708
-0.810078
-0.788257
-0.766020
-0.743475
-0.720675
-0.697469
-0.674143
-0.650335
-0.626421
-0.602163
-0.577710
-0.553033
-0.528087
-0.503022
-0.459778
-0.421064
-0.414564
-0.400499
-0.374424
-0.358872
-0.349866
-0.325593
-0.298537
-0.271260
-0.248692
-0.236768
-0.208009
-0.164723
-0.166307
-0.181532
-0.167625
-0.147122
-0.104464
-0.068246
-0.039675
-0.059936
-0.102433
-0.091366
-0.073490
-0.044190
-0.019285
-0.001633
0.023385
0.053166
0.074129
0.094119
0.124303
0.151670
0.172385
0.198274
0.228796
0.252901
0.274953
0.305648
0.334811
0.358085
0.384835
0.415870
0.446926
0.477993
0.509088
0.540189
0.571315
0.602451
0.633604
0.668813
0.706747
0.707668
0.702772
0.727895
0.754808
0.786141
0.817483
0.848834
0.880198
0.911567
0.942951
0.974339
1.005740
1.037147
1.068562
1.099987
1.131416
1.162858
1.194303
1.225759
1.257219
1.288687
1.320162
1.351642
1.379414
1.406396
1.433955
1.452832
1.449288
1.462140
1.490795
1.496368
1.493799
1.522508
1.552309
1.582522
1.599271
1.598134
1.576290
1.543755
1.511618
1.487209
1.519296
1.551301
1.583153
1.578474
1.547313
1.568095
1.599823
1.601413
1.603127
1.605170
1.607440
1.609935
1.612759
1.615704
1.588695
1.560549
1.532859
1.503536
1.471959
1.440388
1.408820
1.377259
1.345701
1.314151
1.284221
1.257430
1.231012
1.204876
1.174559
1.143201
1.111859
1.080521
1.049196
1.017880
0.986572
0.955279
0.923990
0.892720
0.862635
0.837907
0.810555
0.779444
0.748351
0.717267
0.686209
0.655157
0.624132
0.593118
0.562125
0.535571
0.512486
0.490145
0.469326
0.508971
0.530989
0.500556
0.470149
0.439772
0.409438
0.379120
0.358632
0.337017
0.307040
0.277095
0.247198
0.217353
0.187540
0.157805
0.128091
0.098463
0.068869
0.039343
0.009878
-0.019538
-0.048864
-0.078162
-0.107338
-0.136481
-0.165523
-0.194498
-0.223396
-0.252187
-0.280932
-0.309523
-0.338074
-0.366476
-0.400542
-0.443373
-0.477215
-0.505610
-0.533829
-0.562000
-0.589965
-0.617855
-0.645577
-0.673155
-0.700611
-0.727844
-0.755011
-0.781861
-0.808631
-0.835136
-0.861464
-0.887589
-0.913424
-0.939131
-0.964414
-0.989584
-1.014326
-1.038854
-1.063039
-1.086846
-1.110414
-1.133410
-1.156243
-1.178380
-1.200265
-1.221572
-1.255487
-1.300414
-1.312348
-1.314078
-1.358863
-1.398761
-1.420797
-1.442350
-1.463321
-1.483468
-1.503235
-1.521758
-1.539944
-1.556820
-1.573055
-1.588220
-1.602237
-1.615502
-1.627025
-1.638057
-1.646970
-1.655170
-1.661662
-1.666820
-1.670768
-1.672737
-1.674062
-1.672777
-1.670889
-1.666941
-1.661862
-1.655370
-1.626770
-1.587519
-1.574362
-1.563679
-1.551273
-1.538198
-1.523958
-1.508723
-1.492811
-1.475649
-1.458147
-1.439357
-1.420219
-1.400208
-1.379635
-1.358533
-1.336705
-1.314630
-1.291709
-1.268608
-1.244892
-1.220876
-1.196472
-1.184217
-1.178065
-1.153893
-1.127565
-1.100842
-1.073974
-1.046845
-1.019504
-0.992014
-0.964258
-0.936430
-0.908323
-0.880143
-0.851773
-0.823283
-0.794675
-0.765909
-0.737086
-0.708074
-0.679020
-0.649824
-0.615182
-0.573215
-0.549972
-0.536529
-0.497203
-0.456201
-0.427616
-0.394156
-0.351510
-0.341205
-0.354640
-0.334620
-0.306580
-0.278353
-0.250078
-0.221671
-0.193181
-0.164606
-0.135917
-0.107186
-0.078316
-0.049413
-0.020400
0.008667
0.037808
0.067027
0.096287
0.125647
0.155031
0.184509
0.214021
0.243598
0.273228
0.302899
0.332639
0.362399
0.392240
0.422101
0.452020
0.462201
0.451649
0.419748
0.379454
0.397189
0.418294
0.440226
0.465763
0.496533
0.522400
0.545485
0.575435
0.606431
0.637456
0.668490
0.699545
0.730616
0.761700
0.792805
0.823916
0.855052
0.886195
0.917355
0.945563
0.970551
1.000017
1.031325
1.062649
1.093976
1.125319
1.156667
1.188025
1.219393
1.250767
1.282153
1.313543
1.344946
1.354667
1.318107
1.281735
1.245517
1.258825
1.286211
1.317825
1.349440
1.381061
1.412685
1.444313
1.475946
1.507580
1.539221
1.571475
1.606962
1.639459
1.667272
1.675778
1.672431
1.669461
1.666592
1.664132
1.661809
1.659794
1.640838
1.607442
1.607442
1.750569
1.710457
1.670466
1.630688
1.616339
1.611841
1.607774
1.619429
1.650838
1.626347
1.588735
1.553694
1.517229
1.479477
1.473215
1.471113
1.469382
1.447347
1.412219
1.377092
1.341539
1.305122
1.293309
1.292560
1.292302
1.292256
1.292514
1.266015
1.241100
1.277537
1.278599
1.243473
1.208349
1.173225
1.138102
1.104087
1.070885
1.038261
1.004941
0.969893
0.936928
0.904980
0.869991
0.835005
0.800023
0.765045
0.730476
0.699490
0.666694
0.631801
0.596916
0.562034
0.527161
0.492293
0.457431
0.427127
0.395983
0.361239
0.326507
0.291780
0.257070
0.222367
0.187676
0.152999
0.118329
0.083678
0.049037
0.014408
-0.014917
-0.032166
0.009558
0.012188
-0.022117
-0.056387
-0.092473
-0.134454
-0.171889
-0.206250
-0.240575
-0.274884
-0.309165
-0.343416
-0.377651
-0.411840
-0.442415
-0.467582
-0.466093
-0.460213
-0.482823
-0.515992
-0.560464
-0.595598
-0.626550
-0.647964
-0.675847
-0.708703
-0.728908
-0.747571
-0.764908
-0.801345
-0.847908
-0.863972
-0.867961
-0.851327
-0.869178
-0.898064
-0.909843
-0.920602
-0.930122
-0.955052
-0.979670
-0.985835
-0.990694
-0.994411
-1.017877
-1.043508
-1.068688
-1.077539
-1.076232
-1.050384
-1.040505
-1.063012
-1.084969
-1.104919
-1.096962
-1.080051
-1.050798
-1.082368
-1.126676
-1.145062
-1.162936
-1.180303
-1.169457
-1.160867
-1.175466
-1.189376
-1.202796
-1.215049
-1.226839
-1.237738
-1.247742
-1.257263
-1.265439
-1.273059
-1.279809
-1.285462
-1.290586
-1.294384
-1.297470
-1.299758
-1.271511
-1.243618
-1.242886
-1.241344
-1.239152
-1.235633
-1.241148
-1.270737
-1.277201
-1.270451
-1.262280
-1.253609
-1.244049
-1.233527
-1.222526
-1.210340
-1.197611
-1.184191
-1.144315
-1.100199
-1.068125
-1.045137
-1.030446
-1.042284
-1.049661
-1.032426
-1.014619
-0.996440
-0.948963
-0.925919
-0.955356
-0.970446
-0.977573
-0.956285
-0.934692
-0.912657
-0.890082
-0.867261
-0.843868
-0.820173
-0.796164
-0.771664
-0.746963
-0.721837
-0.696420
-0.670787
-0.644711
-0.618472
-0.591920
-0.550261
-0.501076
-0.474183
-0.438744
-0.389232
-0.356207
-0.326802
-0.277352
-0.227893
-0.178424
-0.151091
-0.127771
-0.100794
-0.073642
-0.046343
-0.018766
0.008916
0.036813
0.064881
0.093054
0.121485
0.150005
0.178689
0.207540
0.236476
0.265622
0.294860
0.324220
0.353742
0.383335
0.413094
0.442947
0.472891
0.487503
0.504108
0.534675
0.555402
0.569397
0.599745
0.630914
0.662174
0.683053
0.699544
0.731288
0.763076
0.794929
0.826862
0.857150
0.875115
0.899992
0.932353
0.953684
0.973120
0.993313
1.014027
1.035144
1.067432
1.097528
1.119764
1.142552
1.165455
1.155549
1.145825
1.136415
1.127370
1.118507
1.110107
1.101938
1.094052
1.114476
1.135790
1.129050
1.122588
1.116369
1.110621
1.105062
1.099900
1.095065
1.090436
1.086330
1.094155
1.125611
1.157511
1.187645
1.185253
1.183083
1.181221
1.179773
1.173622
1.137667
1.101975
1.066544
1.031347
0.996250
0.961373
0.947304
0.948154
0.982663
1.018768
1.053889
1.089011
1.124133
1.159256
1.194379
1.229503
1.264628
1.299754
1.334880
1.354376
1.356157
1.358359
1.360743
1.363537
1.366608
1.369905
1.341813
1.320368
1.324729
1.329409
1.334273
1.339636
1.330773
1.296071
1.261378
1.226691
1.192016
1.157349
1.122689
1.083428
1.043912
1.009193
0.977583
0.948843
0.914949
0.880361
0.845787
0.811225
0.776670
0.748832
0.719046
0.684653
0.650279
0.615914
0.581577
0.547252
0.512944
0.478661
0.444390
0.410147
0.380088
0.354408
0.358326
0.360549
0.336693
0.313447
0.290661
0.268911
0.247575
0.227054
0.207314
0.188461
0.202440
0.216643
0.231219
0.200748
0.155523
0.123578
0.084922
0.038303
0.003671
-0.025515
-0.041939
-0.066430
-0.097798
-0.113982
-0.132716
-0.163393
-0.193944
-0.224419
-0.236595
-0.254568
-0.284213
-0.313677
-0.343047
-0.372163
-0.401155
-0.429979
-0.458560
-0.487026
-0.515211
-0.543215
-0.571047
-0.617589
-0.661927
-0.689482
-0.729965
-0.779397
-0.802363
-0.832618
-0.881865
-0.916746
-0.944642
-0.972095
-0.999353
-1.026310
-1.052861
-1.081985
-1.131637
-1.158249
-1.159629
-1.180391
-1.204749
-1.228504
-1.251803
-1.274743
-1.296867
-1.326588
-1.375902
-1.406925
-1.427662
-1.417593
-1.417627
-1.435339
-1.452106
-1.468394
-1.483403
-1.497748
-1.511268
-1.550345
-1.589779
-1.600598
-1.628508
-1.671671
-1.683131
-1.690120
-1.695546
-1.699661
-1.702941
-1.704101
-1.692804
-1.656610
-1.667560
-1.697364
-1.691939
-1.685649
-1.678139
-1.669073
-1.654792
-1.610325
-1.581725
-1.569172
-1.527783
-1.488435
-1.473426
-1.457606
-1.441198
-1.423564
-1.405486
-1.386560
-1.366889
-1.346814
-1.325721
-1.304260
-1.282207
-1.259493
-1.236468
-1.212712
-1.188606
-1.164100
-1.139022
-1.113705
-1.087871
-1.061717
-1.035298
-0.987820
-0.945324
-0.922004
-0.896819
-0.870542
-0.843772
-0.834239
-0.856409
-0.857872
-0.849388
-0.820664
-0.791785
-0.762701
-0.733352
-0.700932
-0.652297
-0.613526
-0.583967
-0.554160
-0.524254
-0.494148
-0.463894
-0.433541
-0.402968
-0.366823
-0.318914
-0.282784
-0.251417
-0.203544
-0.162608
-0.131932
-0.101110
-0.068141
-0.020451
0.019081
0.049976
0.081015
0.112112
0.143336
0.174646
0.206022
0.223449
0.244320
0.276244
0.308245
0.340290
0.372447
0.404644
0.436909
0.459473
0.481013
0.526815
0.558006
0.571664
0.563051
0.555262
0.574924
0.601671
0.634527
0.667453
0.680220
0.635146
0.610811
0.599224
0.621032
0.647294
0.680859
0.714461
0.748082
0.781751
0.815440
0.849158
0.882911
0.916680
0.950487
0.984315
1.018164
1.044213
1.073179
1.116148
1.153821
1.187785
1.221782
1.255791
1.289824
1.323877
1.357943
1.392038
1.426145
1.460269
1.436772
1.402191
1.428723
1.458974
1.493342
1.527729
1.562123
1.596534
1.607919
1.600978
1.626217
1.656153
1.690776
1.690776
1.551691
1.517339
1.481993
1.445524
1.441751
1.426236
1.390641
1.385668
1.385117
1.384878
1.385030
1.395265
1.430399
1.413858
1.380370
1.345971
1.312767
1.280178
1.248045
1.238018
1.240805
1.244033
1.227951
1.197317
1.163126
1.131191
1.101405
1.067376
1.033272
0.999172
0.965083
0.933031
0.904167
0.870904
0.836925
0.802957
0.769000
0.735051
0.701114
0.671788
0.642840
0.609045
0.575265
0.541496
0.507747
0.474013
0.440291
0.406593
0.372911
0.339426
0.313502
0.283860
0.250399
0.216976
0.183572
0.150191
0.116850
0.083530
0.050238
0.016988
-0.016237
-0.049427
-0.082574
-0.115693
-0.148767
-0.174414
-0.199033
-0.231736
-0.264385
-0.296994
-0.329524
-0.361996
-0.393601
-0.413542
-0.439892
-0.471794
-0.503560
-0.528511
-0.545922
-0.532720
-0.536624
-0.567321
-0.583179
-0.596422
-0.608465
-0.595380
-0.576662
-0.557452
-0.574320
-0.602423
-0.630267
-0.657856
-0.681564
-0.686824
-0.705432
-0.728964
-0.731125
-0.746271
-0.769659
-0.768553
-0.766306
-0.762995
-0.736634
-0.731792
-0.752966
-0.747458
-0.761752
-0.809621
-0.807277
-0.806378
-0.824007
-0.840943
-0.857464
-0.873328
-0.888488
-0.903194
-0.917119
-0.930340
-0.943068
-0.954882
-0.966003
-0.976596
-0.986137
-1.013768
-1.054625
-1.062021
-1.068770
-1.074869
-1.079684
-1.068844
-1.037945
-1.036875
-1.038360
-1.039022
-1.038564
-1.037485
-1.035502
-1.032489
-1.028864
-1.024272
-1.018754
-1.012640
-1.005516
-0.997579
-0.989072
-0.979531
-0.969294
-0.958517
-0.946703
-0.951412
-0.969783
-0.955396
-0.925800
-0.879731
-0.862345
-0.846103
-0.829335
-0.837716
-0.838330
-0.819366
-0.855646
-0.897693
-0.926151
-0.954302
-0.977234
-0.983584
-1.004151
-1.030556
-1.056506
-1.082069
-1.107343
-1.132036
-1.141484
-1.141321
-1.163785
-1.199842
-1.248320
-1.269943
-1.277778
-1.269777
-1.242334
-1.220149
-1.207988
-1.180014
-1.149571
-1.118921
-1.075590
-1.033627
-1.002965
-0.972111
-0.941141
-0.909990
-0.878693
-0.847300
-0.815744
-0.812130
-0.822012
-0.801612
-0.774315
-0.741705
-0.708989
-0.676223
-0.643408
-0.610503
-0.577559
-0.544568
-0.511507
-0.478411
-0.445272
-0.412076
-0.378850
-0.345583
-0.312271
-0.278934
-0.245557
-0.212145
-0.178710
-0.145239
-0.111739
-0.078219
-0.044665
-0.011087
0.022507
0.056134
0.089779
0.123440
0.157131
0.190836
0.224556
0.258303
0.292062
0.325836
0.365723
0.403822
0.437520
0.471240
0.504972
0.538721
0.572488
0.606266
0.640061
0.673871
0.708880
0.749303
0.785389
0.819142
0.852914
0.886698
0.920491
0.954303
0.988125
1.021956
1.055805
1.089662
1.123528
1.157409
1.191298
1.225196
1.259107
1.295112
1.335092
1.370088
1.403951
1.437825
1.471710
1.505603
1.539506
1.569501
1.592341
1.587123
1.560644
1.525225
1.520841
1.516717
1.512806
1.509335
1.523575
1.554881
1.519457
1.498178
1.496088
1.462851
1.453648
1.486887
1.491050
1.501737
1.535934
1.570496
1.605091
1.639518
1.673945
1.694446
1.660690
1.627250
1.603884
1.639850
1.655010
1.654232
1.622361
1.589138
1.554817
1.520498
1.486181
1.451866
1.420526
1.389553
1.358904
1.321754
1.285212
1.250955
1.216703
1.183632
1.153216
1.119872
1.085691
1.051515
1.017345
0.984034
0.954477
0.918895
0.881308
0.851917
0.822954
0.798643
0.838452
0.860437
0.866728
0.839978
0.813602
0.787646
0.762464
0.733966
0.700652
0.659770
0.617974
0.576383
0.548276
0.520775
0.487467
0.461205
0.437408
0.414363
0.437596
0.468190
0.435496
0.395974
0.353685
0.320925
0.288201
0.256022
0.234798
0.214155
0.194061
0.162235
0.130265
0.098347
0.066526
0.034756
0.003053
-0.040200
-0.085227
-0.130101
-0.164591
-0.192760
-0.210841
-0.238747
-0.270074
-0.301284
-0.332387
-0.356345
-0.339637
-0.341669
-0.358022
-0.402913
-0.440569
-0.472468
-0.504234
-0.535928
-0.567549
-0.612287
-0.651606
-0.683278
-0.714800
-0.746237
-0.777561
-0.808719
-0.839777
-0.870687
-0.901411
-0.932018
-0.962430
-0.992636
-1.022702
-1.052511
-1.082091
-1.111502
-1.140576
-1.169393
-1.198006
-1.226173
-1.254055
-1.281685
-1.308727
-1.335451
-1.361827
-1.387498
-1.412782
-1.437578
-1.461543
-1.485028
-1.507835
-1.529669
-1.550908
-1.571216
-1.590398
-1.608851
-1.626049
-1.641976
-1.657025
-1.670433
-1.682459
-1.689713
-1.665050
-1.658227
-1.664155
-1.667821
-1.670220
-1.671448
-1.670246
-1.667899
-1.664233
-1.658355
-1.651392
-1.643047
-1.632806
-1.621584
-1.609001
-1.594878
-1.579900
-1.563648
-1.546196
-1.528019
-1.508693
-1.488459
-1.467622
-1.445773
-1.423253
-1.400237
-1.376342
-1.351958
-1.327168
-1.301621
-1.275722
-1.249472
-1.222608
-1.195474
-1.168022
-1.140103
-1.111961
-1.083530
-1.054744
-1.025772
-0.996541
-0.967037
-0.937378
-0.907486
-0.877385
-0.847155
-0.816713
-0.786112
-0.755400
-0.724499
-0.693475
-0.662357
-0.631067
-0.599683
-0.568219
-0.536599
-0.504908
-0.473142
-0.441246
-0.403865
-0.358974
-0.313855
-0.268624
-0.223245
-0.177690
-0.136375
-0.105045
-0.073614
-0.042122
-0.010536
0.021133
0.052856
0.084669
0.116550
0.148478
0.180493
0.212563
0.244676
0.276871
0.309110
0.341388
0.373744
0.406135
0.438566
0.481838
0.521175
0.553550
0.585985
0.618452
0.650963
0.683524
0.716115
0.748749
0.781425
0.814129
0.846874
0.879656
0.912462
0.945310
0.978188
1.011087
1.044029
1.033984
0.991561
0.958517
0.925496
0.892496
0.859540
0.826607
0.793700
0.770565
0.744334
0.711700
0.669743
0.647561
0.670042
0.693249
0.716878
0.741158
0.741550
0.740085
0.765890
0.796951
0.824871
0.817849
0.831823
0.859734
0.893625
0.930921
0.970896
1.004727
1.038566
1.072415
1.106280
1.140153
1.174036
1.207932
1.241836
1.275749
1.309674
1.343606
1.377548
1.380936
1.367227
1.328102
1.313590
1.315309
1.345369
1.378141
1.407747
1.404180
1.421188
1.452594
1.486909
1.486909
1.495626
1.457534
1.431099
1.429687
1.428633
1.427785
1.393253
1.357073
1.320893
1.284713
1.248533
1.212353
1.176104
1.139618
1.103464
1.067591
1.094479
1.131412
1.167576
1.203300
1.238575
1.274587
1.306135
1.307010
1.308147
1.309605
1.311508
1.310322
1.274214
1.239195
1.205795
1.170481
1.134553
1.101916
1.068086
1.032097
0.996112
0.960130
0.928364
0.896888
0.865975
0.857966
0.863593
0.869826
0.865118
0.829549
0.790221
0.748172
0.738640
0.740686
0.771388
0.764179
0.723824
0.687226
0.651286
0.615354
0.579427
0.543505
0.511499
0.480561
0.450464
0.417918
0.382258
0.351705
0.322865
0.295035
0.264278
0.229013
0.193778
0.160382
0.187799
0.190933
0.148356
0.110463
0.074932
0.046822
0.016651
-0.018629
-0.053881
-0.089116
-0.124305
-0.159477
-0.194609
-0.229709
-0.264784
-0.291145
-0.318367
-0.353039
-0.387666
-0.422250
-0.446974
-0.471644
-0.505682
-0.539656
-0.573560
-0.607347
-0.639474
-0.658892
-0.684154
-0.717116
-0.749912
-0.782635
-0.815130
-0.840873
-0.855822
-0.825558
-0.776785
-0.758075
-0.756008
-0.786507
-0.816749
-0.846855
-0.876540
-0.906076
-0.935277
-0.964159
-0.992838
-0.999096
-1.009031
-1.035733
-1.062026
-1.088000
-1.089698
-1.082971
-1.055501
-1.039029
-1.032875
-1.049325
-1.070118
-1.090002
-1.109346
-1.128079
-1.145840
-1.159752
-1.143078
-1.139435
-1.153585
-1.166663
-1.179277
-1.190458
-1.187821
-1.162259
-1.129979
-1.095646
-1.138469
-1.169144
-1.175091
-1.156638
-1.124885
-1.091264
-1.077558
-1.114529
-1.128803
-1.127981
-1.125654
-1.122809
-1.118725
-1.113754
-1.108071
-1.138352
-1.172410
-1.199984
-1.208704
-1.199112
-1.159956
-1.119283
-1.107116
-1.094300
-1.080727
-1.040573
-0.995946
-0.980362
-0.964292
-0.947532
-0.907031
-0.861820
-0.893149
-0.924344
-0.955307
-0.972124
-0.982347
-0.961110
-0.939577
-0.917414
-0.894700
-0.871675
-0.821885
-0.778297
-0.754380
-0.730047
-0.705427
-0.656667
-0.611391
-0.586102
-0.560496
-0.534625
-0.508286
-0.486044
-0.482715
-0.467120
-0.439189
-0.410910
-0.382498
-0.353740
-0.324814
-0.295685
-0.266287
-0.238527
-0.228682
-0.210448
-0.179901
-0.149159
-0.118333
-0.087264
-0.062426
-0.048732
-0.022722
0.009180
0.041275
0.073427
0.105705
0.128325
0.145265
0.177353
0.214265
0.262212
0.301386
0.334286
0.324408
0.317315
0.336994
0.364197
0.397899
0.421046
0.442604
0.465186
0.493575
0.528012
0.562504
0.595730
0.620032
0.648994
0.683813
0.718670
0.752828
0.778653
0.808165
0.843289
0.878440
0.913603
0.948800
0.984009
1.019240
1.054493
1.089756
1.125049
1.160352
1.195675
1.231016
1.266366
1.301742
1.337126
1.372528
1.403900
1.432284
1.467066
1.501302
1.530573
1.541353
1.535582
1.530266
1.525122
1.520430
1.516000
1.511853
1.536927
1.565228
1.562223
1.559454
1.556993
1.554942
1.553064
1.551694
1.564566
1.599925
1.635676
1.670759
1.671025
1.671473
1.672271
1.673419
1.674748
1.676596
1.667986
1.634289
1.623035
1.625996
1.592686
1.557541
1.525108
1.533679
1.573745
1.582500
1.578981
1.543133
1.507290
1.471452
1.440138
1.408041
1.366831
1.328174
1.292371
1.256577
1.220788
1.185010
1.151727
1.121812
1.092507
1.063019
1.027501
0.994799
0.966710
0.939256
0.911840
0.868373
0.827628
0.792353
0.762700
0.736073
0.744181
0.763548
0.808185
0.804917
0.770176
0.735484
0.700811
0.666182
0.631586
0.597017
0.613938
0.624990
0.580428
0.540795
0.505894
0.479473
0.454984
0.431497
0.403003
0.368714
0.334488
0.299118
0.253189
0.217143
0.194921
0.164096
0.130169
0.096342
0.057779
0.011164
-0.026702
-0.060600
-0.094385
-0.123648
-0.143461
-0.120010
-0.072370
-0.102067
-0.135011
-0.167837
-0.200559
-0.233210
-0.219967
-0.217346
-0.264926
-0.312350
-0.359646
-0.382442
-0.395138
-0.379808
-0.388448
-0.420918
-0.466467
-0.505820
-0.487978
-0.499824
-0.547257
-0.583808
-0.617140
-0.650304
-0.683385
-0.716347
-0.749148
-0.781877
-0.814372
-0.846770
-0.878995
-0.911017
-0.942943
-0.974539
-1.006018
-1.037244
-1.068211
-1.099026
-1.147916
-1.192599
-1.223232
-1.253555
-1.283660
-1.313223
-1.342578
-1.371402
-1.399807
-1.427854
-1.455140
-1.482121
-1.508264
-1.533832
-1.558810
-1.582706
-1.606153
-1.628269
-1.649608
-1.669983
-1.688847
-1.707064
-1.723235
-1.738416
-1.752106
-1.763840
-1.774699
-1.782710
-1.789619
-1.794503
-1.797213
-1.798854
-1.797251
-1.794617
-1.789733
-1.782897
-1.774885
-1.764095
-1.752425
-1.738735
-1.723612
-1.707441
-1.689276
-1.670458
-1.650084
-1.628785
-1.606669
-1.583257
-1.559392
-1.534415
-1.508873
-1.482731
-1.436556
-1.388307
-1.361266
-1.333862
-1.305990
-1.277561
-1.248905
-1.219644
-1.190157
-1.160317
-1.130112
-1.099744
-1.068929
-1.037973
-1.006747
-0.975276
-0.943681
-0.911762
-0.874776
-0.825839
-0.776768
-0.727614
-0.678286
-0.633422
-0.601933
-0.570287
-0.538521
-0.506530
-0.474463
-0.442209
-0.409842
-0.377373
-0.344735
-0.312037
-0.279183
-0.246248
-0.213223
-0.180073
-0.145288
-0.097648
-0.077951
-0.095511
-0.124190
-0.156635
-0.188902
-0.221091
-0.253154
-0.285063
-0.316901
-0.348507
-0.358920
-0.327314
-0.295553
-0.263710
-0.231654
-0.199532
-0.167265
-0.134883
-0.102425
-0.069803
-0.037128
-0.004327
0.028561
0.061517
0.094600
0.127728
0.160965
0.194267
0.227632
0.194086
0.157038
0.177897
0.204899
0.238929
0.273031
0.307161
0.341369
0.375611
0.409900
0.444246
0.478024
0.501794
0.525991
0.550903
0.582752
0.617703
0.652701
0.687713
0.722755
0.729669
0.721056
0.747117
0.776781
0.812196
0.847628
0.883072
0.918539
0.952459
0.981285
1.013861
1.049492
1.085139
1.121975
1.163982
1.202749
1.238330
1.268882
1.298453
1.328688
1.326410
1.285613
1.273030
1.265309
1.225467
1.215470
1.248229
1.283398
1.319464
1.355534
1.390679
1.424215
1.424215
