1.701304
1.667640
1.634068
1.600801
1.582320
1.581187
1.580367
1.579687
1.550434
1.518668
1.486705
1.454829
1.423096
1.391362
1.359629
1.328100
1.296647
1.265661
1.234833
1.204373
1.173257
1.141560
1.109864
1.078168
1.046474
1.014779
0.983086
0.952256
0.922475
0.891417
0.859760
0.830421
0.800957
0.769352
0.738941
0.710556
0.680276
0.648741
0.617211
0.585684
0.554163
0.522646
0.491134
0.459627
0.428124
0.399828
0.372593
0.341275
0.309884
0.278504
0.247131
0.215767
0.184413
0.153065
0.126650
0.100072
0.068887
0.037710
0.006551
-0.024593
-0.055724
-0.086832
-0.117932
-0.149001
-0.180061
-0.211096
-0.242112
-0.273110
-0.298518
-0.321987
-0.352493
-0.383186
-0.413833
-0.444452
-0.475034
-0.499410
-0.520625
-0.549819
-0.578635
-0.597886
-0.620790
-0.650394
-0.672669
-0.689699
-0.716383
-0.744673
-0.759195
-0.777405
-0.805436
-0.825254
-0.836959
-0.859835
-0.886777
-0.896017
-0.907873
-0.933482
-0.950406
-0.955499
-0.972946
-0.996946
-1.000908
-1.004586
-1.026685
-1.040259
-1.037545
-1.047806
-1.067711
-1.086918
-1.105025
-1.096501
-1.094560
-1.110989
-1.112938
-1.100049
-1.065572
-1.022863
-1.034435
-1.053766
-1.095899
-1.125723
-1.138132
-1.149724
-1.160863
-1.144212
-1.126555
-1.134593
-1.142166
-1.148813
-1.154652
-1.159868
-1.163919
-1.167633
-1.169893
-1.171770
-1.172525
-1.187910
-1.218851
-1.225982
-1.223609
-1.190095
-1.160028
-1.154812
-1.149017
-1.142370
-1.134839
-1.126801
-1.117602
-1.108098
-1.097427
-1.086356
-1.074452
-1.061897
-1.048820
-1.034870
-1.020665
-1.005425
-0.989943
-0.973714
-0.957044
-0.939886
-0.922114
-0.904086
-0.885296
-0.866327
-0.846723
-0.826839
-0.806526
-0.785799
-0.764824
-0.743321
-0.721681
-0.699515
-0.677181
-0.654481
-0.631510
-0.608312
-0.584755
-0.561092
-0.536999
-0.512811
-0.488317
-0.463647
-0.438777
-0.400207
-0.355662
-0.329113
-0.306836
-0.299882
-0.285515
-0.259378
-0.233077
-0.206674
-0.180060
-0.153389
-0.126502
-0.099548
-0.072442
-0.045225
-0.017913
-0.023588
-0.039290
-0.026343
-0.009842
0.018465
0.053326
0.095973
0.099566
0.085375
0.098211
0.115508
0.144506
0.168943
0.185851
0.217650
0.259075
0.290364
0.314921
0.273638
0.250117
0.268532
0.292986
0.322848
0.352766
0.382702
0.412708
0.442729
0.472802
0.498617
0.519183
0.546394
0.576764
0.599300
0.622267
0.652889
0.680643
0.703472
0.731091
0.761927
0.792789
0.823658
0.854555
0.885460
0.916386
0.947325
0.978277
1.009248
1.040226
1.071228
1.102235
1.133260
1.164295
1.195342
1.226404
1.257472
1.288559
1.318878
1.343993
1.369342
1.395109
1.402764
1.397778
1.393173
1.390221
1.417674
1.436478
1.432948
1.413562
1.378893
1.344514
1.310237
1.337764
1.361034
1.359353
1.371500
1.402018
1.433329
1.465048
1.496155
1.523445
1.523215
1.512050
1.480550
1.449329
1.418309
1.413368
1.414570
1.416225
1.426550
1.460324
1.462685
1.433634
1.402719
1.371114
1.342544
1.314212
1.286358
1.256978
1.225493
1.194013
1.162537
1.134923
1.114824
1.151029
1.164242
1.132920
1.101605
1.070297
1.034961
0.998633
0.962667
0.929104
0.902354
0.873352
0.842013
0.810685
0.779361
0.748051
0.716744
0.685451
0.656508
0.630934
0.605886
0.581133
0.550933
0.519929
0.488952
0.457984
0.427036
0.396107
0.365192
0.334304
0.303592
0.280604
0.265535
0.274027
0.268243
0.247091
0.269460
0.309462
0.283475
0.255265
0.236026
0.208169
0.167484
0.133650
0.103807
0.074037
0.044288
0.014621
-0.015013
-0.044581
-0.067322
-0.084525
-0.120821
-0.162123
-0.178505
-0.197893
-0.226681
-0.261769
-0.303894
-0.336667
-0.365479
-0.380907
-0.397585
-0.425686
-0.437291
-0.423381
-0.444463
-0.486746
-0.528838
-0.569806
-0.598677
-0.631661
-0.673680
-0.708580
-0.737487
-0.766244
-0.794955
-0.823453
-0.851896
-0.880156
-0.908296
-0.936295
-0.964092
-0.991800
-1.019210
-1.046540
-1.073564
-1.100434
-1.127055
-1.153399
-1.179568
-1.205309
-1.230928
-1.256017
-1.280910
-1.305354
-1.327500
-1.347638
-1.386407
-1.430938
-1.435071
-1.443219
-1.466146
-1.488608
-1.510514
-1.531618
-1.552353
-1.571863
-1.591038
-1.608906
-1.626125
-1.642260
-1.657215
-1.671397
-1.683764
-1.695616
-1.705229
-1.714081
-1.721107
-1.726695
-1.730978
-1.733116
-1.734555
-1.733160
-1.731109
-1.726826
-1.721323
-1.714297
-1.705524
-1.695911
-1.684132
-1.671832
-1.657650
-1.642755
-1.626621
-1.609454
-1.591586
-1.572458
-1.552989
-1.532254
-1.511185
-1.489280
-1.466849
-1.443923
-1.420331
-1.396513
-1.371936
-1.347199
-1.321921
-1.296382
-1.270506
-1.244281
-1.217879
-1.191063
-1.164147
-1.136873
-1.109470
-1.081832
-1.054005
-1.026044
-0.997848
-0.968934
-0.926237
-0.887525
-0.859264
-0.823701
-0.781014
-0.748940
-0.720669
-0.692188
-0.663659
-0.634971
-0.600495
-0.558232
-0.524894
-0.496226
-0.467405
-0.437021
-0.394927
-0.352760
-0.310458
-0.284368
-0.270177
-0.244605
-0.216301
-0.187837
-0.159330
-0.130710
-0.102017
-0.073251
-0.044386
-0.015484
0.013539
0.042591
0.071739
0.100934
0.130194
0.159522
0.188887
0.218338
0.247811
0.277368
0.306954
0.336597
0.366288
0.396014
0.425802
0.455608
0.485486
0.515381
0.545328
0.575307
0.605319
0.635377
0.665452
0.695583
0.724048
0.744806
0.769499
0.799902
0.830333
0.860782
0.899053
0.932606
0.911885
0.907873
0.938059
0.968273
0.998509
0.973610
0.935037
0.956601
0.980403
1.010975
1.041565
1.072174
1.102808
1.133453
1.164130
1.193515
1.216530
1.218073
1.187244
1.151745
1.113490
1.075482
1.043073
1.067603
1.094238
1.125365
1.153325
1.178684
1.208635
1.239940
1.276820
1.312340
1.343538
1.374744
1.405958
1.433428
1.459289
1.427380
1.401171
1.428096
1.456787
1.488242
1.478241
1.442792
1.461284
1.489363
1.517956
1.546715
1.575845
1.606338
1.637992
1.637992
1.684741
1.650196
1.614405
1.576314
1.538493
1.504571
1.536587
1.541550
1.506889
1.472229
1.437328
1.400442
1.363758
1.327312
1.347599
1.381275
1.416005
1.415013
1.380283
1.344900
1.309521
1.274526
1.239821
1.205336
1.171343
1.137544
1.104151
1.069940
1.035234
1.002407
0.969011
0.934338
0.901398
0.869212
0.834586
0.801187
0.769790
0.789379
0.821656
0.787150
0.750967
0.712600
0.680320
0.649171
0.614691
0.580215
0.545744
0.511282
0.476823
0.442373
0.407929
0.373490
0.339061
0.305903
0.276642
0.244373
0.210074
0.175792
0.141518
0.107256
0.077121
0.049175
0.015092
-0.018981
-0.053036
-0.081779
-0.108724
-0.142544
-0.172825
-0.197983
-0.229503
-0.263025
-0.296495
-0.329936
-0.363343
-0.388298
-0.412979
-0.445985
-0.478943
-0.511857
-0.544685
-0.577477
-0.610185
-0.635604
-0.655557
-0.686734
-0.714897
-0.732602
-0.749147
-0.764999
-0.749359
-0.748318
-0.778613
-0.808728
-0.838164
-0.849291
-0.859598
-0.868583
-0.875955
-0.884477
-0.911494
-0.928230
-0.931730
-0.933392
-0.934234
-0.933064
-0.943794
-0.966838
-0.966439
-0.961215
-0.954102
-0.945737
-0.936330
-0.924919
-0.920379
-0.937300
-0.953673
-0.969682
-0.954669
-0.947221
-0.960835
-0.973779
-0.986552
-1.030980
-1.051517
-1.029051
-1.029092
-1.038319
-1.046450
-1.068135
-1.109210
-1.123470
-1.129247
-1.133881
-1.137906
-1.141231
-1.143474
-1.139393
-1.105317
-1.088626
-1.087983
-1.086221
-1.076313
-1.038571
-1.020029
-1.015720
-0.978619
-0.948103
-0.941630
-0.913201
-0.871798
-0.862713
-0.853942
-0.844471
-0.856775
-0.878018
-0.866191
-0.853986
-0.841180
-0.827678
-0.813846
-0.799184
-0.797666
-0.812874
-0.778753
-0.735910
-0.718729
-0.701169
-0.683219
-0.664648
-0.645826
-0.626440
-0.606688
-0.586634
-0.566007
-0.545164
-0.523867
-0.502223
-0.480350
-0.457954
-0.435374
-0.412432
-0.372324
-0.323259
-0.274190
-0.243384
-0.245049
-0.228199
-0.203814
-0.179045
-0.154114
-0.128956
-0.121243
-0.118684
-0.114735
-0.089717
-0.040803
-0.009935
0.020735
0.069596
0.107095
0.134225
0.161596
0.189060
0.216728
0.244541
0.272459
0.300599
0.315280
0.295311
0.293953
0.303457
0.332334
0.355556
0.366846
0.390883
0.420768
0.450814
0.480921
0.511126
0.529213
0.543147
0.558121
0.573591
0.589684
0.606643
0.628013
0.673919
0.705870
0.723707
0.753570
0.785598
0.817694
0.849837
0.882016
0.914267
0.935128
0.922563
0.910294
0.898218
0.918085
0.939660
0.961854
0.984623
1.007805
1.041149
1.074510
1.107896
1.141312
1.174147
1.198580
1.226850
1.260479
1.294133
1.318704
1.276617
1.250626
1.242682
1.263117
1.277895
1.236934
1.232083
1.259810
1.288139
1.300991
1.261321
1.241830
1.236953
1.232545
1.238091
1.268785
1.277913
1.274607
1.271799
1.280863
1.313253
1.322129
1.319000
1.283013
1.260812
1.260046
1.285469
1.316729
1.316981
1.317457
1.318212
1.319368
1.315547
1.282623
1.248819
1.214136
1.177888
1.141735
1.107027
1.072320
1.037614
1.004654
0.980941
0.983417
1.007275
1.044886
1.082920
1.099624
1.069126
1.035995
1.001524
0.967061
0.934355
0.904696
0.871662
0.837676
0.808846
0.777741
0.743494
0.709260
0.675032
0.640820
0.606617
0.572423
0.538247
0.505273
0.477872
0.468849
0.476216
0.513828
0.538092
0.504331
0.475679
0.450684
0.426595
0.421800
0.465082
0.466461
0.443976
0.422513
0.397254
0.364602
0.340644
0.323363
0.368559
0.388651
0.370177
0.331425
0.287094
0.255177
0.223310
0.191504
0.171528
0.152350
0.121061
0.089843
0.058695
0.027673
-0.003295
-0.034139
-0.064890
-0.095567
-0.126084
-0.156537
-0.186851
-0.217043
-0.247157
-0.277068
-0.306900
-0.336578
-0.366095
-0.395528
-0.424710
-0.453790
-0.482698
-0.511396
-0.539989
-0.568293
-0.605134
-0.653627
-0.686328
-0.714379
-0.742110
-0.766556
-0.787401
-0.831180
-0.879694
-0.928161
-0.965830
-0.993979
-1.040151
-1.083866
-1.111737
-1.139325
-1.166712
-1.188377
-1.217544
-1.266156
-1.301386
-1.329089
-1.356221
-1.383130
-1.409620
-1.435617
-1.460219
-1.460219
-1.449980
-1.424200
-1.434487
-1.456787
-1.478173
-1.499057
-1.519330
-1.538628
-1.557482
-1.575215
-1.592221
-1.608516
-1.623480
-1.641751
-1.673413
-1.713054
-1.758965
-1.744670
-1.732442
-1.742421
-1.751117
-1.759008
-1.764792
-1.769786
-1.773241
-1.751931
-1.718321
-1.683577
-1.661359
-1.660338
-1.657848
-1.654647
-1.649595
-1.661245
-1.695428
-1.723422
-1.744987
-1.735008
-1.724080
-1.712125
-1.698628
-1.684504
-1.668972
-1.652589
-1.635466
-1.617048
-1.598147
-1.578228
-1.557593
-1.536458
-1.514286
-1.484244
-1.435225
-1.400689
-1.374200
-1.351633
-1.328792
-1.305386
-1.281430
-1.257199
-1.232280
-1.216209
-1.213406
-1.192529
-1.165617
-1.138229
-1.110622
-1.082752
-1.054524
-1.026147
-0.997430
-0.958791
-0.910566
-0.878954
-0.849975
-0.820733
-0.791316
-0.761764
-0.731951
-0.706491
-0.693131
-0.658955
-0.611865
-0.593844
-0.572577
-0.542412
-0.512094
-0.481696
-0.451091
-0.414335
-0.367297
-0.320157
-0.272968
-0.225662
-0.191149
-0.173694
-0.132673
-0.087350
-0.057524
-0.027602
0.002423
0.032603
0.065998
0.113351
0.151518
0.181771
0.212173
0.246619
0.293812
0.321443
0.335560
0.365477
0.396391
0.427401
0.458494
0.489634
0.520896
0.552200
0.583580
0.615038
0.646536
0.678134
0.704189
0.722025
0.750552
0.782572
0.814668
0.846803
0.878982
0.901066
0.922811
0.955332
0.965136
0.953241
0.941770
0.937567
0.959762
0.988152
1.021300
1.054492
1.076104
1.066170
1.077330
1.101418
1.134709
1.143757
1.101393
1.104797
1.130524
1.164365
1.198216
1.232083
1.271674
1.313419
1.355418
1.390360
1.416001
1.448075
1.481936
1.515818
1.549712
1.583617
1.617541
1.643710
1.636494
1.611098
1.570215
1.590555
1.610176
1.604312
1.598720
1.593313
1.620900
1.650555
1.680624
1.680624
1.648482
1.610089
1.572640
1.537469
1.500633
1.462620
1.486928
1.519936
1.553417
1.554370
1.517823
1.508375
1.505858
1.470301
1.434922
1.399883
1.387635
1.388425
1.389704
1.382903
1.347637
1.313349
1.279983
1.247108
1.214105
1.178912
1.144948
1.112878
1.078704
1.043569
1.008440
0.974364
0.943106
0.909705
0.874653
0.843560
0.812441
0.777488
0.742540
0.707600
0.672669
0.637742
0.602828
0.567920
0.533021
0.498132
0.463248
0.428380
0.393517
0.358667
0.323827
0.288996
0.259124
0.230105
0.195447
0.160799
0.126168
0.091557
0.056956
0.022385
-0.012176
-0.046711
-0.076890
-0.103421
-0.071836
-0.038979
-0.073102
-0.107202
-0.141269
-0.175294
-0.209300
-0.243244
-0.274004
-0.297402
-0.326828
-0.360363
-0.383279
-0.398663
-0.385960
-0.400921
-0.446658
-0.482566
-0.514657
-0.533712
-0.562378
-0.608730
-0.646132
-0.678606
-0.710920
-0.743181
-0.775298
-0.799043
-0.815172
-0.829579
-0.840085
-0.822010
-0.823240
-0.853141
-0.868899
-0.878457
-0.885712
-0.892269
-0.897116
-0.885742
-0.862328
-0.902436
-0.948471
-0.974360
-0.988530
-0.988530
-0.969228
-0.943317
-0.916866
-0.906708
-0.929426
-0.968965
-1.018629
-1.042744
-1.058293
-1.050304
-1.056103
-1.075528
-1.094185
-1.112556
-1.129992
-1.134911
-1.119549
-1.102526
-1.084702
-1.096690
-1.109366
-1.121150
-1.113459
-1.090044
-1.064880
-1.047721
-1.082084
-1.119820
-1.161992
-1.178310
-1.184789
-1.189883
-1.194530
-1.198186
-1.200965
-1.203166
-1.204053
-1.204510
-1.203775
-1.202333
-1.200131
-1.169640
-1.130871
-1.091102
-1.076019
-1.104642
-1.087123
-1.045176
-1.034838
-1.025984
-1.016202
-1.005788
-0.994820
-1.010034
-1.026711
-1.013043
-0.998930
-0.984179
-0.968700
-0.952915
-0.936146
-0.919102
-0.901393
-0.883164
-0.864564
-0.845226
-0.825647
-0.805405
-0.784814
-0.763817
-0.742282
-0.720540
-0.698158
-0.675559
-0.652543
-0.660728
-0.686993
-0.689940
-0.679857
-0.629933
-0.592655
-0.567438
-0.542631
-0.515462
-0.465538
-0.425270
-0.400073
-0.374565
-0.348915
-0.322846
-0.302814
-0.299193
-0.282261
-0.254960
-0.227360
-0.199660
-0.171680
-0.143563
-0.115272
-0.086765
-0.058173
-0.029311
-0.006592
0.003043
0.036702
0.085563
0.116993
0.146643
0.176472
0.206404
0.236443
0.252693
0.266551
0.297290
0.328092
0.359001
0.390017
0.421087
0.468163
0.507769
0.522544
0.537975
0.553960
0.583221
0.613289
0.630818
0.660565
0.707177
0.710395
0.696342
0.715318
0.738417
0.771194
0.796607
0.816939
0.859508
0.900613
0.921495
0.948208
0.981486
1.014813
1.043765
0.998996
0.977814
1.000605
0.980484
0.936434
0.956186
0.980582
1.005664
1.035509
1.069740
1.069373
1.064815
1.091580
1.104824
1.097738
1.115088
1.143298
1.177968
1.201452
1.195649
1.210112
1.239801
1.239826
1.235263
1.231154
1.227289
1.223722
1.220560
1.217557
1.215081
1.224366
1.257702
1.269483
1.268126
1.267265
1.273874
1.308904
1.344070
1.379372
1.414879
1.444361
1.409063
1.373765
1.338468
1.303717
1.269234
1.303331
1.340078
1.377185
1.395174
1.397540
1.370700
1.343292
1.346752
1.350437
1.354423
1.358787
1.362712
1.327739
1.292769
1.257806
1.226010
1.196322
1.162014
1.128274
1.099419
1.087528
1.094067
1.127700
1.164367
1.129829
1.095299
1.060785
1.021526
0.979721
0.944734
0.911948
0.884952
0.849961
0.807868
0.778451
0.750887
0.716549
0.682225
0.647921
0.619863
0.594467
0.560453
0.526401
0.492383
0.458393
0.424424
0.390500
0.358317
0.334862
0.327233
0.338289
0.324908
0.304955
0.317507
0.319281
0.299877
0.272242
0.239776
0.207416
0.172020
0.125563
0.093654
0.075786
0.084401
0.095130
0.063478
0.031887
0.000393
-0.019583
-0.034149
-0.064517
-0.095264
-0.125862
-0.156340
-0.186723
-0.232442
-0.278203
-0.308513
-0.338715
-0.368780
-0.398652
-0.428446
-0.457966
-0.493626
-0.542542
-0.591406
-0.640236
-0.653652
-0.666966
-0.695655
-0.734407
-0.783711
-0.816724
-0.846722
-0.896119
-0.937727
-0.965892
-0.993743
-1.021432
-1.048629
-1.075662
-1.102269
-1.128545
-1.154536
-1.179968
-1.205195
-1.229779
-1.254028
-1.277810
-1.300970
-1.323872
-1.345822
-1.367464
-1.388373
-1.408614
-1.428390
-1.473697
-1.517069
-1.535087
-1.567085
-1.615009
-1.638494
-1.654182
-1.668213
-1.681592
-1.693739
-1.704603
-1.714743
-1.722904
-1.730424
-1.736224
-1.740839
-1.744350
-1.745967
-1.750546
-1.784589
-1.803645
-1.799887
-1.794444
-1.788242
-1.746301
-1.712643
-1.702504
-1.691224
-1.679076
-1.665307
-1.646181
-1.599033
-1.565550
-1.548993
-1.531356
-1.513294
-1.493930
-1.483247
-1.490559
-1.479378
-1.456783
-1.433261
-1.409462
-1.384930
-1.359984
-1.334620
-1.308660
-1.280577
-1.230744
-1.200187
-1.201654
-1.185211
-1.159893
-1.133927
-1.107780
-1.081172
-1.054256
-1.027084
-0.999477
-0.971725
-0.943560
-0.915210
-0.886609
-0.857720
-0.828713
-0.799342
-0.769866
-0.740154
-0.699073
-0.650339
-0.618425
-0.588526
-0.558392
-0.528130
-0.497729
-0.453546
-0.405222
-0.356789
-0.314790
-0.284480
-0.254021
-0.223480
-0.176303
-0.132199
-0.101601
-0.070896
-0.040096
-0.009139
0.021872
0.053042
0.084280
0.115619
0.147069
0.178567
0.210214
0.246305
0.293593
0.340965
0.388397
0.421975
0.453502
0.485144
0.516846
0.548619
0.569458
0.587249
0.619508
0.651802
0.684166
0.716592
0.749055
0.781606
0.814184
0.846833
0.879525
0.912260
0.945061
0.977885
1.010781
1.043706
1.076676
1.101507
1.122463
1.155387
1.185731
1.207835
1.230426
1.253406
1.228234
1.194512
1.160833
1.122582
1.078391
1.034385
0.991157
0.981498
0.982734
1.007815
1.038446
1.072677
1.106937
1.141208
1.175504
1.172558
1.130098
1.141616
1.168581
1.196273
1.226511
1.261199
1.295898
1.330605
1.359573
1.389732
1.424561
1.459396
1.494238
1.524692
1.554315
1.584509
1.614964
1.645785
1.645785
1.536995
1.502276
1.467558
1.432842
1.398126
1.363363
1.326780
1.315947
1.349372
1.333830
1.301891
1.336401
1.343634
1.308857
1.274079
1.239323
1.204821
1.199725
1.235313
1.218381
1.184859
1.150122
1.116272
1.083527
1.047647
1.011178
0.976444
0.942698
0.910061
0.875751
0.841490
0.809585
0.812423
0.850405
0.827499
0.792291
0.754254
0.719841
0.688732
0.654637
0.620078
0.585525
0.553390
0.523243
0.489264
0.454819
0.420384
0.389042
0.359990
0.326132
0.291843
0.257568
0.223307
0.189055
0.161042
0.131582
0.097525
0.063490
0.029466
-0.004522
-0.038498
-0.072447
-0.106370
-0.140279
-0.165758
-0.193936
-0.227539
-0.261101
-0.294641
-0.328116
-0.361564
-0.394967
-0.428314
-0.461137
-0.483534
-0.509980
-0.542813
-0.575560
-0.607345
-0.627112
-0.657429
-0.702692
-0.738150
-0.769049
-0.787103
-0.811053
-0.842520
-0.861248
-0.872436
-0.855388
-0.837905
-0.819923
-0.855105
-0.900224
-0.929751
-0.959089
-0.988231
-1.000010
-1.007840
-1.013422
-1.029722
-1.056024
-1.081778
-1.102280
-1.102280
-1.115004
-1.138433
-1.137065
-1.138254
-1.159117
-1.162795
-1.153454
-1.169023
-1.178902
-1.164776
-1.167927
-1.182845
-1.166179
-1.155881
-1.167576
-1.178393
-1.188674
-1.164930
-1.149622
-1.156590
-1.162585
-1.168047
-1.171991
-1.175401
-1.177766
-1.179072
-1.179340
-1.143807
-1.108554
-1.073807
-1.086006
-1.117032
-1.113274
-1.108954
-1.103723
-1.097446
-1.090676
-1.082590
-1.073944
-1.064488
-1.054039
-1.043142
-1.031089
-1.018505
-1.005231
-0.991052
-0.976480
-0.960930
-0.944894
-0.928290
-0.910885
-0.893148
-0.874603
-0.855627
-0.836193
-0.816067
-0.795664
-0.774607
-0.753173
-0.731377
-0.708990
-0.686375
-0.663237
-0.626129
-0.576994
-0.593387
-0.613157
-0.613157
-0.598859
-0.573472
-0.526585
-0.477446
-0.428304
-0.421847
-0.445165
-0.443048
-0.432727
-0.405571
-0.378186
-0.350657
-0.322794
-0.294818
-0.266613
-0.238212
-0.209701
-0.199563
-0.183366
-0.153900
-0.124274
-0.094714
-0.081990
-0.063035
-0.032536
0.009527
0.055591
0.069941
0.084833
0.100621
0.117410
0.136326
0.182250
0.222471
0.254221
0.286060
0.314020
0.300541
0.301241
0.320876
0.341436
0.363623
0.396508
0.429427
0.462385
0.495397
0.528433
0.561525
0.594646
0.627800
0.625396
0.620878
0.644928
0.673809
0.707412
0.741051
0.773131
0.798525
0.828420
0.862281
0.896169
0.930068
0.963989
0.997927
1.031876
1.065850
1.099832
1.133834
1.163840
1.190993
1.218845
1.248453
1.282721
1.271754
1.231769
1.224884
1.209744
1.170598
1.153660
1.149483
1.145845
1.142395
1.139322
1.159555
1.191751
1.226460
1.260525
1.293366
1.327512
1.362216
1.395662
1.416421
1.415643
1.440018
1.472666
1.472922
1.473380
1.474147
1.449633
1.416213
1.383312
1.379957
1.417003
1.399224
1.364544
1.329867
1.295192
1.260518
1.228237
1.205816
1.243953
1.247618
1.213050
1.178487
1.143926
1.109372
1.074821
1.040273
1.005733
0.972015
0.941943
0.948413
0.987829
1.022880
1.051194
1.056633
1.081256
1.121468
1.156338
1.184000
1.190342
1.173306
1.139172
1.105057
1.070950
1.036859
1.039961
1.067506
1.030919
0.992354
0.958074
0.923804
0.889541
0.855295
0.823098
0.795393
0.768250
0.741403
0.700136
0.658959
0.618037
0.581734
0.547594
0.513479
0.479373
0.445284
0.411215
0.377526
0.351076
0.321737
0.287893
0.260388
0.240271
0.283018
0.294021
0.260581
0.234924
0.210744
0.177638
0.144566
0.111534
0.078564
0.045622
0.012753
-0.020074
-0.052854
-0.085555
-0.118223
-0.150804
-0.183331
-0.215801
-0.248173
-0.282789
-0.327848
-0.359485
-0.378740
-0.408930
-0.440837
-0.472617
-0.477075
-0.458812
-0.496857
-0.541930
-0.586739
-0.624558
-0.657144
-0.689600
-0.716870
-0.729080
-0.760425
-0.804649
-0.838261
-0.871153
-0.903947
-0.936648
-0.969292
-1.001774
-1.034193
-1.066483
-1.089328
-1.107076
-1.138216
-1.169367
-1.200312
-1.231018
-1.261896
-1.309050
-1.350233
-1.380761
-1.410970
-1.441020
-1.470565
-1.499874
-1.528807
-1.557220
-1.585381
-1.612762
-1.639740
-1.666137
-1.691662
-1.716771
-1.740640
-1.763802
-1.786055
-1.783933
-1.772334
-1.742144
-1.733113
-1.748656
-1.762280
-1.775054
-1.785589
-1.794740
-1.802440
-1.807644
-1.811801
-1.813378
-1.813333
-1.811756
-1.836763
-1.858718
-1.850292
-1.840218
-1.828740
-1.814809
-1.799992
-1.783244
-1.765254
-1.746313
-1.700520
-1.658822
-1.637566
-1.615441
-1.592717
-1.568795
-1.544480
-1.519354
-1.493625
-1.467522
-1.440599
-1.413418
-1.385714
-1.344527
-1.295876
-1.267458
-1.232655
-1.184142
-1.154141
-1.133199
-1.105469
-1.077556
-1.049308
-1.020733
-0.991999
-0.962857
-0.933569
-0.904042
-0.874264
-0.844367
-0.814173
-0.783861
-0.753377
-0.722694
-0.691923
-0.660931
-0.623141
-0.576375
-0.541796
-0.510773
-0.479565
-0.448271
-0.416872
-0.396506
-0.376877
-0.344790
-0.306210
-0.260675
-0.226274
-0.194217
-0.162050
-0.129820
-0.097530
-0.065143
-0.034999
-0.014338
0.012848
0.045717
0.078659
0.109354
0.131969
0.160583
0.193905
0.236298
0.263634
0.241344
0.251439
0.284395
0.317418
0.350466
0.383564
0.416702
0.449866
0.483088
0.516330
0.549613
0.582931
0.616269
0.649658
0.683064
0.716503
0.749974
0.783461
0.816992
0.850537
0.884110
0.917711
0.951325
0.984977
1.018642
1.052330
1.086042
1.119767
1.153523
1.187291
1.221078
1.249105
1.275186
1.301970
1.302873
1.268802
1.229475
1.189294
1.155160
1.121035
1.086922
1.052827
1.019728
0.992986
0.962820
0.928898
0.888796
0.847386
0.806276
0.782560
0.776038
0.799028
0.828547
0.862891
0.897244
0.931603
0.961657
0.993183
1.032529
1.069131
1.103530
1.137940
1.172354
1.206777
1.241206
1.275639
1.305923
1.317750
1.279189
1.261878
1.258364
1.255358
1.262611
1.294883
1.328698
1.363411
1.398126
1.432842
1.467558
1.467558
