1.484578
1.446153
1.417487
1.415576
1.413957
1.412592
1.382744
1.348384
1.348107
1.348016
1.348294
1.348906
1.349738
1.319672
1.285109
1.251077
1.216247
1.180248
1.146035
1.112692
1.079993
1.046665
1.010774
0.976792
0.944924
0.910133
0.874325
0.838525
0.802728
0.766939
0.733852
0.703035
0.668278
0.632603
0.596941
0.561285
0.525640
0.490004
0.454375
0.424187
0.393855
0.358387
0.322930
0.287488
0.252063
0.216647
0.181258
0.145878
0.110520
0.075179
0.039854
0.004555
-0.030735
-0.065989
-0.098853
-0.125732
-0.157082
-0.192052
-0.226976
-0.261885
-0.296740
-0.331573
-0.366363
-0.401111
-0.435833
-0.470488
-0.505122
-0.539688
-0.574216
-0.608694
-0.635113
-0.657924
-0.691389
-0.722298
-0.742801
-0.762339
-0.780881
-0.797857
-0.814755
-0.846650
-0.873138
-0.886661
-0.898877
-0.910072
-0.919275
-0.929987
-0.958767
-0.978981
-0.984184
-1.003199
-1.030304
-1.034276
-1.035174
-1.033833
-1.031336
-1.027322
-1.041709
-1.063993
-1.056836
-1.055234
-1.075083
-1.094439
-1.113303
-1.106894
-1.093970
-1.110100
-1.125881
-1.140859
-1.155148
-1.168917
-1.181625
-1.193988
-1.205170
-1.215840
-1.225648
-1.234548
-1.242936
-1.249997
-1.256660
-1.262086
-1.266837
-1.270734
-1.273533
-1.275880
-1.276701
-1.268337
-1.231513
-1.230689
-1.264382
-1.241007
-1.202881
-1.197676
-1.192021
-1.185375
-1.177911
-1.169855
-1.160637
-1.154953
-1.178344
-1.188045
-1.175542
-1.162218
-1.148450
-1.103650
-1.058702
-1.025794
-1.000920
-0.985847
-0.970015
-0.953885
-0.936762
-0.919382
-0.901285
-0.882716
-0.863710
-0.867342
-0.875432
-0.854181
-0.841696
-0.847725
-0.836475
-0.813149
-0.789246
-0.765168
-0.740536
-0.715673
-0.690449
-0.664860
-0.639081
-0.612821
-0.581780
-0.530808
-0.491889
-0.467151
-0.441323
-0.415085
-0.388396
-0.361594
-0.334477
-0.307147
-0.279628
-0.251808
-0.227080
-0.249446
-0.261998
-0.254657
-0.234106
-0.204661
-0.174963
-0.145188
-0.115174
-0.085057
-0.054783
-0.024346
0.006173
0.036908
0.071447
0.121031
0.170655
0.220324
0.256033
0.286729
0.317629
0.348580
0.379672
0.410863
0.442139
0.434120
0.418922
0.433973
0.454842
0.487036
0.519314
0.551648
0.584098
0.616583
0.649177
0.688086
0.736143
0.773744
0.806324
0.839014
0.871734
0.904542
0.937400
0.970313
1.003301
1.036315
1.069425
1.106539
1.153985
1.167715
1.153470
1.139629
1.125920
1.112676
1.099610
1.086880
1.074471
1.062263
1.080765
1.098305
1.087343
1.076608
1.066188
1.079968
1.104893
1.097365
1.088322
1.079713
1.088523
1.115718
1.116870
1.110271
1.138972
1.169636
1.205145
1.240665
1.276192
1.248298
1.209999
1.204535
1.186490
1.145819
1.150190
1.181630
1.217002
1.246556
1.242854
1.239393
1.236256
1.208539
1.169970
1.166510
1.164610
1.163156
1.161991
1.161118
1.160689
1.161499
1.197858
1.223664
1.224522
1.246047
1.283510
1.291448
1.297038
1.335533
1.346749
1.310783
1.276808
1.243984
1.276368
1.303961
1.272370
1.272186
1.312726
1.328500
1.333796
1.305143
1.274058
1.238531
1.203013
1.167503
1.132008
1.096517
1.061045
1.027728
0.999292
0.966912
0.931599
0.896309
0.861026
0.825768
0.790520
0.755291
0.720082
0.684883
0.649714
0.614554
0.579422
0.544306
0.509210
0.480487
0.454346
0.419686
0.387307
0.362472
0.373515
0.418547
0.401562
0.367166
0.332835
0.298527
0.264268
0.230053
0.195869
0.172150
0.158290
0.204811
0.225761
0.205760
0.186623
0.167947
0.150530
0.130424
0.098080
0.058495
0.010181
-0.014757
-0.030637
-0.062274
-0.089497
-0.103282
-0.135613
-0.184891
-0.219897
-0.251091
-0.282064
-0.312955
-0.343676
-0.374239
-0.404691
-0.434897
-0.465023
-0.494880
-0.524608
-0.554135
-0.583427
-0.612600
-0.641419
-0.674462
-0.725029
-0.775577
-0.826103
-0.860655
-0.889291
-0.939846
-0.978465
-0.983668
-1.000513
-1.027618
-1.073763
-1.123093
-1.149652
-1.175982
-1.201854
-1.227275
-1.252396
-1.299968
-1.350958
-1.401945
-1.431003
-1.427495
-1.460305
-1.511029
-1.534788
-1.556473
-1.577155
-1.597183
-1.616478
-1.634653
-1.652422
-1.668549
-1.684187
-1.698524
-1.711821
-1.724234
-1.734989
-1.745187
-1.753380
-1.760797
-1.766725
-1.771225
-1.774813
-1.776308
-1.782350
-1.817137
-1.836032
-1.832191
-1.802682
-1.761020
-1.751018
-1.742363
-1.732002
-1.720656
-1.708243
-1.694391
-1.680027
-1.663900
-1.647307
-1.629528
-1.610916
-1.591620
-1.571193
-1.550405
-1.528462
-1.506116
-1.483027
-1.459295
-1.435168
-1.387246
-1.340224
-1.315128
-1.289696
-1.263803
-1.237409
-1.210789
-1.183537
-1.156121
-1.128235
-1.110566
-1.103551
-1.079457
-1.049864
-1.019851
-0.989723
-0.959318
-0.918096
-0.868326
-0.834424
-0.803839
-0.772959
-0.735372
-0.685881
-0.636311
-0.586696
-0.564121
-0.546020
-0.534626
-0.506847
-0.457297
-0.420748
-0.389860
-0.341039
-0.295829
-0.264857
-0.233767
-0.202559
-0.157514
-0.110267
-0.122433
-0.121739
-0.091077
-0.060283
-0.029388
0.001689
0.032824
0.064144
0.095535
0.127050
0.158681
0.190379
0.222233
0.256995
0.305754
0.347117
0.379006
0.411006
0.443051
0.475241
0.507468
0.539802
0.572203
0.604670
0.600121
0.586226
0.604584
0.627535
0.660743
0.702088
0.749408
0.741382
0.728791
0.761619
0.794489
0.827426
0.860431
0.893472
0.926604
0.959761
0.992996
0.990281
0.943172
0.944254
0.964571
0.998068
1.031825
1.065638
1.093279
1.115142
1.093165
1.058492
1.012624
0.966833
0.921204
0.895890
0.884953
0.874504
0.868391
0.893430
0.918831
0.944803
0.971364
0.998236
1.040216
1.081935
1.117049
1.152177
1.187322
1.222487
1.257661
1.223121
1.187955
1.152811
1.113454
1.070294
1.083458
1.111391
1.140092
1.171022
1.206532
1.242052
1.277579
1.313120
1.347923
1.377731
1.409858
1.445518
1.477825
1.508433
1.506321
1.501885
1.497872
1.494106
1.490623
1.490623
1.397306
1.360916
1.323432
1.284670
1.248069
1.211650
1.175233
1.137183
1.098990
1.061144
1.051718
1.051005
1.050724
1.050831
1.051197
1.052038
1.075576
1.108021
1.073539
1.039394
1.005541
0.969179
0.934290
0.901148
0.865092
0.828785
0.792481
0.759549
0.726054
0.689831
0.653615
0.617402
0.581198
0.545000
0.509556
0.478390
0.444223
0.408143
0.372078
0.336021
0.299972
0.270021
0.240544
0.211594
0.169927
0.129754
0.093910
0.058089
0.024551
-0.003702
0.022959
0.048965
0.013505
-0.027728
-0.071544
-0.114967
-0.148796
-0.176981
-0.212447
-0.247888
-0.283306
-0.318672
-0.354012
-0.389322
-0.415468
-0.444383
-0.479313
-0.504638
-0.534873
-0.581018
-0.618434
-0.650341
-0.672560
-0.702884
-0.736954
-0.770902
-0.796016
-0.815235
-0.832584
-0.857938
-0.890448
-0.905129
-0.918597
-0.930818
-0.977799
-1.013210
-1.023574
-1.031834
-1.038913
-1.044175
-1.047452
-1.055230
-1.081357
-1.088795
-1.091025
-1.115046
-1.121249
-1.115532
-1.107277
-1.097632
-1.086732
-1.104805
-1.108246
-1.093174
-1.075878
-1.082609
-1.130509
-1.178070
-1.205210
-1.183320
-1.186160
-1.196749
-1.206284
-1.214880
-1.217837
-1.188554
-1.179875
-1.184844
-1.188474
-1.210400
-1.249036
-1.214503
-1.178443
-1.141961
-1.137920
-1.150088
-1.184358
-1.217227
-1.238809
-1.233545
-1.227185
-1.220159
-1.212011
-1.202928
-1.193210
-1.182330
-1.170676
-1.156444
-1.109243
-1.079242
-1.065117
-1.049894
-1.034177
-1.017864
-1.000630
-0.982943
-0.964642
-0.920035
-0.878718
-0.859172
-0.839010
-0.824639
-0.832743
-0.820325
-0.794042
-0.742751
-0.724562
-0.727325
-0.702922
-0.691699
-0.692773
-0.667292
-0.641010
-0.614446
-0.587453
-0.560252
-0.532767
-0.504937
-0.476920
-0.448622
-0.420047
-0.386692
-0.335498
-0.284286
-0.235992
-0.207173
-0.178167
-0.149017
-0.119586
-0.090009
-0.060296
-0.050162
-0.031350
-0.000754
0.030049
0.060953
0.091996
0.123208
0.154513
0.185957
0.217539
0.249205
0.281011
0.312928
0.347148
0.396677
0.435876
0.467885
0.500038
0.541011
0.590392
0.623023
0.633899
0.617079
0.630117
0.652494
0.685431
0.718462
0.755840
0.804344
0.841381
0.877555
0.926075
0.954238
0.968021
0.953338
0.958743
0.978984
1.012817
1.046689
1.080600
1.114583
1.143092
1.164399
1.124969
1.090605
1.078653
1.095461
1.109303
1.098516
1.114031
1.139018
1.164673
1.167426
1.162875
1.189974
1.222030
1.254036
1.210621
1.185498
1.178188
1.206136
1.235559
1.265394
1.231555
1.202760
1.197639
1.222414
1.255314
1.291549
1.271503
1.245694
1.278566
1.311844
1.336663
1.297901
1.280598
1.277217
1.239430
1.202309
1.165843
1.128577
1.107078
1.106801
1.139408
1.176346
1.213629
1.250249
1.286503
1.322188
1.358454
1.395080
1.432318
1.469051
1.505664
1.543363
1.539165
1.504483
1.470333
1.436471
1.402895
1.439796
1.447231
1.410923
1.374619
1.338317
1.302019
1.268957
1.246580
1.251105
1.282388
1.308704
1.272605
1.236513
1.199830
1.158557
1.120239
1.084297
1.053522
1.020123
0.984085
0.948061
0.912044
0.876035
0.845591
0.813764
0.777890
0.742033
0.706185
0.670353
0.634538
0.598733
0.562948
0.527178
0.492287
0.464289
0.457144
0.465540
0.474544
0.461599
0.426349
0.400694
0.390469
0.401077
0.381806
0.354652
0.320148
0.295735
0.274114
0.253362
0.223166
0.189415
0.155751
0.122160
0.090269
0.071904
0.045182
0.012178
-0.020686
-0.053474
-0.086184
-0.118739
-0.151214
-0.183587
-0.230721
-0.268332
-0.283316
-0.311741
-0.348209
-0.397919
-0.434638
-0.466326
-0.497820
-0.529149
-0.562400
-0.612512
-0.651848
-0.682981
-0.713825
-0.734394
-0.744299
-0.772998
-0.786660
-0.777631
-0.820710
-0.864472
-0.894825
-0.924874
-0.954738
-0.984295
-1.029286
-1.076338
-1.105603
-1.134542
-1.163241
-1.191442
-1.219298
-1.246871
-1.273793
-1.300356
-1.326543
-1.351965
-1.376981
-1.401476
-1.425122
-1.448289
-1.470744
-1.492272
-1.521080
-1.571743
-1.600062
-1.619302
-1.637282
-1.654193
-1.670319
-1.684819
-1.698223
-1.710727
-1.721205
-1.730619
-1.738904
-1.710769
-1.709141
-1.748950
-1.755208
-1.767654
-1.802835
-1.840076
-1.877145
-1.912109
-1.918855
-1.913821
-1.906386
-1.897184
-1.886721
-1.873920
-1.859781
-1.844543
-1.827176
-1.808864
-1.789537
-1.768556
-1.746846
-1.724209
-1.700376
-1.675960
-1.650724
-1.624638
-1.598088
-1.570826
-1.542966
-1.514736
-1.485893
-1.456632
-1.427075
-1.396990
-1.366616
-1.335642
-1.285242
-1.234778
-1.184246
-1.152505
-1.121773
-1.090799
-1.059509
-1.028061
-0.996387
-0.977697
-0.954122
-0.905057
-0.855836
-0.806518
-0.757040
-0.747232
-0.756358
-0.725028
-0.693544
-0.661645
-0.611847
-0.570700
-0.539025
-0.490382
-0.447838
-0.416106
-0.368889
-0.324963
-0.293179
-0.261231
-0.229190
-0.197001
-0.164681
-0.132278
-0.099731
-0.067082
-0.034357
-0.001493
0.031451
0.064461
0.097607
0.130814
0.164090
0.197479
0.230922
0.264435
0.286253
0.314966
0.362422
0.399228
0.433076
0.466994
0.500975
0.534996
0.569087
0.595465
0.618361
0.652809
0.693884
0.740398
0.787134
0.822248
0.844358
0.878051
0.912595
0.947175
0.972296
0.977314
0.942509
0.907744
0.873005
0.838307
0.803651
0.769021
0.734442
0.699903
0.665394
0.630946
0.596536
0.562159
0.527855
0.493587
0.459360
0.425210
0.391099
0.357040
0.311864
0.286495
0.308427
0.331243
0.357093
0.391871
0.426691
0.459901
0.484558
0.521974
0.566324
0.601328
0.636359
0.671413
0.706515
0.741637
0.776783
0.803367
0.836521
0.881020
0.917668
0.952949
0.988255
1.023589
1.058939
1.094315
1.129713
1.165127
1.200566
1.186920
1.148749
1.176482
1.208528
1.244208
1.272825
1.304795
1.340637
1.376495
1.382109
1.339746
1.328221
1.322381
1.316893
1.283924
1.259681
1.291391
1.326244
1.350665
1.310481
1.315332
1.348522
1.384872
1.384872
1.643493
1.609157
1.574823
1.540490
1.506160
1.471417
1.434354
1.434323
1.466477
1.500693
1.514279
1.479881
1.444286
1.410588
1.409341
1.408319
1.407570
1.378384
1.359040
1.393743
1.386605
1.352156
1.318469
1.284507
1.250069
1.215632
1.181383
1.148291
1.115507
1.083003
1.082226
1.084839
1.087835
1.114314
1.147859
1.113613
1.079370
1.045131
1.010897
0.975887
0.937951
0.902187
0.867907
0.837385
0.805588
0.771387
0.737193
0.702481
0.664255
0.628069
0.593823
0.563342
0.532147
0.497996
0.463853
0.429714
0.395587
0.363714
0.334813
0.334270
0.331055
0.291173
0.254732
0.220757
0.186802
0.152855
0.118923
0.085007
0.051100
0.017215
-0.016657
-0.050515
-0.084349
-0.116246
-0.142885
-0.174062
-0.207653
-0.241202
-0.274731
-0.308232
-0.341694
-0.375135
-0.408531
-0.441894
-0.475232
-0.499404
-0.526261
-0.559191
-0.584067
-0.606984
-0.639393
-0.671740
-0.704022
-0.736181
-0.768284
-0.800272
-0.823214
-0.840272
-0.825346
-0.822382
-0.836707
-0.849267
-0.864355
-0.893395
-0.922226
-0.950891
-0.959857
-0.973999
-1.001157
-1.027941
-1.054520
-1.080576
-1.106331
-1.131756
-1.135245
-1.140967
-1.164177
-1.169894
-1.165701
-1.186370
-1.206633
-1.226281
-1.221926
-1.215442
-1.232103
-1.230901
-1.215025
-1.196588
-1.197847
-1.242037
-1.262736
-1.270443
-1.246104
-1.252345
-1.293378
-1.275496
-1.254926
-1.258998
-1.283371
-1.320040
-1.286447
-1.265523
-1.264703
-1.262625
-1.259921
-1.255850
-1.269109
-1.297261
-1.261655
-1.230487
-1.221760
-1.212028
-1.201741
-1.190156
-1.177959
-1.165035
-1.151041
-1.136573
-1.121167
-1.105069
-1.088523
-1.070913
-1.052915
-1.034286
-1.014940
-0.995241
-0.974783
-0.967855
-0.973090
-0.952908
-0.930014
-0.906621
-0.866067
-0.818876
-0.794811
-0.770487
-0.745842
-0.720748
-0.695456
-0.669767
-0.643798
-0.617641
-0.591055
-0.564312
-0.537311
-0.525246
-0.515429
-0.487228
-0.458864
-0.430348
-0.401567
-0.367421
-0.319752
-0.296690
-0.285847
-0.273405
-0.260253
-0.246173
-0.218476
-0.190684
-0.174514
-0.141003
-0.095213
-0.079187
-0.053087
-0.006784
0.028051
0.053268
0.038171
0.039269
0.056290
0.086264
0.121603
0.166944
0.173641
0.160050
0.147063
0.131644
0.112905
0.072874
0.033889
0.021027
0.027160
0.047379
0.079353
0.108185
0.129973
0.159797
0.191610
0.214838
0.247661
0.290353
0.324590
0.357651
0.390753
0.430070
0.472827
0.515872
0.545559
0.556164
0.576071
0.598545
0.621831
0.626888
0.617796
0.577598
0.535763
0.494156
0.500922
0.527783
0.561504
0.595238
0.628985
0.662754
0.698260
0.738986
0.758682
0.766502
0.792698
0.824818
0.865803
0.895421
0.923137
0.956910
0.987173
1.014585
1.048081
1.082002
1.115934
1.154161
1.193666
1.227538
1.261418
1.295307
1.266163
1.242570
1.271135
1.303123
1.336975
1.332139
1.340818
1.370696
1.374555
1.370856
1.367578
1.345995
1.308858
1.303916
1.312370
1.344992
1.354168
1.355546
1.389236
1.423162
1.457365
1.462938
1.471110
1.506287
1.520724
1.521937
1.489425
1.482921
1.519498
1.502023
1.468055
1.436428
1.405110
1.374066
1.340077
1.305809
1.271545
1.239973
1.214103
1.252703
1.258705
1.224573
1.190449
1.157436
1.128461
1.096461
1.062440
1.028433
0.994432
0.960440
0.926459
0.892485
0.858524
0.824572
0.790628
0.756701
0.722780
0.688873
0.654978
0.621092
0.587225
0.553368
0.519523
0.485697
0.451881
0.418084
0.384302
0.350531
0.323943
0.309802
0.317829
0.350950
0.392953
0.435256
0.444260
0.420883
0.389010
0.356112
0.323258
0.290446
0.258131
0.236630
0.210479
0.178058
0.145707
0.113389
0.081145
0.048958
0.016811
-0.015236
-0.047241
-0.079174
-0.111021
-0.144313
-0.189314
-0.227803
-0.259670
-0.279152
-0.300484
-0.331740
-0.362887
-0.393971
-0.424881
-0.436234
-0.419970
-0.427754
-0.447288
-0.492321
-0.529893
-0.561740
-0.593442
-0.629626
-0.674789
-0.710336
-0.742071
-0.773648
-0.805132
-0.836517
-0.867718
-0.894820
-0.909848
-0.934488
-0.964629
-0.994460
-1.024149
-1.053630
-1.082807
-1.115063
-1.162661
-1.188993
-1.198247
-1.224768
-1.252231
-1.279291
-1.321447
-1.367930
-1.394469
-1.420633
-1.446379
-1.491785
-1.534736
-1.559627
-1.583826
-1.607598
-1.630110
-1.652051
-1.673109
-1.692880
-1.711979
-1.729497
-1.745862
-1.761260
-1.774468
-1.786695
-1.797133
-1.805619
-1.813014
-1.817664
-1.820888
-1.822450
-1.821369
-1.811301
-1.772707
-1.753482
-1.746460
-1.736828
-1.726255
-1.714165
-1.700350
-1.685698
-1.669297
-1.651911
-1.633659
-1.613891
-1.593543
-1.572165
-1.549896
-1.527137
-1.503304
-1.479013
-1.454164
-1.428566
-1.402646
-1.376107
-1.349146
-1.321907
-1.294055
-1.265990
-1.237578
-1.194530
-1.149325
-1.120661
-1.091772
-1.062678
-1.033233
-0.998620
-0.951351
-0.915962
-0.886347
-0.856434
-0.826395
-0.796195
-0.765779
-0.735267
-0.704564
-0.682324
-0.665940
-0.621014
-0.575262
-0.529355
-0.528735
-0.536048
-0.489352
-0.451005
-0.420686
-0.390179
-0.359597
-0.328874
-0.298031
-0.267118
-0.236045
-0.204903
-0.173672
-0.142321
-0.110914
-0.079397
-0.047805
-0.016158
0.015605
0.047412
0.079294
0.111254
0.143255
0.175344
0.207481
0.239666
0.271929
0.304226
0.336584
0.368995
0.401435
0.433949
0.466493
0.499078
0.531717
0.564381
0.597098
0.629850
0.662627
0.695460
0.728314
0.761204
0.794132
0.827080
0.860072
0.897938
0.940929
0.927091
0.918855
0.951569
0.984317
1.015382
0.972145
0.955864
0.978997
1.010025
1.043159
1.076328
1.067427
1.025123
1.014524
1.016984
1.042457
1.026090
0.991816
0.950594
0.925601
0.918460
0.940926
0.971381
1.011661
1.047885
1.081631
1.109280
1.139417
1.173364
1.207324
1.241289
1.275267
1.306338
1.334996
1.364264
1.395098
1.429258
1.460527
1.490885
1.525118
1.559355
1.593595
1.627839
1.645331
1.607516
1.607516
1.818277
1.780507
1.743032
1.707563
1.670366
1.634853
1.597835
1.561091
1.528029
1.527310
1.531146
1.566493
1.591942
1.556863
1.521537
1.486898
1.452584
1.433032
1.462559
1.456556
1.432029
1.425828
1.402826
1.406163
1.399675
1.368427
1.348520
1.341813
1.309946
1.274856
1.239773
1.204697
1.169628
1.134566
1.099512
1.064465
1.029427
0.996932
0.965048
0.932977
0.901272
0.866397
0.831534
0.796683
0.761845
0.727021
0.692209
0.657412
0.626736
0.594959
0.560284
0.525627
0.490987
0.456367
0.421765
0.387184
0.352624
0.323755
0.291835
0.257441
0.223073
0.188733
0.154420
0.127197
0.095211
0.053641
0.017475
-0.008780
-0.040974
-0.074923
-0.108831
-0.133475
-0.165681
-0.199300
-0.222435
-0.183775
-0.210001
-0.231313
-0.220197
-0.250492
-0.269607
-0.255998
-0.301897
-0.334140
-0.349273
-0.395509
-0.427394
-0.445070
-0.459613
-0.443720
-0.431728
-0.463017
-0.494174
-0.522944
-0.538492
-0.566129
-0.577526
-0.582656
-0.571922
-0.596856
-0.604643
-0.616157
-0.638674
-0.643416
-0.653075
-0.672902
-0.674466
-0.667488
-0.657527
-0.673671
-0.680172
-0.703623
-0.726698
-0.739213
-0.744119
-0.754468
-0.758317
-0.778642
-0.798500
-0.817876
-0.836754
-0.840904
-0.842432
-0.859416
-0.891607
-0.923100
-0.921819
-0.921596
-0.935622
-0.949008
-0.961738
-0.973799
-0.985173
-0.995848
-1.005809
-1.015042
-1.023535
-1.031277
-1.015009
-0.982259
-0.999557
-1.015257
-1.019778
-1.023518
-1.052581
-1.063621
-1.065020
-1.065605
-1.065375
-1.064329
-1.062471
-1.059802
-1.056327
-1.081763
-1.051552
-1.041124
-1.034489
-1.027087
-1.050066
-1.043807
-1.033962
-1.065319
-1.109020
-1.143366
-1.177294
-1.211147
-1.244917
-1.278292
-1.300392
-1.332899
-1.353328
-1.385881
-1.418267
-1.448926
-1.466769
-1.498115
-1.529207
-1.557301
-1.564233
-1.544567
-1.524097
-1.502868
-1.480923
-1.458303
-1.435046
-1.417306
-1.411667
-1.386208
-1.366718
-1.356714
-1.329397
-1.301688
-1.266644
-1.231256
-1.216449
-1.194472
-1.177256
-1.154270
-1.134853
-1.104036
-1.073018
-1.041812
-1.010428
-0.978877
-0.947169
-0.915311
-0.875775
-0.828347
-0.780775
-0.749846
-0.725142
-0.693039
-0.652434
-0.613964
-0.581760
-0.557954
-0.530883
-0.489585
-0.451925
-0.419233
-0.395128
-0.366434
-0.333312
-0.308551
-0.278694
-0.245206
-0.203161
-0.157860
-0.130473
-0.099671
-0.066069
-0.032416
-0.034577
-0.017312
-0.021427
-0.002077
0.023408
0.056651
0.091114
0.125603
0.160116
0.194653
0.229212
0.263794
0.305886
0.348612
0.391568
0.434744
0.469165
0.511782
0.521936
0.556104
0.590301
0.624525
0.658775
0.693051
0.727351
0.761676
0.796023
0.831625
0.873436
0.907764
0.942115
0.976488
1.010881
1.043536
1.071563
1.106092
1.140638
1.175200
1.209779
1.244375
1.278985
1.313611
1.345900
1.361796
1.354855
1.360651
1.389267
1.404992
1.399381
1.394077
1.403708
1.419141
1.414801
1.394829
1.372193
1.368750
1.348372
1.345557
1.360305
1.339568
1.340246
1.336063
1.299835
1.263146
1.247462
1.267977
1.281593
1.303610
1.339027
1.374428
1.409988
1.445496
1.481262
1.516857
1.527887
1.503489
1.495118
1.470510
1.463622
1.465839
1.495784
1.506101
1.480982
1.477769
1.452493
1.450780
1.418043
1.382235
1.350708
1.316016
1.280838
1.249909
1.215158
1.180039
1.140393
1.105031
1.069886
1.034748
0.999616
0.964490
0.929372
0.894464
0.864285
0.829239
0.794203
0.759175
0.724156
0.689146
0.654147
0.619971
0.596215
0.596043
0.561210
0.525181
0.485044
0.450180
0.415330
0.380495
0.347374
0.319710
0.301868
0.309876
0.318291
0.327111
0.336332
0.334836
0.322427
0.332945
0.323616
0.287207
0.277664
0.302548
0.342909
0.348063
0.314639
0.286765
0.260164
0.233146
0.213383
0.194378
0.176146
0.158703
0.133744
0.093447
0.054650
0.031743
0.006732
-0.024779
-0.056187
-0.087488
-0.118677
-0.149751
-0.180704
-0.211532
-0.242231
-0.272794
-0.303218
-0.333495
-0.363621
-0.393589
-0.437729
-0.472197
-0.501919
-0.515801
-0.540820
-0.569691
-0.598352
-0.626793
-0.655004
-0.682975
-0.710696
-0.738156
-0.765342
-0.792243
-0.818846
-0.867182
-0.894949
-0.920935
-0.922623
-0.946888
-0.996682
-1.021204
-1.045260
-1.068876
-1.092029
-1.114699
-1.136863
-1.158498
-1.179580
-1.200084
-1.219985
-1.243186
-1.287764
-1.306106
-1.323730
-1.340606
-1.356704
-1.371994
-1.386445
-1.400027
-1.412711
-1.424467
-1.435269
-1.445088
-1.453901
-1.461684
-1.468415
-1.474077
-1.478653
-1.482129
-1.484496
-1.485747
-1.485878
-1.484889
-1.482782
-1.479563
-1.475243
-1.469834
-1.463351
-1.455813
-1.447239
-1.437653
-1.427080
-1.415544
-1.403075
-1.389701
-1.375452
-1.360356
-1.344445
-1.327750
-1.310299
-1.292124
-1.273254
-1.253718
-1.233544
-1.212760
-1.191393
-1.169469
-1.147013
-1.124049
-1.100601
-1.076690
-1.052338
-1.027566
-1.002392
-0.976836
-0.950915
-0.924645
-0.898044
-0.871127
-0.843907
-0.816398
-0.788614
-0.760568
-0.732270
-0.703732
-0.674965
-0.645979
-0.616783
-0.587387
-0.557799
-0.528027
-0.498079
-0.467867
-0.419374
-0.389191
-0.358854
-0.328369
-0.297742
-0.265630
-0.218807
-0.188008
-0.157084
-0.126038
-0.094875
-0.063600
-0.032216
-0.000728
0.030861
0.062547
0.094327
0.126197
0.158154
0.190196
0.222320
0.254522
0.286800
0.319152
0.351575
0.384066
0.416625
0.449248
0.481933
0.514679
0.547484
0.580346
0.608105
0.633569
0.666719
0.694606
0.721197
0.754604
0.782625
0.810248
0.843886
0.872049
0.895193
0.882644
0.875760
0.900323
0.905900
0.917064
0.943116
0.948753
0.941100
0.955632
0.987818
1.022603
1.053018
1.090155
1.127033
1.161867
1.192185
1.225330
1.260255
1.290788
1.328792
1.365084
1.368093
1.390473
1.424489
1.459562
1.461257
1.486158
1.516910
1.551539
1.552212
1.548445
1.576898
1.609086
1.644199
1.679538
1.714878
1.750221
1.785565
