1.680347
1.636196
1.628304
1.592873
1.555843
1.518824
1.481817
1.444821
1.402194
1.363690
1.326665
1.289652
1.252651
1.215662
1.178686
1.141723
1.104774
1.067839
1.026947
0.986508
0.949541
0.912589
0.875651
0.838728
0.801821
0.764929
0.728055
0.691197
0.654357
0.617535
0.580733
0.543949
0.507186
0.470444
0.433724
0.397026
0.360351
0.323365
0.279104
0.307849
0.344588
0.381463
0.411597
0.447903
0.484917
0.521945
0.558988
0.596045
0.633115
0.665531
0.700917
0.738093
0.775280
0.812477
0.849683
0.883699
0.918544
0.953193
0.985775
1.020794
1.058202
1.062053
1.035613
1.018096
0.990329
0.987491
0.996008
1.021574
1.028878
1.057256
1.049391
1.011219
0.978380
0.978619
0.976298
0.941618
0.942092
0.906294
0.908449
0.872008
0.834436
0.796865
0.761742
0.724573
0.689749
0.655864
0.622487
0.586094
0.552163
0.516217
0.482488
0.447067
0.409832
0.376170
0.341554
0.304427
0.267314
0.233533
0.200108
0.163128
0.126166
0.092158
0.060177
0.023380
-0.013394
-0.050143
-0.084675
-0.114567
-0.151105
-0.187611
-0.224082
-0.259344
-0.286650
-0.322155
-0.347833
-0.383640
-0.407705
-0.443143
-0.478700
-0.502088
-0.491970
-0.533084
-0.558282
-0.578380
-0.570099
-0.592861
-0.626914
-0.648766
-0.664924
-0.692126
-0.712989
-0.726093
-0.749873
-0.781532
-0.801659
-0.822090
-0.841907
-0.849070
-0.865028
-0.884170
-0.887598
-0.898535
-0.917138
-0.924679
-0.950560
-0.969269
-0.971682
-0.990342
-0.993571
-1.042444
-1.064975
-1.084544
-1.073543
-1.043876
-1.095836
-1.115657
-1.134707
-1.153072
-1.170727
-1.157435
-1.168627
-1.183647
-1.197870
-1.211274
-1.223835
-1.235534
-1.246347
-1.256257
-1.265243
-1.273289
-1.280378
-1.286496
-1.291631
-1.276407
-1.260345
-1.262415
-1.263497
-1.263589
-1.248307
-1.208868
-1.168589
-1.127535
-1.096043
-1.100059
-1.122781
-1.115669
-1.107696
-1.104037
-1.126429
-1.115705
-1.104162
-1.091817
-1.078690
-1.064784
-1.050128
-1.034747
-1.018662
-1.001892
-0.984459
-0.966381
-0.947680
-0.928374
-0.932757
-0.920170
-0.898792
-0.876885
-0.854469
-0.831562
-0.808182
-0.784346
-0.760071
-0.735373
-0.710268
-0.684772
-0.658898
-0.632662
-0.606076
-0.579155
-0.551910
-0.524354
-0.496498
-0.468354
-0.434184
-0.386179
-0.357544
-0.332303
-0.323674
-0.294012
-0.264129
-0.234033
-0.203731
-0.173230
-0.142534
-0.111654
-0.080597
-0.049368
-0.017975
0.031299
0.066209
0.097826
0.114075
0.156091
0.193544
0.225724
0.258033
0.290468
0.334768
0.363873
0.388482
0.421379
0.454381
0.487487
0.481901
0.460102
0.483372
0.517038
0.545020
0.567952
0.602045
0.636214
0.666680
0.689129
0.720840
0.735109
0.725855
0.747167
0.770275
0.802716
0.791218
0.814280
0.802435
0.826199
0.816868
0.839812
0.865991
0.860909
0.882590
0.880327
0.871885
0.892081
0.894030
0.913222
0.943506
0.949770
0.943827
0.938264
0.933083
0.928286
0.923874
0.919849
0.933968
0.968265
0.971451
0.931440
0.905563
0.903881
0.902591
0.901695
0.891465
0.853814
0.816163
0.778513
0.740830
0.703019
0.673129
0.711374
0.749017
0.786660
0.824304
0.861948
0.864209
0.900957
0.938700
0.977898
1.017603
1.057643
1.095693
1.135467
1.117213
1.079685
1.044482
1.008071
0.970586
0.933105
0.897920
0.906900
0.946260
0.983658
1.023236
1.065255
1.091439
1.111880
1.126595
1.121632
1.165121
1.204864
1.237212
1.274340
1.312858
1.355089
1.392186
1.429294
1.466412
1.503539
1.536690
1.508355
1.552087
1.589116
1.626156
1.669716
1.638770
1.601789
1.564821
1.527865
1.490921
1.453990
1.417072
1.380168
1.348804
1.314424
1.277637
1.240865
1.204111
1.167374
1.130655
1.093954
1.057272
1.024785
0.993098
0.956567
0.920060
0.883576
0.847117
0.810683
0.771562
0.728083
0.691624
0.655192
0.618787
0.582410
0.546062
0.509744
0.473458
0.437203
0.400982
0.364796
0.328647
0.292534
0.256460
0.220426
0.184433
0.148484
0.112579
0.076720
0.040910
0.005150
-0.030558
-0.066212
-0.109967
-0.149946
-0.177874
-0.208238
-0.243584
-0.278861
-0.314065
-0.349193
-0.384241
-0.419206
-0.454084
-0.488871
-0.523563
-0.558154
-0.592640
-0.627015
-0.661275
-0.695412
-0.732512
-0.780009
-0.816261
-0.864602
-0.898658
-0.932568
-0.966323
-0.999914
-1.033327
-1.066554
-1.081881
-1.112909
-1.145097
-1.177032
-1.208700
-1.240083
-1.271161
-1.301915
-1.332322
-1.362358
-1.391998
-1.421215
-1.449978
-1.478256
-1.506014
-1.533214
-1.559816
-1.585778
-1.611053
-1.635593
-1.659344
-1.682253
-1.704260
-1.725303
-1.745320
-1.764244
-1.782007
-1.798540
-1.813774
-1.827640
-1.840072
-1.851007
-1.860386
-1.868156
-1.874270
-1.878691
-1.881373
-1.882288
-1.881459
-1.878892
-1.874602
-1.868618
-1.860976
-1.851720
-1.840904
-1.828586
-1.814829
-1.799699
-1.783265
-1.765595
-1.746759
-1.726825
-1.705858
-1.683924
-1.661083
-1.637394
-1.612913
-1.587692
-1.561781
-1.535226
-1.508071
-1.480354
-1.452115
-1.423387
-1.394204
-1.364594
-1.334587
-1.304207
-1.273479
-1.242424
-1.211064
-1.179417
-1.147500
-1.115331
-1.082924
-1.050288
-1.017442
-0.984397
-0.951166
-0.917759
-0.884186
-0.850455
-0.816575
-0.782554
-0.736258
-0.697956
-0.663828
-0.629578
-0.595211
-0.560733
-0.526150
-0.491467
-0.456687
-0.421816
-0.386857
-0.351815
-0.316693
-0.281495
-0.246224
-0.210883
-0.175475
-0.140002
-0.104468
-0.068876
-0.035882
-0.009464
0.026450
0.062409
0.098414
0.135490
0.181744
0.217733
0.253764
0.289836
0.325947
0.362094
0.398278
0.434496
0.479832
0.517519
0.545379
0.579693
0.616068
0.652471
0.688901
0.725358
0.761840
0.798347
0.834878
0.871433
0.908010
0.944609
0.981229
1.017871
1.054532
1.091212
1.127911
1.164629
1.201365
1.240765
1.280947
1.311674
1.348476
1.385294
1.422127
1.458974
1.495836
1.532712
1.569601
1.606503
1.606503
1.561851
1.524158
1.498763
1.496543
1.494664
1.491598
1.456524
1.420960
1.384617
1.374372
1.376467
1.411317
1.446276
1.481381
1.489519
1.485603
1.451253
1.433532
1.434785
1.406478
1.371695
1.338428
1.304261
1.269217
1.234175
1.199620
1.167005
1.134730
1.102736
1.071320
1.048517
1.052667
1.036726
1.006674
1.009660
1.003754
0.969104
0.934463
0.899828
0.859772
0.821338
0.786642
0.751954
0.717272
0.682604
0.647942
0.613290
0.582954
0.554447
0.526762
0.496399
0.462041
0.422409
0.382342
0.355120
0.328327
0.302079
0.269662
0.234467
0.192088
0.153665
0.119503
0.092572
0.065662
0.031768
-0.002099
-0.035939
-0.069731
-0.103502
-0.137225
-0.170912
-0.204570
-0.238165
-0.271735
-0.305250
-0.338716
-0.372150
-0.405503
-0.435340
-0.456790
-0.485557
-0.518407
-0.551135
-0.579243
-0.598192
-0.626095
-0.658169
-0.690073
-0.716013
-0.732029
-0.758911
-0.789958
-0.820776
-0.844014
-0.856589
-0.867506
-0.879914
-0.908754
-0.927729
-0.934916
-0.940203
-0.948224
-0.974527
-0.988407
-0.989647
-1.010485
-1.029875
-1.027334
-1.038194
-1.060666
-1.082444
-1.097338
-1.089394
-1.097150
-1.116467
-1.106855
-1.102575
-1.119336
-1.135441
-1.151138
-1.134658
-1.116220
-1.096187
-1.096712
-1.108007
-1.118093
-1.127740
-1.136572
-1.120520
-1.095026
-1.101012
-1.106490
-1.111173
-1.114881
-1.118129
-1.120150
-1.136681
-1.172461
-1.179913
-1.174726
-1.137627
-1.116382
-1.113023
-1.108583
-1.109314
-1.137777
-1.130448
-1.088735
-1.075466
-1.066706
-1.056978
-1.046601
-1.035694
-1.023766
-1.011453
-0.998309
-0.984543
-0.970344
-0.955199
-0.939716
-0.923541
-0.906785
-0.889688
-0.871734
-0.853490
-0.834682
-0.815343
-0.795730
-0.775379
-0.754770
-0.733709
-0.712169
-0.690399
-0.668029
-0.645417
-0.622446
-0.599050
-0.575460
-0.551386
-0.527088
-0.502508
-0.477551
-0.452432
-0.426924
-0.401210
-0.375277
-0.349010
-0.322607
-0.295893
-0.268990
-0.241917
-0.214549
-0.187068
-0.159336
-0.131434
-0.103399
-0.093592
-0.075027
-0.026144
0.010626
0.039474
0.068554
0.097715
0.127037
0.156500
0.186041
0.215788
0.245603
0.275548
0.305621
0.335214
0.348217
0.367939
0.398706
0.429583
0.459369
0.474475
0.502991
0.550153
0.585207
0.616556
0.648017
0.679532
0.711112
0.742785
0.774496
0.806300
0.838155
0.870063
0.902055
0.934081
0.966183
0.973525
0.959663
0.917440
0.886753
0.906378
0.926558
0.947144
0.968594
0.993313
1.026588
1.059898
1.093228
1.126610
1.156768
1.179823
1.203424
1.227312
1.251999
1.264941
1.256304
1.271937
1.298047
1.324867
1.357525
1.399219
1.404679
1.397400
1.390564
1.398901
1.427132
1.455887
1.476108
1.436153
1.412825
1.408037
1.375082
1.341790
1.337942
1.352290
1.383921
1.355868
1.325387
1.323069
1.340430
1.373697
1.375890
1.383394
1.417732
1.431555
1.431304
1.464514
1.500004
1.535836
1.549750
1.550968
1.518315
1.485149
1.452353
1.419941
1.387728
1.356097
1.324693
1.293680
1.263127
1.232797
1.203096
1.171364
1.136674
1.101993
1.067317
1.032653
1.000657
0.971962
0.998551
1.028921
0.994466
0.963509
0.936234
0.903105
0.870251
0.843940
0.853917
0.896436
0.931545
0.952532
0.927412
0.892191
0.849266
0.822948
0.795839
0.762062
0.734441
0.710797
0.719868
0.717281
0.683947
0.650653
0.617381
0.584174
0.550990
0.517851
0.476787
0.432517
0.399316
0.366142
0.333014
0.299941
0.266895
0.233925
0.206350
0.186188
0.191759
0.198317
0.152426
0.112742
0.080304
0.047958
0.017885
0.000117
-0.032066
-0.078583
-0.112740
-0.144656
-0.176457
-0.216302
-0.262958
-0.296438
-0.324534
-0.340497
-0.374622
-0.421809
-0.438984
-0.458202
-0.488911
-0.519477
-0.549956
-0.580196
-0.610344
-0.640310
-0.642314
-0.630019
-0.615849
-0.623483
-0.670682
-0.706714
-0.737994
-0.769058
-0.800025
-0.830842
-0.861461
-0.891984
-0.922241
-0.952359
-0.982297
-1.011963
-1.041503
-1.070710
-1.109205
-1.157937
-1.190433
-1.215741
-1.222961
-1.240520
-1.267785
-1.294521
-1.321030
-1.347002
-1.372558
-1.397781
-1.422257
-1.439720
-1.436306
-1.447805
-1.469413
-1.489962
-1.518627
-1.567378
-1.597063
-1.615841
-1.633168
-1.649940
-1.665633
-1.680150
-1.694059
-1.706139
-1.729989
-1.773911
-1.792466
-1.800827
-1.806995
-1.812167
-1.815904
-1.791207
-1.760725
-1.759556
-1.757343
-1.753852
-1.775929
-1.799219
-1.790710
-1.764850
-1.720927
-1.703647
-1.691224
-1.677271
-1.662396
-1.646702
-1.629598
-1.611967
-1.593189
-1.573642
-1.553516
-1.532264
-1.510616
-1.488146
-1.465060
-1.441580
-1.417225
-1.392578
-1.367355
-1.341644
-1.315671
-1.289022
-1.254531
-1.205078
-1.171035
-1.143878
-1.116207
-1.088347
-1.060186
-1.046032
-1.035448
-1.005858
-0.976121
-0.946183
-0.915999
-0.883655
-0.835629
-0.795812
-0.765471
-0.720835
-0.672845
-0.624743
-0.585653
-0.555421
-0.510028
-0.473727
-0.485096
-0.506257
-0.535613
-0.521161
-0.499190
-0.470277
-0.441191
-0.411983
-0.399766
-0.378437
-0.330170
-0.293323
-0.263337
-0.233129
-0.202848
-0.172420
-0.141859
-0.111228
-0.080410
-0.043575
0.004040
0.006379
-0.008586
0.006879
0.028780
0.060404
0.103386
0.150270
0.197295
0.217106
0.202054
0.223184
0.254238
0.285423
0.316678
0.348007
0.379449
0.410937
0.442533
0.433495
0.386742
0.395592
0.413343
0.432009
0.458432
0.490980
0.523610
0.556270
0.588993
0.621766
0.654571
0.687449
0.720353
0.753308
0.736530
0.691652
0.712651
0.723772
0.713128
0.679989
0.637971
0.662132
0.686639
0.711729
0.743280
0.777357
0.811465
0.845587
0.879728
0.913892
0.948067
0.982268
1.016482
1.050711
1.079082
1.106094
1.133756
1.164795
1.199307
1.170658
1.130004
1.089644
1.086528
1.116051
1.150188
1.184958
1.219736
1.251988
1.282358
1.316858
1.351721
1.386589
1.421461
1.456336
1.491217
1.514273
1.510585
1.510585
1.869069
1.826356
1.784987
1.748917
1.712854
1.676801
1.640759
1.604725
1.568706
1.532690
1.496695
1.460704
1.424729
1.388764
1.352812
1.316873
1.280944
1.239172
1.196313
1.160313
1.124318
1.088341
1.052374
1.016420
0.980483
0.944554
0.902701
0.862395
0.892073
0.923307
0.959470
0.977160
0.971562
0.989831
1.021243
1.056861
1.093236
1.129620
1.146595
1.106058
1.098965
1.131960
1.141403
1.138568
1.106732
1.070167
1.033606
0.996429
0.957543
0.953167
0.988132
1.023566
1.059232
1.031536
0.997350
0.997678
0.998186
0.999168
0.982904
0.947939
0.913477
0.879250
0.842967
0.806417
0.769870
0.734257
0.700936
0.666062
0.629588
0.595958
0.563579
0.527614
0.491740
0.460397
0.427573
0.391329
0.355093
0.318866
0.282653
0.246445
0.210256
0.174794
0.145071
0.113376
0.077386
0.041412
0.005454
-0.030479
-0.066402
-0.094914
-0.123766
-0.159407
-0.195030
-0.230617
-0.261089
-0.287017
-0.319736
-0.354940
-0.379681
-0.403459
-0.425782
-0.452155
-0.486407
-0.512939
-0.532951
-0.563035
-0.596575
-0.614858
-0.634566
-0.667229
-0.693518
-0.708075
-0.721369
-0.733648
-0.759862
-0.790550
-0.800363
-0.808890
-0.815318
-0.820815
-0.824690
-0.841609
-0.868490
-0.894885
-0.921135
-0.920546
-0.923630
-0.947764
-0.960701
-0.955132
-0.965401
-0.987165
-1.008193
-1.029016
-1.017974
-1.011971
-1.030075
-1.047740
-1.064717
-1.080988
-1.096773
-1.111559
-1.126087
-1.139299
-1.152230
-1.164054
-1.175300
-1.185683
-1.195162
-1.204050
-1.211691
-1.219020
-1.224777
-1.222458
-1.190086
-1.172115
-1.174500
-1.175905
-1.176701
-1.176193
-1.175362
-1.172977
-1.170239
-1.166279
-1.161656
-1.156144
-1.149672
-1.142636
-1.134363
-1.125791
-1.115825
-1.105529
-1.094168
-1.082217
-1.069514
-1.055984
-1.041994
-0.998942
-0.952050
-0.936214
-0.920105
-0.903176
-0.885778
-0.867811
-0.849200
-0.830248
-0.810498
-0.790563
-0.769800
-0.748820
-0.727228
-0.705272
-0.682897
-0.660031
-0.636919
-0.613206
-0.589356
-0.564901
-0.540278
-0.515211
-0.489870
-0.464228
-0.438220
-0.412038
-0.385408
-0.358679
-0.331513
-0.304218
-0.276604
-0.248784
-0.220749
-0.192440
-0.164008
-0.135244
-0.104255
-0.052820
-0.008080
0.020971
0.039438
0.047385
0.056536
0.066193
0.077372
0.092970
0.143405
0.184249
0.203899
0.229317
0.260188
0.291226
0.322330
0.353636
0.384985
0.416516
0.448112
0.479841
0.511668
0.543583
0.563040
0.577865
0.625014
0.672249
0.704668
0.709564
0.660179
0.646359
0.662966
0.691825
0.724957
0.744066
0.762519
0.782009
0.801909
0.822575
0.843871
0.865677
0.888316
0.911226
0.945574
0.967603
0.921648
0.901251
0.926024
0.951369
0.977156
1.003691
1.030454
1.065863
1.087929
1.044120
1.013883
1.006382
0.999243
0.992370
0.985991
0.979753
1.009743
1.033890
1.029024
1.024406
1.020180
0.994840
0.954752
0.972947
1.006517
0.968082
0.943691
0.978656
1.014284
1.050915
1.064941
1.063977
1.092989
1.128868
1.092536
1.063989
1.064953
1.050458
1.013828
0.977199
0.940569
0.905324
0.870360
0.833765
0.797714
0.763582
0.760709
0.800357
0.792331
0.755843
0.716691
0.677087
0.640548
0.604011
0.567477
0.532437
0.499329
0.464086
0.427635
0.394850
0.364382
0.369510
0.365943
0.335742
0.338270
0.381029
0.419377
0.455363
0.497445
0.540167
0.576065
0.611970
0.647897
0.683837
0.719792
0.755764
0.791745
0.827747
0.863754
0.899783
0.935818
0.971869
1.007930
1.044002
1.060255
1.067010
1.105805
1.143272
1.115404
1.085319
1.049632
1.013962
0.978309
0.942681
0.907065
0.871482
0.835908
0.800370
0.764844
0.729348
0.693875
0.658425
0.623007
0.587604
0.552247
0.516899
0.481600
0.446318
0.411076
0.375864
0.340682
0.305545
0.270427
0.235372
0.200331
0.165354
0.126894
0.081064
0.040864
0.005794
-0.020907
-0.044447
-0.078283
-0.112900
-0.147428
-0.181919
-0.216337
-0.250690
-0.284989
-0.303301
-0.315948
-0.360506
-0.403598
-0.425921
-0.452369
-0.486620
-0.520793
-0.554900
-0.588890
-0.622841
-0.656629
-0.690380
-0.723973
-0.757493
-0.790881
-0.824143
-0.857306
-0.902367
-0.951119
-0.969020
-0.988439
-1.020778
-1.052993
-1.084997
-1.116787
-1.148417
-1.179724
-1.210938
-1.241696
-1.272350
-1.302576
-1.332577
-1.362217
-1.391469
-1.420448
-1.448839
-1.477072
-1.504470
-1.531676
-1.558112
-1.584120
-1.609474
-1.634096
-1.658225
-1.681245
-1.703983
-1.725161
-1.745977
-1.765394
-1.784008
-1.801456
-1.817570
-1.832832
-1.846142
-1.858963
-1.869218
-1.878866
-1.886335
-1.892574
-1.897116
-1.899778
-1.901303
-1.870148
-1.833037
-1.828839
-1.824014
-1.817097
-1.809051
-1.799529
-1.788443
-1.776460
-1.762558
-1.748198
-1.731814
-1.714963
-1.696654
-1.677569
-1.657518
-1.636451
-1.614832
-1.592018
-1.568927
-1.544648
-1.520082
-1.494683
-1.468826
-1.442429
-1.415444
-1.388157
-1.360186
-1.332060
-1.303273
-1.274316
-1.244896
-1.215209
-1.185222
-1.154894
-1.124399
-1.093504
-1.062520
-1.031157
-0.999689
-0.967954
-0.936056
-0.903985
-0.871705
-0.839329
-0.806706
-0.774030
-0.741125
-0.708151
-0.675015
-0.641775
-0.608428
-0.574946
-0.541406
-0.494533
-0.447710
-0.414216
-0.380672
-0.347010
-0.313268
-0.279450
-0.235566
-0.187576
-0.152572
-0.118794
-0.084893
-0.050950
-0.016919
0.017175
0.051327
0.085561
0.119826
0.154189
0.188573
0.223043
0.257544
0.292107
0.326717
0.361367
0.396078
0.430811
0.465616
0.500436
0.535319
0.574084
0.620299
0.654268
0.678022
0.710242
0.745319
0.780452
0.815596
0.850787
0.885996
0.921238
0.956508
0.991800
1.027128
1.062467
1.097848
1.133239
1.168664
1.204105
1.239571
1.275059
1.310563
1.346095
1.381636
1.417211
1.452793
1.488402
1.524023
1.559664
1.595322
1.630994
1.666688
1.702388
1.738115
1.773849
1.809603
1.845368
1.881148
1.869735
1.826203
1.826203
1.785229
1.744253
1.704105
1.669666
1.635231
1.600810
1.566396
1.531994
1.497602
1.463220
1.428852
1.394491
1.360147
1.325808
1.291489
1.257174
1.222882
1.188594
1.154328
1.120069
1.085830
1.051602
1.017391
0.983196
0.949015
0.909967
0.868253
0.853416
0.846482
0.871175
0.899570
0.934115
0.967846
0.997058
1.007091
0.967613
0.942458
0.938272
0.952999
0.984334
1.018011
1.052900
1.087793
1.122687
1.091351
1.055035
1.052850
1.056565
1.090011
1.113415
1.112493
1.111829
1.111522
1.092445
1.057727
1.023445
0.989376
0.955851
0.922464
0.889743
0.856959
0.822029
0.787101
0.752176
0.718210
0.686429
0.653321
0.618468
0.583619
0.548774
0.516723
0.485956
0.451962
0.417220
0.387188
0.357149
0.322544
0.287943
0.253358
0.218779
0.184214
0.152463
0.124224
0.092483
0.058117
0.023774
-0.010559
-0.044863
-0.079161
-0.105961
-0.132970
-0.166982
-0.199105
-0.223885
-0.251602
-0.285247
-0.313994
-0.336940
-0.365868
-0.399049
-0.423490
-0.444379
-0.475076
-0.507673
-0.526757
-0.546548
-0.578419
-0.606838
-0.622843
-0.643999
-0.674972
-0.697546
-0.710678
-0.733812
-0.763687
-0.779137
-0.789089
-0.814858
-0.843405
-0.871516
-0.897250
-0.902573
-0.907285
-0.909958
-0.911676
-0.911676
-0.923156
-0.946886
-0.953621
-0.949508
-0.964240
-0.985696
-1.006377
-1.026936
-1.046541
-1.066016
-1.084579
-1.102873
-1.120332
-1.125702
-1.110499
-1.110019
-1.124455
-1.138083
-1.151224
-1.163343
-1.175123
-1.185654
-1.196005
-1.204878
-1.209079
-1.181978
-1.163239
-1.168741
-1.173651
-1.177605
-1.180758
-1.183140
-1.184513
-1.185309
-1.184890
-1.184094
-1.181887
-1.179479
-1.175525
-1.171350
-1.165847
-1.159936
-1.152918
-1.131908
-1.089567
-1.064380
-1.054855
-1.044464
-1.033606
-1.021753
-1.009612
-0.996360
-0.982955
-0.968410
-0.953690
-0.938026
-0.922063
-0.905338
-0.888201
-0.870471
-0.852233
-0.833553
-0.814281
-0.794706
-0.774467
-0.754049
-0.732906
-0.711665
-0.689712
-0.667640
-0.644988
-0.622143
-0.598836
-0.575271
-0.551351
-0.527115
-0.502620
-0.477762
-0.452728
-0.466982
-0.490940
-0.489658
-0.483888
-0.434526
-0.389239
-0.362287
-0.328444
-0.279149
-0.241504
-0.218985
-0.194065
-0.167271
-0.140216
-0.113044
-0.125618
-0.147219
-0.141521
-0.132674
-0.103955
-0.075180
-0.046172
-0.017076
0.012204
0.041598
0.071134
0.111476
0.159817
0.195041
0.224677
0.254499
0.284360
0.314422
0.344511
0.374783
0.405094
0.435555
0.466075
0.496714
0.519944
0.534511
0.558888
0.590148
0.621509
0.652911
0.671954
0.688659
0.706541
0.721510
0.708087
0.702026
0.721953
0.742274
0.763334
0.790116
0.823246
0.849942
0.872359
0.871065
0.860879
0.880075
0.904299
0.929481
0.951121
0.943080
0.935182
0.927754
0.932960
0.960586
0.971803
0.965733
0.938786
0.898695
0.910360
0.940187
0.940528
0.936342
0.932788
0.925119
0.887277
0.858204
0.855895
0.866903
0.900259
0.933962
0.968014
1.002480
1.037192
1.045992
1.046305
1.016366
0.982301
0.948914
0.915623
0.882955
0.849701
0.814771
0.781033
0.749187
0.735604
0.739360
0.765748
0.804888
0.844404
0.884035
0.919214
0.953860
0.988519
1.023180
1.057852
1.092527
1.127211
1.161900
1.196597
1.231299
1.266006
1.300720
1.335438
1.370164
1.404892
1.439629
1.473393
1.478151
1.482996
1.488302
1.493762
1.499612
1.488830
1.454347
1.419873
1.385408
1.355416
1.327671
1.327657
1.334918
1.304086
1.269892
1.235723
1.201561
1.167422
1.133293
1.099186
1.065093
1.031019
0.996963
0.962924
0.928908
0.894905
0.860933
0.826968
0.793041
0.759119
0.725238
0.691365
0.657529
0.623708
0.589920
0.556155
0.522418
0.488712
0.455030
0.421387
0.387763
0.354188
0.320624
0.287123
0.253630
0.220201
0.186787
0.153433
0.116634
0.072668
0.033452
0.000008
-0.033389
-0.066752
-0.100056
-0.133333
-0.156742
-0.178147
-0.210447
-0.243216
-0.275873
-0.311192
-0.356461
-0.397498
-0.430233
-0.462904
-0.495502
-0.528011
-0.560459
-0.592790
-0.625074
-0.657208
-0.689314
-0.721230
-0.753120
-0.784815
-0.816457
-0.847916
-0.879282
-0.910479
-0.941539
-0.972446
-1.003160
-1.033747
-1.064074
-1.094304
-1.124192
-1.154024
-1.183419
-1.212751
-1.241639
-1.270394
-1.298721
-1.326819
-1.354515
-1.381861
-1.408845
-1.435331
-1.461509
-1.487008
-1.512274
-1.536640
-1.560872
-1.583937
-1.606835
-1.628571
-1.642558
-1.633298
-1.634116
-1.651614
-1.668187
-1.683846
-1.698234
-1.711876
-1.723861
-1.735313
-1.744689
-1.753766
-1.760377
-1.766633
-1.770646
-1.773957
-1.775302
-1.775599
-1.774254
-1.771532
-1.767519
-1.761836
-1.755226
-1.746698
-1.737597
-1.726390
-1.714888
-1.701246
-1.687303
-1.671644
-1.655478
-1.637979
-1.619811
-1.600647
-1.580691
-1.560029
-1.538486
-1.516481
-1.493537
-1.470333
-1.446155
-1.421846
-1.396617
-1.371250
-1.345171
-1.318874
-1.292037
-1.264919
-1.237406
-1.209565
-1.181448
-1.152968
-1.124308
-1.095263
-1.066118
-1.036570
-1.006969
-0.976994
-0.946957
-0.916627
-0.886199
-0.855548
-0.824771
-0.793828
-0.762739
-0.731531
-0.700158
-0.668709
-0.637082
-0.605413
-0.573556
-0.541674
-0.509618
-0.477531
-0.445307
-0.413033
-0.380652
-0.342352
-0.296565
-0.268787
-0.254696
-0.228182
-0.196211
-0.164113
-0.131989
-0.099728
-0.067451
-0.035050
-0.002624
0.029900
0.062463
0.095103
0.127792
0.160540
0.193348
0.226197
0.259113
0.292058
0.325076
0.358109
0.391223
0.424346
0.457541
0.490752
0.524021
0.557314
0.590652
0.624021
0.657426
0.690867
0.724333
0.765317
0.809214
0.835579
0.858788
0.892150
0.925787
0.959470
0.993163
1.026893
1.060638
1.094412
1.132697
1.175859
1.213279
1.246983
1.280720
1.314468
1.348252
1.382041
1.415869
1.449702
1.483568
1.517442
1.551344
1.585259
1.619195
1.649078
1.674801
1.679772
1.672032
1.690317
1.717426
1.717426
