1.703079
1.670741
1.638407
1.606472
1.574547
1.543036
1.512481
1.511770
1.509822
1.479226
1.448643
1.418284
1.387941
1.357831
1.327759
1.298163
1.268505
1.238164
1.207944
1.178911
1.149937
1.121480
1.092600
1.060424
1.028478
0.998164
0.968114
0.939765
0.911137
0.880863
0.850995
0.823342
0.795264
0.765048
0.734832
0.704621
0.675042
0.648223
0.620754
0.590625
0.560498
0.530379
0.500262
0.470153
0.440047
0.409949
0.379853
0.349767
0.319684
0.289610
0.260741
0.235323
0.208690
0.178754
0.148824
0.118910
0.089001
0.059108
0.029223
-0.000646
-0.030507
-0.060350
-0.088199
-0.111822
-0.137430
-0.167046
-0.196647
-0.226221
-0.255778
-0.285307
-0.311995
-0.333681
-0.358161
-0.387351
-0.416514
-0.445631
-0.474716
-0.503753
-0.532755
-0.561704
-0.586444
-0.605221
-0.628081
-0.656484
-0.684826
-0.713089
-0.735870
-0.751810
-0.766831
-0.780750
-0.800660
-0.827445
-0.854099
-0.880607
-0.899142
-0.909253
-0.926885
-0.952144
-0.967957
-0.974581
-0.990040
-1.013744
-1.026399
-1.029162
-1.030439
-1.030439
-1.006911
-0.963998
-0.956482
-0.976934
-0.996957
-1.016655
-1.049690
-1.092410
-1.106483
-1.100620
-1.093059
-1.084365
-1.106398
-1.148049
-1.156281
-1.144091
-1.130189
-1.115285
-1.117088
-1.128232
-1.138515
-1.148339
-1.137777
-1.116809
-1.114420
-1.121082
-1.106259
-1.081452
-1.097268
-1.131071
-1.164019
-1.196608
-1.206505
-1.207303
-1.184990
-1.153873
-1.143944
-1.141674
-1.138291
-1.134527
-1.152112
-1.176620
-1.154500
-1.118099
-1.081091
-1.043908
-1.028903
-1.019928
-1.032498
-1.050570
-1.044480
-1.032609
-1.019796
-1.006773
-0.992851
-0.978742
-0.963778
-0.948648
-0.932705
-0.916618
-0.899762
-0.882780
-0.865072
-0.847255
-0.828754
-0.810160
-0.790922
-0.771605
-0.751682
-0.731693
-0.711136
-0.690523
-0.669378
-0.648186
-0.645726
-0.644653
-0.623177
-0.600430
-0.577258
-0.554064
-0.530474
-0.506867
-0.482889
-0.458900
-0.434563
-0.410220
-0.385551
-0.360937
-0.352695
-0.344212
-0.318545
-0.292488
-0.250639
-0.209882
-0.199672
-0.189390
-0.177597
-0.164971
-0.138071
-0.111160
-0.084088
-0.057986
-0.043699
-0.028258
-0.000581
0.028302
0.068470
0.103022
0.090659
0.081674
0.098132
0.116099
0.144386
0.171259
0.189294
0.208910
0.237602
0.264833
0.284309
0.305399
0.334430
0.361983
0.382775
0.405182
0.434493
0.463813
0.493168
0.521014
0.543194
0.567007
0.596583
0.626166
0.655772
0.685386
0.715021
0.744664
0.774327
0.803996
0.833685
0.863381
0.893094
0.922814
0.952550
0.982293
1.012052
1.041816
1.071596
1.099656
1.123955
1.150073
1.179982
1.209897
1.239821
1.271555
1.306727
1.338186
1.362905
1.389542
1.419507
1.436481
1.431883
1.439098
1.465088
1.479348
1.475759
1.472363
1.469248
1.466330
1.463690
1.474209
1.502345
1.530714
1.559382
1.561073
1.529562
1.526098
1.555742
1.557137
1.526545
1.525279
1.555871
1.586685
1.617730
1.618663
1.589486
1.591496
1.623430
1.639812
1.641877
1.628130
1.600419
1.573006
1.545846
1.519001
1.492414
1.463846
1.433733
1.406023
1.380107
1.351795
1.321767
1.291746
1.261729
1.231718
1.201713
1.171715
1.141721
1.114905
1.090002
1.065554
1.041370
1.013591
0.983833
0.954089
0.924352
0.898994
0.875835
0.848346
0.818780
0.789234
0.759698
0.725353
0.688913
0.652718
0.616624
0.589858
0.566769
0.538985
0.509441
0.485470
0.463478
0.436009
0.406698
0.383850
0.363059
0.335931
0.306901
0.285316
0.265840
0.239086
0.210394
0.181764
0.153150
0.133373
0.115665
0.089357
0.061170
0.043048
0.026974
0.001137
-0.026540
-0.054101
-0.081641
-0.109055
-0.136449
-0.163706
-0.190942
-0.218028
-0.245095
-0.271998
-0.298881
-0.338513
-0.379508
-0.407590
-0.434454
-0.449392
-0.463352
-0.502233
-0.542862
-0.557639
-0.570905
-0.610695
-0.651728
-0.692573
-0.733411
-0.760781
-0.787817
-0.814607
-0.841393
-0.867901
-0.894407
-0.920605
-0.946798
-0.972651
-0.998494
-1.023962
-1.049413
-1.074448
-1.099460
-1.124010
-1.148527
-1.172529
-1.196489
-1.219874
-1.243203
-1.265890
-1.288505
-1.310401
-1.332208
-1.353208
-1.374096
-1.394082
-1.413929
-1.432767
-1.451434
-1.468975
-1.486310
-1.502393
-1.518228
-1.532680
-1.546838
-1.559480
-1.571779
-1.582431
-1.592689
-1.601183
-1.609232
-1.615419
-1.621112
-1.624874
-1.628103
-1.629365
-1.630062
-1.628799
-1.626950
-1.623188
-1.618832
-1.612645
-1.605870
-1.597376
-1.588308
-1.577656
-1.566455
-1.553813
-1.540653
-1.526202
-1.511266
-1.495183
-1.478653
-1.461112
-1.443160
-1.424322
-1.405108
-1.385123
-1.357395
-1.314499
-1.279215
-1.258178
-1.236844
-1.214980
-1.192844
-1.170243
-1.147393
-1.124135
-1.100649
-1.076806
-1.052752
-1.028384
-1.003824
-0.978987
-0.953973
-0.928715
-0.903293
-0.877657
-0.851870
-0.825892
-0.799776
-0.773491
-0.753556
-0.741014
-0.721518
-0.694255
-0.666892
-0.639424
-0.605576
-0.565168
-0.524649
-0.484020
-0.450266
-0.423019
-0.395677
-0.368251
-0.333863
-0.293412
-0.260066
-0.232657
-0.197997
-0.157528
-0.124453
-0.097059
-0.062126
-0.021641
0.011162
0.038543
0.066006
0.093526
0.121125
0.148774
0.176499
0.204270
0.232113
0.259999
0.287952
0.315944
0.344002
0.372094
0.400249
0.428436
0.449552
0.467169
0.492225
0.520793
0.503000
0.464346
0.466370
0.485828
0.506003
0.526470
0.553258
0.582495
0.611765
0.641047
0.670359
0.699683
0.729036
0.758398
0.782282
0.804456
0.832340
0.861906
0.886456
0.909614
0.943005
0.979064
0.981072
0.974748
0.993156
1.017221
1.050687
1.086159
1.097126
1.103233
1.124197
1.147889
1.176820
1.206638
1.236471
1.266306
1.296157
1.326010
1.355877
1.385746
1.415628
1.445513
1.475410
1.505309
1.475709
1.440741
1.461817
1.487268
1.517040
1.547098
1.544863
1.540866
1.566246
1.592894
1.620088
1.647299
1.677472
1.707708
1.707708
1.881958
1.835967
1.789734
1.772420
1.749583
1.703531
1.657487
1.611453
1.565428
1.519414
1.472184
1.423105
1.374362
1.331053
1.285043
1.239043
1.193056
1.147079
1.101115
1.055163
1.009225
0.963299
0.917388
0.871491
0.825610
0.779744
0.733895
0.686702
0.637212
0.593038
0.550672
0.499668
0.453856
0.408065
0.362292
0.316543
0.270813
0.222067
0.233894
0.279767
0.325658
0.371566
0.417491
0.463432
0.509388
0.555359
0.601344
0.643793
0.689199
0.735278
0.777577
0.823725
0.871673
0.918695
0.899959
0.944609
0.952581
0.940004
0.982501
1.028054
1.051229
1.071378
1.069695
1.106350
1.079666
1.115070
1.107268
1.091085
1.045019
0.999588
0.954811
0.987348
0.959734
0.963110
1.000820
1.010561
0.964842
0.921188
0.875775
0.832254
0.791054
0.751440
0.706266
0.660311
0.619166
0.573306
0.532668
0.486917
0.446821
0.407189
0.361678
0.322654
0.277299
0.238927
0.193749
0.150241
0.111100
0.066172
0.027838
-0.015257
-0.052377
-0.091992
-0.130592
-0.170300
-0.198691
-0.236539
-0.263155
-0.306123
-0.348971
-0.391672
-0.432398
-0.455070
-0.489825
-0.509880
-0.509463
-0.561027
-0.596720
-0.639519
-0.660103
-0.674171
-0.720708
-0.749303
-0.748336
-0.721322
-0.776343
-0.793690
-0.829369
-0.844450
-0.878797
-0.891460
-0.908642
-0.885901
-0.882120
-0.876027
-0.908091
-0.906732
-0.939901
-0.943379
-0.968366
-0.978681
-1.015539
-1.010879
-1.004469
-1.040382
-1.067277
-1.060068
-1.047848
-1.062823
-1.105792
-1.118674
-1.130326
-1.140747
-1.149854
-1.157718
-1.151994
-1.139157
-1.142865
-1.115292
-1.115981
-1.115796
-1.096712
-1.081033
-1.076898
-1.071555
-1.064906
-1.063553
-1.077664
-1.067171
-1.055488
-1.042597
-1.028594
-1.013412
-0.997199
-0.979842
-0.961537
-0.907058
-0.907816
-0.887416
-0.866168
-0.843967
-0.820953
-0.814510
-0.797957
-0.772186
-0.739206
-0.713271
-0.690539
-0.641749
-0.618002
-0.581951
-0.549624
-0.519016
-0.476839
-0.411601
-0.392035
-0.369725
-0.336889
-0.303640
-0.283616
-0.256290
-0.221526
-0.181504
-0.115950
-0.124959
-0.102624
-0.073120
-0.048322
-0.000538
0.026197
0.046295
0.084447
0.113885
0.144830
0.183928
0.221324
0.246931
0.286836
0.326930
0.289616
0.287136
0.314334
0.353965
0.388025
0.420757
0.454757
0.466685
0.447232
0.455926
0.438009
0.421747
0.448188
0.495963
0.512820
0.530218
0.551385
0.542720
0.504678
0.509801
0.494206
0.479218
0.489838
0.524077
0.507044
0.505197
0.509306
0.527500
0.545439
0.523583
0.557065
0.548486
0.540505
0.553569
0.526492
0.520454
0.523029
0.564569
0.566856
0.563478
0.520657
0.473111
0.425108
0.378679
0.330388
0.283892
0.329925
0.376405
0.422885
0.469364
0.515751
0.562185
0.608766
0.587469
0.565093
0.590663
0.566352
0.520612
0.477307
0.494247
0.447933
0.401623
0.355338
0.311882
0.265444
0.218195
0.173154
0.126927
0.080709
0.036963
-0.008169
-0.054300
-0.100419
-0.143175
-0.152240
-0.164092
-0.155560
-0.146282
-0.095889
-0.050498
-0.005067
0.040716
0.092226
0.137654
0.183116
0.228608
0.274132
0.319683
0.365262
0.410867
0.461246
0.507961
0.553557
0.593529
0.639249
0.684990
0.730750
0.781889
0.827618
0.873367
0.919133
0.964918
1.015990
1.061745
1.107517
1.153306
1.199111
1.244931
1.290767
1.336617
1.380666
1.423608
1.471595
1.520154
1.566071
1.611897
1.653435
1.699785
1.749852
1.795824
1.841807
1.887799
1.890303
1.844309
1.798326
1.752353
1.706391
1.660439
1.614498
1.568570
1.522653
1.476749
1.430856
1.384978
1.339113
1.293262
1.247425
1.201604
1.155798
1.110009
1.064236
1.018480
0.972742
0.931674
0.887036
0.841428
0.795844
0.750282
0.707683
0.665587
0.626888
0.581609
0.536365
0.491154
0.445982
0.400846
0.355751
0.309031
0.263840
0.220719
0.175800
0.130932
0.086113
0.038128
-0.011593
-0.056374
-0.092749
-0.137103
-0.181555
-0.225927
-0.270228
-0.314443
-0.358576
-0.402616
-0.446563
-0.490407
-0.534144
-0.577769
-0.621271
-0.664649
-0.707885
-0.750984
-0.793918
-0.836701
-0.879292
-0.921712
-0.963910
-1.005911
-1.047663
-1.089179
-1.121684
-1.093672
-1.051773
-1.022117
-0.979477
-0.940163
-0.961605
-1.006720
-1.059915
-1.104360
-1.147502
-1.190436
-1.233181
-1.275679
-1.317952
-1.351240
-1.400032
-1.442431
-1.484557
-1.526360
-1.567822
-1.608898
-1.649543
-1.689723
-1.729354
-1.768417
-1.806772
-1.844427
-1.881163
-1.917030
-1.951691
-1.985232
-2.017252
-2.047788
-2.076412
-2.103082
-2.127371
-2.149131
-2.168003
-2.183714
-2.196068
-2.204683
-2.209636
-2.210477
-2.207632
-2.200628
-2.190216
-2.175926
-2.158670
-2.138140
-2.115110
-2.089480
-2.061804
-2.032126
-2.000807
-1.967966
-1.933821
-1.898524
-1.862188
-1.824977
-1.786934
-1.748222
-1.708838
-1.668937
-1.628488
-1.587632
-1.546333
-1.504701
-1.462716
-1.420451
-1.377902
-1.335116
-1.292100
-1.248881
-1.205473
-1.161890
-1.118152
-1.074261
-1.030241
-0.986088
-0.941828
-0.897449
-0.843910
-0.790468
-0.746215
-0.701856
-0.657411
-0.612876
-0.566693
-0.508827
-0.524584
-0.568680
-0.601108
-0.570358
-0.526483
-0.482509
-0.438432
-0.394269
-0.350011
-0.305679
-0.261261
-0.216775
-0.172214
-0.127591
-0.082901
-0.038154
-0.019368
-0.057813
-0.102681
-0.140909
-0.101271
-0.056128
-0.010942
0.027492
0.072869
0.118284
0.163730
0.209212
0.254720
0.300261
0.346425
0.364089
0.321060
0.275705
0.230385
0.185101
0.139855
0.100480
0.069049
0.099379
0.144344
0.189354
0.237736
0.286959
0.331993
0.377065
0.422182
0.467334
0.512526
0.557751
0.603013
0.648306
0.693631
0.738987
0.784371
0.829785
0.875224
0.920690
0.966181
1.011697
1.057234
1.102796
1.148378
1.190881
1.233935
1.279643
1.325367
1.371109
1.416867
1.462642
1.507201
1.549193
1.595065
1.640949
1.686846
1.732755
1.778676
1.824607
1.870550
1.496462
1.459896
1.423643
1.387712
1.387689
1.352672
1.353194
1.318991
1.284777
1.286147
1.253223
1.255170
1.258077
1.223248
1.190861
1.155347
1.119756
1.087836
1.052401
1.016860
0.981324
0.945793
0.910266
0.874745
0.843487
0.880749
0.848615
0.813204
0.777801
0.742405
0.707019
0.676839
0.636575
0.600910
0.565560
0.530218
0.494888
0.465080
0.430215
0.394990
0.359778
0.330740
0.296106
0.261024
0.225960
0.190915
0.155889
0.120883
0.085898
0.050935
0.015995
-0.018922
-0.053813
-0.088679
-0.123518
-0.158329
-0.185265
-0.219051
-0.245087
-0.238608
-0.258705
-0.291630
-0.325596
-0.359503
-0.393348
-0.416330
-0.448492
-0.481924
-0.503486
-0.534973
-0.567911
-0.587901
-0.618599
-0.637194
-0.652716
-0.666962
-0.695767
-0.726618
-0.740917
-0.768529
-0.798434
-0.810490
-0.768905
-0.743704
-0.746343
-0.751735
-0.775736
-0.802724
-0.808743
-0.809743
-0.831079
-0.855837
-0.857744
-0.877061
-0.900111
-0.899113
-0.916205
-0.961488
-0.987299
-1.007732
-1.002599
-0.990821
-0.977434
-0.988736
-1.004852
-1.020270
-1.034968
-1.048924
-1.089307
-1.108218
-1.120105
-1.131150
-1.141331
-1.150629
-1.159025
-1.166502
-1.173044
-1.178637
-1.154937
-1.151241
-1.153849
-1.155498
-1.184437
-1.191724
-1.190447
-1.188182
-1.184935
-1.180712
-1.175524
-1.169381
-1.162298
-1.127400
-1.110762
-1.127594
-1.098746
-1.079526
-1.067458
-1.054595
-1.040959
-1.026572
-1.011456
-0.995633
-0.979125
-0.961954
-0.944143
-0.925714
-0.884148
-0.857184
-0.859286
-0.846244
-0.803796
-0.774906
-0.753098
-0.730832
-0.728103
-0.692311
-0.661447
-0.618215
-0.584976
-0.579588
-0.599244
-0.606994
-0.625282
-0.650144
-0.674639
-0.679549
-0.675695
-0.690464
-0.712624
-0.734333
-0.734957
-0.746855
-0.745596
-0.707863
-0.706381
-0.746482
-0.774201
-0.792157
-0.787652
-0.794464
-0.810341
-0.847955
-0.850492
-0.822245
-0.779775
-0.732726
-0.707530
-0.712781
-0.704909
-0.676476
-0.643300
-0.610029
-0.576668
-0.543221
-0.509693
-0.476087
-0.442408
-0.408659
-0.367104
-0.336900
-0.307024
-0.273027
-0.238975
-0.211610
-0.181013
-0.140151
-0.102263
-0.067970
-0.033635
0.000741
0.035155
0.069607
0.110176
0.142165
0.173170
0.207757
0.242373
0.277019
0.311693
0.346395
0.381122
0.415875
0.455873
0.493877
0.523532
0.555122
0.589989
0.629735
0.667740
0.702579
0.737438
0.772317
0.807214
0.842131
0.877065
0.912016
0.946984
0.981969
1.016969
1.051985
1.087016
1.122061
1.157120
1.192192
1.227278
1.262377
1.297488
1.308710
1.322438
1.358495
1.392925
1.428945
1.466826
1.459025
1.457505
1.487356
1.497873
1.493058
1.508232
1.502580
1.464819
1.425367
1.405650
1.402368
1.418795
1.453179
1.487549
1.501784
1.519033
1.514954
1.516046
1.512855
1.495399
1.513962
1.549735
1.585576
1.621585
1.620320
1.584970
1.587158
1.623438
1.641533
1.624797
1.627408
1.627789
1.593291
1.560143
1.563231
1.566288
1.551972
1.538080
1.506717
1.471243
1.433520
1.400210
1.367010
1.331552
1.296099
1.260653
1.225212
1.189778
1.154351
1.116623
1.078652
1.043196
1.010099
0.977317
0.939550
0.903838
0.871189
0.835829
0.800479
0.765137
0.729805
0.694483
0.659170
0.623868
0.588577
0.556065
0.542929
0.549677
0.541300
0.529423
0.522154
0.492070
0.457370
0.426657
0.401378
0.391577
0.401785
0.412398
0.404092
0.370113
0.341115
0.314024
0.285517
0.259122
0.231136
0.205480
0.172333
0.139255
0.106248
0.073316
0.040461
0.001899
-0.045077
-0.086374
-0.124870
-0.171656
-0.212962
-0.246019
-0.278991
-0.311875
-0.344666
-0.377360
-0.409953
-0.436497
-0.452998
-0.474832
-0.506442
-0.544334
-0.586415
-0.617859
-0.649144
-0.663588
-0.672478
-0.720759
-0.762966
-0.794670
-0.809332
-0.816745
-0.858988
-0.896692
-0.938989
-0.971002
-1.002843
-1.034501
-1.065964
-1.097217
-1.128247
-1.159037
-1.189571
-1.219830
-1.249794
-1.279441
-1.308746
-1.337684
-1.366225
-1.394339
-1.414249
-1.425183
-1.451180
-1.476575
-1.501324
-1.525375
-1.539767
-1.542713
-1.563664
-1.583678
-1.602693
-1.620641
-1.637456
-1.653067
-1.667407
-1.680405
-1.691998
-1.702122
-1.710719
-1.717737
-1.723134
-1.726874
-1.728933
-1.729296
-1.727962
-1.724939
-1.720248
-1.713918
-1.705991
-1.696514
-1.685542
-1.673136
-1.659362
-1.652766
-1.651120
-1.610505
-1.591937
-1.572342
-1.551783
-1.530324
-1.508024
-1.484939
-1.467611
-1.462113
-1.442297
-1.433662
-1.406217
-1.372911
-1.322647
-1.277732
-1.249607
-1.221095
-1.192221
-1.163009
-1.133481
-1.108016
-1.096447
-1.075385
-1.030616
-0.999409
-0.971630
-0.949160
-0.908056
-0.888316
-0.852664
-0.805046
-0.760586
-0.725110
-0.680589
-0.651436
-0.630857
-0.598124
-0.565281
-0.532336
-0.499293
-0.463519
-0.423221
-0.405606
-0.370046
-0.323012
-0.287985
-0.296272
-0.263865
-0.231356
-0.196104
-0.148743
-0.112653
-0.120874
-0.088706
-0.056437
-0.024071
0.008388
0.043399
0.088346
0.120877
0.153493
0.186189
0.221220
0.263890
0.284733
0.317724
0.350782
0.383905
0.417092
0.450339
0.483644
0.510449
0.494865
0.461375
0.426197
0.389239
0.412257
0.445990
0.479771
0.513599
0.548928
0.585937
0.572499
0.616890
0.650461
0.682680
0.705887
0.739721
0.773596
0.806287
0.830439
0.864543
0.898682
0.932853
0.967057
1.001292
1.034574
1.052268
1.011489
1.005407
1.025503
0.990839
0.956198
0.921580
0.886987
0.852417
0.817874
0.782612
0.741517
0.729935
0.691816
0.718976
0.753844
0.788732
0.823638
0.858563
0.893505
0.928465
0.963441
0.998433
1.033440
1.068463
1.103501
1.138926
1.180809
1.215820
1.250845
1.285884
1.317591
1.278497
1.307041
1.336041
1.365687
1.400818
1.430924
1.466308
1.499461
1.461012
1.490859
1.486510
1.482479
1.478025
1.439694
1.436594
1.433819
1.430872
1.393035
1.355864
1.354364
1.353445
1.388374
1.424134
1.424134
1.595733
1.556765
1.517396
1.485458
1.513232
1.500496
1.469618
1.480087
1.487778
1.447752
1.406720
1.407306
1.400924
1.362563
1.322921
1.310797
1.280113
1.240642
1.269119
1.308865
1.348807
1.348091
1.318565
1.359501
1.399117
1.431213
1.445524
1.461318
1.424431
1.385405
1.346382
1.307364
1.268349
1.231931
1.194296
1.155336
1.113096
1.073337
1.038118
0.999550
0.960618
0.921980
0.887511
0.848654
0.809805
0.772370
0.737522
0.698765
0.660019
0.624091
0.588664
0.550031
0.511414
0.472811
0.434225
0.401002
0.364171
0.325733
0.287317
0.248922
0.210551
0.172205
0.134847
0.103905
0.065763
0.027653
-0.007468
-0.039094
-0.072714
-0.104550
-0.142153
-0.185737
-0.221245
-0.246924
-0.246212
-0.269898
-0.296111
-0.330397
-0.353989
-0.374668
-0.409707
-0.428625
-0.448346
-0.480115
-0.499961
-0.528980
-0.532510
-0.511877
-0.521154
-0.556009
-0.577820
-0.597562
-0.620028
-0.635847
-0.659103
-0.670658
-0.694844
-0.701794
-0.727049
-0.729059
-0.755512
-0.779975
-0.773373
-0.747484
-0.741282
-0.741837
-0.764647
-0.786864
-0.808464
-0.829424
-0.849719
-0.869325
-0.888216
-0.906367
-0.923753
-0.940348
-0.984630
-1.036083
-1.087235
-1.103786
-1.116959
-1.129121
-1.140261
-1.143727
-1.122912
-1.130630
-1.137265
-1.142799
-1.163337
-1.169729
-1.152683
-1.131908
-1.092606
-1.077767
-1.050963
-1.041834
-1.041537
-1.040187
-1.037789
-1.034345
-1.068186
-1.097994
-1.091080
-1.083115
-1.074118
-1.064108
-1.053105
-1.041132
-1.028213
-1.014372
-1.018063
-1.018011
-1.001186
-0.983535
-0.965085
-0.971257
-0.984154
-0.995120
-1.004113
-1.034042
-1.063837
-1.071079
-1.100488
-1.124379
-1.124952
-1.131531
-1.157677
-1.183175
-1.194824
-1.176412
-1.144655
-1.112517
-1.080024
-1.047199
-1.014065
-0.980642
-0.962570
-0.931131
-0.896559
-0.861778
-0.826012
-0.774962
-0.737498
-0.688145
-0.653122
-0.617934
-0.582590
-0.553182
-0.526611
-0.490579
-0.454430
-0.418171
-0.381807
-0.345343
-0.308784
-0.272136
-0.235402
-0.198586
-0.161693
-0.124725
-0.087684
-0.050575
-0.013403
0.023832
0.061124
0.101933
0.147228
0.184524
0.200671
0.176609
0.139150
0.101743
0.064390
0.019060
0.024084
0.059068
0.096758
0.134491
0.172267
0.210153
0.256356
0.267282
0.282565
0.320046
0.357573
0.395145
0.436561
0.480959
0.518522
0.556127
0.593771
0.631453
0.675963
0.717130
0.754801
0.792507
0.821773
0.858279
0.852478
0.880012
0.926813
0.963922
0.981218
0.934369
0.897416
0.889561
0.895516
0.927191
0.962163
0.978899
0.973017
0.967567
0.962552
0.957974
0.953834
0.950133
0.914620
0.872660
0.867139
0.865174
0.866201
0.904360
0.943020
0.982224
1.021375
1.060498
1.100049
1.139614
1.179255
1.180147
1.140960
1.101773
1.062586
1.023399
0.985296
0.947943
0.911080
0.874725
0.875044
0.837110
0.798064
0.759021
0.719982
0.680948
0.642959
0.606709
0.566278
0.524854
0.485842
0.446836
0.410191
0.372968
0.334035
0.295110
0.256193
0.217284
0.178383
0.144146
0.105700
0.067065
0.040141
0.075136
0.037779
0.015018
0.033183
0.079943
0.123746
0.161936
0.200155
0.238401
0.276675
0.314974
0.353298
0.391645
0.430015
0.468407
0.506820
0.545253
0.583706
0.622178
0.660668
0.699175
0.737700
0.776240
0.814796
0.853367
0.891952
0.930552
0.969165
1.004505
1.040331
1.079048
1.071331
1.039372
1.036829
1.075019
1.088894
1.131373
1.106366
1.068303
1.030163
0.992046
0.953954
0.915887
0.877846
0.839832
0.801846
0.763889
0.725961
0.688064
0.650200
0.612368
0.574571
0.536809
0.499085
0.461399
0.423753
0.386148
0.348586
0.311071
0.273603
0.236183
0.198815
0.161499
0.124238
0.087035
0.049891
0.018403
-0.011561
-0.055370
-0.098027
-0.134828
-0.171550
-0.208190
-0.244744
-0.269230
-0.303242
-0.339271
-0.375187
-0.410979
-0.446647
-0.484545
-0.533480
-0.569023
-0.604421
-0.639667
-0.667823
-0.692214
-0.726604
-0.760791
-0.786367
-0.826657
-0.867297
-0.901564
-0.935600
-0.969388
-1.020316
-1.055833
-1.089080
-1.077303
-1.099834
-1.152913
-1.202289
-1.232950
-1.250674
-1.279541
-1.318638
-1.336580
-1.370416
-1.422148
-1.464725
-1.500578
-1.536170
-1.571470
-1.606445
-1.641056
-1.675255
-1.708991
-1.721277
-1.752942
-1.786443
-1.833831
-1.837367
-1.843795
-1.869370
-1.896050
-1.936275
-1.977761
-1.984505
-1.970280
-1.972211
-1.962239
-1.960714
-1.968318
-1.942835
-1.937681
-1.936716
-1.933031
-1.926144
-1.881492
-1.870649
-1.857594
-1.842458
-1.833939
-1.838495
-1.817000
-1.793979
-1.769577
-1.743928
-1.731855
-1.714765
-1.685166
-1.654782
-1.606311
-1.569937
-1.538397
-1.506310
-1.473726
-1.440311
-1.387597
-1.354348
-1.320734
-1.286784
-1.252527
-1.217987
-1.183185
-1.148143
-1.112878
-1.069103
-1.026035
-0.990568
-0.954921
-0.919105
-0.883132
-0.847012
-0.822676
-0.787761
-0.750973
-0.713774
-0.664503
-0.627670
-0.590743
-0.553726
-0.516626
-0.479447
-0.442192
-0.404866
-0.362079
-0.318795
-0.274816
-0.225202
-0.199132
-0.211056
-0.189882
-0.153202
-0.104925
-0.066673
-0.017001
0.033403
0.069889
0.106454
0.143094
0.179807
0.216590
0.253439
0.290353
0.327328
0.364362
0.401453
0.438599
0.475798
0.513048
0.550346
0.596675
0.636442
0.673743
0.711089
0.748480
0.785914
0.823389
0.860904
0.898456
0.936046
0.973671
1.011331
1.053017
1.097037
1.134687
1.172370
1.210084
1.247829
1.285603
1.323406
1.361237
1.399095
1.436980
1.474890
1.512825
1.541653
1.579722
1.611504
1.602476
1.593804
1.585489
1.565028
1.533289
1.512768
1.474254
1.435754
1.397268
1.358796
1.320339
1.281898
1.243472
1.205063
1.166670
1.128295
1.089938
1.051251
1.011808
1.043637
1.082139
1.120656
1.159187
1.197732
1.236292
1.274864
1.313450
1.348591
1.384381
1.419274
1.455948
1.494708
1.533477
1.567751
1.568051
1.563154
