1.802493
1.767508
1.731816
1.689906
1.648068
1.606510
1.575843
1.569883
1.578559
1.608479
1.605132
1.569807
1.534490
1.499176
1.463872
1.428571
1.393280
1.357992
1.322717
1.287443
1.252183
1.216272
1.175672
1.136251
1.100927
1.064008
1.023788
1.014113
1.045323
1.076949
1.108943
1.118925
1.116067
1.139815
1.173228
1.207219
1.241323
1.276894
1.311118
1.310211
1.304385
1.268701
1.233017
1.197333
1.161539
1.125536
1.105783
1.106101
1.087177
1.052466
1.018209
0.984194
0.950731
0.917449
0.882196
0.846610
0.814030
0.781403
0.745887
0.710373
0.674864
0.639357
0.603856
0.569872
0.538526
0.505289
0.469893
0.434504
0.399121
0.367247
0.337093
0.303011
0.267775
0.238046
0.209105
0.174201
0.139160
0.104147
0.070515
0.043135
0.013670
-0.021082
-0.055816
-0.090520
-0.125198
-0.159850
-0.188963
-0.214210
-0.245696
-0.279974
-0.314189
-0.348387
-0.372552
-0.395537
-0.416825
-0.439284
-0.472495
-0.502841
-0.521773
-0.544803
-0.577273
-0.603204
-0.619510
-0.634736
-0.648910
-0.673178
-0.703938
-0.720713
-0.731789
-0.757834
-0.787333
-0.796873
-0.804879
-0.832873
-0.858021
-0.861992
-0.870867
-0.897090
-0.914859
-0.914859
-0.913704
-0.910980
-0.921643
-0.944353
-0.948433
-0.941492
-0.954427
-0.974702
-0.994163
-1.013460
-1.031780
-1.049992
-1.067131
-1.084107
-1.100065
-1.115723
-1.130430
-1.144686
-1.158073
-1.170845
-1.182846
-1.175284
-1.151459
-1.148681
-1.157335
-1.164862
-1.172012
-1.177847
-1.183452
-1.187554
-1.191493
-1.193920
-1.196092
-1.196903
-1.197292
-1.196481
-1.195086
-1.192659
-1.173081
-1.133676
-1.113528
-1.108160
-1.101802
-1.094951
-1.086985
-1.078687
-1.069163
-1.059459
-1.048432
-1.037271
-1.024902
-1.012310
-0.998687
-0.984730
-0.969911
-0.954657
-0.938699
-0.922217
-0.905178
-0.887538
-0.869475
-0.830065
-0.780952
-0.755328
-0.735967
-0.715843
-0.695626
-0.674606
-0.653508
-0.631721
-0.609793
-0.587289
-0.564584
-0.541406
-0.528429
-0.530669
-0.519222
-0.494266
-0.468978
-0.443473
-0.417605
-0.391586
-0.345813
-0.295383
-0.266801
-0.240343
-0.213455
-0.186520
-0.159221
-0.131839
-0.104156
-0.076356
-0.048310
-0.020120
0.008268
0.036824
0.065533
0.094431
0.123443
0.138200
0.147603
0.174040
0.203992
0.234169
0.264988
0.314182
0.360825
0.391111
0.421448
0.451948
0.476504
0.489460
0.510465
0.541680
0.572989
0.604377
0.625393
0.640695
0.668460
0.700453
0.732563
0.764693
0.782834
0.798581
0.784314
0.775260
0.794720
0.814479
0.835104
0.856133
0.877884
0.900136
0.922974
0.927129
0.916751
0.929668
0.954348
0.953238
0.944271
0.966061
0.992512
0.985952
0.978430
0.971494
0.964670
0.958374
0.952255
0.946604
0.954586
0.984973
1.017768
1.053166
1.044861
1.005197
0.990198
0.986581
0.955498
0.916944
0.942192
0.975473
1.009481
1.043648
1.079314
1.114799
1.149527
1.173881
1.173568
1.173504
1.173817
1.156610
1.121881
1.086589
1.050922
1.016418
0.982403
0.947084
0.911451
0.877995
0.845119
0.848195
0.846605
0.807945
0.769945
0.734367
0.699821
0.667511
0.633868
0.598367
0.562870
0.527377
0.494523
0.463275
0.432726
0.402445
0.402010
0.407877
0.414446
0.422124
0.464353
0.505616
0.540508
0.575407
0.610331
0.645265
0.680219
0.715185
0.750168
0.785165
0.820175
0.855201
0.890236
0.925289
0.960348
0.995426
1.030508
1.071950
1.113411
1.148419
1.184499
1.226589
1.251145
1.224009
1.194168
1.159419
1.124686
1.089970
1.055274
1.020594
0.985939
0.951296
0.916682
0.882079
0.847510
0.812948
0.778428
0.743912
0.709440
0.674976
0.640552
0.606143
0.571772
0.537421
0.503105
0.468817
0.434560
0.400338
0.366143
0.331994
0.297865
0.263793
0.229735
0.195745
0.161764
0.117113
0.073273
0.039200
0.005143
-0.028848
-0.062814
-0.096718
-0.130584
-0.164394
-0.198153
-0.231862
-0.265504
-0.299103
-0.332618
-0.366098
-0.399474
-0.432825
-0.466049
-0.499259
-0.532317
-0.565358
-0.598250
-0.631103
-0.663813
-0.696461
-0.728972
-0.761392
-0.793683
-0.825850
-0.857900
-0.889786
-0.921570
-0.953142
-0.984631
-1.015852
-1.047014
-1.077840
-1.108628
-1.139022
-1.169357
-1.199296
-1.229119
-1.258551
-1.287792
-1.316653
-1.345234
-1.373451
-1.401278
-1.428769
-1.455737
-1.482407
-1.508389
-1.534130
-1.558984
-1.583672
-1.580928
-1.577731
-1.598781
-1.619606
-1.639130
-1.658230
-1.676057
-1.693225
-1.709178
-1.724199
-1.738097
-1.750756
-1.762423
-1.772515
-1.781787
-1.789132
-1.795867
-1.800321
-1.804409
-1.805878
-1.807068
-1.805697
-1.803871
-1.799783
-1.794981
-1.788246
-1.780567
-1.771295
-1.760888
-1.749220
-1.736269
-1.722370
-1.707079
-1.691126
-1.673712
-1.655884
-1.636561
-1.617037
-1.596012
-1.574844
-1.552425
-1.529777
-1.506135
-1.482178
-1.457447
-1.432335
-1.406631
-1.380500
-1.353931
-1.326902
-1.299560
-1.271738
-1.243708
-1.215184
-1.186538
-1.157394
-1.128194
-1.098500
-1.068760
-1.038622
-1.008401
-0.977862
-0.947211
-0.916310
-0.885275
-0.854046
-0.822666
-0.791141
-0.759450
-0.727655
-0.684239
-0.636239
-0.601505
-0.569701
-0.537686
-0.505986
-0.488389
-0.467106
-0.420026
-0.380201
-0.365081
-0.344336
-0.312114
-0.279813
-0.247409
-0.214915
-0.182343
-0.149671
-0.116941
-0.084105
-0.051230
-0.018242
0.014768
0.047897
0.081039
0.114293
0.147563
0.180928
0.214318
0.247785
0.281286
0.314850
0.348455
0.382110
0.415811
0.449551
0.483343
0.517162
0.551039
0.584934
0.618890
0.652855
0.686885
0.720922
0.755018
0.789123
0.823279
0.857450
0.891662
0.925893
0.960159
0.994448
1.028764
1.063108
1.097472
1.138395
1.182485
1.218970
1.253262
1.287596
1.321935
1.356317
1.390703
1.425128
1.457916
1.483455
1.511598
1.546239
1.580892
1.615565
1.650253
1.684957
1.673752
1.630921
1.636800
1.664149
1.697560
1.732524
1.732524
1.832818
1.796637
1.760462
1.724294
1.688137
1.651987
1.615845
1.579715
1.541992
1.499855
1.510095
1.534732
1.529803
1.547940
1.577149
1.573300
1.550337
1.510481
1.507015
1.504372
1.502021
1.467545
1.429268
1.391310
1.382932
1.373121
1.336204
1.351149
1.376755
1.340932
1.304618
1.268074
1.232852
1.197947
1.163341
1.126829
1.090256
1.053683
1.019470
0.985824
0.952646
0.948432
0.942033
0.901624
0.863928
0.827473
0.791023
0.757082
0.724676
0.688317
0.651963
0.615614
0.579277
0.542944
0.506618
0.474877
0.442274
0.406078
0.369897
0.333723
0.297565
0.261420
0.225284
0.189168
0.156985
0.127498
0.091578
0.055674
0.019787
-0.016067
-0.051905
-0.087719
-0.123500
-0.159262
-0.194993
-0.224042
-0.252571
-0.287980
-0.329464
-0.372145
-0.398069
-0.429190
-0.464238
-0.488243
-0.511462
-0.533782
-0.567068
-0.601260
-0.635363
-0.657358
-0.680675
-0.714017
-0.735210
-0.754850
-0.787252
-0.807746
-0.821269
-0.832642
-0.854311
-0.884602
-0.914468
-0.933925
-0.940684
-0.945020
-0.957245
-0.984171
-0.989296
-0.988562
-0.985765
-0.980985
-0.980032
-1.001793
-1.003868
-0.996160
-1.015324
-1.033927
-1.052029
-1.036720
-1.034308
-1.049525
-1.063651
-1.077201
-1.089902
-1.101539
-1.121287
-1.166661
-1.186503
-1.195153
-1.202496
-1.208877
-1.214538
-1.218675
-1.221969
-1.224462
-1.225352
-1.210176
-1.172733
-1.165837
-1.151149
-1.110838
-1.130131
-1.165149
-1.195719
-1.209325
-1.214859
-1.218996
-1.243755
-1.282747
-1.319351
-1.354522
-1.388238
-1.351044
-1.323992
-1.317677
-1.309885
-1.301327
-1.291612
-1.254267
-1.215487
-1.203164
-1.189890
-1.175980
-1.160878
-1.145039
-1.128621
-1.111021
-1.092874
-1.074132
-1.082623
-1.080733
-1.059226
-1.036930
-1.014229
-0.990910
-0.966987
-0.942707
-0.917825
-0.875399
-0.823588
-0.771776
-0.733917
-0.707147
-0.682123
-0.668705
-0.668705
-0.644177
-0.608165
-0.556385
-0.524826
-0.511750
-0.535730
-0.538308
-0.524540
-0.473098
-0.468522
-0.488126
-0.479777
-0.448326
-0.397319
-0.367024
-0.336703
-0.306211
-0.275460
-0.244585
-0.213535
-0.166802
-0.116295
-0.065723
-0.042684
-0.030454
-0.016891
0.019153
0.066733
0.085045
0.110376
0.142045
0.173908
0.198385
0.213134
0.229128
0.250975
0.283977
0.317090
0.350264
0.383538
0.416899
0.450315
0.483833
0.517418
0.551054
0.584790
0.618578
0.652416
0.686347
0.726043
0.773845
0.809565
0.847951
0.895809
0.891757
0.869358
0.835922
0.813194
0.793439
0.760471
0.718109
0.669785
0.636809
0.603898
0.571053
0.585058
0.608075
0.640649
0.673341
0.706092
0.738935
0.771873
0.804866
0.837953
0.871115
0.904329
0.937639
0.962620
0.981707
1.015437
1.042643
1.062701
1.051769
1.038713
1.025975
1.013677
1.011712
1.034888
1.032711
1.021853
1.011432
1.024330
1.050859
1.086288
1.097047
1.088027
1.079552
1.087867
1.115803
1.144481
1.160252
1.153672
1.177246
1.187776
1.146111
1.131158
1.132903
1.164997
1.199837
1.229701
1.189565
1.169366
1.166229
1.163654
1.161337
1.159336
1.157847
1.156618
1.155759
1.155361
1.155222
1.155508
1.182225
1.219799
1.257817
1.294966
1.329157
1.331069
1.314160
1.280072
1.246606
1.244699
1.284785
1.293163
1.285316
1.253691
1.222626
1.191889
1.161713
1.123179
1.081859
1.045686
1.009524
0.973712
0.943993
0.911083
0.875067
0.839072
0.803087
0.767115
0.731164
0.697659
0.669370
0.641808
0.630641
0.675140
0.695902
0.699522
0.664235
0.628978
0.593743
0.558558
0.518392
0.473055
0.437224
0.401982
0.366773
0.331612
0.299816
0.275742
0.252578
0.237128
0.249744
0.262801
0.272272
0.252503
0.224882
0.191302
0.157846
0.131923
0.114342
0.082589
0.049793
0.017099
-0.015451
-0.047918
-0.080253
-0.112443
-0.144540
-0.176468
-0.208252
-0.239933
-0.271398
-0.302722
-0.333931
-0.364868
-0.395671
-0.426317
-0.437395
-0.461877
-0.513027
-0.546586
-0.576118
-0.605368
-0.650631
-0.698037
-0.726995
-0.770132
-0.819696
-0.848311
-0.876649
-0.904746
-0.932289
-0.959555
-0.986481
-1.012814
-1.038827
-1.064370
-1.089286
-1.113830
-1.137740
-1.160996
-1.183822
-1.205806
-1.227125
-1.247946
-1.267673
-1.286741
-1.305203
-1.322341
-1.338821
-1.354465
-1.368744
-1.382287
-1.394731
-1.405809
-1.416080
-1.424965
-1.432541
-1.439251
-1.444290
-1.468085
-1.504668
-1.544467
-1.564784
-1.565928
-1.564882
-1.562804
-1.559386
-1.554036
-1.547694
-1.539866
-1.530430
-1.520069
-1.508161
-1.494982
-1.489141
-1.537103
-1.564498
-1.578267
-1.624119
-1.658896
-1.682051
-1.669987
-1.654884
-1.638502
-1.620491
-1.601662
-1.581614
-1.560385
-1.538479
-1.515459
-1.491611
-1.467209
-1.441813
-1.415853
-1.389444
-1.362161
-1.334505
-1.306430
-1.277700
-1.248678
-1.219262
-1.189376
-1.159250
-1.128759
-1.097932
-1.066907
-1.035549
-1.003951
-0.972189
-0.940122
-0.907889
-0.875517
-0.842869
-0.802637
-0.753349
-0.703861
-0.677312
-0.691240
-0.719384
-0.750667
-0.781708
-0.775806
-0.750260
-0.699308
-0.661303
-0.632523
-0.621282
-0.589147
-0.538742
-0.518623
-0.494034
-0.463225
-0.432152
-0.400952
-0.369573
-0.323094
-0.277556
-0.246091
-0.214457
-0.179849
-0.129787
-0.098841
-0.080426
-0.067451
-0.044645
-0.012671
0.019495
0.051746
0.084104
0.116616
0.149203
0.181902
0.214723
0.247613
0.280615
0.313713
0.346874
0.380148
0.413496
0.446901
0.480418
0.506901
0.526387
0.572973
0.620932
0.669005
0.692660
0.716852
0.750878
0.784971
0.816289
0.837686
0.813158
0.775100
0.798021
0.827855
0.862717
0.897635
0.927443
0.951831
0.986356
1.021565
1.056802
1.092076
1.127369
1.162691
1.198044
1.233414
1.268814
1.298316
1.325745
1.361346
1.396963
1.432594
1.468253
1.503925
1.539611
1.575322
1.581212
1.537467
1.523718
1.526463
1.555448
1.584948
1.617021
1.659432
1.697780
1.733854
1.769941
1.769941
1.426429
1.389934
1.353360
1.317129
1.295407
1.314041
1.330562
1.307445
1.301277
1.303611
1.336504
1.300631
1.276880
1.280339
1.267638
1.235588
1.200907
1.164715
1.132586
1.096732
1.060603
1.024480
0.988365
0.952258
0.919023
0.885048
0.849019
0.812999
0.777038
0.746522
0.710597
0.674685
0.638786
0.606260
0.573226
0.537441
0.501674
0.472535
0.430192
0.394479
0.358786
0.323113
0.291179
0.259132
0.223619
0.188132
0.152672
0.117240
0.081839
0.046468
0.011129
-0.024177
-0.059449
-0.094685
-0.122695
-0.155974
-0.190954
-0.225884
-0.258431
-0.285496
-0.315284
-0.343782
-0.378092
-0.412329
-0.446489
-0.480569
-0.503405
-0.545931
-0.556212
-0.541463
-0.549059
-0.572920
-0.589044
-0.603909
-0.617487
-0.646971
-0.649377
-0.618987
-0.642373
-0.651558
-0.643747
-0.668262
-0.686799
-0.711559
-0.718006
-0.721229
-0.722969
-0.731494
-0.746006
-0.757820
-0.782142
-0.806031
-0.806801
-0.826523
-0.848603
-0.864529
-0.872640
-0.899935
-0.903663
-0.940683
-0.969503
-0.987524
-1.004876
-1.021497
-1.037375
-1.052512
-1.054936
-1.065068
-1.093237
-1.082834
-1.084716
-1.094695
-1.102657
-1.084283
-1.119116
-1.113765
-1.098106
-1.121156
-1.116276
-1.134069
-1.142577
-1.143049
-1.113237
-1.141066
-1.138588
-1.121030
-1.115663
-1.125387
-1.119095
-1.111877
-1.134729
-1.097073
-1.116226
-1.096074
-1.062162
-1.034108
-1.005784
-0.991995
-0.977461
-0.989972
-0.975592
-0.958568
-0.948198
-0.960955
-0.959169
-0.965521
-0.982399
-0.990020
-0.972885
-1.017692
-1.066524
-1.094857
-1.115534
-1.128318
-1.154986
-1.181186
-1.206891
-1.210899
-1.231940
-1.255448
-1.278309
-1.292453
-1.276349
-1.246160
-1.215646
-1.184829
-1.153730
-1.122367
-1.090748
-1.058891
-1.026820
-0.994551
-0.962094
-0.929461
-0.896663
-0.863710
-0.830611
-0.797371
-0.763994
-0.730494
-0.696880
-0.663157
-0.629331
-0.595408
-0.561392
-0.527289
-0.493103
-0.459843
-0.435263
-0.400667
-0.366010
-0.331293
-0.296519
-0.261691
-0.226812
-0.191884
-0.156906
-0.121881
-0.086814
-0.051706
-0.016559
0.018627
0.048001
0.080898
0.079707
0.104744
0.141343
0.177169
0.194073
0.229564
0.265081
0.305688
0.337845
0.371775
0.407385
0.443018
0.478671
0.514344
0.550035
0.585745
0.621473
0.652467
0.686674
0.716839
0.752539
0.788479
0.824431
0.862597
0.904899
0.943736
0.979613
1.020443
1.057367
1.093007
1.124076
1.163521
1.195124
1.231081
1.267048
1.303024
1.339010
1.375005
1.410992
1.441926
1.476956
1.509328
1.529390
1.524605
1.498933
1.483260
1.507705
1.508701
1.502998
1.469902
1.467404
1.478409
1.513777
1.508808
1.494689
1.493559
1.461878
1.492302
1.492193
1.483852
1.472132
1.493850
1.514228
1.505784
1.469335
1.434262
1.466350
1.502769
1.539190
1.576276
1.600483
1.583690
1.548987
1.515676
1.539903
1.576609
1.612919
1.636502
1.600191
1.563882
1.527577
1.491274
1.454975
1.418680
1.382387
1.346099
1.309814
1.273533
1.237256
1.200983
1.164714
1.128449
1.095240
1.056260
1.019681
0.983434
0.948128
0.914938
0.878750
0.842568
0.809354
0.774709
0.738597
0.702494
0.666399
0.630314
0.595829
0.563323
0.527328
0.494920
0.461071
0.430385
0.432582
0.440175
0.448214
0.447824
0.445920
0.486317
0.521613
0.556936
0.592286
0.568771
0.533687
0.506644
0.473674
0.445385
0.414779
0.385049
0.350240
0.315474
0.280752
0.246074
0.211448
0.176870
0.142344
0.107870
0.073452
0.039091
0.004789
-0.029451
-0.063627
-0.097731
-0.131763
-0.165721
-0.199602
-0.233403
-0.267121
-0.300750
-0.334288
-0.367731
-0.401069
-0.434296
-0.467412
-0.500412
-0.533289
-0.566037
-0.598651
-0.584738
-0.552071
-0.519342
-0.508456
-0.553716
-0.586969
-0.620103
-0.653111
-0.695245
-0.733150
-0.766012
-0.798728
-0.831277
-0.863658
-0.895864
-0.927883
-0.959705
-0.991317
-1.022706
-1.053858
-1.084757
-1.115375
-1.145689
-1.175693
-1.205365
-1.234682
-1.263620
-1.292151
-1.320246
-1.347875
-1.374995
-1.401533
-1.427488
-1.452815
-1.477469
-1.501401
-1.524559
-1.546885
-1.568322
-1.588807
-1.608197
-1.626476
-1.643591
-1.659471
-1.674047
-1.687247
-1.699007
-1.709260
-1.717950
-1.724946
-1.730206
-1.733765
-1.735599
-1.735697
-1.734058
-1.730693
-1.725625
-1.718885
-1.710487
-1.700405
-1.688810
-1.675768
-1.661344
-1.645608
-1.628629
-1.610480
-1.591228
-1.570943
-1.549616
-1.527385
-1.504318
-1.480470
-1.455895
-1.430641
-1.404757
-1.378284
-1.351262
-1.323706
-1.295661
-1.267177
-1.238283
-1.209007
-1.179374
-1.149407
-1.119128
-1.088555
-1.057702
-1.026578
-0.995215
-0.963627
-0.931828
-0.899830
-0.867645
-0.835284
-0.802756
-0.770071
-0.737225
-0.704240
-0.671123
-0.637882
-0.604521
-0.571049
-0.537470
-0.503789
-0.470012
-0.423782
-0.390018
-0.356166
-0.322230
-0.282212
-0.271993
-0.257211
-0.223471
-0.189648
-0.155743
-0.121758
-0.087701
-0.053574
-0.019381
0.014875
0.049193
0.083570
0.118004
0.152492
0.187037
0.221632
0.256275
0.290965
0.325699
0.360477
0.395296
0.430156
0.465054
0.499992
0.534967
0.569976
0.605020
0.640095
0.675202
0.710340
0.745507
0.780702
0.815926
0.851179
0.886456
0.921759
0.957087
0.992437
1.000175
1.017337
1.015620
0.982295
0.946702
0.911127
0.875571
0.840035
0.804520
0.769025
0.727724
0.712160
0.736107
0.765223
0.787035
0.764252
0.796130
0.832084
0.823903
0.806042
0.828146
0.863523
0.897548
0.898200
0.931087
0.967327
1.005450
1.007281
1.018647
1.054814
1.090989
1.057619
1.090145
1.126406
1.150132
1.161369
1.159149
1.122818
1.086491
1.050167
1.013845
0.977528
0.941214
0.904903
0.868596
0.830647
0.832837
0.868189
0.904558
0.940930
0.977304
1.013681
1.050059
1.086440
1.122823
1.159207
1.195594
1.231982
1.266371
1.302621
1.334160
1.340345
1.363476
1.362204
1.380054
1.416227
1.426518
1.426305
1.595022
1.560692
1.526363
1.492034
1.457705
1.422668
1.448590
1.453141
1.482045
1.460776
1.454362
1.455373
1.456685
1.433493
1.425146
1.427382
1.429921
1.411175
1.378135
1.343941
1.311651
1.279039
1.244885
1.212612
1.180503
1.146396
1.114100
1.082572
1.048522
1.014478
0.980440
0.947899
0.917340
0.883371
0.849411
0.815458
0.781513
0.747577
0.713650
0.680432
0.651604
0.617769
0.583945
0.550133
0.516333
0.482545
0.448771
0.415010
0.381263
0.353667
0.320736
0.287120
0.253522
0.219943
0.186383
0.152844
0.125198
0.093860
0.060494
0.027156
-0.006155
-0.039438
-0.072690
-0.100530
-0.124231
-0.152796
-0.185629
-0.218416
-0.251156
-0.278859
-0.300186
-0.294374
-0.262462
-0.266146
-0.298005
-0.325503
-0.343443
-0.364447
-0.391779
-0.407425
-0.422027
-0.430258
-0.413183
-0.399545
-0.407492
-0.391353
-0.401963
-0.430158
-0.458516
-0.506421
-0.534408
-0.562077
-0.589522
-0.596992
-0.621589
-0.647976
-0.674089
-0.680711
-0.662253
-0.657801
-0.676386
-0.700238
-0.705443
-0.686891
-0.660914
-0.634659
-0.638353
-0.663039
-0.702270
-0.738426
-0.776584
-0.797640
-0.805233
-0.825970
-0.846238
-0.866021
-0.889005
-0.924575
-0.962345
-0.971777
-0.969715
-0.995532
-1.026896
-1.027348
-1.067138
-1.082361
-1.091666
-1.078272
-1.091010
-1.102991
-1.111805
-1.092597
-1.135080
-1.176891
-1.151494
-1.124796
-1.129348
-1.134455
-1.138681
-1.142017
-1.144455
-1.145992
-1.146624
-1.146349
-1.145168
-1.143084
-1.164917
-1.171070
-1.166180
-1.182554
-1.188065
-1.180314
-1.171686
-1.162198
-1.151869
-1.157413
-1.145690
-1.116038
-1.102553
-1.075098
-1.054235
-1.057781
-1.041495
-1.024567
-1.007019
-0.997131
-1.006706
-1.019768
-1.047325
-1.074576
-1.101502
-1.124676
-1.131108
-1.156472
-1.181414
-1.205906
-1.229019
-1.227342
-1.249813
-1.271702
-1.292984
-1.313625
-1.359405
-1.356369
-1.329986
-1.300822
-1.271379
-1.241676
-1.211733
-1.181567
-1.151193
-1.120625
-1.089877
-1.058961
-1.027887
-0.996665
-0.965306
-0.933817
-0.902207
-0.870482
-0.838650
-0.806717
-0.780117
-0.754564
-0.717437
-0.678081
-0.645721
-0.613289
-0.580788
-0.548222
-0.515595
-0.482910
-0.450168
-0.417374
-0.384530
-0.351637
-0.318699
-0.285717
-0.252694
-0.219630
-0.186529
-0.153390
-0.120217
-0.087010
-0.053771
-0.020501
0.012798
0.046125
0.079480
0.112861
0.146267
0.179696
0.213150
0.246625
0.280122
0.313640
0.347177
0.380734
0.414310
0.447903
0.481514
0.515142
0.548786
0.582445
0.616120
0.649809
0.683512
0.717229
0.750960
0.784703
0.818459
0.852226
0.886006
0.919797
0.953599
0.987411
1.022669
1.059948
1.088910
1.123750
1.163505
1.202692
1.232503
1.229040
1.257481
1.291377
1.325244
1.353922
1.383004
1.412478
1.446258
1.445330
1.441420
1.437809
1.405574
1.396479
1.393747
1.391320
1.363360
1.327233
1.315665
1.314442
1.313531
1.312933
1.333778
1.368054
1.402484
1.436895
1.471236
1.505499
1.539761
1.558583
1.543873
1.509533
1.475372
1.466445
1.490023
1.491192
1.502693
1.520268
1.504934
1.526246
1.508367
1.545521
1.571844
1.537663
1.503485
1.469310
1.435137
1.401110
1.370586
1.340441
1.344496
1.311603
1.277560
1.247903
1.218985
1.181145
1.142258
1.107430
1.073423
1.039422
1.005427
0.971440
0.937460
0.903487
0.869521
0.835564
0.801614
0.770957
0.739364
0.705500
0.671648
0.637806
0.603975
0.570156
0.536349
0.502554
0.471312
0.444205
0.429304
0.447617
0.466296
0.435170
0.407929
0.376709
0.366245
0.406803
0.436010
0.439483
0.406531
0.374566
0.351872
0.331393
0.342457
0.353820
0.321534
0.289297
0.257113
0.213783
0.191545
0.160890
0.128933
0.097038
0.065207
0.033443
0.001749
-0.029873
-0.061419
-0.092888
-0.124275
-0.155577
-0.177479
-0.202734
-0.242431
-0.279866
-0.310687
-0.341400
-0.372000
-0.402480
-0.432836
-0.463062
-0.493153
-0.523101
-0.552900
-0.582542
-0.612021
-0.641328
-0.670455
-0.699393
-0.728131
-0.756661
-0.784971
-0.813050
-0.840886
-0.867749
-0.890306
-0.937090
-0.964888
-0.992406
-1.019625
-1.046528
-1.073098
-1.099317
-1.125164
-1.150616
-1.175649
-1.200239
-1.224359
-1.247980
-1.271072
-1.293604
-1.315541
-1.336850
-1.357492
-1.377430
-1.396623
-1.415030
-1.432608
-1.449313
-1.465101
-1.479927
-1.493746
-1.506514
-1.518187
-1.528725
-1.538086
-1.546236
-1.553140
-1.558771
-1.563102
-1.566116
-1.567798
-1.568141
-1.567144
-1.564810
-1.561151
-1.556182
-1.549925
-1.542406
-1.533658
-1.523714
-1.512612
-1.500394
-1.487098
-1.472752
-1.457423
-1.441155
-1.423994
-1.405983
-1.387165
-1.367584
-1.347279
-1.326290
-1.304654
-1.282408
-1.259586
-1.236220
-1.212341
-1.187979
-1.163160
-1.137911
-1.112256
-1.086218
-1.059819
-1.033078
-1.006016
-0.978649
-0.950994
-0.923067
-0.894883
-0.866455
-0.837796
-0.808919
-0.779835
-0.750554
-0.721086
-0.691442
-0.661628
-0.631655
-0.601530
-0.571259
-0.540851
-0.510311
-0.479646
-0.448861
-0.417961
-0.386537
-0.340840
-0.309846
-0.278750
-0.233670
-0.201654
-0.170482
-0.139220
-0.107872
-0.076441
-0.044930
-0.013343
0.018318
0.050050
0.081850
0.113715
0.145644
0.177633
0.217576
0.246866
0.281094
0.318462
0.350583
0.382756
0.414979
0.447252
0.474467
0.500440
0.532974
0.565548
0.598161
0.630812
0.663499
0.693280
0.721339
0.761767
0.794589
0.827442
0.860325
0.893237
0.926178
0.959146
0.992142
1.025164
1.056639
1.047506
1.038689
1.063225
1.088547
1.114351
1.085466
1.051965
1.018481
0.985013
0.945210
0.931363
0.924313
0.943260
0.975264
1.009019
1.042786
1.076564
1.110353
1.144153
1.177962
1.211782
1.245611
1.279449
1.316291
1.350336
1.381019
1.412508
1.443225
1.448551
1.434652
1.465514
1.499545
1.522060
1.517734
1.513701
1.517839
1.541488
1.532054
1.500513
1.502697
1.534942
1.565878
1.561571
1.528785
1.528785
