1.958693
1.922458
1.881377
1.839690
1.826631
1.811986
1.771887
1.731795
1.691712
1.651638
1.611572
1.571514
1.531467
1.491429
1.451400
1.411381
1.371374
1.328892
1.282467
1.236646
1.272319
1.293340
1.288234
1.285406
1.322496
1.323572
1.333711
1.373376
1.410594
1.449574
1.490027
1.458733
1.470300
1.464514
1.483902
1.523409
1.532448
1.491905
1.451968
1.419505
1.401994
1.361347
1.322983
1.313035
1.311369
1.297446
1.257056
1.230328
1.232291
1.205563
1.167944
1.130815
1.092004
1.051629
1.014403
0.975765
0.940071
0.936657
0.896460
0.856270
0.816088
0.780436
0.741952
0.705140
0.665106
0.625084
0.587173
0.550540
0.510624
0.476630
0.436822
0.401526
0.363710
0.324043
0.287848
0.251815
0.219771
0.182661
0.149059
0.109862
0.071348
0.040267
0.006840
-0.019982
-0.055970
-0.085551
-0.123867
-0.162118
-0.198258
-0.227154
-0.265008
-0.291156
-0.312757
-0.339955
-0.376839
-0.413242
-0.436185
-0.472459
-0.496430
-0.528219
-0.524727
-0.512823
-0.533423
-0.565831
-0.606964
-0.640084
-0.668130
-0.679992
-0.688980
-0.724662
-0.743027
-0.733889
-0.780673
-0.795794
-0.751450
-0.747528
-0.745182
-0.792766
-0.846286
-0.838828
-0.837588
-0.865498
-0.862713
-0.850312
-0.876460
-0.878733
-0.901692
-0.925855
-0.949455
-0.972473
-0.967753
-0.989094
-0.988216
-1.001620
-1.011879
-1.009771
-1.026903
-1.072706
-1.088445
-1.103374
-1.090807
-1.095716
-1.093924
-1.123244
-1.133461
-1.136429
-1.119344
-1.126469
-1.132654
-1.137730
-1.141838
-1.120048
-1.147118
-1.138349
-1.134329
-1.147239
-1.145262
-1.142202
-1.138174
-1.133185
-1.127149
-1.107116
-1.101921
-1.103230
-1.093314
-1.082478
-1.070773
-1.058217
-1.022213
-1.030346
-1.015212
-0.997914
-0.953354
-0.936118
-0.918180
-0.902335
-0.908096
-0.887757
-0.866792
-0.841019
-0.796146
-0.791604
-0.776733
-0.726938
-0.702765
-0.678104
-0.652970
-0.633697
-0.625507
-0.598679
-0.571432
-0.543740
-0.502341
-0.463647
-0.435489
-0.407157
-0.378487
-0.349489
-0.320142
-0.290471
-0.293049
-0.322699
-0.368877
-0.356153
-0.325888
-0.295337
-0.258952
-0.212777
-0.181643
-0.150252
-0.118589
-0.086697
-0.054582
-0.022236
0.010337
0.043109
0.076074
0.106267
0.117021
0.140767
0.174879
0.192256
0.226894
0.261673
0.296590
0.331660
0.366857
0.389780
0.422250
0.457994
0.468346
0.449785
0.428292
0.385024
0.386286
0.406305
0.427289
0.449175
0.479988
0.506680
0.533057
0.551245
0.537866
0.555837
0.584838
0.601919
0.590317
0.607993
0.578796
0.589412
0.606529
0.640275
0.643445
0.654334
0.646390
0.677031
0.700668
0.693901
0.687577
0.675494
0.633172
0.611668
0.639320
0.678641
0.679907
0.687539
0.658783
0.617503
0.573958
0.558471
0.556305
0.567166
0.607032
0.617452
0.579433
0.538438
0.497915
0.520166
0.561498
0.601649
0.641801
0.682339
0.674136
0.634374
0.595864
0.624435
0.638345
0.662843
0.639006
0.602629
0.562353
0.524679
0.485797
0.445592
0.405395
0.368390
0.329542
0.289434
0.249337
0.209252
0.169179
0.129121
0.089076
0.049045
0.009029
-0.029056
-0.065391
-0.100005
-0.095901
-0.099696
-0.134860
-0.174278
-0.192360
-0.146529
-0.107340
-0.090404
-0.043150
-0.004112
0.034967
0.074086
0.113249
0.152448
0.185193
0.223857
0.270258
0.309595
0.348961
0.388359
0.427787
0.467242
0.506722
0.546230
0.589072
0.632476
0.671971
0.711494
0.751039
0.790606
0.837229
0.876764
0.916320
0.955897
0.995494
1.035113
1.074751
1.114406
1.154081
1.196493
1.240067
1.286065
1.326104
1.365736
1.364719
1.327018
1.285679
1.240870
1.201297
1.161744
1.122213
1.082703
1.043214
1.003748
0.964306
0.924887
0.892413
0.893136
0.853947
0.814788
0.775658
0.736564
0.697502
0.658475
0.619481
0.580529
0.541613
0.495618
0.463900
0.425110
0.380936
0.338178
0.299404
0.260678
0.222000
0.183369
0.144794
0.106275
0.067810
0.029402
-0.008940
-0.047217
-0.085431
-0.123577
-0.161642
-0.199634
-0.237549
-0.276025
-0.324757
-0.355671
-0.388328
-0.425784
-0.463129
-0.500368
-0.537496
-0.574494
-0.611362
-0.648100
-0.684702
-0.721140
-0.757422
-0.793543
-0.829496
-0.865240
-0.900795
-0.936150
-0.970576
-0.999712
-1.036269
-1.027203
-1.055188
-1.089440
-1.123415
-1.157097
-1.184978
-1.233505
-1.267227
-1.300617
-1.333596
-1.366181
-1.398355
-1.430087
-1.461267
-1.491936
-1.522060
-1.551572
-1.580371
-1.608487
-1.635874
-1.662415
-1.688030
-1.712736
-1.736472
-1.759048
-1.780439
-1.800638
-1.819574
-1.836963
-1.852890
-1.867315
-1.880151
-1.891075
-1.900287
-1.907733
-1.913285
-1.916756
-1.918355
-1.918072
-1.915755
-1.911405
-1.905220
-1.897237
-1.887303
-1.875590
-1.862257
-1.847371
-1.830787
-1.812782
-1.793460
-1.772875
-1.750943
-1.727927
-1.703893
-1.678861
-1.652836
-1.625991
-1.598379
-1.569994
-1.540889
-1.511171
-1.480879
-1.449990
-1.418581
-1.386711
-1.354410
-1.321646
-1.288504
-1.255013
-1.221188
-1.187012
-1.152551
-1.117823
-1.082831
-1.047575
-1.012099
-0.976415
-0.940518
-0.904421
-0.868152
-0.831719
-0.795112
-0.758352
-0.721454
-0.684425
-0.647253
-0.609962
-0.562985
-0.539480
-0.502358
-0.465124
-0.427784
-0.393953
-0.398518
-0.368150
-0.320285
-0.299413
-0.261635
-0.223775
-0.185837
-0.147813
-0.109715
-0.071548
-0.033315
0.004992
0.043359
0.081785
0.120268
0.158812
0.197408
0.236053
0.274748
0.313495
0.352285
0.391118
0.429996
0.468916
0.507874
0.546869
0.585904
0.624974
0.670292
0.711695
0.750772
0.789880
0.829019
0.868188
0.907390
0.946620
0.985877
1.025161
1.064474
1.103811
1.143171
1.181439
1.214576
1.254080
1.293604
1.338869
1.372716
1.412299
1.451900
1.491521
1.531159
1.570812
1.610482
1.650170
1.689872
1.729589
1.769321
1.809068
1.848828
1.888601
1.927450
1.964694
1.990709
1.986815
1.972668
1.940498
1.956905
1.640559
1.605464
1.570572
1.536798
1.504496
1.469975
1.435698
1.416391
1.419582
1.450476
1.481702
1.478855
1.453400
1.453215
1.453369
1.453779
1.454445
1.455371
1.456663
1.436253
1.405905
1.375682
1.343540
1.311399
1.279260
1.247122
1.214986
1.185023
1.155746
1.125381
1.090240
1.057864
1.025774
0.994616
0.965737
0.933755
0.901720
0.869688
0.837660
0.805637
0.773618
0.743336
0.723728
0.760018
0.740183
0.708293
0.676410
0.644535
0.608547
0.574764
0.542843
0.510930
0.483699
0.478124
0.470237
0.438242
0.401057
0.364133
0.331651
0.304297
0.272535
0.240786
0.209048
0.178513
0.152843
0.121914
0.090342
0.058786
0.027248
-0.010527
-0.044343
-0.073601
-0.097193
-0.089831
-0.110684
-0.141947
-0.172226
-0.194978
-0.192110
-0.182732
-0.167197
-0.126439
-0.148348
-0.184773
-0.220124
-0.239953
-0.258703
-0.284653
-0.310263
-0.327395
-0.343315
-0.368694
-0.391602
-0.405644
-0.418460
-0.408191
-0.391732
-0.382873
-0.410135
-0.437206
-0.464118
-0.486119
-0.493993
-0.476259
-0.485564
-0.517575
-0.562387
-0.587709
-0.597993
-0.610275
-0.634462
-0.658304
-0.699215
-0.734190
-0.757578
-0.780596
-0.782962
-0.757345
-0.728255
-0.749860
-0.793826
-0.823936
-0.844760
-0.865184
-0.885001
-0.904360
-0.912676
-0.908900
-0.953459
-0.976565
-0.993162
-1.009189
-1.024498
-1.039039
-1.052934
-1.066165
-1.078641
-1.090161
-1.100941
-1.110966
-1.120221
-1.128328
-1.135613
-1.142067
-1.147678
-1.152145
-1.155643
-1.158261
-1.159995
-1.160639
-1.133036
-1.133968
-1.163898
-1.192677
-1.161551
-1.143853
-1.137779
-1.130857
-1.153530
-1.154159
-1.144118
-1.136141
-1.166232
-1.196191
-1.226021
-1.253738
-1.269419
-1.307962
-1.335710
-1.352704
-1.380679
-1.408272
-1.435538
-1.462450
-1.488973
-1.494952
-1.482360
-1.460653
-1.438272
-1.415065
-1.391271
-1.397985
-1.436652
-1.431432
-1.408833
-1.382282
-1.355376
-1.328097
-1.300443
-1.272530
-1.244373
-1.215981
-1.187303
-1.158443
-1.129411
-1.100217
-1.070822
-1.031621
-0.988885
-0.947711
-0.918580
-0.899709
-0.876398
-0.846523
-0.816538
-0.786440
-0.749609
-0.714202
-0.695280
-0.665237
-0.634743
-0.604187
-0.573162
-0.532404
-0.499138
-0.468575
-0.437959
-0.407278
-0.376542
-0.340945
-0.310026
-0.319678
-0.301350
-0.274093
-0.242969
-0.211812
-0.180613
-0.149386
-0.118131
-0.086851
-0.055535
-0.024194
0.007169
0.037827
0.062407
0.092561
0.124135
0.155725
0.187333
0.218960
0.250600
0.282254
0.313922
0.345607
0.377304
0.409013
0.440864
0.478385
0.511722
0.543391
0.575072
0.606768
0.638475
0.670193
0.701921
0.733661
0.770306
0.804541
0.836233
0.867937
0.899653
0.931379
0.964951
1.001977
1.008093
1.032184
1.061430
1.087623
1.119333
1.151052
1.182781
1.215444
1.252869
1.285391
1.314059
1.341555
1.373335
1.405123
1.394234
1.357414
1.321067
1.348591
1.376449
1.404632
1.433383
1.465433
1.470358
1.467394
1.459726
1.425179
1.418113
1.433556
1.456777
1.455482
1.484185
1.515709
1.547493
1.579535
1.579859
1.580283
1.580956
1.579524
1.547319
1.516090
1.514527
1.538768
1.506596
1.476126
1.463180
1.472720
1.507577
1.513483
1.495378
1.463326
1.431276
1.399230
1.367186
1.335146
1.303109
1.271076
1.241872
1.213815
1.190435
1.195020
1.169439
1.137582
1.104727
1.068124
1.031790
1.000730
0.971996
0.940119
0.908250
0.876389
0.844534
0.812686
0.780848
0.749019
0.717197
0.685383
0.653579
0.621786
0.592866
0.573210
0.579295
0.557664
0.533135
0.517730
0.525428
0.503471
0.501447
0.510362
0.517852
0.487065
0.456311
0.429899
0.408146
0.377656
0.356039
0.367077
0.394751
0.364655
0.334620
0.304635
0.274700
0.244819
0.215015
0.185267
0.160031
0.142973
0.113648
0.084398
0.055220
0.024603
-0.018312
-0.050190
-0.086095
-0.126468
-0.155609
-0.184643
-0.213587
-0.238662
-0.252795
-0.294229
-0.328307
-0.352631
-0.367975
-0.411280
-0.444151
-0.472829
-0.500028
-0.514756
-0.528976
-0.556932
-0.599698
-0.642295
-0.673469
-0.710211
-0.749496
-0.778941
-0.808236
-0.846013
-0.884378
-0.913692
-0.942823
-0.971811
-1.000651
-1.029336
-1.057799
-1.073294
-1.092512
-1.119811
-1.146812
-1.173477
-1.199846
-1.225904
-1.251597
-1.276793
-1.301583
-1.325943
-1.349848
-1.373026
-1.395635
-1.427037
-1.470598
-1.491943
-1.512435
-1.532102
-1.550893
-1.568521
-1.584849
-1.600032
-1.614006
-1.626555
-1.637245
-1.627121
-1.612837
-1.618498
-1.621934
-1.623792
-1.624066
-1.622751
-1.619320
-1.614185
-1.607544
-1.594942
-1.554626
-1.538832
-1.526832
-1.513669
-1.499264
-1.483510
-1.466808
-1.449204
-1.430730
-1.411142
-1.407163
-1.400960
-1.378545
-1.355367
-1.331636
-1.307433
-1.282783
-1.257624
-1.232022
-1.196215
-1.155197
-1.129194
-1.102809
-1.076154
-1.049244
-1.022083
-1.010445
-0.987766
-0.959432
-0.930929
-0.902214
-0.873345
-0.838205
-0.796911
-0.767996
-0.738935
-0.709759
-0.680471
-0.651062
-0.621526
-0.591899
-0.562183
-0.532379
-0.502464
-0.472476
-0.442416
-0.412288
-0.382071
-0.351790
-0.325863
-0.304501
-0.273828
-0.243103
-0.207458
-0.166920
-0.126161
-0.094466
-0.063892
-0.033275
-0.002614
0.037638
0.078431
0.108941
0.120853
0.162279
0.182012
0.201343
0.232649
0.274449
0.316384
0.343769
0.359434
0.389092
0.429822
0.457867
0.478428
0.508312
0.538261
0.568256
0.598295
0.628378
0.658520
0.688704
0.718926
0.749188
0.779497
0.809848
0.840232
0.870651
0.901109
0.922814
0.926327
0.916692
0.907353
0.927665
0.955453
0.963479
0.925131
0.948386
0.977350
1.008657
1.039981
1.071326
1.053486
1.018621
0.985207
0.978194
0.998679
1.030859
1.067326
1.098866
1.124555
1.153821
1.185476
1.217140
1.248818
1.276574
1.304885
1.336655
1.368434
1.396302
1.425430
1.457288
1.489153
1.521025
1.552902
1.583750
1.611205
1.609481
1.625368
1.625368
1.552206
1.520003
1.487799
1.455596
1.423393
1.391190
1.359311
1.327888
1.296039
1.263849
1.231101
1.198106
1.165544
1.133069
1.132391
1.132723
1.133542
1.142486
1.176015
1.184852
1.154593
1.124660
1.095019
1.063753
1.031667
0.999585
0.967503
0.935426
0.903349
0.871277
0.839206
0.807138
0.776286
0.747612
0.717290
0.685299
0.653314
0.621332
0.589357
0.557384
0.529365
0.501506
0.469643
0.437783
0.405935
0.374092
0.342259
0.310435
0.278619
0.246814
0.215016
0.187451
0.161334
0.130349
0.098725
0.067128
0.035537
0.003971
-0.025477
-0.049980
-0.073959
-0.097268
-0.129798
-0.169077
-0.202584
-0.233804
-0.264976
-0.296139
-0.327244
-0.358339
-0.389377
-0.417840
-0.439372
-0.447850
-0.437519
-0.455301
-0.496236
-0.530003
-0.560504
-0.590914
-0.621304
-0.651576
-0.680584
-0.698658
-0.716258
-0.732372
-0.736871
-0.722469
-0.722123
-0.734784
-0.757320
-0.784988
-0.812398
-0.839742
-0.866753
-0.893712
-0.920307
-0.942650
-0.949274
-0.962365
-0.987379
-1.001479
-1.004233
-1.019798
-1.042916
-1.047194
-1.045772
-1.064582
-1.084273
-1.078447
-1.077069
-1.095437
-1.113472
-1.130808
-1.134563
-1.122457
-1.108710
-1.093869
-1.099295
-1.111889
-1.123353
-1.134637
-1.144590
-1.149478
-1.126726
-1.112634
-1.119380
-1.139274
-1.176434
-1.194658
-1.198651
-1.178690
-1.148930
-1.145068
-1.145834
-1.145087
-1.144129
-1.141835
-1.139141
-1.135335
-1.143675
-1.169992
-1.178217
-1.171149
-1.163081
-1.154543
-1.144846
-1.134894
-1.123645
-1.112214
-1.099620
-1.086738
-1.072922
-1.058675
-1.043707
-1.028183
-1.012132
-0.995419
-0.978352
-0.981210
-0.989354
-0.971782
-0.950504
-0.905251
-0.865110
-0.844616
-0.823876
-0.802670
-0.781143
-0.759276
-0.737025
-0.714544
-0.674502
-0.628954
-0.603665
-0.580607
-0.557063
-0.533436
-0.509422
-0.491725
-0.487693
-0.473969
-0.448628
-0.423070
-0.397364
-0.371409
-0.345363
-0.319042
-0.292846
-0.283740
-0.271929
-0.244593
-0.212377
-0.168040
-0.130903
-0.103475
-0.084964
-0.073334
-0.050043
-0.021832
-0.005859
0.007816
0.036407
0.066993
0.110124
0.146017
0.161095
0.181819
0.211126
0.217828
0.204919
0.212629
0.230302
0.267609
0.309436
0.339916
0.369828
0.399825
0.429843
0.459929
0.490046
0.520216
0.550425
0.580674
0.564877
0.523755
0.506806
0.496522
0.515245
0.536999
0.567892
0.598795
0.629739
0.657855
0.680451
0.707150
0.738340
0.769554
0.800781
0.832035
0.863298
0.894590
0.925888
0.957216
0.988549
1.019907
1.051274
1.082661
1.114060
1.145474
1.172984
1.197749
1.227454
1.259025
1.290614
1.322206
1.353817
1.380107
1.374234
1.377424
1.403849
1.417179
1.412377
1.407851
1.403545
1.421893
1.450098
1.481490
1.513509
1.479972
1.448370
1.445613
1.442981
1.440722
1.438658
1.436900
1.452437
1.483371
1.514657
1.546117
1.577983
1.609946
1.581488
1.552267
1.552999
1.546678
1.515724
1.496579
1.498310
1.500288
1.502513
1.484568
1.455215
1.423754
1.391690
1.362707
1.335791
1.339659
1.349795
1.386047
1.401283
1.374283
1.345027
1.313238
1.284841
1.258617
1.228317
1.196647
1.170549
1.145002
1.113475
1.081951
1.050447
1.018950
0.987470
0.953038
0.914876
0.880555
0.849008
0.812893
0.774996
0.742489
0.710872
0.679278
0.647688
0.616119
0.586444
0.561783
0.537509
0.513787
0.485948
0.454763
0.423607
0.392465
0.361362
0.330265
0.307917
0.285978
0.265035
0.241744
0.211227
0.176787
0.136049
0.106118
0.086060
0.086688
0.097911
0.076148
0.046138
0.016229
-0.012680
-0.029733
-0.049447
-0.078809
-0.108120
-0.137337
-0.166478
-0.195540
-0.224496
-0.253390
-0.282146
-0.310861
-0.352846
-0.395442
-0.424150
-0.452819
-0.481319
-0.509745
-0.538019
-0.560236
-0.575473
-0.590206
-0.604608
-0.618362
-0.631891
-0.670814
-0.712931
-0.742503
-0.772045
-0.801426
-0.830744
-0.859912
-0.888978
-0.917911
-0.946694
-0.975365
-1.003827
-1.032205
-1.060304
-1.088354
-1.116038
-1.143666
-1.170931
-1.198071
-1.224866
-1.251444
-1.277706
-1.303638
-1.329293
-1.354476
-1.379440
-1.403753
-1.427927
-1.451230
-1.474395
-1.496627
-1.518576
-1.539619
-1.560151
-1.579836
-1.598720
-1.616855
-1.633837
-1.650213
-1.665016
-1.679410
-1.691745
-1.703758
-1.713515
-1.716068
-1.691469
-1.676831
-1.680822
-1.683522
-1.684862
-1.684525
-1.683185
-1.679818
-1.675827
-1.669512
-1.662846
-1.653835
-1.644410
-1.633109
-1.621134
-1.607722
-1.593431
-1.578100
-1.561735
-1.544673
-1.526474
-1.507864
-1.488053
-1.468053
-1.446851
-1.425485
-1.403206
-1.380651
-1.357422
-1.333833
-1.309765
-1.285277
-1.260468
-1.235197
-1.209733
-1.183779
-1.157735
-1.131183
-1.104567
-1.077549
-1.050424
-1.022996
-0.995422
-0.967629
-0.939658
-0.911537
-0.883215
-0.854798
-0.826165
-0.797482
-0.768570
-0.738321
-0.695227
-0.652082
-0.608765
-0.565377
-0.521867
-0.486008
-0.457508
-0.428873
-0.400165
-0.371305
-0.342405
-0.300343
-0.260885
-0.274468
-0.279531
-0.251188
-0.222779
-0.194241
-0.165616
-0.136896
-0.108071
-0.079181
-0.050172
-0.021124
0.008056
0.037256
0.066589
0.095945
0.125407
0.154907
0.184491
0.181686
0.139555
0.133047
0.151261
0.178215
0.208417
0.238694
0.268984
0.299354
0.328273
0.348640
0.371947
0.402670
0.433417
0.464200
0.495015
0.525854
0.556731
0.587624
0.618559
0.649503
0.680493
0.711489
0.742526
0.771510
0.794497
0.820740
0.852003
0.883283
0.914580
0.945897
0.977225
1.008578
1.039936
1.034900
1.030684
1.055819
1.081126
1.107022
1.137108
1.174497
1.209009
1.240679
1.272360
1.304048
1.335748
1.367452
1.394302
1.421040
1.452855
1.471204
1.434587
1.408810
1.404504
1.387091
1.355144
1.320794
1.284926
1.297545
1.326187
1.357872
1.389932
1.421996
1.453606
1.482959
1.513158
1.545271
1.547803
1.513465
1.498165
1.496434
1.495059
1.493821
1.493821
1.609851
1.563323
1.556758
1.554973
1.522725
1.478289
1.433952
1.389442
1.358861
1.359219
1.360032
1.361718
1.407409
1.373576
1.367972
1.371104
1.374687
1.378720
1.383202
1.372655
1.328977
1.285306
1.241747
1.203608
1.160460
1.116884
1.077833
1.036682
0.993212
0.952745
0.916583
0.877442
0.827404
0.784090
0.740792
0.697512
0.661069
0.620112
0.577000
0.533909
0.490842
0.450960
0.415180
0.372324
0.329499
0.286707
0.243950
0.201227
0.158539
0.123060
0.085653
0.043264
0.000923
-0.041369
-0.083609
-0.125794
-0.167920
-0.197369
-0.237167
-0.278859
-0.320474
-0.362009
-0.396505
-0.427857
-0.468831
-0.509697
-0.549457
-0.572709
-0.594403
-0.614586
-0.633218
-0.664784
-0.690476
-0.705387
-0.718601
-0.730088
-0.739819
-0.749647
-0.783880
-0.789985
-0.793360
-0.770752
-0.781781
-0.794622
-0.792609
-0.801362
-0.820433
-0.809158
-0.774395
-0.739282
-0.798567
-0.828635
-0.853789
-0.853079
-0.861082
-0.883713
-0.905619
-0.926776
-0.939832
-0.923122
-0.941441
-0.958840
-1.011681
-1.003720
-1.005758
-1.019564
-1.032417
-1.061023
-1.102112
-1.112262
-1.121361
-1.129389
-1.092845
-1.093961
-1.098457
-1.101867
-1.104183
-1.105402
-1.105522
-1.104542
-1.102464
-1.099292
-1.094782
-1.045766
-1.001675
-1.023269
-1.028696
-1.020402
-1.032894
-1.047611
-1.022901
-0.977315
-0.964149
-0.950061
-0.934991
-0.919031
-0.902216
-0.884568
-0.866109
-0.826466
-0.800250
-0.806087
-0.792997
-0.803751
-0.780431
-0.756397
-0.698132
-0.657313
-0.629522
-0.604614
-0.579132
-0.553095
-0.526521
-0.491471
-0.438763
-0.443758
-0.415180
-0.386136
-0.383538
-0.384855
-0.345489
-0.299955
-0.268479
-0.236645
-0.204465
-0.171953
-0.139119
-0.105957
-0.072483
-0.014918
0.025976
0.059917
0.094121
0.128580
0.163284
0.198225
0.233396
0.268789
0.304407
0.340243
0.376279
0.412507
0.448922
0.485517
0.522286
0.559225
0.596328
0.633590
0.671005
0.708575
0.746299
0.765161
0.798203
0.822556
0.852096
0.863178
0.842998
0.823230
0.810708
0.832965
0.872904
0.856407
0.838784
0.853123
0.849685
0.857334
0.890214
0.931444
0.972736
1.014085
1.055492
1.096955
1.138475
1.180047
1.221669
1.225274
1.236360
1.271531
1.292342
1.279892
1.275962
1.302984
1.291958
1.323846
1.318400
1.308844
1.329696
1.338486
1.312795
1.266387
1.241165
1.278478
1.312394
1.262122
1.255651
1.210279
1.231213
1.238991
1.207850
1.182069
1.160450
1.113304
1.075776
1.078251
1.119294
1.073998
1.029925
0.985290
0.940888
0.951086
0.995188
1.039154
1.055412
1.012396
0.969903
0.929788
0.976201
1.020282
1.030537
0.999634
0.958073
0.918230
0.876909
0.833180
0.789457
0.745739
0.702028
0.658324
0.614627
0.570937
0.527253
0.487037
0.449250
0.412205
0.390507
0.387937
0.351857
0.308755
0.265679
0.222629
0.179606
0.136610
0.099956
0.090582
0.101378
0.098145
0.068041
0.045144
0.060807
0.116568
0.158874
0.200541
0.242271
0.284062
0.325911
0.367816
0.409775
0.451786
0.493848
0.535957
0.578115
0.620320
0.662568
0.704857
0.747186
0.789554
0.831959
0.874400
0.916876
0.959386
1.001927
1.044502
1.087109
1.102242
1.113673
1.097182
1.060150
1.018019
0.975929
0.933881
0.891877
0.849919
0.808008
0.766150
0.724342
0.682586
0.640884
0.599239
0.564786
0.526657
0.474657
0.433256
0.391922
0.350658
0.309473
0.268364
0.227334
0.186386
0.145522
0.104747
0.064064
0.023477
-0.017010
-0.059089
-0.116823
-0.139577
-0.177842
-0.217745
-0.243965
-0.275705
-0.314863
-0.353861
-0.392694
-0.431352
-0.472117
-0.531710
-0.570168
-0.608422
-0.646464
-0.684282
-0.721866
-0.759202
-0.796278
-0.833079
-0.869591
-0.908735
-0.969483
-1.005530
-1.041222
-1.097989
-1.140675
-1.175791
-1.210482
-1.227041
-1.241624
-1.303083
-1.364484
-1.425817
-1.487068
-1.524739
-1.560107
-1.594931
-1.629168
-1.662766
-1.695672
-1.727824
-1.759158
-1.789604
-1.820302
-1.882337
-1.944350
-1.977776
-2.004549
-2.029840
-2.032686
-2.032620
-2.051529
-2.068433
-2.089337
-2.140354
-2.107956
-2.113067
-2.117874
-2.120070
-2.119632
-2.116567
-2.110907
-2.102709
-2.081453
-2.033180
-2.018767
-2.002224
-2.021018
-1.972770
-1.941317
-1.917770
-1.892790
-1.882012
-1.875593
-1.837578
-1.785611
-1.781586
-1.719434
-1.657279
-1.620935
-1.587973
-1.554363
-1.520152
-1.485386
-1.450104
-1.414344
-1.378142
-1.341527
-1.304519
-1.267130
-1.229414
-1.191393
-1.138432
-1.091061
-1.052747
-1.014182
-0.975380
-0.936355
-0.897121
-0.857687
-0.818051
-0.778242
-0.738270
-0.685709
-0.627310
-0.568713
-0.525253
-0.516650
-0.538815
-0.577252
-0.615486
-0.653484
-0.691256
-0.728791
-0.766075
-0.803096
-0.839839
-0.876288
-0.883195
-0.836239
-0.845558
-0.852848
-0.818515
-0.783819
-0.748779
-0.713412
-0.692894
-0.668950
-0.632247
-0.595285
-0.558077
-0.520634
-0.482968
-0.445070
-0.426524
-0.408475
-0.360839
-0.325402
-0.324175
-0.340372
-0.338734
-0.301094
-0.263255
-0.225227
-0.187002
-0.148599
-0.110031
-0.071304
-0.032424
0.006602
0.045768
0.085070
0.124501
0.161621
0.183370
0.223434
0.263606
0.303878
0.344246
0.384708
0.425260
0.465897
0.512246
0.565611
0.606275
0.647018
0.687842
0.728744
0.769717
0.810758
0.861997
0.901705
0.934275
0.975570
1.016924
1.058335
1.099801
1.141322
1.182899
1.212726
1.251119
1.256893
1.243953
1.217780
1.175660
1.133578
1.091537
1.049539
1.007586
0.965680
0.923822
0.882012
0.831182
0.783450
0.741620
0.694829
0.662118
0.693354
0.731664
0.719467
0.707806
0.733846
0.766073
0.805519
0.848374
0.845859
0.809799
0.812958
0.849233
0.892467
0.935718
0.978987
0.977484
1.004436
1.050350
1.096605
1.140019
1.183444
1.225020
1.263231
1.306764
1.350307
1.393860
1.432341
1.474777
1.484586
1.505722
1.549379
1.594082
1.607412
1.568327
1.568327
