10.00000
7.000000
14.00000
5.000000
7.000000
10.00000
8.000000
9.000000
8.000000
9.000000
3.000000
8.000000
11.00000
3.000000
7.000000
8.000000
6.000000
5.000000
11.00000
7.000000
9.000000
5.000000
5.000000
5.000000
9.000000
6.000000
3.000000
4.000000
10.00000
3.000000
4.000000
5.000000
6.000000
4.000000
10.00000
6.000000
5.000000
5.000000
2.000000
4.000000
1.000000
1.000000
1.000000
3.000000
4.000000
3.000000
3.000000
4.000000
1.000000
1.000000
3.000000
4.000000
2.000000
1.000000
6.000000
3.000000
1.000000
2.000000
3.000000
5.000000
3.000000
0.000000
1.000000
3.000000
6.000000
3.000000
3.000000
1.000000
5.000000
5.000000
7.000000
2.000000
5.000000
3.000000
9.000000
8.000000
9.000000
2.000000
11.000000
15.000000
18.000000
8.000000
16.000000
26.000000
12.000000
16.000000
11.000000
21.000000
19.000000
19.000000
20.000000
23.000000
23.000000
23.000000
17.000000
25.000000
14.000000
21.000000
19.000000
8.000000
20.000000
24.000000
26.000000
25.000000
26.000000
23.000000
24.000000
29.000000
22.000000
28.000000
33.000000
23.000000
24.000000
32.000000
32.000000
34.000000
28.000000
35.000000
30.000000
36.000000
33.000000
31.000000
25.000000
34.000000
31.000000
18.000000
31.000000
32.000000
31.000000
30.000000
19.000000
23.000000
35.000000
23.000000
29.000000
21.000000
32.000000
16.000000
29.000000
21.000000
23.000000
27.000000
19.000000
37.000000
31.000000
28.000000
25.000000
30.000000
28.000000
22.000000
20.000000
24.000000
36.000000
19.000000
34.000000
24.000000
17.000000
17.000000
38.000000
23.000000
22.000000
27.000000
26.000000
25.000000
26.000000
28.000000
16.000000
25.000000
23.000000
27.000000
26.000000
27.000000
13.000000
33.000000
25.000000
16.000000
29.000000
36.000000
30.000000
23.000000
31.000000
29.000000
28.000000
21.000000
21.000000
33.000000
25.000000
17.000000
26.000000
26.000000
27.000000
23.000000
26.000000
30.000000
29.000000
33.000000
26.000000
26.000000
19.000000
22.000000
39.000000
15.000000
34.000000
36.000000
29.000000
25.000000
20.000000
32.000000
21.000000
14.000000
22.000000
28.000000
30.000000
37.000000
27.000000
29.000000
31.000000
32.000000
18.000000
24.000000
34.000000
26.000000
31.000000
19.000000
28.000000
19.000000
30.000000
33.000000
25.000000
33.000000
19.000000
31.000000
20.000000
32.000000
27.000000
35.000000
23.000000
33.000000
22.000000
27.000000
29.000000
27.000000
15.000000
23.000000
16.000000
26.000000
21.000000
12.000000
30.000000
19.000000
23.000000
18.000000
15.000000
13.000000
22.000000
13.000000
19.000000
15.000000
17.000000
15.000000
15.000000
14.000000
20.000000
31.000000
27.000000
19.000000
30.000000
24.000000
24.000000
18.000000
19.000000
19.000000
24.000000
16.000000
22.000000
17.000000
21.000000
20.000000
24.000000
26.000000
23.000000
20.000000
22.000000
14.000000
21.000000
18.000000
8.000000
15.000000
7.000000
5.000000
3.000000
6.000000
8.000000
5.000000
1.000000
8.000000
4.000000
9.000000
6.000000
2.000000
1.000000
5.000000
1.000000
3.000000
1.000000
6.000000
2.000000
2.000000
4.000000
7.000000
4.000000
2.000000
3.000000
5.000000
5.000000
4.000000
4.000000
3.000000
3.000000
0.000000
2.000000
2.000000
3.000000
2.000000
3.000000
2.000000
2.000000
1.000000
5.000000
0.000000
2.000000
2.000000
1.000000
2.000000
1.000000
5.000000
1.000000
1.000000
0.000000
3.000000
4.000000
3.000000
1.000000
1.000000
5.000000
6.000000
8.000000
2.000000
5.000000
4.000000
7.000000
5.000000
6.000000
7.000000
6.000000
5.000000
6.000000
15.00000
10.00000
7.00000
15.00000
12.00000
19.00000
13.00000
13.00000
20.00000
16.00000
27.00000
24.00000
29.00000
32.00000
29.00000
25.00000
35.00000
46.00000
49.00000
43.00000
47.00000
44.00000
41.00000
49.0000
46.00000
42.00000
32.00000
43.00000
33.00000
33.00000
24.00000
20.00000
38.00000
27.00000
39.00000
37.00000
44.00000
35.00000
33.00000
24.00000
32.00000
34.00000
24.00000
26.00000
29.00000
27.00000
31.00000
30.00000
46.00000
32.00000
41.00000
27.00000
20.00000
32.00000
31.00000
31.00000
37.00000
28.00000
18.00000
34.00000
12.00000
18.00000
22.00000
21.00000
19.00000
22.00000
23.00000
23.00000
32.00000
28.00000
12.00000
31.00000
29.00000
18.00000
18.00000
20.00000
17.00000
27.00000
19.00000
20.00000
26.00000
16.00000
18.00000
32.00000
27.00000
15.00000
12.00000
29.00000
19.00000
21.00000
29.00000
16.00000
19.00000
22.00000
29.00000
24.00000
23.00000
28.00000
27.00000
31.00000
16.00000
27.00000
29.00000
28.00000
32.00000
24.00000
32.00000
38.00000
39.00000
32.00000
28.00000
30.00000
37.00000
29.00000
43.00000
41.00000
27.00000
28.00000
39.00000
41.00000
39.00000
40.00000
38.00000
42.00000
41.00000
32.00000
35.00000
38.00000
43.00000
31.00000
29.00000
28.00000
34.00000
37.00000
29.00000
24.00000
38.00000
27.00000
40.00000
30.00000
22.00000
37.00000
18.00000
29.00000
25.00000
21.00000
28.00000
31.00000
22.00000
33.00000
22.00000
23.00000
23.00000
21.00000
30.00000
32.00000
31.00000
37.00000
38.00000
32.00000
26.00000
26.00000
25.00000
25.00000
28.00000
26.00000
20.00000
16.00000
27.00000
22.00000
17.00000
22.00000
15.00000
19.00000
16.00000
21.00000
23.00000
12.00000
25.00000
12.00000
14.00000
13.00000
21.00000
24.00000
27.00000
18.00000
22.00000
15.00000
26.00000
17.00000
23.00000
29.00000
16.00000
20.00000
18.00000
14.00000
12.00000
16.00000
17.00000
17.00000
19.00000
15.00000
22.00000
19.00000
17.00000
8.000000
7.000000
9.000000
3.000000
4.000000
12.00000
11.00000
11.00000
11.00000
3.000000
13.00000
7.000000
14.00000
6.000000
