1.238985
1.044264
1.124647
1.013622
0.852483
0.652865
0.506679
0.532979
0.585115
0.648149
0.721476
0.804449
0.862193
0.709413
0.501531
0.320036
0.145722
-0.040597
-0.212321
-0.376601
-0.540911
-0.741898
-0.933411
-1.116620
-1.296124
-1.479063
-1.646630
-1.813860
-1.909792
-1.783840
-1.609440
-1.423025
-1.233878
-1.046909
-0.857710
-0.663997
-0.472398
-0.279813
-0.194944
-0.027034
-0.013405
-0.080995
0.092612
0.094788
0.042161
-0.031474
-0.124201
-0.254630
-0.395705
-0.525020
-0.641922
-0.732046
-0.802783
-0.849732
-0.890676
-0.922301
-0.895540
-0.824268
-0.632349
-0.446151
-0.257106
-0.067106
0.125637
0.320671
0.517328
0.715634
0.916891
0.955006
1.012371
1.214877
1.415199
1.624169
1.830728
2.037545
2.251751
2.466759
2.558431
2.377349
2.192755
2.004032
1.820424
1.624334
1.436555
1.238948
1.047691
0.952648
0.871449
0.713331
0.532823
0.345168
0.159191
-0.024756
-0.206221
-0.373527
-0.554071
-0.753381
-0.803887
-0.829774
-0.795991
-0.784464
-0.741919
-0.675170
-0.600425
-0.492988
-0.389471
-0.271485
-0.205389
-0.128026
-0.087068
-0.047334
-0.155620
-0.102580
-0.171502
-0.305985
-0.421016
-0.633455
-0.846326
-1.049770
-1.260525
-1.466497
-1.662514
-1.768006
-1.679652
-1.525850
-1.353405
-1.165363
-0.969150
-0.770662
-0.574071
-0.378302
-0.171680
0.041660
0.265469
0.493179
0.681175
0.743095
0.669580
0.614261
0.557805
0.517126
0.696063
0.899055
1.096907
1.236266
1.160129
0.964487
0.768930
0.572228
0.492388
0.551694
0.622043
0.686884
0.775127
0.857464
0.901508
0.737683
0.508542
0.300854
0.098639
-0.132859
-0.338868
-0.534860
-0.732981
-0.923823
-1.112305
-1.293060
-1.473089
-1.643664
-1.805532
-1.942823
-1.903520
-1.723038
-1.522283
-1.319883
-1.124149
-0.920486
-0.723300
-0.519091
-0.321107
-0.192688
-0.114300
0.036953
0.033877
-0.025176
0.127735
0.116436
0.061468
-0.003334
-0.083346
-0.192998
-0.318558
-0.445217
-0.572874
-0.670247
-0.717443
-0.740244
-0.747714
-0.748956
-0.666880
-0.472906
-0.297837
-0.119489
0.061498
0.239519
0.424856
0.612845
0.803609
0.981482
1.091526
1.116747
1.313117
1.508134
1.703394
1.897140
2.092195
2.287443
2.482935
2.450071
2.256351
2.062730
1.868725
1.674456
1.480791
1.283042
1.090772
1.070140
0.964632
0.786714
0.605504
0.426638
0.238738
0.058331
-0.115087
-0.294294
-0.475450
-0.651899
-0.727387
-0.734243
-0.709721
-0.698169
-0.638208
-0.553794
-0.428267
-0.323523
-0.199746
-0.100487
-0.029529
0.036291
0.078354
0.051068
-0.071072
-0.013717
-0.118111
-0.216426
-0.334473
-0.532661
-0.731001
-0.938086
-1.138293
-1.341847
-1.544042
-1.739030
-1.880078
-1.797766
-1.719101
-1.563101
-1.396826
-1.221614
-1.038578
-0.848773
-0.647188
-0.431289
-0.223771
0.009189
0.247631
0.473266
0.711062
0.870126
0.822035
0.732688
0.648253
0.566805
0.514507
0.476801
0.671844
0.866963
1.061366
1.160182
2.471645
2.376789
2.290289
2.099470
1.860257
1.621855
1.383773
1.145741
0.999819
0.824622
0.650638
0.483130
0.275471
0.065595
0.029273
0.052065
-0.007612
-0.236723
-0.470571
-0.682550
-0.888277
-1.049420
-1.281264
-1.417787
-1.501540
-1.547151
-1.556050
-1.405161
-1.228294
-1.073115
-1.147231
-1.230589
-1.290479
-1.322281
-1.171357
-0.983330
-0.814881
-0.641375
-0.502410
-0.530336
-0.475335
-0.243594
-0.022062
0.008474
0.141266
0.275556
0.379145
0.475510
0.584274
0.704412
0.817022
0.735483
0.493656
0.321113
0.430036
0.328550
0.100199
-0.131282
-0.276601
-0.443877
-0.563731
-0.686057
-0.791314
-0.837474
-0.663123
-0.658196
-0.449603
-0.222237
0.005742
0.115748
0.156843
0.377779
0.619355
0.861301
1.103853
1.343308
1.567010
1.805056
1.855034
1.618060
1.382947
1.141014
0.902579
0.667916
0.425674
0.183961
-0.041969
-0.255196
-0.479885
-0.695336
-0.915818
-0.889588
-0.794118
-0.697394
-0.565671
-0.435236
-0.189804
-0.033203
-0.096085
0.044160
0.236245
0.377269
0.309180
0.237574
0.141197
0.059198
-0.039387
-0.195575
-0.216873
-0.449704
-0.655799
-0.699171
-0.695739
-0.864336
-1.041801
-1.179166
-1.289171
-1.319606
-1.232095
-1.133142
-1.172988
-1.397364
-1.433394
-1.376606
-1.268470
-1.132918
-0.925685
-0.700174
-0.453817
-0.226221
0.019516
0.082010
0.174270
0.410184
0.584886
0.746186
0.924503
1.129289
1.361471
1.594321
1.825172
2.057017
2.287844
2.472968
2.479695
2.203206
1.937397
1.675141
1.408129
1.155215
0.896923
0.642271
0.387324
0.132441
-0.119889
-0.139191
-0.147326
-0.393948
-0.628280
-0.852319
-1.050476
-1.237624
-1.388106
-1.500936
-1.540579
-1.369869
-1.170604
-0.971113
-0.761545
-0.544205
-0.313919
-0.086525
0.144808
0.382019
0.616475
0.859621
1.100253
1.333346
1.462216
1.542553
1.391518
1.140823
0.890463
0.641179
0.391439
0.143781
-0.102657
-0.350230
-0.596063
-0.838806
-1.079233
-1.317899
-1.548130
-1.778460
-2.000492
-1.854391
-1.614926
-1.293247
-0.953703
-0.614040
-0.274298
0.065500
0.405337
0.657546
0.732001
0.608778
0.450577
0.284483
0.128971
0.001109
-0.176787
-0.120231
0.110181
0.310191
0.070252
-0.184392
-0.325234
-0.124358
-0.035446
-0.273440
-0.293449
-0.152948
-0.000907
0.265281
0.514344
0.352337
0.347404
0.526676
0.699957
0.730815
0.542930
0.280502
0.012442
-0.265938
-0.549593
-0.824146
-1.106908
-1.377762
-1.562566
-1.730633
-1.624679
-1.382972
-1.149050
-0.899378
-0.647658
-0.404823
-0.150076
0.105510
0.357539
0.609419
0.866834
1.124586
1.371600
1.411755
1.293538
1.124081
0.839150
0.565638
0.289281
0.020910
-0.244009
-0.502072
-0.751347
-0.990957
-1.214252
-1.286584
-1.238307
-1.160261
-1.055575
-0.927802
-0.780463
-0.616793
-0.439599
-0.228063
-0.106685
-0.155068
-0.142074
0.101474
0.346233
0.591971
0.838512
1.098630
1.339659
1.581739
1.836158
2.073889
2.307809
2.484550
2.563545
2.308124
2.056743
1.805870
1.555594
1.329790
1.125576
1.016557
0.810961
0.668334
0.482279
0.275939
0.154126
0.131575
0.012689
-0.215377
-0.459912
-0.691312
-0.904913
-0.978874
-1.090370
-1.343777
-1.468799
-1.532768
-1.555449
-1.395605
-1.195607
-1.094541
-1.183650
-1.265869
-1.341851
-1.275566
-1.111652
-0.894051
-0.725964
-0.579733
-0.535987
-0.572065
-0.332761
-0.077118
0.006695
0.086038
0.233451
0.341546
0.405598
0.514252
0.640816
0.758861
0.809698
0.543561
0.291337
0.378432
0.384766
0.195210
0.021250
-0.200338
-0.369615
-0.515403
-0.670672
-0.792484
-0.895439
-0.894895
-0.724291
-0.607622
-0.374307
-0.137622
0.088649
0.098420
0.257700
0.505146
0.753476
1.002118
1.250725
1.501970
1.725814
1.844930
1.721499
1.474952
1.228524
0.987318
0.733596
0.484964
0.238914
0.000744
-0.229088
-0.455985
-0.685687
-0.921287
-0.948416
-0.865790
-0.762203
-0.621991
-0.501589
-0.267825
-0.028156
0.056678
0.004360
0.192267
0.348572
0.516545
0.421045
0.313236
0.212079
0.133117
0.056214
-0.091847
-0.211621
-0.307072
-0.528811
-0.721419
-0.649709
-0.779403
-0.937935
-1.139935
-1.275833
-1.362280
-1.322692
-1.214753
-1.140746
-1.305850
-1.483649
-1.440331
-1.358462
-1.244435
-1.089341
-0.860482
-0.613747
-0.377416
-0.140717
0.103507
0.152249
0.158361
0.363323
0.561291
0.728074
0.902663
1.065797
1.268761
1.511923
1.752805
1.990592
2.232605
2.472372
2.565656
2.521640
2.259314
1.999528
1.741405
1.483900
1.226396
0.968766
0.712208
0.455418
0.198035
-0.058814
-0.077048
-0.103449
-0.348001
-0.568014
-0.777070
-0.971580
-1.144634
-1.292337
-1.425084
-1.506242
-1.384898
-1.186308
-0.981816
-0.759845
-0.531369
-0.294681
-0.053293
0.192486
0.441798
0.693587
0.947940
1.203855
1.397090
1.510670
1.588945
1.343721
1.089987
0.836722
0.579459
0.327116
0.075557
-0.175026
-0.424378
-0.678693
-0.925062
-1.168777
-1.408803
-1.653628
-1.882032
-2.040417
-1.838317
-1.544713
-1.212005
-0.865255
-0.533285
-0.201121
0.131182
0.413874
0.578073
0.514963
0.356503
0.189381
0.024332
-0.128201
-0.003856
0.106734
0.347793
0.473088
0.207540
-0.051154
-0.305140
-0.426425
-0.274248
-0.143621
-0.277683
-0.425374
-0.338678
-0.165987
0.109275
0.382794
0.614706
0.411935
0.183082
0.076145
0.253635
0.421868
0.527530
0.459588
0.188072
-0.099709
-0.416469
-0.733365
-1.047618
-1.349039
-1.589678
-1.765502
-1.684069
-1.444061
-1.199614
-0.960388
-0.710135
-0.458385
-0.205506
0.048246
0.302686
0.556825
0.807619
1.058446
1.305148
1.320185
1.235114
1.026296
0.763396
0.503715
0.247006
-0.004687
-0.251336
-0.494757
-0.727232
-0.951013
-1.158128
-1.257759
-1.204705
-1.108308
-0.997113
-0.859965
-0.700992
-0.513077
-0.322666
-0.094650
-0.061353
-0.100257
0.147729
0.395886
0.649316
0.907063
1.157586
1.402736
1.655409
1.850190
2.074559
2.322063
2.523044
0.960951
0.789609
0.592965
0.391699
0.196650
0.007678
-0.175908
-0.349673
-0.512905
-0.720664
-0.937154
-1.147426
-1.353254
-1.552197
-1.741072
-1.877253
-1.797804
-1.594176
-1.485155
-1.264578
-1.044050
-0.826794
-0.609880
-0.392002
-0.187021
-0.106278
0.049190
0.045529
-0.027368
0.143140
0.126482
0.060974
-0.019504
-0.102380
-0.203326
-0.326001
-0.444235
-0.568610
-0.677265
-0.770838
-0.843577
-0.877352
-0.902337
-0.947312
-0.923846
-0.870630
-0.635528
-0.458008
-0.278876
-0.086278
0.089664
0.277008
0.476861
0.656125
0.839436
0.957112
1.000508
1.203987
1.405688
1.598964
1.796792
1.983140
2.175801
2.363262
2.550650
2.606615
2.370687
2.144815
1.926864
1.709701
1.493442
1.281722
1.074073
0.958772
0.940347
0.768837
0.566086
0.368099
0.172791
-0.020442
-0.210644
-0.395851
-0.579227
-0.752156
-0.796155
-0.844813
-0.801209
-0.774777
-0.735716
-0.671664
-0.583222
-0.463840
-0.355902
-0.228466
-0.114429
-0.043069
0.013205
0.036680
-0.104414
-0.042420
-0.131653
-0.240210
-0.392087
-0.584843
-0.777820
-0.968954
-1.158627
-1.348772
-1.537304
-1.719185
-1.748212
-1.631525
-1.505522
-1.352585
-1.189806
-1.020074
-0.829439
-0.624364
-0.434408
-0.270979
-0.093253
0.090188
0.274964
0.444589
0.662493
0.843141
0.828747
0.744785
0.670688
0.613539
0.578784
0.771286
0.920483
1.063712
1.181398
0.979094
0.769060
0.562868
0.567347
0.635715
0.701997
0.791807
0.887110
0.960161
2.799723
2.582717
2.365597
2.148176
1.929986
1.712011
1.494281
1.275226
1.056244
0.837347
0.618548
0.399867
0.349037
0.348132
0.174451
-0.037757
-0.248851
-0.464449
-0.646707
-0.835681
-1.026729
-1.211588
-1.354997
-1.388859
-1.367065
-1.175128
-1.172601
-1.204487
-1.160432
-1.010966
-0.813950
-0.613595
-0.395789
-0.167734
0.041990
0.167484
0.214416
0.180081
0.164464
0.067280
-0.159150
-0.373718
-0.586152
-0.795858
-0.975368
-1.136491
-1.283979
-1.427337
-1.268144
-1.074011
-0.828077
-0.648951
-0.385650
-0.102523
0.191621
0.463555
0.663399
0.776548
0.698444
0.562821
0.426793
0.318530
0.247847
0.454522
0.669127
0.794529
0.620744
0.404045
0.187742
-0.028082
-0.248088
-0.291273
-0.296453
-0.411883
-0.351217
-0.282658
-0.322968
-0.082443
0.180448
0.410118
0.639720
0.762534
0.623416
0.416338
0.355477
0.466419
0.584660
0.674692
0.589630
0.398545
0.113827
-0.182250
-0.489150
-0.670614
-0.926105
-1.147869
-1.319551
-1.331434
-1.191803
-1.026448
-0.852049
-0.670516
-0.459800
-0.246313
-0.034413
0.096257
0.123301
0.147082
0.075397
-0.034159
-0.270631
-0.506306
-0.726038
-0.908797
-1.069127
-1.194611
-1.163817
-1.091888
-1.234601
-1.370369
-1.367139
-1.294184
-1.113574
-0.925822
-0.732581
-0.548134
-0.357448
-0.146597
0.065436
0.273920
0.347996
0.314906
0.490482
0.707667
0.926690
1.145788
1.363617
1.581699
1.800003
2.017658
2.235676
2.453685
2.672216
2.799345
1.296889
1.106995
1.055514
0.998051
0.800338
0.605096
0.496242
0.546792
0.592741
0.665416
0.748154
0.824798
0.790458
0.614302
0.374332
0.165189
-0.041849
-0.260405
-0.441196
-0.639609
-0.832150
-1.023127
-1.210027
-1.394645
-1.574116
-1.745497
-1.874059
-1.785002
-1.622052
-1.430532
-1.244545
-1.055365
-0.863985
-0.667929
-0.476911
-0.277609
-0.195780
-0.053637
0.007397
-0.076708
0.049563
0.115695
0.053449
-0.011871
-0.088906
-0.183062
-0.304092
-0.441441
-0.578126
-0.708712
-0.796656
-0.867629
-0.922389
-0.951051
-0.935655
-0.850042
-0.651510
-0.478100
-0.301576
-0.122579
0.063946
0.235893
0.415396
0.600984
0.779192
0.915515
0.926395
1.091672
1.285669
1.477575
1.667667
1.858115
2.048876
2.236900
2.427532
2.551807
2.356984
2.161219
1.966734
1.773008
1.580084
1.387407
1.195342
1.003396
0.926944
0.889779
0.715144
0.534643
0.352771
0.169567
-0.009412
-0.184841
-0.356944
-0.531150
-0.708400
-0.813019
-0.847139
-0.809516
-0.786695
-0.725155
-0.628745
-0.513565
-0.395064
-0.281317
-0.224150
-0.167774
-0.128835
-0.174374
-0.236857
-0.175412
-0.304418
-0.397713
-0.543119
-0.729396
-0.919079
-1.107640
-1.294622
-1.479288
-1.652825
-1.764140
-1.678981
-1.558331
-1.409986
-1.248291
-1.075833
-0.895836
-0.708462
-0.529216
-0.359300
-0.166135
0.018952
0.201946
0.404836
0.590833
0.661527
0.608359
0.552151
0.520103
0.500842
0.622068
0.814895
1.000062
1.200992
1.299972
2.689016
2.497827
2.289065
2.081528
1.874226
1.667613
1.461311
1.255356
1.049794
0.844710
0.640997
0.447694
0.267156
0.099103
-0.078965
-0.267827
-0.460402
-0.651130
-0.832530
-1.017804
-1.199811
-1.377834
-1.523489
-1.569025
-1.592257
-1.581267
-1.534103
-1.452261
-1.332594
-1.193607
-1.042134
-0.890507
-0.694251
-0.484144
-0.262622
-0.052519
0.095409
0.160500
0.215510
0.299655
0.288132
0.138841
-0.018785
-0.160104
-0.299081
-0.428988
-0.555918
-0.662753
-0.766510
-0.854877
-0.704571
-0.481433
-0.208024
0.065923
0.342951
0.552072
0.714737
0.860602
0.821423
0.768259
0.724682
0.710029
0.686689
0.673510
0.540742
0.330001
0.110230
-0.146672
-0.336449
-0.559574
-0.485857
-0.480415
-0.648633
-0.461765
-0.505116
-0.451613
-0.490471
-0.292812
-0.070998
0.150268
0.350182
0.553898
0.614622
0.635208
0.630894
0.656702
0.680604
0.719624
0.693228
0.544338
0.344936
0.106177
-0.120025
-0.271086
-0.388418
-0.523325
-0.667870
-0.570177
-0.460476
-0.328481
-0.188702
-0.051180
0.091566
0.169302
0.057149
0.006942
-0.094403
-0.242909
-0.444877
-0.629816
-0.799300
-0.969035
-1.123832
-1.240253
-1.357387
-1.449538
-1.500166
-1.540701
-1.551654
-1.517885
-1.458164
-1.293656
-1.123479
-0.948627
-0.780059
-0.597510
-0.412278
-0.233290
-0.059312
0.096849
0.254026
0.413977
0.582663
0.777148
0.976523
1.176545
1.377140
1.578243
1.779801
1.979215
2.181707
2.382346
2.581721
2.691538
2.458115
2.343995
2.166347
1.984213
1.797266
1.615589
1.428937
1.240636
1.050598
0.864292
0.672567
0.480875
0.289224
0.097620
-0.093925
-0.249720
-0.420030
-0.487826
-0.643164
-0.824964
-1.005763
-1.129996
-1.241883
-1.338921
-1.414463
-1.476765
-1.500817
-1.515823
-1.402825
-1.284532
-1.090094
-1.113198
-1.203242
-1.277254
-1.350216
-1.385941
-1.281273
-1.259525
-1.154085
-1.035380
-0.905703
-0.766975
-0.620786
-0.468418
-0.310943
-0.149211
0.016090
0.181112
0.315418
0.440842
0.593237
0.688013
0.649919
0.515834
0.383180
0.265946
0.145322
0.036904
-0.073982
-0.176108
-0.251622
-0.333035
-0.402722
-0.442520
-0.468831
-0.313651
-0.117648
0.080182
0.277036
0.474801
0.669733
0.875011
