-0.422174
-0.540378
-0.373649
-0.366217
-0.415347
-0.157228
0.102666
0.336449
0.570151
0.776759
0.606692
0.411101
0.200848
0.223585
0.342261
0.468285
0.487396
0.472948
0.296283
0.287248
0.109356
-0.168612
-0.430704
-0.674500
-0.863477
-1.094353
-1.296418
-1.335288
-1.178979
-1.006533
-0.829267
-0.628709
-0.418796
-0.206447
-0.000784
0.050761
0.091390
0.098793
0.013312
-0.183487
-0.388382
-0.583760
-0.766272
-0.931040
-1.082910
-1.179726
-1.127436
-1.178814
-1.310956
-1.359747
-1.335781
-1.217271
-1.018481
-0.813958
-0.602010
-0.405994
-0.182705
0.041678
0.267085
0.339861
0.276347
0.489510
0.723028
0.956400
1.188762
1.421144
1.657462
1.895711
2.135471
2.378563
2.626361
2.832908
1.301499
1.139225
1.015320
0.821915
0.626274
0.538579
0.582488
0.654638
0.719758
0.794712
0.862452
0.822302
0.637933
0.417376
0.226180
0.024600
-0.169823
-0.355322
-0.538432
-0.729664
-0.918695
-1.105291
-1.288498
-1.472218
-1.637836
-1.797438
-1.877380
-1.728525
-1.554461
-1.370979
-1.181234
-0.996728
-0.802973
-0.608218
-0.418902
-0.227712
-0.167638
0.006189
-0.006946
-0.073250
0.108635
0.104810
0.047731
-0.024000
-0.114939
-0.219308
-0.374555
-0.500790
-0.646327
-0.762143
-0.837689
-0.897530
-0.927566
-0.957528
-0.900295
-0.732331
-0.543779
-0.371229
-0.189739
-0.010680
0.175069
0.354862
0.547034
0.730525
0.887357
0.919859
1.026770
1.222591
1.417858
1.612862
1.808225
2.003911
2.199949
2.396542
2.575703
2.401381
2.210229
2.018147
1.827629
1.634785
1.442307
1.250248
1.058673
0.912310
0.900035
0.759043
0.581522
0.400844
0.216108
0.032925
-0.141377
-0.319832
-0.487111
-0.664764
-0.826250
-0.871979
-0.848944
-0.826848
-0.784519
-0.697988
-0.609031
-0.487891
-0.371387
-0.245558
-0.187277
-0.109634
-0.061175
-0.068960
-0.186934
-0.121110
-0.191958
-0.312492
-0.435167
-0.629816
-0.823534
-1.016003
-1.212071
-1.403921
-1.589383
-1.758270
-1.742749
-1.614812
-1.459437
-1.295349
-1.117989
-0.933381
-0.743887
-0.540932
-0.357636
-0.158826
0.054144
0.242373
0.449345
0.650025
0.770974
0.705449
0.650073
0.605354
0.554229
0.541769
0.735138
0.930614
1.125041
1.302326
2.721720
2.511921
2.304434
2.097735
1.891772
1.686580
1.481202
1.275493
1.069649
0.865145
0.660622
0.455425
0.250864
0.045409
-0.004302
0.060478
-0.051559
-0.248393
-0.422943
-0.592122
-0.751799
-0.905181
-1.048531
-1.173385
-1.281943
-1.371717
-1.455316
-1.518093
-1.514070
-1.511685
-1.483638
-1.430994
-1.355492
-1.259482
-1.145373
-1.015699
-0.872696
-0.718432
-0.554644
-0.382828
-0.204232
-0.019883
0.169341
0.346323
0.511496
0.649844
0.704934
0.763380
0.668554
0.681171
0.668847
0.576150
0.442912
0.282538
0.144881
0.014260
-0.116360
-0.266499
-0.373446
-0.295654
-0.104934
0.093573
0.292847
0.483893
0.688694
0.657242
0.452890
0.240090
0.037406
-0.164906
-0.366772
-0.567553
-0.508622
-0.440166
-0.276650
-0.238692
-0.442235
-0.556849
-0.452222
-0.373734
-0.152469
0.070129
0.290174
0.509335
0.715846
0.653511
0.458218
0.283236
0.083787
-0.096570
0.013474
0.141970
0.260766
0.350094
0.310886
0.169999
0.310928
0.315987
0.260989
0.127847
-0.036514
-0.198082
-0.366279
-0.530447
-0.683332
-0.836362
-0.972670
-1.091614
-1.198026
-1.306204
-1.378554
-1.451000
-1.482612
-1.498196
-1.478969
-1.426512
-1.366313
-1.297019
-1.205181
-1.110944
-0.989061
-0.855561
-0.716166
-0.569042
-0.408924
-0.242652
-0.057677
0.013998
-0.035505
-0.034929
0.166771
0.365363
0.564756
0.767865
0.971214
1.177616
1.381239
1.579875
1.784018
1.983781
2.186243
2.385328
2.585425
2.722728
2.452268
2.248850
2.051742
1.855799
1.659702
1.552139
1.356914
1.163171
0.967941
0.773671
0.579406
0.384709
0.189811
-0.004514
-0.199026
-0.391557
-0.425887
-0.607976
-0.796837
-0.959213
-1.101255
-1.231283
-1.334408
-1.403402
-1.446419
-1.409321
-1.301437
-1.166634
-0.983157
-1.065852
-1.153948
-1.224709
-1.292917
-1.266168
-1.214299
-1.149691
-1.001737
-0.849810
-0.676743
-0.492008
-0.300261
-0.105479
0.110283
0.214494
0.323254
0.437252
0.600577
0.717828
0.752516
0.623579
0.478900
0.351123
0.217857
0.091088
-0.014655
-0.125234
-0.226602
-0.317726
-0.396382
-0.448260
-0.501910
-0.377410
-0.187972
-0.014601
0.171288
0.358220
0.549249
0.737559
0.907665
0.942150
1.032866
1.226874
1.419935
1.588564
1.590956
1.450117
1.261896
1.070377
0.878710
0.683019
0.489132
0.312194
0.118563
-0.073229
-0.262438
-0.452893
-0.544620
-0.501133
-0.443778
-0.379390
-0.307508
-0.213761
-0.125297
-0.012197
0.102380
0.223484
0.345509
0.445692
0.407061
0.286974
0.129449
0.008341
-0.173277
-0.348035
-0.516590
-0.660631
-0.812130
-0.952474
-1.097406
-1.204301
-1.288517
-1.367610
-1.357867
-1.270047
-1.158682
-1.068696
-1.073380
-1.251090
-1.386999
-1.395933
-1.347459
-1.274191
-1.188135
-1.073827
-0.910865
-0.735380
-0.557088
-0.401724
-0.335291
-0.138155
0.054464
0.247387
0.432281
0.622039
0.808646
0.999420
1.187313
1.381897
1.570583
1.758583
1.949455
2.139531
2.329973
2.454051
2.837601
2.615607
2.394802
2.174534
1.954274
1.733647
1.513160
1.292836
1.072699
0.851666
0.631857
0.411587
0.407915
0.399944
0.188520
-0.022967
-0.237462
-0.450851
-0.635027
-0.829809
-1.018877
-1.208981
-1.320132
-1.351044
-1.331931
-1.129639
-1.141889
-1.190680
-1.133745
-0.989246
-0.802393
-0.591059
-0.378249
-0.155430
0.033171
0.142414
0.180902
0.153849
0.123390
0.012903
-0.205291
-0.421965
-0.636716
-0.838760
-1.025372
-1.192671
-1.348455
-1.395235
-1.220118
-1.005102
-0.710452
-0.542814
-0.244281
0.054701
0.343482
0.557520
0.666169
0.588243
0.471441
0.332281
0.217020
0.227749
0.435943
0.645704
0.762634
0.555702
0.335411
0.115366
-0.100308
-0.327935
-0.381872
-0.363925
-0.453960
-0.491705
-0.362060
-0.371362
-0.264951
-0.028885
0.198530
0.413069
0.649268
0.864143
0.836250
0.655382
0.444297
0.234522
0.285661
0.407970
0.539795
0.558479
0.421792
0.177268
-0.112467
-0.409530
-0.706536
-0.877677
-1.134244
-1.322870
-1.389288
-1.239614
-1.077223
-0.904861
-0.714737
-0.510302
-0.293952
-0.075985
0.037927
0.074198
0.095457
0.034302
-0.083750
-0.327849
-0.530515
-0.753446
-0.954531
-1.110353
-1.184256
-1.152319
-1.160747
-1.320996
-1.350701
-1.308223
-1.130544
-0.944906
-0.753125
-0.563112
-0.379528
-0.166981
0.048042
0.260961
0.391833
0.366876
0.495685
0.715486
0.935461
1.155583
1.375832
1.595814
1.813827
2.032813
2.251090
2.469253
2.687296
2.837970
2.547874
2.281338
2.017045
1.753637
1.490998
1.229206
0.998878
0.819165
0.970366
0.708490
0.446237
0.184340
-0.079337
-0.299118
-0.198263
-0.337064
-0.572353
-0.787173
-0.989235
-1.163913
-1.324184
-1.451062
-1.532729
-1.511839
-1.301359
-1.085780
-0.854161
-0.614685
-0.368070
-0.115392
0.140346
0.400706
0.662516
0.926594
1.193440
1.404261
1.529436
1.461000
1.202829
0.940293
0.683261
0.427149
0.166155
-0.087917
-0.347187
-0.598074
-0.854367
-1.099867
-1.350500
-1.585827
-1.811480
-1.958752
-1.729994
-1.418024
-1.077019
-0.751335
-0.405423
-0.068640
0.272763
0.542122
0.677163
0.564416
0.389790
0.220900
0.056108
-0.049618
-0.246980
-0.185732
0.057756
0.310473
0.437053
0.165514
-0.098540
-0.362444
-0.359552
-0.147928
-0.119565
-0.332973
-0.340589
-0.192266
0.078837
0.357565
0.538235
0.311271
0.083799
0.234155
0.397866
0.573244
0.573122
0.351505
0.040967
-0.270586
-0.596856
-0.922844
-1.248414
-1.538900
-1.732036
-1.748168
-1.506666
-1.260683
-1.019424
-0.765605
-0.509768
-0.259458
-0.000569
0.252999
0.513684
0.769365
1.031181
1.288314
1.392158
1.305074
1.155115
0.884440
0.617837
0.353200
0.091587
-0.166968
-0.419047
-0.663734
-0.903951
-1.127778
-1.351545
-1.316667
-1.245643
-1.140114
-1.004900
-0.844963
-0.664823
-0.468384
-0.234069
-0.168645
-0.258684
-0.015347
0.240118
0.503959
0.764374
1.021985
1.274965
1.542100
1.799128
2.057198
2.313701
2.548884
2.631999
2.429308
2.226379
2.023879
1.821407
1.618991
1.417920
1.213794
1.009726
0.805724
0.603612
0.399868
0.198348
-0.005027
-0.210601
-0.208450
-0.170369
-0.210123
-0.395459
-0.577714
-0.742041
-0.895019
-1.043983
-1.171748
-1.291528
-1.396893
-1.482979
-1.550712
-1.594582
-1.596483
-1.590058
-1.545396
-1.476972
-1.391149
-1.296192
-1.171826
-1.040143
-0.899485
-0.736263
-0.568936
-0.398497
-0.212035
-0.039624
0.151735
0.331482
0.514604
0.676268
0.772577
0.824683
0.781161
0.787994
0.801958
0.707959
0.571968
0.425264
0.284799
0.151290
0.025541
-0.148566
-0.223618
-0.128356
0.066323
0.266166
0.459000
0.656825
0.582058
0.373936
0.171371
-0.033918
-0.231727
-0.357735
-0.357675
-0.208150
-0.047326
-0.076089
-0.276540
-0.364176
-0.276589
-0.187690
0.033833
0.251626
0.469499
0.675498
0.659346
0.478876
0.280422
0.082777
0.090544
0.213650
0.344080
0.464904
0.592492
0.596601
0.466840
0.487314
0.576332
0.521750
0.446518
0.276360
0.107772
-0.076413
-0.245493
-0.428042
-0.599237
-0.760350
-0.905748
-1.038656
-1.178345
-1.284762
-1.393145
-1.457568
-1.511378
-1.539880
-1.555301
-1.481637
-1.437645
-1.372131
-1.286981
-1.184355
-1.069870
-0.945089
-0.799818
-0.673884
-0.514033
-0.325970
-0.152490
-0.208345
-0.281621
-0.350602
-0.147864
0.055106
0.257995
0.459445
0.661057
0.866102
1.066898
1.269132
1.470810
1.673881
1.876109
2.078766
2.281171
2.483824
2.631844
2.615399
2.438607
2.196938
1.953237
1.690578
1.446829
1.174232
0.880346
0.616030
0.339475
0.045294
-0.090054
-0.069701
-0.277113
-0.482995
-0.676719
-0.843184
-1.004616
-1.151082
-1.287380
-1.380082
-1.465262
-1.422493
-1.192189
-0.963283
-0.720471
-0.467420
-0.206737
0.054213
0.330756
0.587917
0.871963
1.128703
1.336592
1.439443
1.581713
1.501915
1.257518
0.967020
0.676070
0.386593
0.082484
-0.205105
-0.492738
-0.791592
-1.073058
-1.364030
-1.639564
-1.901178
-1.861691
-1.654046
-1.416436
-1.181559
-0.943618
-0.705633
-0.467617
-0.231960
0.006143
0.244254
0.480360
0.568870
0.526217
0.328349
0.121333
-0.071456
-0.296612
-0.289535
-0.107381
0.170997
0.385248
0.162864
-0.105011
-0.387960
-0.433141
-0.316804
-0.163078
-0.309442
-0.435605
-0.346418
-0.190631
0.098166
0.374199
0.383655
0.183163
-0.007651
0.147296
0.315243
0.479741
0.480683
0.319865
0.060425
-0.189400
-0.438948
-0.688139
-0.936853
-1.184916
-1.432055
-1.665292
-1.784000
-1.531962
-1.272345
-1.004553
-0.733221
-0.461378
-0.189229
0.085067
0.362448
0.640387
0.915608
1.198892
1.333466
1.243726
1.096861
0.875777
0.645073
0.428671
0.202626
-0.007162
-0.240268
-0.441070
-0.646457
-0.852635
-1.029073
-1.211210
-1.195704
-1.105241
-0.981221
-0.826011
-0.646143
-0.446445
-0.251794
-0.010889
-0.040270
-0.078642
0.205523
0.492815
0.792584
1.045840
1.274988
1.488146
1.789280
2.093136
2.363158
2.602847
2.641403
2.379676
2.124140
1.867749
1.613465
1.357842
1.202280
1.022009
0.864823
0.698062
0.449133
0.262929
-0.010917
-0.120500
-0.204542
-0.454711
-0.727033
-0.860730
-0.987738
-1.177294
-1.328955
-1.445048
-1.482337
-1.389114
-1.183823
-0.987625
-1.074466
-1.183074
-1.269118
-1.332623
-1.191944
-0.999725
-0.841092
-0.669779
-0.556694
-0.503170
-0.610418
-0.360492
-0.111974
-0.016093
0.057669
0.210384
0.328776
0.420729
0.508939
0.626663
0.758184
0.851197
0.675260
0.439275
0.255238
0.381164
0.347934
0.143725
-0.055204
-0.268443
-0.441661
-0.602725
-0.749469
-0.879450
-0.990021
-1.001750
-0.809068
-0.710094
-0.471679
-0.230424
0.006738
0.042541
0.143416
0.377675
0.635617
0.889826
1.148286
1.404184
1.642371
1.788446
1.667871
1.402955
1.154089
0.906934
0.653449
0.401931
0.143144
-0.108545
-0.337163
-0.572981
-0.804880
-1.030044
-0.988584
-0.882119
-0.759118
-0.618634
-0.463123
-0.355224
-0.361215
-0.162003
0.016192
-0.018682
-0.018541
0.182093
0.433745
0.446314
0.339651
0.240347
0.117018
0.048146
-0.052752
-0.251322
-0.250190
-0.454790
-0.636016
-0.732178
-0.793146
-0.957800
-1.163764
-1.278892
-1.375958
-1.319122
-1.215450
-1.136570
-1.346366
-1.406918
-1.333340
-1.220478
-1.068426
-0.859372
-0.621352
-0.361032
-0.107188
0.126119
0.261382
0.246752
0.397274
0.618082
0.791665
0.969421
1.143192
1.366895
1.616370
1.862800
2.106832
2.354487
2.487910
2.643486
2.586751
2.316175
2.055357
1.791455
1.536070
1.277989
1.117345
0.940974
0.800711
0.651235
0.465051
0.299772
0.163273
0.104463
-0.142128
-0.387873
-0.612451
-0.804323
-1.008982
-1.183853
-1.346058
-1.443548
-1.493295
-1.507590
-1.375516
-1.190152
-1.029743
-1.121034
-1.211073
-1.283456
-1.215184
-1.040463
-0.826305
-0.657973
-0.475827
-0.493028
-0.464220
-0.210497
0.014434
0.072331
0.174758
0.332135
0.431564
0.499351
0.603882
0.721040
0.849738
0.822573
0.538275
0.348042
0.483008
0.417081
0.201187
-0.035063
-0.249260
-0.412150
-0.569975
-0.697031
-0.823386
-0.888467
-0.691055
-0.682679
-0.544415
-0.308339
-0.076871
0.122701
0.126558
0.264633
0.502871
0.743920
0.985734
1.228194
1.392706
1.640650
1.851460
1.659609
1.432806
1.186061
0.938073
0.691878
0.444494
0.197189
-0.050321
-0.294050
-0.534951
-0.772479
-0.977078
-0.898266
-0.820252
-0.700781
-0.564808
-0.402806
-0.178423
0.034947
0.014808
0.030916
0.218659
0.394053
0.479751
0.360718
0.254046
0.161807
0.075442
-0.037085
-0.234149
-0.221500
-0.390062
-0.600399
-0.777059
-0.680673
-0.838142
-1.008257
-1.155130
-1.309507
-1.413296
-1.423587
-1.338995
-1.250964
-1.242606
-1.518282
-1.501112
-1.442532
-1.331610
-1.194496
-0.994800
-0.755522
-0.493236
-0.241054
-0.008019
0.158900
0.145058
0.195260
0.447027
0.588651
0.738679
0.888280
1.061423
1.272504
1.516114
1.757150
1.993621
2.230978
2.463120
2.592086
1.189714
1.026022
0.830624
0.635310
0.525043
0.578123
0.637866
0.710169
0.792250
0.883410
0.915343
0.746574
0.541314
0.326799
0.116646
-0.094510
-0.314264
-0.490145
-0.700672
-0.890514
-1.079999
-1.263727
-1.441850
-1.617644
-1.782588
-1.925851
-1.905381
-1.715310
-1.520824
-1.324136
-1.126075
-0.927094
-0.727467
-0.533596
-0.333257
-0.185081
-0.112641
0.054173
0.033258
-0.013021
0.132243
0.110126
0.051705
-0.015875
-0.094053
-0.199981
-0.328788
-0.455629
-0.585502
-0.671753
-0.745940
-0.759431
-0.775898
-0.784547
-0.717207
-0.534125
-0.355559
-0.176075
0.002821
0.187882
0.369254
0.556962
0.735279
0.911178
1.061843
1.096348
1.225644
1.418660
1.613425
1.805537
1.997091
2.190178
2.382661
2.522476
2.343122
2.149044
1.955371
1.762246
1.569252
1.374130
1.179107
1.071775
1.029879
0.862273
0.685021
0.503680
0.324486
0.137386
-0.042958
-0.214737
-0.389120
-0.574461
-0.707574
-0.772488
-0.754142
-0.727566
-0.705052
-0.635714
-0.536218
-0.423888
-0.294716
-0.180903
-0.093184
-0.025527
0.021655
0.065301
-0.058994
-0.067142
-0.035363
-0.189086
-0.261547
-0.445586
-0.639784
-0.843149
-1.038394
-1.232774
-1.432837
-1.624707
-1.813691
-1.855216
-1.754773
-1.604874
-1.447440
-1.274665
-1.095577
-0.912413
-0.720418
-0.513722
-0.306353
-0.090879
0.130873
0.342028
0.572842
0.776921
0.871726
0.781946
0.701084
0.629810
0.568735
0.518438
0.651717
0.844515
1.034865
1.190453
