-0.337958
-0.480118
-0.427017
-0.348393
-0.421953
-0.305541
-0.048231
0.218038
0.445563
0.681486
0.743432
0.508782
0.349667
0.225436
0.352001
0.460491
0.525629
0.382782
0.180707
-0.091037
-0.353718
-0.609901
-0.752802
-0.974018
-1.170950
-1.358665
-1.338854
-1.178167
-1.012025
-0.834446
-0.631152
-0.425007
-0.216619
-0.016787
0.048166
0.064817
0.096988
0.011356
-0.156860
-0.361219
-0.543930
-0.722829
-0.883947
-1.032228
-1.161386
-1.124474
-1.084551
-1.267517
-1.328165
-1.315864
-1.277688
-1.091114
-0.893270
-0.689915
-0.485487
-0.269918
-0.052391
0.166918
0.363926
0.336822
0.347594
0.575686
0.802428
1.029700
1.259333
1.486414
1.716975
1.951400
2.182862
2.421736
2.662772
2.904095
2.685322
2.477806
2.272024
2.066709
1.862006
1.657952
1.453847
1.249752
1.046346
0.843418
0.641031
0.446722
0.283501
0.115073
-0.045818
-0.227825
-0.412207
-0.600041
-0.785430
-0.967891
-1.146816
-1.315467
-1.490755
-1.570357
-1.602877
-1.588618
-1.552911
-1.466847
-1.348895
-1.203426
-1.036527
-0.865796
-0.681083
-0.481459
-0.277225
-0.060451
0.073468
0.124411
0.203172
0.247461
0.235996
0.085873
-0.061890
-0.202363
-0.343042
-0.469126
-0.582893
-0.685351
-0.789176
-0.650797
-0.503127
-0.281025
0.007689
0.270251
0.493850
0.657004
0.808062
0.766160
0.714421
0.682921
0.658773
0.649529
0.633240
0.491734
0.284422
0.055262
-0.154004
-0.329346
-0.547292
-0.434745
-0.507831
-0.556353
-0.444755
-0.567917
-0.407462
-0.532144
-0.408320
-0.189889
0.052110
0.279001
0.478110
0.634646
0.656449
0.670306
0.694279
0.718160
0.755357
0.785331
0.668203
0.499078
0.263249
-0.012553
-0.298716
-0.442019
-0.591818
-0.735508
-0.633905
-0.520980
-0.407249
-0.274741
-0.138265
0.008264
0.152129
0.193026
0.130939
0.066829
-0.039830
-0.198813
-0.404723
-0.619169
-0.807049
-0.980892
-1.139464
-1.279861
-1.398870
-1.493152
-1.559562
-1.595558
-1.599636
-1.571621
-1.442624
-1.275495
-1.103016
-0.935385
-0.754359
-0.578472
-0.399135
-0.216866
-0.044207
0.080084
0.239034
0.406144
0.585714
0.786157
0.987110
1.188510
1.390306
1.590448
1.793043
1.994227
2.195946
2.398145
2.599647
2.685895
2.623648
2.420775
2.218095
2.015369
1.813059
1.609983
1.407118
1.204490
0.997512
0.796563
0.594486
0.390782
0.187174
-0.014093
-0.217316
-0.307200
-0.225107
-0.208979
-0.397761
-0.574175
-0.737810
-0.893098
-1.044482
-1.179179
-1.304225
-1.409081
-1.495196
-1.560086
-1.601585
-1.637044
-1.609144
-1.574908
-1.516747
-1.436672
-1.336097
-1.220153
-1.070032
-0.927696
-0.775020
-0.611985
-0.442813
-0.252620
-0.086929
0.111279
0.299291
0.463036
0.618231
0.692369
0.757655
0.689296
0.627376
0.715888
0.739433
0.654835
0.516920
0.375460
0.241916
0.113217
-0.003859
-0.176007
-0.222407
-0.040902
0.157016
0.350889
0.545917
0.641397
0.442692
0.237653
0.032680
-0.172216
-0.339425
-0.341516
-0.206121
-0.043108
-0.074235
-0.278157
-0.345204
-0.295340
-0.191124
0.008582
0.220864
0.430362
0.642347
0.622621
0.434259
0.243394
0.048608
0.095892
0.219513
0.350459
0.488010
0.614351
0.689813
0.644130
0.619555
0.667641
0.602888
0.529266
0.339140
0.165288
-0.016712
-0.194075
-0.366015
-0.547836
-0.706855
-0.857079
-0.996930
-1.124767
-1.237980
-1.334890
-1.413028
-1.470237
-1.521860
-1.531267
-1.483586
-1.443597
-1.384697
-1.305286
-1.207483
-1.093521
-0.965570
-0.819883
-0.670626
-0.516635
-0.327366
-0.164992
-0.218751
-0.308356
-0.344914
-0.143831
0.057056
0.259933
0.460600
0.663916
0.865282
1.066621
1.270814
1.473021
1.675495
1.876917
2.078869
2.280461
2.482360
2.623648
1.266946
1.168449
1.008994
0.818344
0.621793
0.581372
0.614375
0.677517
0.750696
0.827865
0.905130
0.781454
0.574293
0.381966
0.198801
0.003046
-0.168169
-0.346240
-0.515301
-0.703873
-0.888595
-1.076676
-1.255087
-1.436329
-1.602257
-1.756035
-1.829859
-1.692355
-1.519995
-1.333036
-1.150630
-0.965048
-0.771305
-0.582297
-0.391944
-0.200351
-0.097793
0.017478
-0.041327
0.043761
0.121355
0.076708
0.005349
-0.089842
-0.207892
-0.351438
-0.495333
-0.628761
-0.740630
-0.837017
-0.893212
-0.952336
-1.004895
-0.984634
-0.913100
-0.717959
-0.536043
-0.355188
-0.173038
0.011601
0.201526
0.390860
0.583270
0.775229
0.848664
0.854017
1.049543
1.248140
1.447194
1.648629
1.850485
2.052709
2.257563
2.465670
2.563466
2.379143
2.192788
1.999456
1.810680
1.618236
1.426234
1.229895
1.033747
0.862008
0.844234
0.735336
0.569059
0.381077
0.194441
0.018776
-0.163758
-0.343787
-0.509485
-0.687178
-0.883621
-0.937510
-0.932054
-0.895785
-0.856640
-0.788385
-0.693943
-0.576744
-0.455424
-0.307733
-0.208418
-0.139783
-0.065256
-0.026839
-0.078425
-0.128662
-0.066623
-0.180277
-0.289980
-0.444414
-0.644682
-0.846977
-1.042264
-1.247024
-1.440166
-1.627358
-1.769704
-1.701808
-1.552461
-1.383438
-1.199510
-1.009237
-0.814486
-0.617347
-0.417293
-0.203444
0.022063
0.237072
0.459613
0.670990
0.816375
0.753505
0.681047
0.639152
0.588433
0.549315
0.705546
0.904821
1.102874
1.263571
2.501744
2.243667
2.028032
1.778373
1.529029
1.282862
1.107714
0.961811
0.789690
0.647379
0.436907
0.222912
0.127085
0.081688
0.098852
0.028806
-0.215370
-0.458497
-0.694326
-0.896468
-1.039050
-1.234530
-1.408285
-1.527250
-1.611517
-1.624043
-1.496448
-1.319310
-1.103662
-1.170118
-1.255113
-1.330783
-1.345993
-1.176130
-0.976622
-0.816373
-0.646276
-0.531128
-0.598395
-0.349928
-0.078364
-0.013136
0.074882
0.233245
0.350827
0.443245
0.548997
0.667034
0.778556
0.780120
0.547427
0.336184
0.327371
0.381860
0.205980
0.004268
-0.197368
-0.365274
-0.515280
-0.648871
-0.775303
-0.865860
-0.817435
-0.720509
-0.533029
-0.295284
-0.065084
0.136622
0.106466
0.338694
0.583198
0.827897
1.072438
1.317411
1.562754
1.808214
1.951486
1.815041
1.566786
1.321237
1.077906
0.833017
0.586892
0.340774
0.120818
-0.107646
-0.334003
-0.565024
-0.789846
-0.914471
-0.821037
-0.708129
-0.594817
-0.464969
-0.241991
0.000924
0.109310
0.029247
0.204374
0.464756
0.486540
0.379388
0.268512
0.188963
0.107721
-0.015661
-0.178875
-0.255706
-0.485346
-0.692220
-0.661489
-0.789587
-0.938405
-1.127006
-1.251555
-1.347721
-1.304953
-1.210871
-1.145623
-1.336359
-1.481254
-1.444733
-1.371320
-1.265783
-1.120165
-0.896683
-0.659711
-0.396756
-0.160393
0.032403
0.106171
0.108674
0.293624
0.499261
0.654499
0.811693
0.992063
1.179292
1.418562
1.658419
1.891018
2.128556
2.363511
2.504843
2.588781
2.472398
2.223939
1.978078
1.730601
1.483630
1.231610
1.086663
0.887455
0.707345
0.541431
0.332135
0.110436
0.099223
0.108335
-0.023505
-0.267494
-0.510158
-0.732129
-0.951067
-1.149598
-1.310900
-1.435500
-1.517445
-1.553839
-1.551078
-1.380545
-1.139825
-1.093880
-1.175147
-1.257326
-1.331491
-1.234903
-1.063151
-0.854246
-0.670664
-0.513976
-0.633566
-0.453393
-0.225640
-0.011774
-0.017672
0.150827
0.287635
0.376673
0.462854
0.563810
0.678427
0.735394
0.530404
0.349099
0.218049
0.320027
0.154772
-0.059134
-0.271287
-0.439157
-0.594021
-0.715350
-0.836285
-0.936646
-0.785757
-0.620398
-0.377483
-0.132644
0.070400
0.069922
0.332399
0.589138
0.846139
1.103357
1.358055
1.610120
1.867488
1.919539
1.672059
1.413596
1.162578
0.907852
0.653137
0.394595
0.139870
-0.000497
-0.225428
-0.451509
-0.687424
-0.900923
-0.942414
-0.838431
-0.728727
-0.599001
-0.438795
-0.222211
-0.237939
-0.046605
0.066871
0.013384
0.057511
0.044007
0.252115
0.480338
0.419561
0.320737
0.217505
0.149428
0.058284
-0.077200
-0.171967
-0.360394
-0.618686
-0.612167
-0.691855
-0.834228
-1.008833
-1.215630
-1.337147
-1.302664
-1.202181
-1.107647
-1.280710
-1.493987
-1.476420
-1.392281
-1.263402
-1.103211
-0.938143
-0.687002
-0.438680
-0.195493
0.051679
0.119042
0.110524
0.251335
0.461622
0.649558
0.806461
0.988240
1.134282
1.335729
1.586866
1.838765
2.091362
2.345138
2.587282
2.614713
2.337607
2.068570
1.802160
1.559078
1.296265
1.031529
0.767743
0.503651
0.240237
-0.023115
0.043337
-0.053266
-0.299419
-0.527122
-0.740226
-0.941806
-1.117268
-1.263826
-1.384269
-1.349514
-1.164103
-0.969565
-0.750942
-0.539857
-0.306115
-0.068687
0.172034
0.417267
0.669599
0.920849
1.170956
1.346063
1.457945
1.467482
1.208823
0.948927
0.687098
0.425440
0.166875
-0.094072
-0.351045
-0.610778
-0.869791
-1.122654
-1.378608
-1.632315
-1.874163
-2.099048
-1.902531
-1.574051
-1.223271
-0.855520
-0.500068
-0.146926
0.185277
0.401153
0.415447
0.271028
0.079475
-0.079850
-0.246591
-0.328173
-0.506923
-0.306221
-0.057477
0.186355
0.234651
-0.038373
-0.299242
-0.556826
-0.598973
-0.393907
-0.306929
-0.322101
-0.057856
0.153332
0.414280
0.599178
0.761513
0.728520
0.608369
0.365599
0.289627
0.051452
-0.161832
0.028722
0.206135
0.381017
0.416133
0.230257
-0.062652
-0.362347
-0.677412
-0.983522
-1.288263
-1.590892
-1.772041
-1.915704
-1.648967
-1.399387
-1.137410
-0.882593
-0.625939
-0.360612
-0.102001
0.164191
0.417591
0.684407
0.945273
1.206528
1.357843
1.279117
1.105635
0.832079
0.564960
0.300991
0.042276
-0.211056
-0.457268
-0.694058
-0.919453
-1.124172
-1.205139
-1.126217
-1.034921
-0.907011
-0.751280
-0.575758
-0.382937
-0.174321
0.055798
0.036004
0.080186
0.341309
0.597343
0.859420
1.116760
1.370149
1.633215
1.888096
2.143834
2.396264
2.617511
2.732679
2.539348
2.328767
2.119039
1.909565
1.700552
1.491911
1.283664
1.075817
0.868383
0.661832
0.486613
0.304834
0.132419
-0.048406
-0.240656
-0.429661
-0.622347
-0.812687
-0.996363
-1.175554
-1.354640
-1.484136
-1.533865
-1.531275
-1.524202
-1.464788
-1.370924
-1.240066
-1.090985
-0.937666
-0.767673
-0.581700
-0.370517
-0.145448
0.026225
0.096374
0.165349
0.223829
0.252424
0.102838
-0.056626
-0.206369
-0.351227
-0.494287
-0.616090
-0.739950
-0.841689
-0.927987
-0.774290
-0.543391
-0.265441
0.012982
0.294074
0.520586
0.685806
0.823129
0.780977
0.734154
0.690291
0.669565
0.643647
0.628323
0.526244
0.327680
0.129256
-0.129868
-0.344868
-0.568714
-0.576132
-0.575954
-0.649346
-0.548225
-0.673058
-0.573420
-0.602259
-0.478171
-0.279830
-0.065319
0.160320
0.357394
0.566764
0.613848
0.619513
0.633630
0.658374
0.693569
0.730774
0.776501
0.639959
0.478487
0.260650
-0.006543
-0.285965
-0.471847
-0.590764
-0.724411
-0.717440
-0.587215
-0.461107
-0.325876
-0.182536
-0.032008
0.112635
0.125977
0.070152
0.023515
-0.107744
-0.274571
-0.474105
-0.663583
-0.862284
-1.025536
-1.150811
-1.277479
-1.381325
-1.459344
-1.508926
-1.528231
-1.516498
-1.474193
-1.332335
-1.158951
-0.980754
-0.798592
-0.613140
-0.433868
-0.242870
-0.057871
0.084369
0.236122
0.398177
0.568778
0.761223
0.964259
1.167890
1.374942
1.577184
1.781705
1.987113
2.190725
2.396375
2.599857
2.734842
2.795818
2.578788
2.344933
2.111141
1.877689
1.643891
1.410995
1.176775
0.943509
0.709324
0.476422
0.242429
0.205356
0.215360
0.349110
0.507892
0.535030
0.301863
0.064847
-0.159043
-0.386042
-0.611731
-0.810052
-1.010072
-1.215909
-1.405548
-1.537092
-1.556123
-1.502415
-1.305752
-1.317819
-1.351864
-1.182139
-0.994293
-0.764155
-0.526194
-0.289978
-0.029495
0.098077
0.180393
0.183776
0.157823
0.083307
-0.143819
-0.368700
-0.592831
-0.807317
-0.985523
-1.150500
-1.301421
-1.300093
-1.105353
-0.848308
-0.624855
-0.411815
-0.094113
0.217618
0.512640
0.718260
0.806199
0.677043
0.545437
0.420758
0.297146
0.436163
0.659486
0.888124
0.930206
0.704252
0.473575
0.239759
0.009965
-0.227183
-0.240474
-0.234156
-0.369443
-0.312678
-0.224481
-0.270725
-0.114978
0.149921
0.398504
0.642558
0.886626
0.827981
0.609639
0.387267
0.440979
0.569771
0.692209
0.673057
0.487197
0.213384
-0.091751
-0.406758
-0.638269
-0.880594
-1.110773
-1.301191
-1.258175
-1.100327
-0.929672
-0.748802
-0.538391
-0.313632
-0.086499
0.089119
0.125715
0.150389
0.111607
0.011259
-0.250753
-0.478956
-0.712710
-0.930004
-1.115241
-1.271113
-1.258535
-1.208581
-1.349780
-1.499938
-1.503743
-1.398099
-1.212048
-1.016841
-0.814647
-0.627706
-0.407814
-0.179955
0.043423
0.229099
0.207139
0.279242
0.511810
0.744613
0.977611
1.210775
1.442226
1.674040
1.906170
2.137213
2.368790
2.598970
2.796298
2.410167
2.218512
2.045046
1.854159
1.662955
1.473841
1.282756
1.092423
0.902256
0.711289
0.520353
0.329454
0.139770
-0.051539
-0.240172
-0.423441
-0.483831
-0.652346
-0.832775
-1.007277
-1.141728
-1.257902
-1.349561
-1.413208
-1.445335
-1.443951
-1.345715
-1.218520
-1.053220
-1.057654
-1.147825
-1.221498
-1.276505
-1.303753
-1.205580
-1.163591
-1.033227
-0.886146
-0.732410
-0.564210
-0.374540
-0.203234
-0.010559
0.171736
0.335363
0.445568
0.605494
0.711715
0.718830
0.593879
0.451904
0.327116
0.209034
0.089580
-0.017712
-0.125733
-0.209788
-0.282729
-0.359508
-0.407942
-0.431084
-0.249346
-0.074438
0.108866
0.295717
0.479077
0.669147
0.854417
0.978239
1.067913
1.259263
1.451199
1.558139
1.581103
1.443271
1.253242
1.060675
0.870148
0.679697
0.493639
0.311365
0.121984
-0.064492
-0.250198
-0.434964
-0.457785
-0.417137
-0.362958
-0.296054
-0.217366
-0.127872
-0.028559
0.079617
0.195752
0.319002
0.437355
0.523197
0.489659
0.380543
0.236848
0.097530
-0.080846
-0.255723
-0.429140
-0.595093
-0.751911
-0.897522
-1.048758
-1.177785
-1.256678
-1.320537
-1.282021
-1.192376
-1.102062
-1.011156
-1.100565
-1.251900
-1.367308
-1.403158
-1.372777
-1.313899
-1.239141
-1.154487
-1.035853
-0.860176
-0.685580
-0.514358
-0.454304
-0.284485
-0.095888
0.095656
0.282235
0.469412
0.661274
0.851052
1.039042
1.227395
1.417695
1.605156
1.774595
1.964214
2.153014
2.341413
2.410446
2.441132
2.238800
2.039824
1.843555
1.647799
1.450868
1.254036
1.061055
0.884788
0.690289
0.497535
0.303366
0.109253
-0.083268
-0.278524
-0.398722
-0.493710
-0.679090
-0.867085
-0.992969
-1.141875
-1.253055
-1.339685
-1.392017
-1.418760
-1.296509
-1.173512
-1.004664
-1.025524
-1.108214
-1.189976
-1.254039
-1.282031
-1.182626
-1.120343
-0.974219
-0.808155
-0.626223
-0.431755
-0.227333
-0.014942
0.189804
0.349480
0.496067
0.649904
0.755827
0.756879
0.618865
0.477586
0.341737
0.217177
0.098735
-0.011883
-0.132599
-0.213793
-0.315942
-0.386171
-0.442482
-0.482504
-0.333016
-0.153705
0.020541
0.202917
0.386292
0.576058
0.760731
0.924955
0.960239
1.080975
1.262943
1.453182
1.617417
1.502288
1.339783
1.156945
0.962167
0.767340
0.575898
0.384468
0.191748
-0.000774
-0.192316
-0.383512
-0.514737
-0.492747
-0.436698
-0.367967
-0.306796
-0.215126
-0.113663
-0.021158
0.097513
0.206587
0.339081
0.461546
0.515712
0.459504
0.328285
0.203059
0.068096
-0.108542
-0.269696
-0.442846
-0.592434
-0.735142
-0.885751
-1.020638
-1.155708
-1.255471
-1.345279
-1.419749
-1.385564
-1.289572
-1.193239
-1.091264
-1.074841
-1.225032
-1.378760
-1.446860
-1.405861
-1.335806
-1.254468
-1.153644
-1.035265
-0.848956
-0.669588
-0.504063
-0.397940
-0.276133
-0.079227
0.111263
0.300646
0.490380
0.680412
0.870701
1.061209
1.251907
1.437919
1.626834
1.815712
1.994201
2.181873
2.363065
2.447006
