-38
-44
-43
-57
-61
-67
-72
-65
-63
-61
-70
-73
-81
-90
-94
-88
-94
-111
-114
-107
-104
-86
-69
-49
-45
-44
-49
-56
-51
-48
-34
-38
-19
-8
5
20
31
42
43
57
52
41
27
30
25
10
8
-6
-11
-24
-29
-47
-58
-59
-65
-61
-50
-30
-11
-8
14
23
32
54
79
78
71
50
34
16
11
8
12
29
45
44
25
4
-3
-21
-27
-39
-39
-53
-43
-34
-31
-17
-2
13
1
-8
-38
-53
-57
-53
-50
-49
-30
-19
-6
1
9
-3
-16
-11
-4
10
17
20
1
-22
-41
-57
-65
-64
-52
-51
-44
-40
-50
-64
-69
-75
-67
-47
-21
-18
-26
-31
-28
-38
-49
-53
-52
-56
-50
-44
-43
-35
-30
-23
-30
-22
-18
-5
-3
4
-1
-7
-10
-2
-1
-7
-19
-38
-53
-46
-58
-67
-67
-60
-64
-83
-86
-89
-84
-68
-40
-22
-22
-24
-45
-58
-54
-50
-45
-62
-61
-73
-83
-92
-94
-81
-62
-33
-25
-34
-45
-47
-43
-22
-10
-5
-8
2
12
8
-4
-2
-5
-15
-15
-20
-28
-32
-28
-30
-39
-37
-39
-41
-40
-28
-19
-11
2
5
9
6
15
23
23
35
26
19
14
2
0
1
15
14
12
9
23
19
6
-6
-14
-18
-27
-44
-66
-75
-60
-52
-46
-42
-25
-20
-16
-8
-5
-4
-3
-4
-11
-22
-7
5
17
30
23
5
-11
-16
-19
-15
-3
4
-4
-5
14
34
40
56
46
29
17
11
14
12
13
2
7
8
29
38
24
13
-21
-37
-47
-40
-43
-52
-54
-67
-77
-77
-68
-56
-60
-51
-45
-29
-15
6
-1
-3
-1
7
4
-1
11
14
22
17
4
-13
-12
-14
-14
-4
2
-1
-31
-44
-45
-47
-34
-21
-28
-43
-51
-68
-72
-75
-66
-58
-51
-24
-21
-25
-31
-31
-24
-30
-19
-16
-14
-17
-9
-20
-31
-29
-34
-34
-32
-23
-13
-13
-5
-6
-20
-40
-62
-70
-66
-44
-39
-38
-42
-28
-27
-19
-12
-13
-17
-7
2
-8
-29
-53
-63
-81
-88
-98
-114
-131
-130
-118
-108
-83
-78
-70
-69
-70
-88
-111
-115
-108
-90
-76
-59
-52
-49
-28
-29
-31
-30
-22
-23
-29
-34
-30
-17
2
27
28
6
-11
-38
-48
-45
-34
-40
-34
-29
-30
-38
-48
-43
-52
-50
-50
-51
-56
-62
-55
-43
-11
18
40
34
14
-18
-53
-56
-33
-10
-1
8
8
-2
-16
-25
-27
-25
3
19
27
24
11
14
15
32
26
22
19
39
60
61
65
53
48
37
41
36
44
60
65
67
70
77
73
58
39
22
17
19
30
30
32
34
22
23
24
24
8
-4
-6
-8
-14
-14
-7
-14
-20
-22
-20
-28
-21
-23
-32
-30
-32
-32
-38
-27
-30
-36
-36
-33
-2
14
37
45
36
34
34
37
30
35
33
49
69
87
85
79
89
87
73
59
56
50
51
46
41
30
10
10
0
21
40
51
41
36
38
27
24
19
13
1
-12
-37
-59
-63
-58
-41
-48
-49
-58
-71
-68
-62
-38
-21
1
5
2
6
18
20
26
43
59
59
56
54
39
20
9
3
-2
3
11
17
18
23
16
-1
-11
-7
7
17
33
40
50
45
46
30
12
-11
-33
-49
-38
-21
-5
6
22
23
15
9
4
5
22
40
50
40
37
25
-2
-26
-22
2
18
38
30
15
6
0
8
21
25
18
7
-3
9
22
25
26
3
-29
-33
-29
-37
-63
-78
-82
-71
-63
-58
-62
-62
-45
-39
-34
-36
-30
-34
-39
-27
-8
-4
12
19
14
5
-13
-29
-35
-37
-23
-21
-17
-17
-24
-40
-39
-35
-43
-47
-58
-74
-92
-106
-118
-129
-133
-122
-106
-88
-67
-53
-36
-20
-7
-8
-11
4
16
22
7
4
-8
-18
-25
-50
-73
-91
-91
-90
-90
-88
-101
-113
-119
-113
-112
-114
-116
-105
-90
-64
-29
-23
-14
-12
2
1
9
1
-3
-7
-3
6
2
7
-3
-14
-13
-10
-1
-28
-55
-86
-117
-135
-147
-158
-163
-158
-151
-148
-136
-108
-93
-74
-53
-31
-22
-24
-24
-13
-7
4
-5
-26
-45
-45
-38
-36
-22
-23
-25
-22
2
11
31
47
57
67
86
119
136
135
122
98
81
73
71
53
42
29
16
5
-1
2
-12
-18
-19
-15
-11
1
22
20
16
14
17
27
39
48
49
39
27
7
-10
-9
-18
-31
-39
-34
-38
-44
-43
-29
-7
16
42
43
38
29
17
8
-4
-7
-15
-27
-19
-18
-4
10
26
17
8
4
-2
-15
-23
-32
-42
-39
-31
-19
-21
-9
-7
-4
6
20
28
28
29
25
13
9
17
29
39
49
43
39
45
54
58
45
54
48
47
35
32
40
44
44
30
11
-1
-2
-19
-33
-29
-19
-8
-12
-2
-8
-9
-10
-26
-32
-26
-14
-11
-25
-33
-47
-54
-54
-50
-67
-70
-66
-50
-42
-35
-31
-39
-46
-40
-39
-31
-24
-13
-20
-18
-16
9
32
45
43
19
9
17
28
25
25
16
10
-5
-13
-27
-49
-60
-79
-83
-72
-56
-59
-84
-104
-119
-126
-120
-104
-91
-93
-90
-100
-111
-114
-108
-107
-112
-109
-107
-93
-84
-64
-67
-70
-75
-74
-62
-44
-28
-37
-39
-45
-51
-58
-56
-52
-60
-51
-33
-17
-20
-29
-32
-33
-21
-1
6
6
4
-4
-17
-10
14
44
58
79
78
56
22
-10
-36
-54
-62
-57
-50
-30
-12
-2
-11
-9
-3
8
20
28
30
18
36
46
54
47
35
25
30
48
48
29
14
-4
-24
-37
-31
-22
-18
-12
-6
-9
-9
-3
-7
-3
-1
-1
-31
-40
-29
1
35
49
34
14
-1
-6
-11
-27
-15
-5
-8
-22
-33
-41
-41
-34
-28
-32
-31
-29
-29
-46
-53
-62
-77
-77
-68
-49
-27
-5
8
23
38
56
52
42
33
22
16
16
21
4
-4
-12
-17
-23
-26
-17
-23
-22
-32
-41
-59
-60
-54
-48
-36
-13
-4
-10
-7
3
17
31
34
28
16
-1
-27
-55
-55
-46
-22
-6
24
35
28
17
8
5
4
23
39
42
44
46
50
38
33
14
-8
-13
-7
-3
5
0
-7
-25
-45
-56
-61
-61
-47
-46
-51
-48
-41
-33
-31
-16
-10
-11
-22
-28
-52
-64
-71
-71
-73
-67
-61
-64
-53
-41
-30
-31
-29
-37
-48
-45
-31
-7
6
28
43
34
26
18
6
-10
-19
-32
-48
-56
-46
-36
-36
-25
-27
-21
-14
-4
2
8
17
14
13
7
15
10
-5
-7
-24
-32
-35
-31
-38
-47
-36
-34
-36
-41
-37
-23
-5
0
4
-6
-2
12
24
39
36
20
-15
-36
-63
-87
-110
-108
-93
-74
-38
-17
-14
-21
-29
-43
-46
-46
-40
-39
-45
-34
-32
-26
-8
-7
-11
-28
-39
-52
-60
-52
-48
-37
-36
-26
-28
-38
-39
-45
-33
-8
15
12
5
-1
2
4
6
18
18
24
46
53
57
43
35
11
-7
-19
-39
-49
-55
-44
-41
-38
-37
-32
-42
-43
-42
-43
-22
4
20
20
28
33
26
34
41
41
36
30
15
-6
-24
-31
-27
-34
-20
-6
2
14
19
21
24
31
32
22
13
21
14
6
-1
-16
-36
-53
-51
-42
-27
-22
-16
-17
-12
6
4
10
21
27
25
26
22
0
-13
-23
-28
-42
-45
-42
-40
-27
-14
7
13
22
32
26
36
32
22
2
15
24
41
36
21
-5
-39
-50
-53
-47
-42
-33
-32
-51
-61
-94
-108
-100
-56
-6
25
47
36
23
13
12
8
2
7
12
16
10
6
-6
-20
-17
-33
-29
-13
10
18
12
18
17
13
7
2
-5
-10
-24
-27
-34
-35
-29
-40
-36
-24
-11
-6
-5
-11
-27
-45
-52
-67
-82
-81
-76
-61
-47
-34
-33
-30
-10
0
5
-3
-4
-2
-6
-1
-22
-35
-27
-15
8
4
4
-12
-21
-32
-32
-39
-42
-31
-27
-39
-52
-53
-49
-29
-18
-19
-22
-22
-4
-1
0
6
24
35
40
24
0
-20
-26
-23
-21
-5
5
14
26
47
62
64
70
73
57
46
41
17
1
-6
-3
10
6
1
-24
-44
-51
-61
-69
-63
-47
-35
-39
-19
-5
21
31
20
-1
-26
-22
-25
-29
-26
-15
-7
-9
-4
4
12
29
33
28
15
9
-1
-8
-19
-13
-24
-22
-3
18
21
24
23
26
45
46
36
5
-10
-24
-33
-30
-16
4
12
1
-17
-40
-35
-13
12
27
39
33
23
30
51
68
63
54
22
0
-23
-32
-44
-56
-38
-42
-43
-60
-54
-55
-47
-37
-32
-27
-21
-18
-22
-15
0
12
15
17
19
13
17
26
32
35
32
29
25
29
44
48
44
36
30
15
21
24
41
37
39
29
23
28
31
19
-7
-15
-14
-19
-17
-3
20
30
45
39
40
47
49
43
21
7
-19
-40
-45
-44
-50
-58
-57
-61
-79
-104
-125
-131
-119
-90
-76
-83
-92
-89
-82
-55
-26
5
15
11
10
-17
-28
-37
-41
-41
-34
-30
-27
-19
-12
-15
-24
-30
-14
-7
12
19
4
-19
-26
-33
-31
-34
-37
-38
-40
-24
-17
-21
-29
-24
-17
-13
-2
-11
-21
-35
-41
-36
-21
-5
-8
-7
-6
9
3
-2
4
-6
-17
-27
-20
-17
-9
-1
-6
-30
-45
-45
-41
-33
-38
-51
-56
-48
-26
-23
-32
-41
-55
-64
-60
-49
-51
-55
-65
-75
-87
-82
-71
-61
-55
-52
-50
-54
-36
-30
-32
-40
-39
-43
-54
-60
-66
-57
-40
-17
-14
-25
-25
-25
-9
11
27
32
33
51
51
38
19
10
7
6
10
5
-9
-23
-32
-50
-55
-50
-41
-34
-24
-12
5
23
43
44
27
15
6
-9
-11
-9
-13
-22
-25
-24
-40
-54
-62
-74
-83
-73
-71
-63
-61
-46
-40
-50
-52
-66
-79
-83
-76
-69
-57
-42
-39
-43
-37
-18
5
11
22
8
3
-12
6
15
28
40
37
18
13
19
19
14
6
-30
-60
-84
-87
-82
-71
-53
-42
-34
-23
-16
-20
-19
-17
-9
-5
3
20
22
24
24
8
-21
-41
-35
-19
-1
13
8
-13
-19
-35
-36
-30
-16
-10
-8
2
-7
-18
-25
-17
-4
4
7
7
-2
5
21
28
24
25
19
23
22
12
-2
-12
-7
-4
-8
-21
-37
-56
-73
-67
-50
-27
-4
9
5
7
8
19
16
14
9
-9
-1
33
46
51
40
33
27
19
11
3
-8
-13
-23
-31
-35
-27
-28
-42
-55
-66
-66
-45
-13
6
7
-9
-22
-31
-22
-8
-7
-14
0
1
19
47
61
63
37
19
-13
-32
-47
-47
-48
-37
-15
3
22
41
54
39
14
-12
-29
-40
-37
-33
-29
-24
-32
-52
-67
-60
-47
-38
-54
-50
-56
-51
-37
-27
-38
-43
-45
-34
-37
-32
-39
-54
-59
-51
-44
-32
-8
2
3
-13
-21
-39
-47
-52
-58
-60
-60
-53
-38
-33
-24
-50
-64
-71
-41
-22
3
24
17
0
-22
-22
1
15
32
33
47
72
108
113
105
89
75
64
59
42
15
3
-7
3
-4
-2
2
-4
-6
-14
-43
-59
-59
-35
-16
3
36
56
58
67
61
52
37
15
-8
-41
-56
-86
-107
-94
-72
-55
-58
-61
-72
-77
-82
-74
-71
-66
-58
-62
-62
-60
-38
-25
-17
-13
-7
1
23
43
33
27
17
14
2
-3
-6
-13
-20
-20
-25
-23
-19
-3
-6
0
-1
8
11
12
11
8
12
23
20
0
-4
-1
11
27
39
41
35
34
21
4
5
38
66
69
47
9
-14
-10
16
28
25
28
18
6
16
23
36
37
39
30
20
16
31
42
55
55
41
12
2
-1
16
35
40
19
-15
-31
-20
-18
-21
-30
-25
-15
15
30
25
3
-13
-18
-11
5
21
19
27
36
38
29
33
27
19
-1
-11
-22
-37
-43
-62
-82
-99
-102
-95
-84
-46
-32
-25
-30
-34
-39
-38
-26
-21
-10
-1
15
9
-6
-26
-47
-70
-79
-71
-62
-56
-47
-46
-41
-38
-16
-12
16
38
34
16
-4
-15
-20
-20
-20
-14
-22
-19
-24
-46
-64
-75
-72
-74
-63
-55
-51
-48
-42
-33
-23
-2
13
24
31
41
36
32
28
15
5
-10
-13
-31
-43
-40
-49
-36
-24
-10
-10
-29
-40
-55
-49
-27
-1
-2
-18
-30
-36
-37
-43
-35
-35
-28
-17
1
15
22
25
17
17
18
5
-29
-47
-43
-43
-33
-39
-47
-69
-72
-76
-91
-94
-91
-86
-82
-77
-74
-67
-54
-43
-35
-29
-4
19
35
43
50
40
28
27
13
11
2
-8
-21
-31
-15
-8
-3
-17
-28
-25
-20
-1
5
2
6
12
2
-3
8
19
34
41
38
20
0
-12
-21
-26
-26
-24
-34
-33
-34
-30
-37
-35
-31
-31
-16
2
6
-5
-11
-12
-15
-7
8
24
40
49
48
25
18
26
32
24
15
6
2
-3
2
-2
-11
-11
-13
-10
13
39
52
40
41
27
24
33
61
85
102
117
105
91
70
62
48
26
9
-9
-20
-24
-33
-42
-46
-32
-23
-23
-29
-24
-32
-26
-28
-26
-34
-22
-6
0
4
-1
0
-12
-22
-18
-28
-22
-15
-16
-28
-35
-41
-40
-37
-32
-42
-51
-42
-26
-13
-3
-11
-30
-45
-32
-23
-12
-10
0
-1
-16
-19
-27
-37
-40
-44
-36
-37
-27
-43
-56
-67
-56
-45
-32
-6
-7
-2
-20
-34
-40
-40
-26
-28
21
-64
-72
-52
-24
4
21
18
-16
-53
-64
-63
-60
-61
-48
-34
-18
5
12
4
-7
-15
-31
-48
-48
-59
-74
-92
-111
-119
-121
-99
-96
-94
-78
-45
-7
27
58
68
54
26
4
-30
-48
-55
-60
-62
-64
-70
-79
-78
-62
-42
-21
10
45
61
62
50
36
20
28
36
40
49
50
39
17
-1
-6
-3
8
30
50
56
53
30
12
3
17
29
22
21
15
12
13
12
3
-2
9
23
36
44
44
34
18
18
11
8
9
16
8
-2
-11
-7
-5
3
9
1
5
17
24
21
20
23
18
14
3
-12
-23
-23
-11
-2
11
20
15
2
2
14
14
23
25
29
28
30
26
17
16
22
12
0
-2
-10
-22
-40
-53
-58
-57
-39
-32
-35
-39
-34
-26
-31
-37
-50
-57
-49
-42
-42
-41
-36
-21
-15
-20
-15
-9
0
1
4
-3
-7
-10
-1
-12
-14
-21
-23
-28
-23
-16
-22
-23
-27
-27
-39
-45
-42
-41
-30
-19
-20
-37
-45
-40
-38
-18
-1
16
10
6
-9
-17
-15
-5
3
5
8
-8
-16
-23
-8
4
6
1
-17
-31
-36
-30
-37
-46
-50
-58
-68
-73
-65
-61
-58
-49
-54
-51
-52
-44
-39
-24
1
12
8
-1
-2
-7
-2
6
-3
-15
-19
-12
-14
-11
-9
2
1
5
6
-13
-14
7
28
47
58
44
13
-19
-39
-54
-56
-33
-10
-2
-4
-11
-24
-39
-44
-59
-72
-81
-73
-62
-65
-59
-73
-83
-88
-81
-80
-81
-64
-52
-45
-38
-25
-25
-20
-21
-32
-53
-73
-75
-69
-53
-47
-53
-56
-62
-59
-71
-68
-58
-57
-63
-58
-44
-45
-48
-38
-24
-24
-19
-25
-32
-25
-11
-3
-15
-24
-36
-52
-55
-45
-34
-16
-7
1
8
17
28
26
14
7
-9
-33
-48
-52
-44
-35
-8
5
6
2
-1
-6
-13
-11
-20
-20
-14
-1
-2
-13
-18
-33
-46
-43
-28
-6
24
45
48
37
30
33
23
19
33
42
45
43
40
34
42
41
45
30
17
-5
-40
-62
-69
-74
-87
-90
-93
-81
-61
-36
-23
-17
-10
-11
-24
-40
-51
-55
-67
-69
-81
-82
-64
-29
-2
3
4
-3
-16
-30
-41
-52
-58
-47
-44
-36
-26
-4
7
10
11
-13
-27
-34
-26
-21
-23
-21
-34
-53
-67
-69
-72
-59
-46
-35
-37
-39
-39
-43
-38
-27
-19
-26
-37
-48
-67
-72
-64
-49
-41
-32
-41
-60
-59
-43
-27
-18
-9
-8
-16
-26
-26
-27
-30
-19
-15
-6
5
21
28
29
34
23
7
-5
-8
-3
-8
-9
-28
-56
-76
-88
-93
-82
-57
-37
-20
-17
-8
-13
-13
-10
-18
-24
-13
9
19
16
12
12
5
8
9
-5
-16
-39
-59
-75
-77
-72
-65
-39
-17
4
1
8
18
20
21
26
27
31
39
30
14
-11
-35
-54
-74
-67
-62
-56
-55
-52
-49
-52
-40
-34
-29
-16
5
23
45
71
78
74
66
66
72
83
95
87
59
35
21
9
11
18
26
25
30
31
15
9
5
5
2
6
9
13
16
19
17
11
28
38
39
20
9
3
-4
-4
-14
-30
-43
-49
-61
-65
-46
-31
-20
-19
-20
-22
-31
-24
-34
-34
-31
-30
-31
-31
-17
-14
-13
-10
1
9
9
20
32
37
32
29
19
8
1
-19
-32
-29
-19
-25
-27
-29
-30
-37
-32
-14
3
25
45
46
32
23
22
21
33
43
43
27
7
-16
-28
-29
-19
-6
-7
11
23
33
35
28
7
-30
-46
-60
-58
-49
-35
-26
-21
-5
-2
3
4
5
-10
-32
-41
-48
-47
-40
-29
-16
-9
5
2
-8
-12
-11
-14
-6
-2
-9
-28
-50
-62
-68
-50
-20
-5
-9
-21
-30
-37
-38
-37
-44
-62
-75
-67
-59
-34
-21
-18
-21
-26
-29
-29
-25
-18
-19
-27
-20
-11
-1
14
19
10
-11
-22
-35
-46
-43
-30
-20
-11
2
10
10
7
8
4
-4
-1
-2
-10
-16
-19
-23
-21
-19
-26
-34
-18
17
37
42
37
29
24
29
28
18
8
8
8
8
11
6
-21
-51
-69
-70
-66
-43
-36
-37
-45
-47
-47
-42
-25
-11
-4
-3
-10
-19
-36
-47
-59
-73
-76
-71
-66
-62
-43
-46
-48
-58
-55
-52
-47
-28
-25
-30
-37
-46
-52
-53
-39
-34
-37
-43
-49
-57
-61
-56
-51
-49
-39
-34
-45
-56
-67
-67
-67
-59
-49
-56
-65
-61
-48
-34
-23
-16
-18
-15
-18
-28
-35
-30
-17
-16
-7
-7
-13
-29
-32
-22
-11
-1
1
-14
-40
-46
-50
-48
-49
-38
-35
-36
-39
-55
-61
-50
-24
-6
-10
-12
-24
-29
-25
-12
2
10
33
47
53
49
43
22
6
0
-11
-17
-11
-2
0
10
11
14
15
26
49
61
81
91
86
60
43
46
49
61
62
52
20
-4
-26
-45
-48
-56
-63
-77
-76
-70
-61
-44
-25
-7
7
27
28
24
21
32
48
59
77
80
76
71
64
47
22
4
-21
-42
-53
-58
-76
-95
-101
-105
-107
-112
-111
-111
-96
-76
-56
-46
-30
-19
-20
-22
-19
-19
-32
-41
-53
-74
-91
-103
-113
-127
-128
-117
-109
-105
-106
-111
-103
-74
-47
-35
-30
-25
-29
-32
-19
-11
-8
-11
-18
-14
-7
8
17
9
3
10
14
15
26
26
19
10
31
61
91
111
99
69
45
39
41
55
74
75
65
53
47
34
20
16
12
12
13
16
12
7
6
1
-8
-2
19
34
46
50
52
53
62
68
62
62
62
62
51
61
71
77
72
70
63
45
38
19
6
-7
-18
-30
-44
-42
-45
-42
-27
-13
-7
-18
-20
-33
-44
-54
-53
-65
-68
-67
-71
-77
-80
-68
-56
-39
-21
-15
-22
-24
-32
-54
-59
-52
-53
-50
-49
-43
-46
-42
-36
-49
-65
-83
-98
-94
-73
-48
-39
-27
-20
-19
-26
-24
-14
-9
-8
-12
-9
-12
1
12
17
21
25
21
11
5
-1
-11
-6
5
3
-7
-13
-23
-30
-35
-43
-57
-71
-73
-74
-77
-80
-68
-56
-42
-28
-19
-20
-8
-4
-6
-4
-8
-21
-41
-44
-37
-35
-17
-6
-4
-20
-37
-46
-59
-59
-55
-50
-55
-49
-37
-31
-16
-3
0
-13
-19
-18
-6
4
10
4
-16
-22
-28
-32
-33
-23
-15
-15
-10
-19
-22
-17
-8
2
11
26
26
15
15
27
30
41
58
69
70
63
53
44
40
37
29
10
6
6
4
11
27
54
72
85
89
71
62
57
51
37
28
17
15
25
41
49
37
34
24
8
8
11
12
0
-1
-3
0
10
22
35
43
50
43
23
19
18
18
12
14
13
13
2
-7
-18
-25
-9
-6
-11
-19
-11
-9
-6
-11
-25
-45
-50
-44
-33
-26
-15
-14
-12
-9
1
1
2
5
-5
-23
-37
-40
-47
-43
-45
-54
-70
-67
-56
-42
-21
-3
4
-12
-23
-31
-29
-15
2
13
8
9
8
5
5
1
-2
-11
-2
-15
-21
-20
-18
-21
-32
-31
-29
-30
-30
-26
-24
-19
-1
2
-5
-14
-19
-31
-45
-56
-61
-52
-34
-18
-24
-27
-31
-32
-44
-42
-33
-32
-29
-21
-13
-10
2
10
-1
-10
-7
-5
-9
-1
5
-1
-7
2
22
36
54
48
33
7
-12
-29
-46
-47
-49
-43
-27
-4
3
-5
-9
-18
-25
-30
-36
-46
-57
-55
-60
-64
-65
-54
-44
-27
-5
-1
-7
-10
-7
-4
1
17
27
30
20
7
-9
-7
1
-4
-14
-29
-45
-62
-71
-68
-70
-86
-99
-103
-101
-86
-65
-61
-78
-88
-98
-100
-94
-82
-67
-52
-36
-30
-30
-35
-30
-31
-38
-34
-45
-49
-42
-23
-7
-8
2
-4
-9
-4
1
4
-6
-10
-10
-5
5
15
3
-9
-13
-22
-27
-23
-17
-27
-29
-22
-8
6
24
32
24
14
-5
-15
-34
-34
-29
-36
-48
-53
-57
-63
-64
-58
-49
-25
-1
8
3
4
-2
-9
-13
-12
-11
-10
8
10
-1
-10
-10
-1
10
37
55
63
62
52
29
20
21
21
20
17
14
5
-3
2
-8
-15
-25
-20
-19
-22
-34
-43
-51
-42
-17
-7
-1
-1
-9
-21
-22
-14
-9
-1
14
26
23
16
4
-8
-7
-3
-2
-12
-10
-2
0
5
1
-12
-33
-44
-42
-28
-10
6
-1
-10
-2
-6
-8
-16
-15
-18
-38
-38
-37
-31
-22
-18
-15
-16
-1
11
19
25
25
15
6
8
9
11
16
26
27
28
31
20
0
-12
-18
-28
-23
-22
-26
-44
-59
-58
-59
-50
-37
-33
-38
-43
-48
-52
-51
-44
-44
-54
-54
-49
-44
-23
-12
0
-8
-4
-5
-4
2
10
10
0
7
5
-2
-11
-7
-8
-10
2
0
2
1
9
13
9
11
-7
-27
-46
-49
-42
-19
13
31
32
36
39
30
12
3
-8
-15
-13
-13
-12
0
18
33
43
56
64
49
36
23
18
8
14
19
6
-5
-12
-19
-25
-20
-16
-20
-25
-29
-32
-38
-39
-47
-56
-52
-31
-3
17
32
25
8
-7
-20
-33
-51
-48
-48
-46
-36
-28
-26
-23
-10
2
-3
-10
-21
-37
-39
-28
-21
-14
-16
-16
-25
-19
1
20
27
20
5
-19
-34
-45
-46
-45
-28
-17
-23
-28
-37
-41
-41
-25
-18
-31
-43
-51
-43
-30
-8
6
3
-6
-13
-19
-21
-5
3
2
-8
-5
-3
0
12
13
10
8
5
9
10
27
35
28
27
29
24
15
-8
-33
-58
-76
-91
-123
-147
-159
-157
-150
-135
-121
-123
-128
-134
-137
-138
-122
-97
-83
-68
-55
-49
-51
-38
-17
2
25
42
52
40
34
18
-8
-44
-72
-98
-119
-118
-117
-110
-92
-75
-64
-65
-55
-47
-38
-27
-12
-3
-11
-7
-4
7
26
38
38
33
33
32
32
37
48
54
56
63
61
50
45
39
28
28
23
16
6
6
18
14
12
5
-1
-9
-13
-19
-28
-37
-41
-53
-59
-62
-59
-61
-58
-45
-30
-30
-23
-31
-38
-39
-31
-24
-18
-2
1
6
3
14
16
23
31
26
21
16
22
11
-6
-16
-26
-29
-28
-21
-20
-25
-11
-4
11
25
36
39
32
23
4
-17
-26
-33
-46
-54
-54
-56
-72
-88
-98
-98
-85
-56
-30
-15
-3
3
-9
-16
-24
-25
-35
-34
-42
-56
-65
-61
-56
-54
-46
-46
-48
-54
-54
-41
-22
7
22
24
26
22
12
-8
-9
-22
-20
-8
7
28
26
28
14
4
11
15
20
22
34
36
35
28
23
-2
-25
-36
-42
-39
-24
-8
-9
-16
-22
-19
-27
-35
-39
-45
-39
-34
-29
-35
-29
-22
-16
-15
-12
-26
-38
-26
-4
12
10
1
-23
-46
-56
-59
-56
-44
-35
-35
-47
-50
-53
-54
-49
-41
-28
-19
6
12
14
21
36
44
51
63
60
53
49
49
40
32
29
27
25
15
13
-1
0
16
25
20
9
3
0
4
9
14
22
31
41
39
35
17
-14
-41
-39
-24
-18
-14
-19
-29
-41
-42
-37
-29
-21
-12
-15
-28
-17
-13
-1
-3
-4
-16
-28
-26
-22
-13
-6
5
4
2
15
13
0
-5
1
22
43
52
40
28
30
50
49
39
18
-16
-56
-83
-88
-87
-70
-53
-38
-47
-53
-54
-61
-48
-31
-15
-12
-6
-7
-16
-15
-8
-8
-17
-24
-31
-37
-38
-32
-31
-41
-35
-34
-29
-13
15
38
39
41
36
36
36
42
48
53
56
44
30
28
44
52
59
63
56
40
21
21
8
4
-4
-15
-34
-46
-48
-58
-47
-34
-14
-10
-4
-1
-11
-7
-14
-20
-37
-49
-58
-76
-82
-71
-59
-58
-53
-62
-67
-64
-53
-43
-42
-36
-22
-15
-4
4
12
16
22
12
-12
-31
-36
-33
-30
-18
-13
-11
-4
0
-6
-28
-46
-64
-66
-58
-36
-29
-28
-32
-42
-44
-32
-16
-10
-2
5
-1
-15
-31
-36
-40
-35
-27
-29
-45
-53
-48
-45
-37
-20
-11
-5
7
27
33
34
25
1
-26
-52
-65
-70
-57
-33
-23
-35
-47
-59
-72
-63
-49
-30
-24
-3
11
19
15
3
-9
-23
-22
-40
-61
-77
-77
-75
-74
-64
-67
-64
-48
-22
-12
-12
-13
-7
-9
-13
-16
-24
-20
-8
-2
-5
4
9
7
-2
-9
-16
-29
-43
-50
-62
-64
-64
-67
-71
-62
-47
-32
-9
11
17
11
-1
4
18
39
46
37
17
21
29
37
47
50
47
31
28
19
-1
-29
-60
-72
-62
-32
-15
-18
-21
-21
-18
-13
11
31
43
47
47
44
40
42
24
2
-13
-10
-8
-2
-4
-11
-28
-37
-38
-40
-34
-36
-42
-52
-55
-48
-47
-35
-14
-1
-5
-13
-23
-30
-28
-19
1
10
25
23
6
-9
-4
4
-3
-5
-12
-24
-28
-21
-13
-6
-8
-21
-33
-31
-13
-1
-11
-20
-30
-39
-35
-32
-37
-53
-52
-56
-52
-41
-19
-8
-1
2
-3
-10
-7
-12
-33
-47
-52
-51
-62
-76
-88
-112
-122
-126
-117
-115
-121
-132
-151
-162
-162
-159
-154
-140
-133
-135
-133
-125
-102
-81
-54
-39
-40
-32
-15
-7
-7
-3
-4
-7
-11
-27
-40
-55
-50
-52
-59
-64
-53
-36
-20
-5
-4
4
14
23
22
28
53
73
71
57
49
42
39
39
50
57
69
72
53
41
30
28
25
28
36
35
38
36
35
39
52
62
49
37
26
17
7
6
4
-9
-16
-10
3
6
16
13
1
-5
-8
2
13
35
44
48
47
56
61
59
77
91
106
115
115
91
55
34
13
6
10
12
4
-6
-13
-8
1
15
26
23
19
24
27
26
26
21
17
15
25
27
7
-6
-16
-22
-27
-28
-31
-30
-17
-6
-11
-16
-14
-11
-5
9
6
-1
-1
15
25
14
1
-15
-26
-23
-17
-18
-31
-36
-53
-65
-60
-37
-15
-9
1
-1
-13
-18
-30
-44
-56
-60
-72
-76
-73
-54
-49
-49
-47
-53
-54
-44
-28
-27
-18
-22
-27
-31
-28
-11
-10
-12
-23
-32
-47
-50
-53
-69
-74
-78
-74
-71
-63
-66
-74
-81
-83
-85
-83
-63
-39
-25
-7
4
7
-9
-24
-36
-39
-26
-12
-8
-16
-9
6
22
44
58
52
30
11
-8
-29
-38
-35
-31
-25
-22
-32
-49
-58
-55
-50
-41
-30
-38
-52
-52
-36
-17
0
9
10
-5
-11
-7
-9
-6
-1
-2
-8
-4
-9
-37
-58
-77
-77
-83
-75
-73
-80
-72
-55
-38
-42
-49
-63
-74
-65
-37
-3
16
16
-2
-30
-46
-40
-27
-11
17
27
28
17
13
8
3
7
2
0
6
22
22
13
1
-17
-32
-36
-37
-39
-33
-26
-27
-39
-46
-49
-52
-45
-36
-36
-53
-67
-77
-95
-100
-96
-82
-77
-60
-38
-17
7
28
40
38
44
41
36
29
30
14
-16
-30
-43
-46
-37
-11
2
10
18
22
27
34
35
37
45
75
99
109
105
78
48
27
25
17
-6
-29
-39
-37
-19
17
38
43
39
29
15
9
18
27
24
16
11
8
25
49
59
50
48
53
51
42
20
1
-6
10
31
46
58
61
54
30
36
50
75
95
98
87
66
55
42
25
17
14
9
4
11
9
2
-6
-11
-9
-13
-7
-14
-24
-36
-41
-50
-52
-39
-30
-28
-40
-43
-55
-55
-41
-28
-23
-18
-11
-15
-15
-15
-19
-34
-45
-44
-47
-34
-23
-16
-14
-8
0
-7
-17
-30
-42
-53
-53
-55
-67
-77
-82
-78
-79
-67
-59
-55
-52
-47
-48
-59
-62
-70
-75
-66
-60
-58
-70
-68
-68
-65
-54
-29
-13
-4
-1
-6
-15
-27
-30
-38
-43
-40
-46
-45
-33
-14
-10
-11
-4
-11
-30
-47
-48
-46
-26
-7
5
5
18
24
8
3
-5
-3
-2
8
23
27
34
36
34
17
-3
-29
-53
-57
-45
-32
-33
-33
-47
-60
-63
-57
-50
-47
-40
-40
-46
-43
-31
-27
-29
-23
-18
-11
-3
-1
-11
-29
-38
-52
-55
-51
-37
-27
-16
-2
-3
-13
-16
-5
-4
-1
9
16
19
19
8
-19
-36
-43
-36
-24
-17
-9
-21
-25
-19
-10
-12
-12
-14
-17
-7
4
7
-9
-22
-26
-26
-15
-1
-10
-29
-30
-21
-7
12
34
52
50
49
33
16
-1
-16
-27
-30
-15
-13
-21
-23
-19
-16
-24
-24
-32
-33
-34
-23
-19
-13
2
12
16
22
30
25
22
23
18
9
-8
-16
-40
-53
-63
-70
-72
-63
-52
-52
-59
-62
-60
-49
-27
-7
-12
-17
-17
-12
-3
8
23
32
42
54
44
22
4
-10
-21
-26
-19
-9
-5
4
-1
-16
-34
-40
-41
-33
-12
-4
-7
-11
-13
-8
-4
13
28
35
42
43
27
11
-9
-26
-48
-53
-53
-60
-57
-58
-62
-72
-73
-60
-53
-38
-18
-2
4
9
12
10
15
15
22
25
36
39
28
14
0
-10
-21
-14
-12
-23
-42
-51
-42
-32
-14
-9
-14
-13
-1
11
18
43
48
47
40
32
24
13
11
0
-12
-22
-20
-19
-12
2
-3
-18
-30
-28
-22
-13
3
18
22
23
26
25
36
47
46
28
20
17
5
-1
-8
-17
-29
-26
-16
-14
-21
-28
-30
-31
-23
-13
-18
-14
-9
-4
-12
-14
-22
-37
-41
-34
-21
-8
4
3
-5
-15
-11
-21
-31
-31
-36
-47
-57
-60
-63
-63
-38
-23
-10
-3
1
2
3
13
18
21
25
28
15
5
-4
-13
-22
-27
-25
-36
-38
-41
-48
-61
-58
-47
-50
-46
-51
-49
-46
-27
-1
1
1
-8
-19
-31
-28
-22
-23
-22
-19
-16
-10
4
15
23
33
42
43
32
29
20
5
-2
-5
-8
-22
-17
-17
-18
-19
-13
-6
3
14
13
6
-2
0
-1
11
36
57
62
62
58
48
44
45
40
30
21
12
-15
-22
-26
-30
-42
-46
-34
-35
-30
-29
-27
-26
-27
-41
-63
-67
-51
-23
-8
7
17
10
13
6
6
-12
-13
-19
-32
-39
-48
-64
-93
-118
-140
-153
-156
-149
-143
-134
-112
-96
-84
-67
-52
-49
-53
-52
-61
-63
-49
-29
-18
-16
-29
-53
-74
-79
-63
-47
-28
-21
-22
-34
-33
-28
-25
-8
4
6
0
0
12
14
15
15
14
-6
-19
-29
-36
-32
-22
-16
-11
-13
-29
-39
-41
-31
-30
-49
-64
-81
-88
-79
-62
-46
-41
-29
-27
-38
-43
-49
-57
-65
-54
-54
-53
-53
-39
-32
-24
-11
-13
-24
-37
-33
-24
-3
15
22
8
-4
-16
-26
-18
3
18
25
29
32
24
33
44
54
50
44
39
41
56
71
82
70
71
77
74
63
44
18
-20
-45
-61
-59
-32
2
34
54
76
77
56
41
38
44
58
82
91
91
80
76
72
67
66
39
-2
-32
-53
-68
-84
-86
-86
-75
-62
-44
-48
-52
-57
-58
-69
-73
-73
-77
-69
-54
-38
-29
-14
-5
-9
-7
-4
8
5
1
-17
-47
-63
-63
-59
-63
-58
-56
-63
-59
-58
-54
-58
-60
-58
-56
-45
-34
-30
-31
-24
-27
-39
-45
-45
-35
-29
-14
-15
-26
-30
-16
0
22
35
25
13
8
21
22
18
9
-3
-9
0
10
13
7
-1
-11
-29
-44
-43
-51
-43
-40
-32
-35
-26
-4
-1
-1
-14
-28
-38
-37
-35
-39
-40
-37
-35
-26
-9
-1
-17
-28
-22
-6
10
26
30
28
29
37
46
39
35
18
-1
-7
-5
-13
-20
-11
0
5
12
14
0
-20
-26
-18
2
13
15
-1
-16
-18
-8
2
5
9
9
21
44
56
59
54
54
42
38
38
41
43
53
48
24
10
5
9
7
13
25
33
51
56
65
67
88
99
92
75
57
40
20
8
-3
-27
-35
-46
-58
-72
-73
-65
-61
-63
-79
-110
-134
-125
-112
-92
-71
-43
-18
5
19
23
20
12
12
-4
-24
-38
-55
-69
-76
-60
-54
-39
-46
-54
-70
-73
-66
-60
-38
-2
27
32
25
19
5
10
18
29
32
44
50
38
28
13
2
-7
-7
-7
-18
-24
-27
-25
-21
-2
2
4
5
22
37
32
26
6
-4
-5
11
10
6
4
-1
-5
-1
5
0
1
7
19
28
30
25
4
-14
-18
-17
-19
-17
-15
-25
-38
-60
-88
-108
-112
-93
-84
-64
-40
-24
-24
-19
-20
-22
-14
-9
-17
-39
-60
-76
-88
-94
-101
-109
-120
-111
-104
-106
-112
-111
-101
-92
-69
-60
-58
-53
-44
-31
-19
15
45
75
95
114
115
108
104
94
81
59
37
8
-9
-11
-10
-16
-6
13
35
56
66
55
23
-7
-33
-59
-58
-50
-38
-48
-45
-36
-31
-14
-9
-4
3
10
21
22
34
52
57
40
23
9
-7
-12
-18
-31
-47
-51
-51
-52
-53
-50
-48
-50
-48
-49
-50
-35
-11
7
13
27
29
39
51
63
64
56
51
32
13
-5
-15
-32
-31
-22
-14
-14
-23
-25
-39
-49
-52
-66
-68
-53
-14
17
40
53
50
37
16
1
-22
-18
-11
-6
-16
-35
-44
-58
-57
-51
-44
-45
-43
-48
-68
-82
-85
-77
-71
-55
-50
-56
-68
-85
-93
-95
-75
-60
-43
-15
20
36
29
19
4
-6
-5
-6
-10
-11
-2
2
-5
-12
-11
-6
-1
6
12
19
33
39
24
4
-4
-5
-7
-5
7
14
20
21
19
15
14
16
2
2
-4
-3
-3
1
7
-4
-21
-31
-35
-47
-48
-52
-57
-49
-39
-27
-18
-4
-8
-18
-32
-39
-51
-57
-49
-49
-58
-64
-61
-60
-60
-48
-46
-47
-47
-31
-24
-16
-13
-21
-24
-12
13
28
30
30
32
41
55
64
50
32
23
17
9
8
11
7
8
11
22
32
48
68
59
61
58
61
60
67
82
83
71
38
-3
-44
-58
-68
-76
-76
-68
-64
-61
-54
-48
-50
-40
-10
15
26
27
14
3
-1
3
0
-7
-12
-30
-52
-69
-70
-81
-94
-99
-106
-111
-113
-107
-106
-100
-91
-81
-77
-78
-79
-90
-85
-66
-42
-26
-10
-1
-12
-16
-36
-58
20
10
-6
-14
-14
-9
-7
1
4
0
-8
-21
-15
-7
17
20
15
11
21
33
49
63
68
63
51
43
26
7
-10
-27
-39
-48
-43
-39
-27
-9
2
10
18
35
42
50
54
55
48
47
46
35
34
33
35
29
16
11
0
-6
-6
-5
-4
-4
-14
-25
-27
-21
-7
-7
-1
14
24
34
35
34
33
46
57
58
49
35
25
19
27
27
23
19
25
26
16
1
-9
-11
4
19
22
17
18
16
9
2
1
2
8
12
13
8
6
15
14
19
19
10
0
-1
8
12
23
33
39
32
23
26
24
31
32
25
9
7
6
13
9
10
8
-3
4
10
3
2
-3
2
-10
-11
-13
-12
-3
13
13
26
25
24
13
5
9
15
21
20
16
5
-7
-7
7
4
2
1
10
16
16
15
6
0
3
-1
-11
-23
-24
-31
-30
-32
-40
-56
-64
-62
-53
-37
-25
-20
-29
-40
-40
-40
-26
-11
-8
-11
-15
-24
-25
-24
-15
-8
-19
-37
-49
-50
-37
-18
-7
-12
-10
-9
-5
6
21
27
15
9
1
6
15
26
29
30
41
51
57
60
66
69
73
76
72
60
44
42
31
28
18
11
8
11
11
2
-5
6
16
29
36
40
23
12
6
6
6
16
34
41
36
24
8
-5
-12
-20
-21
-14
1
13
21
35
40
53
58
57
57
40
37
32
30
28
38
31
27
22
12
-9
-35
-52
-60
-54
-45
-40
-35
-40
-39
-48
-41
-22
-3
11
22
39
47
50
56
60
59
60
60
57
64
71
73
62
48
46
37
33
29
28
29
32
30
29
32
38
39
29
9
-16
-50
-60
-57
-45
-46
-34
-27
-23
-17
-10
-3
-8
-8
-16
-13
-6
11
22
21
14
-1
-15
-19
-14
-1
7
7
-7
-26
-41
-42
-56
-57
-38
-15
10
17
23
11
-3
-12
-10
-5
3
1
-12
-21
-27
-31
-44
-54
-66
-73
-71
-57
-44
-29
-13
0
-3
-12
-14
-15
-21
-17
-16
-11
11
38
57
56
54
54
57
53
51
40
12
-5
-23
-28
-20
-5
-3
-10
-18
-24
-24
-15
2
14
16
24
21
16
23
42
57
70
67
58
35
13
1
-15
-13
-12
-12
-16
-16
-11
-18
-12
-12
-7
-20
-29
-34
-33
-13
13
34
42
41
43
41
44
47
48
42
37
32
20
14
12
13
5
0
-11
-25
-30
-29
-28
-34
-31
-40
-51
-60
-59
-50
-36
-13
-5
-7
-20
-24
-21
-11
8
14
24
28
40
40
32
26
18
12
10
21
21
25
21
13
-3
-9
-11
-16
-11
0
16
20
24
27
19
15
17
23
27
25
19
12
6
5
1
-13
-14
-9
-10
-2
10
29
40
43
41
31
27
28
31
31
35
35
37
33
39
41
44
55
54
49
51
61
68
68
62
51
41
33
31
9
-1
-9
-8
-12
-16
-11
-11
0
13
27
30
30
33
24
10
9
6
3
-5
-9
-28
-35
-35
-31
-28
-19
-14
-19
-28
-31
-29
-31
-29
-42
-47
-54
-53
-58
-64
-60
-63
-75
-90
-95
-90
-76
-51
-38
-34
-36
-32
-29
-33
-31
-31
-24
-16
-7
-2
8
17
21
20
14
21
26
40
52
52
40
25
23
13
18
22
20
-1
-26
-44
-53
-45
-33
-13
-1
20
38
37
31
18
9
-4
-14
-14
-6
12
30
48
54
70
78
74
66
66
69
60
48
27
14
14
27
42
59
75
77
67
48
36
28
29
36
36
28
20
26
34
47
63
65
59
51
45
38
37
35
30
13
-6
-3
6
28
37
32
16
3
-2
-20
-29
-35
-35
-37
-39
-41
-47
-49
-46
-44
-48
-49
-52
-58
-50
-42
-34
-31
-25
-17
-15
-7
-1
11
13
23
26
15
6
10
18
28
36
33
29
35
56
67
73
69
50
32
17
11
-9
-22
-19
-12
-6
-8
-12
-21
-26
-17
-1
16
35
47
41
30
33
34
35
30
30
26
27
21
11
-9
-23
-38
-52
-59
-59
-51
-46
-28
-29
-41
-54
-47
-30
-15
4
10
11
12
7
-3
-20
-17
-17
-12
-11
-16
-22
-34
-25
-11
6
20
29
26
19
16
15
12
14
19
19
9
8
9
15
15
22
15
17
25
32
43
49
54
46
51
60
64
52
36
34
36
38
35
16
-11
-31
-43
-45
-33
-13
0
4
11
5
8
17
40
57
50
35
8
-10
-16
-15
-15
-13
-3
2
4
-3
-14
-32
-42
-42
-46
-51
-54
-41
-35
-23
-4
13
35
53
74
82
85
81
67
45
26
28
23
24
23
18
11
-3
-11
-26
-26
-24
-19
-15
-6
8
11
18
20
25
26
36
40
32
14
9
3
-2
-2
2
6
15
21
22
8
-2
-11
-12
0
25
37
39
47
45
41
31
26
16
0
-17
-32
-41
-42
-38
-39
-41
-35
-24
-16
-12
-4
-1
5
7
4
-2
-5
10
17
27
33
35
42
55
72
76
74
61
44
29
24
27
26
30
30
45
55
72
77
60
35
18
11
14
27
30
19
-2
-4
8
19
33
24
11
3
-1
-6
-1
16
21
22
19
26
29
25
17
3
-15
-34
-35
-35
-30
-25
-23
-21
-15
-1
7
6
-3
-9
-13
-11
9
11
27
36
40
35
35
43
45
53
65
74
68
58
43
31
24
24
27
29
38
38
29
28
36
49
51
55
48
40
29
32
26
28
30
25
16
2
6
10
10
6
4
2
3
-2
-12
-18
-11
-9
-9
-9
-16
-26
-32
-29
-36
-31
-28
-25
-17
4
24
35
41
47
51
47
51
59
56
55
48
45
36
32
28
21
18
19
10
-2
-8
-7
-6
-5
-1
3
-1
0
-2
-7
-19
-19
-23
-26
-21
-21
-22
-19
-6
5
-1
0
-6
-11
-15
-16
-25
-33
-39
-46
-53
-56
-51
-49
-37
-20
-13
-14
-20
-18
-33
-44
-46
-47
-49
-49
-38
-41
-34
-28
-26
-25
-26
-18
-11
-2
3
10
14
24
31
20
5
1
8
20
34
28
25
19
25
41
52
70
72
62
49
43
38
39
53
64
68
59
51
42
40
45
50
47
46
52
51
50
53
53
52
55
66
64
66
67
66
62
48
45
41
43
41
41
32
27
19
8
10
16
22
16
14
15
5
-2
3
16
31
45
37
24
12
7
6
-3
-5
-13
-20
-29
-38
-46
-48
-35
-34
-43
-55
-61
-63
-62
-62
-70
-68
-46
-12
17
38
50
50
50
48
59
55
47
34
18
-1
-8
-9
-9
-5
-8
-12
-22
-21
-8
2
10
19
27
30
33
33
23
23
30
36
34
27
16
-1
-14
-26
-31
-34
-21
-15
-13
-15
-12
-12
-22
-23
-20
-29
-33
-28
-21
-17
-10
-12
-12
-9
3
2
-6
-13
-19
-6
-1
5
-2
-4
-6
-14
-25
-37
-37
-41
-33
-17
0
13
21
21
4
-2
-9
-6
-3
1
15
22
26
34
31
20
18
19
24
30
34
26
12
6
7
12
24
39
49
45
41
37
23
9
-7
-17
-29
-36
-36
-39
-34
-19
-7
5
18
20
16
11
10
14
10
19
16
5
-11
-18
-25
-21
-17
-16
-19
-31
-42
-55
-58
-54
-53
-59
-58
-49
-44
-38
-27
-22
-28
-36
-39
-42
-35
-26
-9
-1
5
8
6
8
12
20
19
28
29
27
23
26
36
39
46
36
14
-9
-17
-23
-26
-16
-8
-4
-1
-1
-1
-5
0
6
17
29
40
35
38
39
47
51
52
54
39
20
-1
-15
-18
-11
12
15
9
5
-6
-7
-10
9
21
38
54
55
47
33
18
5
-7
-12
-8
-8
-1
1
-15
-23
-16
0
12
31
42
45
45
57
62
64
63
49
30
14
10
14
17
28
24
22
19
30
39
50
60
61
59
57
54
41
23
8
-19
-39
-52
-47
-42
-32
-21
-11
-8
-20
-32
-55
-63
-61
-59
-66
-68
-61
-67
-64
-64
-60
-63
-72
-69
-62
-46
-28
-22
-22
-11
-10
-12
-11
-1
0
-8
-15
-17
-11
0
11
24
24
26
21
14
12
12
16
16
27
28
29
27
38
44
51
57
48
40
29
27
25
27
26
25
20
12
15
-1
-8
-8
-15
-16
-18
-13
-10
-11
-7
-3
-3
0
4
5
13
16
26
24
24
20
15
15
16
16
8
11
9
-3
-16
-17
-13
-10
3
8
15
20
30
38
36
35
22
8
-7
-15
-16
-14
0
12
11
8
6
4
-3
4
12
17
19
20
18
25
38
58
70
77
81
66
58
51
42
32
21
19
3
-2
-6
0
6
19
25
23
15
9
1
-7
-17
-19
-31
-35
-28
-10
1
24
36
45
47
38
22
1
2
3
0
9
12
20
28
41
48
43
39
40
31
22
13
2
-7
-16
-16
-18
-16
-9
2
4
-3
-4
-6
-9
-10
-5
-11
-3
1
1
-2
-9
-19
-31
-30
-26
-29
-30
-29
-27
-26
-15
-8
-5
-5
-1
5
5
6
-4
-20
-34
-32
-20
-12
-9
-14
-25
-33
-29
-11
14
40
48
45
39
40
34
29
26
20
14
9
8
2
-11
1
19
36
42
47
35
23
9
3
-2
-3
3
10
28
44
55
58
58
65
60
58
51
40
14
-9
-30
-51
-74
-84
-91
-93
-81
-67
-45
-17
7
24
25
30
33
31
24
23
25
22
34
45
56
59
52
44
42
50
54
55
55
68
82
89
98
96
84
74
71
68
68
67
62
52
42
48
40
36
28
20
17
10
8
-4
-13
-21
-28
-26
-22
-12
-10
0
17
38
48
57
57
52
46
43
32
15
6
4
0
4
14
11
11
11
12
13
13
19
20
12
10
7
0
0
8
18
17
21
12
3
4
9
9
-3
-13
-24
-31
-34
-30
-37
-45
-52
-58
-63
-68
-67
-68
-59
-36
-19
-5
4
20
19
13
6
2
1
2
-7
-21
-30
-27
-20
-23
-28
-33
-35
-32
-25
-15
0
15
29
29
28
24
16
-8
-12
-22
-19
-16
-7
-1
-14
-18
-26
-27
-23
-16
-2
6
22
26
26
28
34
29
15
3
-4
-4
-1
5
1
-7
-20
-27
-35
-38
-34
-35
-21
-10
1
17
32
45
45
44
43
35
27
19
22
15
5
0
-5
-14
-23
-36
-47
-46
-32
-21
-19
-15
-5
1
8
13
19
15
21
16
10
-2
9
14
16
15
6
5
9
18
14
6
7
1
-5
-7
0
6
9
11
11
5
-9
-7
-3
10
16
15
1
-10
2
9
25
26
16
1
-7
0
5
12
14
8
-6
-24
-27
-25
-13
-1
11
11
17
18
14
-2
-20
-33
-39
-25
-20
-15
-17
-8
-5
6
17
17
3
-3
14
41
60
66
50
40
37
44
41
28
12
-8
-24
-32
-25
-13
1
11
19
14
17
21
20
19
21
23
15
7
2
-5
-6
-10
-12
-27
-33
-20
-6
17
43
56
49
41
37
33
44
57
67
58
50
41
36
30
34
39
40
40
24
12
0
7
9
8
4
-5
-14
-21
-11
5
19
26
14
-3
-17
-15
-22
-20
-14
-6
2
-2
-10
-25
-31
-32
-22
-16
-13
-6
-13
-14
-9
-9
-11
-16
-10
-4
8
20
20
2
-9
-3
12
20
16
8
2
1
-1
-11
-13
-10
-17
-27
-35
-36
-39
-29
-12
2
0
-10
-27
-42
-47
-33
-12
3
14
8
6
-1
8
18
32
48
48
40
31
41
46
48
42
36
29
23
29
31
34
45
49
50
57
78
91
96
93
77
62
43
33
15
16
26
35
27
9
-1
-12
-3
12
30
31
37
37
28
20
14
21
35
52
60
59
54
56
53
40
27
14
1
3
11
12
6
4
-1
-6
-1
10
18
28
36
32
29
28
31
27
19
13
13
5
-5
-12
-28
-34
-42
-49
-59
-62
-53
-50
-43
-32
-27
-14
-12
6
16
22
21
14
4
3
14
18
29
41
52
44
31
12
-11
-29
-37
-31
-29
-12
-3
3
18
24
33
34
42
39
27
15
11
6
-5
-15
-38
-55
-59
-41
-18
-1
7
13
13
11
6
-8
-17
-22
-22
-21
-10
17
29
37
39
34
18
-2
-14
-18
-11
0
13
18
33
46
45
40
33
24
14
5
-1
-11
-19
-22
-18
-19
-16
-20
-22
-15
1
18
21
24
15
3
-2
-7
-15
-34
-31
-33
-32
-23
0
20
31
42
41
41
42
42
33
32
43
57
64
55
43
18
11
17
31
40
34
24
-3
-20
-24
-21
-4
14
31
31
21
20
27
37
54
64
56
46
33
25
14
12
5
-10
-34
-59
-73
-78
-62
-50
-46
-48
-50
-51
-57
-40
-25
-2
9
9
1
-1
14
32
39
36
32
24
17
16
15
5
-3
-5
-11
-8
-3
3
3
-4
2
-1
-4
-12
-15
-11
5
17
15
11
10
8
2
0
0
-5
-8
-3
8
13
18
15
7
-2
-7
-7
-14
-3
2
-3
-7
-7
-1
-17
-23
-33
-44
-44
-42
-50
-63
-65
-63
-52
-29
-10
4
10
16
21
16
15
24
30
36
41
36
22
8
-1
-10
-10
-1
6
5
2
2
-1
-2
5
15
29
49
59
52
48
43
39
34
29
23
6
-6
-19
-16
-22
-23
-22
-26
-25
-17
-15
-23
-23
-27
-28
-18
-4
16
20
29
25
14
8
6
4
-2
-1
1
9
9
6
-7
-25
-26
-25
-21
-17
-15
-21
-27
-32
-34
-33
-29
-16
-16
-18
-17
-15
-15
-7
9
10
1
-11
-25
-34
-42
-39
-38
-35
-33
-33
-36
-25
-5
15
42
57
64
51
35
24
20
27
35
39
32
39
44
53
61
75
81
73
62
43
21
11
12
14
11
8
-3
-9
-12
-3
3
1
2
-13
-24
-31
-21
-9
5
18
32
40
46
50
48
48
50
54
45
33
25
0
-11
-22
-25
-29
-25
-19
-28
-30
-26
-19
-26
-30
-35
-40
-27
-2
26
38
35
19
5
-11
-9
-8
-5
6
-1
-12
-24
-27
-20
-16
-14
-21
-24
-20
-7
3
1
0
-11
-24
-34
-37
-27
-11
19
22
1
-23
-39
-39
-30
-25
-23
-31
-37
-32
-37
-38
-35
-35
-37
-35
-26
-30
-27
-19
-6
9
19
26
23
22
16
-1
-20
-27
-20
-15
-11
-2
-1
-2
3
6
16
18
23
25
17
25
35
44
51
45
39
31
30
12
-9
-22
-19
-3
10
23
29
31
33
45
52
58
69
67
52
24
15
23
53
83
82
55
21
2
-11
-4
15
39
61
78
87
83
83
89
94
90
103
116
123
119
104
89
73
64
64
62
63
57
45
25
12
4
-3
-8
-2
-2
-13
-21
-31
-40
-34
-22
-10
-10
-2
-3
-4
-8
-3
-4
4
16
22
17
8
2
-6
-12
-13
-18
-29
-35
-32
-31
-21
-15
-8
-10
-15
-6
-14
-15
-12
-4
-9
-11
-8
-13
-23
-28
-20
-13
7
13
8
-1
-2
0
0
6
12
11
12
10
9
6
18
29
35
34
33
33
31
42
44
45
38
30
16
0
-8
-12
-8
0
12
10
-1
-5
-12
-14
-18
-12
-10
-2
6
19
21
25
29
17
15
11
14
21
27
37
37
36
37
32
18
-10
-36
-59
-68
-66
-59
-54
-41
-26
-15
-2
15
28
33
45
47
38
27
21
19
11
10
8
1
-7
-18
-28
-45
-49
-57
-61
-65
-60
-51
-36
-12
9
26
40
56
61
62
73
74
66
54
39
11
-9
-23
-26
-18
-15
-8
-10
-14
-7
-5
-3
0
0
-2
4
8
10
-1
-6
8
19
38
57
65
63
61
58
55
56
67
74
67
64
56
57
60
63
62
56
59
56
49
45
51
57
53
54
39
32
24
27
22
10
8
0
-9
-11
-4
-4
-4
0
1
3
2
14
19
24
28
23
21
18
27
28
29
30
31
32
35
37
22
14
12
23
33
39
42
42
37
41
37
37
42
57
60
60
53
55
61
80
93
91
84
75
65
52
48
44
41
44
49
57
63
81
90
93
85
81
68
56
49
34
19
9
9
8
10
13
16
16
14
19
16
13
21
24
23
25
34
35
39
38
30
20
18
18
10
3
-1
3
5
3
-3
-18
-29
-35
-34
-41
-40
-40
-38
-27
-12
1
3
15
17
16
12
9
11
10
18
21
18
14
16
20
16
11
3
-7
-13
0
1
2
5
7
8
11
13
9
12
17
18
15
12
26
34
46
50
45
36
25
19
7
-3
-10
-18
-30
-36
-23
-21
-12
-10
-14
-16
-11
-1
1
4
2
0
7
13
15
11
6
1
-1
-14
-19
-27
-31
-30
-13
2
6
13
10
12
23
38
53
60
61
46
24
7
-3
-14
-23
-25
-21
-22
-32
-32
-33
-24
-10
-2
-3
0
3
-5
-10
-15
-11
-2
3
21
20
22
23
22
12
-3
-5
-14
-16
-24
-26
-30
-18
-8
-3
5
15
24
22
18
-1
-23
-48
-64
-70
-73
-62
-56
-52
-46
-28
-10
6
21
23
20
9
7
0
-3
2
7
12
15
17
9
0
-1
-3
-9
-15
-19
-30
-26
-23
-15
-21
-29
-24
-18
-5
6
7
4
0
3
-8
-11
-8
-1
-10
-18
-30
-42
-35
-24
-10
-21
-33
-45
-54
-47
-36
-32
-43
-57
-60
-65
-65
-56
-51
-41
-26
-20
-24
-31
-40
-38
-32
-18
-16
-12
-8
6
11
17
22
20
18
14
25
30
35
36
29
18
16
22
22
24
28
18
11
11
27
34
37
37
33
23
19
25
28
36
43
50
54
53
46
36
31
39
47
34
16
-5
-12
-8
0
10
12
22
29
29
25
21
16
13
21
30
38
49
62
64
55
56
50
52
52
60
62
63
63
59
47
32
13
-4
-7
-1
6
6
13
26
28
35
32
31
23
23
24
24
34
52
76
91
97
91
59
21
-5
-22
-36
-43
-48
-51
-47
-37
-17
4
29
38
26
13
11
21
29
40
38
34
32
37
37
23
8
-17
-44
-55
-51
-36
-31
-20
-18
-10
-1
13
15
12
17
23
21
17
15
4
10
25
34
36
35
30
23
21
18
24
33
42
52
42
27
13
4
-1
11
31
38
44
41
29
4
-12
-8
-5
3
6
3
-11
-15
-12
-6
-3
9
18
19
25
29
29
36
56
73
81
83
63
44
23
18
14
3
