59
42
29
16
14
6
-1
-14
-26
-23
-18
-10
-10
-3
-5
-18
-33
-41
-37
-25
-6
-1
-3
-11
-20
-31
-40
-24
-1
31
50
67
74
74
70
57
47
41
42
21
-4
-31
-47
-41
-20
8
35
69
103
123
114
83
55
23
3
-20
-30
-40
-34
-23
-23
-21
-5
28
59
90
97
84
72
66
69
69
78
76
69
58
51
40
20
10
-3
-15
-15
1
17
18
12
-6
-23
-31
-25
-20
-11
15
40
60
60
40
7
-6
3
26
44
44
42
30
34
38
26
4
-7
-8
-8
-5
-4
-3
-20
-34
-34
-22
-6
-1
-1
-3
4
12
9
11
16
19
11
-3
-31
-55
-66
-62
-51
-40
-23
-1
11
16
20
15
-1
-5
-15
-19
-17
-3
4
9
7
-2
-3
5
22
21
13
-17
-42
-68
-79
-68
-60
-39
-21
-10
-6
-4
-1
-1
-9
-19
-33
-40
-36
-28
-33
-38
-44
-37
-25
0
29
50
72
90
102
92
75
44
20
9
19
35
34
31
14
-5
-15
-5
10
19
34
39
42
48
61
72
86
98
101
97
82
69
42
28
21
20
11
-2
-1
0
3
5
0
-13
-20
-15
-12
1
18
22
10
6
7
18
41
73
102
113
114
100
81
69
74
72
56
39
20
13
9
13
11
12
21
13
2
-14
-27
-34
-35
-11
-1
-1
-22
-52
-71
-62
-28
-1
2
5
23
33
33
29
21
17
10
1
-16
-21
-1
29
48
50
41
24
18
12
7
-5
-21
-36
-59
-63
-41
-7
26
53
58
51
38
29
17
13
8
-7
-41
-64
-69
-54
-37
-22
-13
-18
-24
-12
-3
7
15
4
-14
-33
-42
-45
-26
4
25
38
43
40
23
9
6
11
24
27
38
42
44
48
41
23
0
-18
-39
-46
-48
-46
-50
-38
-28
-31
-33
-29
-21
-7
-1
0
-10
-24
-30
-39
-39
-13
13
30
30
24
18
19
32
34
33
28
21
15
0
3
4
9
14
26
29
27
28
24
21
16
10
-1
-2
6
18
14
-2
-16
-16
1
28
32
14
-2
-8
-4
12
25
30
17
3
-5
-16
-17
-13
-12
-19
-13
-13
-11
-7
-1
9
13
28
33
37
39
40
31
15
14
13
10
-8
-27
-49
-65
-65
-64
-63
-59
-54
-56
-60
-63
-74
-79
-71
-45
-33
-30
-39
-40
-37
-12
15
23
21
12
7
-3
-18
-27
-43
-42
-34
-18
-13
-3
5
6
12
15
24
29
20
0
-30
-46
-48
-44
-54
-48
-39
-22
-1
19
30
22
13
-13
-40
-58
-62
-60
-55
-46
-35
-26
-10
19
38
49
50
33
3
-22
-35
-39
-32
-12
1
4
-1
-4
-4
5
15
13
-6
-25
-22
-9
11
29
32
29
28
28
22
23
28
36
38
41
40
40
44
51
61
66
77
72
49
24
14
11
7
8
0
3
16
36
48
52
61
58
48
40
33
22
3
-15
-30
-31
-20
9
36
59
78
85
79
68
50
27
11
7
16
24
32
43
43
51
66
92
118
138
145
114
79
48
25
2
-27
-54
-77
-73
-42
2
42
72
76
58
26
1
-24
-48
-52
-55
-61
-71
-74
-74
-68
-49
-27
0
12
21
1
-10
-25
-34
-38
-26
-8
-8
-30
-52
-49
-13
31
60
49
25
19
40
72
92
91
58
29
9
4
9
38
70
86
85
74
72
72
87
94
81
66
52
40
25
20
12
11
15
32
48
54
72
84
96
99
90
69
47
37
18
3
-7
5
21
34
48
49
36
22
17
10
21
35
35
20
2
1
2
23
38
46
42
29
21
5
-3
-18
-36
-51
-51
-35
-21
-2
15
20
14
11
5
1
-6
-13
-16
-12
19
55
77
84
78
65
46
44
36
21
6
-2
3
3
16
11
8
7
24
31
34
39
27
6
-21
-40
-56
-55
-49
-44
-34
-21
10
33
53
61
54
41
35
37
31
24
16
16
23
37
54
49
33
15
8
6
7
2
-19
-27
-28
-30
-44
-36
-17
7
24
31
32
20
16
4
1
9
29
43
44
48
43
40
43
48
46
36
35
29
26
26
37
42
48
49
43
45
56
72
73
75
75
78
73
69
62
37
7
-14
-21
-15
4
30
33
32
17
-2
-19
-25
-25
-38
-43
-38
-25
-5
14
25
27
28
32
31
29
37
37
37
32
27
16
-7
-15
-22
-34
-50
-64
-76
-84
-80
-81
-82
-85
-75
-63
-53
-45
-49
-61
-67
-60
-65
-66
-58
-44
-22
-9
6
0
0
12
31
41
37
24
0
-5
-2
3
-7
-19
-26
-24
-7
13
13
-8
-19
-22
-18
-14
-14
-25
-36
-23
-9
1
8
17
39
61
87
84
64
40
27
7
-16
-28
-26
-11
11
26
22
14
18
16
8
0
-11
-24
-35
-36
-31
-15
1
15
12
14
26
31
32
24
23
12
9
5
-4
-4
11
42
60
66
51
35
24
28
40
39
40
43
45
35
28
16
12
10
17
21
12
11
4
-2
-2
3
0
0
5
2
1
8
24
33
36
41
30
13
-5
-19
-38
-61
-85
-111
-128
-121
-90
-64
-43
-38
-43
-48
-43
-20
-3
14
16
10
-2
-2
3
14
33
66
80
69
51
26
9
3
3
-3
-18
-41
-62
-73
-77
-72
-65
-64
-53
-59
-66
-78
-81
-84
-89
-83
-77
-78
-81
-87
-83
-69
-46
-24
-11
15
44
53
57
62
74
81
81
88
87
97
105
102
86
67
58
46
43
47
35
5
-22
-27
-16
7
19
21
10
14
23
25
19
11
4
-19
-34
-55
-57
-41
-4
25
41
56
60
58
54
40
25
0
-16
-39
-62
-74
-72
-64
-48
-20
8
29
40
54
51
38
17
-13
-39
-62
-66
-51
-4
43
70
67
58
66
69
73
67
50
27
6
-6
-26
-38
-29
2
37
76
94
84
73
58
51
44
48
41
27
2
-8
-1
12
51
73
83
79
72
67
60
55
28
-1
-20
-32
-35
-39
-22
-1
20
30
49
58
65
69
65
55
47
32
8
-3
-2
6
20
42
70
80
78
60
39
25
18
30
38
50
55
53
51
69
98
127
155
176
185
170
150
115
75
38
13
-6
-20
-9
14
39
57
58
38
7
-10
-23
-37
-50
-60
-59
-33
11
53
71
88
97
104
105
98
87
66
46
23
-6
-7
23
59
90
99
99
79
53
33
17
-2
-20
-40
-69
-87
-92
-86
-70
-42
-18
0
19
29
21
1
0
6
12
2
-20
-47
-70
-68
-50
-29
-12
-9
-23
-35
-26
-14
-5
-12
-27
-54
-69
-67
-57
-34
-5
24
39
60
70
67
35
-1
-33
-67
-82
-91
-99
-109
-113
-95
-69
-42
-30
-34
-51
-69
-67
-72
-78
-93
-112
-115
-92
-59
-35
-20
-10
1
5
28
54
70
64
36
-2
-32
-25
0
26
35
28
15
7
19
28
16
-19
-61
-98
-121
-110
-90
-62
-31
-4
16
34
48
51
42
23
-1
-33
-60
-74
-86
-97
-99
-76
-50
-6
42
80
95
83
60
29
7
-9
-25
-34
-24
-7
-7
-1
13
27
37
39
24
1
-19
-18
4
27
36
12
-19
-38
-21
9
24
38
38
43
55
71
80
59
36
0
-33
-50
-43
-27
-10
3
6
-2
0
17
27
36
27
2
-14
-22
-16
-30
-40
-46
-33
-16
8
26
22
10
3
8
19
34
34
14
-3
-10
-7
0
13
21
24
36
58
81
85
83
85
91
103
106
96
69
48
26
13
6
18
25
29
43
56
71
83
85
66
40
21
4
-8
-18
-14
-19
-16
-17
-17
-12
3
25
35
42
45
46
38
26
15
-5
-15
-24
-37
-52
-58
-49
-47
-43
-39
-24
-12
-1
0
-20
-33
-41
-45
-56
-67
-86
-105
-108
-93
-62
-44
-25
-30
-34
-36
-25
-25
-37
-52
-62
-60
-53
-45
-43
-44
-33
-31
-29
-26
-10
0
11
12
-4
-27
-35
-27
-18
-14
-17
-21
-11
7
28
28
20
7
-2
-22
-18
2
7
4
-11
-24
-29
-27
-28
-47
-59
-56
-53
-44
-27
-8
11
21
37
49
49
48
30
16
5
-6
-20
-40
-42
-45
-40
-30
-25
-31
-41
-40
-48
-55
-61
-62
-59
-64
-68
-66
-55
-39
-27
-34
-34
-21
-8
-13
-25
-19
-15
3
14
14
-4
-19
-26
-29
-24
-15
-9
-10
-11
-2
7
15
20
13
-1
-10
-19
-20
-16
-13
-21
-39
-43
-44
-37
-28
-11
-8
-2
18
41
50
45
40
32
26
30
24
20
11
7
3
8
23
38
44
41
47
53
59
65
59
48
43
58
74
94
105
101
80
58
36
14
9
11
11
-6
-20
-2
25
65
91
100
90
79
72
72
81
92
88
72
57
46
39
38
40
48
64
88
94
79
53
31
19
24
43
52
50
36
29
28
40
60
64
49
26
6
1
16
47
56
36
6
-1
22
65
103
106
72
32
13
13
29
42
45
32
14
3
-10
-7
-5
-2
-12
-20
-27
-26
-18
-12
-13
-26
-29
-39
-59
-66
-54
-43
-43
-40
-47
-46
-33
-13
10
18
30
34
34
38
45
43
32
14
-11
-33
-38
-25
-14
-15
-27
-50
-72
-80
-65
-53
-42
-36
-34
-38
-36
-30
-31
-36
-50
-63
-82
-83
-71
-69
-64
-71
-76
-70
-43
-18
-10
-9
-10
-11
-13
-9
-9
-7
-12
-22
-25
-18
9
19
15
5
1
8
11
17
18
6
3
-1
1
3
7
3
-3
-9
2
6
9
0
-14
-24
-17
-5
-1
-1
0
8
8
8
15
28
49
68
69
59
39
21
-13
-31
-46
-46
-46
-32
-22
-24
-15
3
24
32
30
16
9
20
52
78
82
75
62
49
35
20
3
-1
6
13
12
4
10
18
27
52
74
72
44
17
-5
0
13
21
21
22
27
31
46
67
86
89
82
65
38
19
10
14
13
12
15
3
2
9
20
30
43
53
42
25
10
-6
-19
-28
-39
-55
-63
-61
-46
-21
20
44
59
66
69
54
21
-15
-38
-49
-47
-40
-34
-33
-15
7
39
68
93
98
96
94
83
62
33
5
-18
-26
-16
-12
-9
-4
14
30
46
62
66
63
49
37
-1
-33
-61
-77
-83
-66
-40
-18
1
8
13
-2
-18
-40
-58
-66
-60
-46
-45
-36
-30
-8
24
61
83
78
56
18
-21
-49
-66
-73
-76
-58
-47
-43
-41
-28
-11
13
39
57
48
28
3
-34
-63
-85
-100
-115
-129
-127
-113
-72
-26
3
15
17
29
21
11
-14
-41
-65
-70
-58
-49
-31
-14
-7
-7
4
20
31
28
20
1
-6
11
26
31
27
17
12
18
43
66
77
60
31
1
-28
-40
-53
-59
-51
-25
2
25
47
56
58
56
63
54
37
13
-7
-14
-10
-2
-8
-12
-17
-15
-4
7
24
17
3
-7
-10
-11
9
38
61
78
79
72
59
57
64
60
48
36
15
-6
-1
8
26
38
32
33
34
41
42
30
16
13
6
-2
-10
-23
-31
-23
-1
19
17
7
-17
-32
-37
-31
-28
-21
-14
-14
-25
-28
-11
8
77
-56
-50
-64
-91
-135
-140
-134
-114
-115
-126
-138
-143
-126
-91
-57
-62
-91
-125
-153
-154
-147
-136
-143
-147
-153
-171
-187
-175
-141
-96
-47
-40
-55
-74
-79
-89
-94
-107
-124
-134
-133
-108
-74
-59
-52
-78
-90
-99
-106
-119
-139
-150
-152
-130
-97
-51
-32
-25
-6
9
21
16
16
1
-24
-52
-85
-100
-102
-78
-44
-24
-9
4
5
-10
-17
-15
-9
-11
-15
-37
-56
-57
-55
-51
-56
-65
-78
-77
-60
-47
-43
-33
-20
8
8
17
15
2
-12
-20
-24
-22
-24
-40
-64
-63
-54
-41
-44
-30
-9
-3
0
-6
-21
-34
-50
-63
-89
-101
-107
-93
-51
11
50
65
42
12
-27
-59
-62
-62
-64
-67
-66
-65
-60
-58
-57
-77
-105
-125
-145
-134
-126
-100
-100
-100
-94
-76
-59
-29
-22
-21
-11
-18
-22
-36
-20
-7
17
33
3
-35
-83
-94
-78
-72
-68
-85
-99
-111
-88
-84
-91
-96
-91
-78
-75
-70
-77
-69
-66
-52
-69
-59
-57
-48
-43
-40
-51
-67
-82
-79
-91
-99
-111
-97
-70
-38
-38
-72
-120
-154
-173
-129
-91
-71
-60
-44
-22
2
-3
-13
-14
-24
-47
-58
-70
-68
-63
-60
-64
-71
-77
-85
-89
-88
-94
-96
-106
-98
-89
-84
-84
-96
-117
-119
-114
-104
-87
-62
-61
-64
-74
-96
-97
-87
-37
-7
-8
-35
-58
-81
-74
-58
-43
-43
-47
-39
-38
-53
-63
-79
-92
-90
-97
-117
-143
-163
-170
-164
-147
-127
-109
-99
-90
-70
-67
-53
-59
-70
-82
-85
-87
-93
-89
-86
-76
-73
-80
-105
-126
-123
-109
-74
-59
-51
-65
-84
-91
-88
-69
-41
0
11
51
86
98
69
17
-22
-43
-59
-50
-46
-29
-37
-40
-60
-49
-42
-30
-28
-33
-25
-31
-24
-22
-36
-58
-63
-73
-67
-54
-26
10
30
28
16
2
-11
-17
-24
-31
-24
-23
-25
-14
-11
-7
-17
-27
-42
-61
-59
-46
-31
-29
-36
-58
-80
-104
-125
-134
-128
-105
-94
-93
-106
-100
-92
-75
-57
-50
-66
-74
-75
-74
-60
-41
-40
-66
-95
-114
-126
-117
-102
-86
-52
-26
-9
-28
-55
-84
-80
-59
-37
-15
-10
-7
-15
-29
-51
-56
-61
-83
-92
-99
-98
-100
-92
-81
-71
-51
-43
-46
-64
-79
-80
-69
-45
-22
-10
-18
-6
4
26
40
33
7
-34
-59
-90
-94
-85
-56
-36
-15
-11
-11
3
33
89
106
92
28
-45
-109
-135
-125
-105
-59
-15
18
30
23
7
-14
-22
-17
-12
-7
-8
-19
-47
-61
-57
-46
-47
-35
-17
1
16
12
-3
-39
-33
-36
-49
-89
-119
-109
-67
-19
4
4
3
13
20
23
15
-9
-47
-76
-101
-105
-104
-100
-88
-60
-12
32
30
7
-44
-84
-119
-136
-115
-90
-59
-32
-21
-16
-10
-14
-40
-67
-80
-85
-83
-78
-64
-66
-74
-93
-110
-122
-120
-111
-118
-125
-123
-106
-82
-38
-14
6
4
6
-14
-44
-69
-109
-138
-143
-120
-94
-76
-69
-70
-57
-48
-31
-52
-78
-108
-124
-125
-111
-96
-90
-90
-90
-92
-80
-59
-35
-35
-27
-47
-67
-97
-91
-76
-68
-76
-86
-92
-89
-68
-43
-23
-24
-39
-63
-63
-69
-74
-77
-84
-62
-38
-31
-32
-66
-89
-93
-63
-26
-9
2
-5
-25
-56
-84
-111
-128
-120
-89
-45
-2
22
23
-8
-47
-84
-123
-145
-150
-136
-111
-59
-17
10
21
26
20
17
13
-6
-27
-45
-48
-55
-52
-55
-51
-45
-32
-22
-29
-47
-53
-45
-34
-38
-38
-77
-94
-103
-100
-86
-83
-85
-101
-98
-87
-62
-44
-24
-10
8
21
25
26
7
-10
-35
-70
-79
-87
-93
-102
-97
-84
-48
-13
28
36
20
-1
-28
-45
-45
-36
-37
-26
-18
-13
-9
2
9
3
9
11
18
20
12
2
-32
-60
-91
-129
-162
-173
-155
-125
-93
-60
-42
-25
-12
10
16
12
-3
-23
-29
-17
-4
-7
-29
-49
-64
-64
-37
-26
-18
-21
-3
20
35
26
-7
-21
-28
0
17
22
22
7
-21
-45
-61
-85
-105
-126
-128
-120
-111
-100
-115
-112
-101
-89
-81
-67
-46
-36
-48
-75
-113
-155
-187
-195
-188
-162
-140
-141
-162
-188
-195
-166
-117
-83
-80
-106
-121
-121
-127
-134
-141
-141
-130
-108
-98
-98
-80
-49
-22
-19
-42
-86
-120
-131
-113
-92
-57
-32
-6
-2
-10
-14
-9
-7
0
7
13
13
15
-10
-24
-25
-24
-16
-17
-14
-5
14
26
15
-8
-41
-42
-48
-39
-32
-43
-44
-48
-46
-51
-60
-79
-89
-97
-89
-79
-69
-69
-70
-83
-84
-69
-60
-65
-77
-74
-71
-66
-68
-67
-61
-43
-26
-22
-21
-16
-18
-21
-36
-51
-68
-78
-80
-88
-86
-84
-79
-81
-68
-42
-15
-17
-24
-29
-19
-13
-29
-53
-73
-70
-48
-32
-20
-4
-12
-39
-72
-86
-105
-108
-119
-109
-89
-41
-21
-30
-59
-74
-71
-64
-55
-41
-50
-32
-25
-23
-25
-19
-7
3
10
1
-23
-59
-72
-66
-44
-38
-40
-48
-58
-53
-48
-63
-76
-85
-96
-91
-94
-97
-107
-108
-96
-93
-71
-62
-36
-25
-26
-42
-67
-78
-69
-59
-58
-49
-26
-9
0
-6
-21
-23
-26
-34
-46
-55
-39
-30
-34
-34
-37
-46
-57
-76
-98
-112
-91
-64
-39
-26
-18
-17
-21
0
15
18
6
-16
-20
-23
-20
-36
-47
-49
-33
-35
-48
-63
-69
-63
-37
-20
-28
-59
-109
-149
-158
-136
-92
-60
-35
-29
-31
-45
-30
-7
0
3
-15
-34
-77
-100
-119
-114
-86
-44
-10
-3
-7
-6
5
13
2
-40
-73
-83
-87
-94
-108
-118
-118
-115
-104
-106
-103
-78
-39
8
19
19
-4
-34
-47
-55
-72
-109
-147
-175
-161
-120
-91
-88
-100
-101
-90
-80
-80
-83
-91
-95
-86
-100
-113
-129
-115
-99
-79
-72
-92
-112
-112
-91
-53
-21
-21
-42
-69
-75
-61
-68
-85
-107
-117
-106
-78
-71
-61
-67
-45
-32
-40
-49
-84
-98
-96
-75
-52
-42
-24
-10
-15
-11
-17
-14
-12
17
50
76
69
34
-8
-56
-75
-76
-61
-38
-13
-7
2
-6
-14
-44
-72
-100
-122
-117
-94
-74
-67
-60
-52
-63
-71
-75
-68
-44
-27
-1
9
10
8
-5
-28
-38
-28
-20
-13
-26
-61
-80
-79
-57
-24
8
26
26
-3
-37
-85
-116
-130
-112
-92
-66
-44
-27
-25
-23
-15
-1
18
47
54
49
35
27
5
-18
-44
-67
-91
-99
-104
-105
-110
-113
-105
-94
-64
-42
-55
-78
-99
-97
-83
-61
-58
-56
-54
-52
-40
-27
-15
-16
-33
-44
-56
-54
-71
-60
-39
-5
19
5
-18
-42
-33
-18
-15
-22
-29
-35
-40
-45
-70
-95
-96
-87
-77
-82
-70
-74
-59
-43
-29
-31
-29
-19
-12
-17
-32
-39
-47
-37
-32
-36
-57
-73
-85
-94
-99
-94
-96
-104
-103
-92
-75
-69
-69
-53
-37
-14
-10
-39
-78
-102
-98
-80
-54
-40
-35
-39
-32
-13
7
34
41
33
6
-15
-30
-47
-53
-65
-64
-68
-85
-98
-109
-82
-57
-38
-40
-36
-31
-13
11
19
9
-20
-48
-71
-71
-57
-32
-13
6
29
27
25
10
-7
-36
-47
-37
-36
-22
-32
-38
-55
-61
-64
-72
-67
-53
-25
-10
-4
-23
-55
-93
-102
-106
-101
-69
-45
-42
-57
-64
-77
-80
-77
-78
-56
-34
-5
10
5
-5
-44
-75
-99
-110
-104
-103
-94
-105
-108
-110
-99
-89
-82
-76
-80
-90
-106
-106
-108
-87
-60
-37
-26
-15
-6
-14
-23
-34
-41
-54
-82
-107
-126
-124
-108
-84
-68
-61
-56
-63
-62
-33
1
28
45
37
48
62
80
66
23
-11
-39
-44
-42
-45
-48
-42
-6
29
57
64
48
19
-12
-30
-35
-35
-36
-39
-51
-57
-60
-69
-80
-83
-81
-78
-87
-83
-69
-48
-19
6
16
7
-34
-88
-141
-155
-143
-124
-99
-70
-39
-28
-29
-50
-76
-77
-61
-48
-54
-74
-76
-88
-109
-132
-160
-175
-161
-136
-117
-111
-110
-95
-80
-47
-24
-20
-43
-87
-120
-135
-117
-111
-115
-121
-117
-95
-65
-25
-4
-12
-20
-27
-14
-3
3
-19
-46
-86
-82
-88
-78
-48
-11
25
44
47
32
15
6
4
-7
-18
-30
-37
-41
-45
-42
-30
-16
-9
-24
-31
-33
-27
-37
-41
-42
-42
-28
-16
-15
-24
-36
-39
-40
-21
-1
17
-2
-33
-86
-121
-126
-109
-78
-54
-42
-57
-70
-91
-90
-80
-53
-18
11
15
10
1
-16
-47
-78
-111
-138
-155
-152
-149
-120
-76
-43
-29
-36
-44
-53
-60
-52
-47
-42
-44
-44
-46
-51
-50
-56
-65
-72
-73
-74
-59
-56
-47
-64
-72
-102
-124
-127
-110
-94
-88
-77
-70
-48
-24
-10
-19
-34
-62
-77
-85
-83
-87
-90
-98
-79
-51
-16
6
-2
-45
-82
-89
-85
-88
-98
-98
-70
-22
33
72
87
75
51
3
-41
-72
-93
-94
-81
-39
12
74
118
129
102
51
-10
-83
-137
-142
-124
-83
-60
-45
-29
-15
3
-1
-35
-75
-127
-170
-192
-193
-170
-146
-103
-62
-21
-1
-1
-22
-42
-48
-44
-29
-17
-6
-3
-4
-12
-33
-48
-45
-13
-5
-11
-33
-57
-80
-103
-111
-115
-113
-106
-100
-81
-47
-9
-13
-12
-35
-37
-43
-40
-23
-8
-4
2
-15
-38
-50
-54
-56
-64
-75
-87
-86
-70
-59
-67
-87
-109
-120
-123
-111
-96
-95
-81
-70
-53
-51
-54
-68
-78
-79
-74
-74
-80
-72
-55
-32
-27
-29
-51
-74
-68
-65
-33
-19
-24
-51
-82
-92
-81
-65
-35
-11
-12
-11
-130
-123
-85
-45
-26
-27
-40
-45
-54
-57
-58
-63
-72
-90
-95
-98
-100
-97
-101
-117
-120
-109
-90
-52
-21
-11
-23
-32
-48
-64
-87
-107
-131
-156
-157
-126
-71
-15
20
27
24
26
20
8
5
17
11
-4
-27
-59
-62
-58
-36
-34
-31
-32
-27
-19
-20
-16
-34
-40
-60
-71
-81
-97
-95
-88
-66
-44
-20
-5
-4
-14
-45
-37
-4
31
34
11
-36
-61
-60
-49
-44
-60
-72
-79
-73
-54
-37
-22
-22
-22
-18
-17
-9
-12
-33
-85
-109
-122
-107
-83
-62
-58
-72
-79
-79
-68
-46
-30
-13
-16
-15
-12
-5
-15
-32
-88
-123
-148
-150
-148
-134
-112
-91
-53
-17
10
12
-3
-32
-72
-94
-112
-121
-124
-115
-85
-61
-37
-6
33
55
61
45
18
-16
-47
-55
-47
-24
-21
-32
-43
-59
-68
-83
-67
-64
-50
-42
-28
-29
-53
-80
-120
-135
-123
-103
-101
-112
-107
-91
-77
-69
-60
-61
-56
-52
-62
-81
-107
-129
-141
-140
-125
-120
-112
-97
-59
-23
2
18
8
-17
-39
-44
-41
-31
-31
-49
-88
-111
-114
-90
-47
-18
5
-8
-27
-50
-72
-68
-50
-43
-54
-81
-101
-112
-101
-95
-86
-98
-94
-97
-99
-104
-109
-110
-98
-81
-63
-59
-44
-35
-26
-26
-13
-8
-13
-27
-27
-27
-11
0
5
10
13
18
4
-4
-16
-21
-10
11
34
32
9
-3
-6
-4
-15
-47
-82
-98
-89
-67
-46
-22
-6
-18
-32
-57
-64
-74
-74
-73
-65
-45
-31
-17
-19
-26
-45
-75
-92
-97
-89
-68
-45
-28
-27
-28
-16
-18
-25
-40
-54
-53
-53
-38
-27
0
28
40
22
-25
-72
-117
-109
-77
-28
-5
18
21
10
5
-6
-6
-12
-20
-9
-3
1
-6
-21
-41
-37
-34
-37
-22
-10
3
-8
-21
-40
-48
-44
-33
-2
20
47
65
78
84
74
39
-6
-21
-9
13
43
71
85
88
90
81
68
45
18
-27
-75
-94
-98
-57
-9
12
11
6
6
12
-1
-24
-23
-19
-7
-7
-34
-45
-55
-49
-52
-47
-43
-31
-28
-32
-32
-59
-72
-82
-88
-93
-84
-74
-77
-77
-82
-87
-113
-121
-112
-91
-73
-69
-70
-76
-84
-107
-141
-172
-189
-180
-151
-120
-94
-84
-83
-93
-127
-155
-169
-162
-152
-146
-136
-118
-73
-22
-12
-57
-96
-124
-129
-129
-127
-130
-139
-151
-162
-158
-147
-128
-115
-109
-102
-85
-75
-59
-43
-38
-36
-33
-36
-40
-34
-17
3
14
13
25
24
26
16
-25
-69
-104
-127
-113
-98
-78
-71
-78
-77
-90
-98
-91
-78
-62
-56
-60
-70
-93
-120
-127
-118
-88
-46
-31
-25
-41
-42
-42
-33
-31
-30
-35
-32
-34
-51
-71
-82
-87
-51
-24
8
1
-14
-27
-20
-46
-84
-131
-160
-141
-95
-42
-17
-2
9
-2
-10
-27
-32
-21
0
12
15
13
12
15
0
5
-1
-1
-1
0
8
9
17
-8
-42
-76
-87
-82
-71
-46
-47
-51
-54
-36
3
36
53
27
-7
-31
-29
-13
12
36
55
56
40
21
-11
-20
-22
-15
-15
-16
-22
-47
-67
-75
-63
-41
-21
-8
-7
-15
-11
-19
-15
-10
-11
-35
-66
-79
-76
-50
-30
-24
-30
-60
-71
-58
-48
-29
-36
-58
-64
-59
-37
-35
-31
-33
-38
-27
-17
-5
-18
-25
-39
-57
-85
-120
-160
-173
-149
-103
-60
-30
-13
-24
-44
-73
-84
-67
-42
-17
-37
-77
-124
-150
-155
-132
-93
-65
-45
-44
-48
-64
-72
-82
-99
-95
-90
-87
-97
-105
-99
-77
-45
-10
5
6
-3
-19
-46
-86
-120
-135
-132
-102
-79
-59
-44
-16
-13
-28
-41
-74
-98
-117
-133
-143
-147
-124
-105
-88
-94
-90
-95
-79
-61
-55
-65
-71
-67
-68
-62
-60
-61
-51
-45
-49
-63
-73
-72
-56
-27
6
33
42
34
26
2
-35
-85
-145
-195
-201
-167
-113
-82
-61
-52
-47
-41
-44
-54
-77
-80
-78
-77
-75
-77
-70
-49
-23
2
18
15
1
-14
-28
-30
-45
-47
-45
-31
-20
-22
-21
-23
-7
8
22
13
1
-14
-17
-7
-1
11
2
5
25
59
78
77
60
34
28
22
9
-19
-46
-56
-60
-59
-41
-30
-31
-21
-7
-3
-2
-19
-36
-49
-39
-39
-51
-66
-79
-74
-62
-44
-47
-51
-51
-50
-56
-56
-51
-41
-44
-44
-52
-59
-60
-53
-59
-77
-116
-156
-179
-167
-139
-92
-50
-8
24
40
43
47
20
-16
-45
-40
-35
-23
-29
-31
-29
-8
13
23
25
25
31
27
21
-3
-33
-67
-92
-107
-123
-135
-139
-138
-104
-53
9
74
142
169
159
108
45
-18
-84
-97
-116
-107
-109
-102
-90
-78
-60
-50
-38
-29
-16
-20
-33
-50
-94
-124
-150
-138
-123
-110
-81
-71
-58
-52
-53
-67
-78
-91
-86
-70
-50
-37
-44
-47
-46
-46
-37
-25
-2
-15
-25
-37
-32
-25
-29
-55
-103
-152
-167
-163
-131
-78
-34
-12
-22
-47
-75
-91
-88
-87
-86
-85
-81
-70
-70
-55
-52
-64
-72
-83
-87
-85
-70
-58
-47
-43
-37
-37
-54
-59
-74
-82
-84
-81
-73
-60
-49
-43
-51
-59
-55
-65
-55
-55
-64
-84
-107
-107
-91
-68
-57
-54
-60
-65
-64
-70
-66
-61
-56
-67
-64
-73
-77
-77
-72
-59
-47
-44
-51
-80
-111
-135
-137
-133
-108
-95
-88
-75
-57
-26
-23
-15
-37
-46
-38
-24
-18
-41
-61
-84
-101
-116
-122
-121
-113
-84
-70
-53
-53
-49
-51
-49
-52
-52
-56
-56
-39
-35
-24
-25
-37
-55
-67
-69
-86
-92
-100
-116
-128
-138
-143
-128
-118
-108
-99
-101
-92
-89
-87
-74
-54
-50
-61
-70
-86
-80
-72
-44
-23
-6
3
4
-6
-1
0
8
8
13
8
6
-1
-7
-17
-28
-18
-18
-21
-31
-20
-24
-23
-34
-55
-58
-48
-23
-9
-6
2
0
-1
-1
6
6
-4
-6
-21
-34
-58
-67
-73
-64
-49
-35
-22
-18
-19
-46
-64
-72
-67
-45
-28
-18
-10
-11
-24
-38
-62
-54
-51
-48
-37
-27
-11
-6
-12
-29
-58
-74
-75
-79
-84
-91
-92
-94
-82
-71
-65
-67
-55
-43
-25
-27
-38
-66
-78
-80
-62
-36
-9
5
-5
-4
15
26
26
6
-14
-38
-43
-28
-16
-5
-6
-13
-40
-80
-110
-127
-128
-110
-83
-74
-57
-58
-63
-73
-87
-93
-105
-97
-83
-68
-68
-75
-93
-111
-131
-129
-113
-91
-74
-76
-72
-74
-55
-49
-38
-27
-39
-58
-89
-100
-97
-91
-63
-42
-27
-8
-17
-47
-66
-84
-87
-74
-58
-31
-24
-22
-38
-59
-80
-93
-66
-44
-12
0
-9
-27
-51
-76
-106
-127
-135
-134
-115
-85
-62
-48
-49
-51
-46
-49
-42
-36
-26
-1
20
17
-3
-18
-36
-44
-62
-73
-78
-79
-73
-61
-32
-3
31
29
19
7
-14
-51
-107
-149
-188
-204
-180
-148
-105
-71
-21
-9
7
-10
-47
-81
-93
-79
-59
-33
-16
-6
-15
-25
-22
-32
-45
-66
-96
-151
-192
-235
-254
-246
-207
-166
-132
-99
-92
-97
-108
-108
-99
-101
-96
-98
-91
-73
-42
-24
-27
-31
-50
-61
-74
-98
-130
-156
-150
-123
-101
-90
-79
-54
-42
-26
-36
-40
-33
-2
15
-7
-34
-62
-70
-56
-25
-7
-1
-8
-45
-73
-103
-119
-135
-116
-84
-39
-7
-11
-21
-65
-100
-98
-75
-60
-37
-53
-58
-63
-71
-84
-95
-92
-92
-91
-77
-52
-22
-12
-11
-11
-24
-34
-18
-32
-33
-48
-75
-93
-88
-49
-4
16
14
-29
-78
-115
-105
-86
-57
-53
-45
-48
-19
1
9
7
-1
-12
-29
-40
-53
-43
-38
-41
-64
-97
-109
-106
-97
-86
-84
-79
-67
-53
-38
-45
-62
-74
-85
-98
-91
-61
-24
1
14
5
-30
-32
-33
-28
-31
-53
-65
-81
-74
-65
-55
-41
-33
-30
-44
-59
-74
-85
-93
-101
-115
-119
-130
-145
-158
-157
-149
-152
-153
-143
-125
-106
-92
-79
-81
-88
-102
-103
-110
-95
-71
-60
-36
-17
3
15
13
8
-12
-23
-42
-84
-125
-155
-167
-153
-128
-84
-37
-9
17
19
0
-33
-67
-78
-88
-92
-113
-133
-129
-109
-86
-76
-77
-96
-108
-90
-37
3
15
-17
-54
-78
-80
-41
-16
1
7
0
-1
10
33
43
58
68
82
84
71
41
-11
-44
-58
-51
-38
-31
-23
-39
-42
-27
8
39
69
79
65
45
2
-18
-40
-25
-22
-25
-28
-32
-25
-24
-20
-19
-24
-25
-25
-15
-3
8
-6
-41
-77
-71
-44
-19
-17
-39
-62
-60
-42
-31
-36
-59
-89
-116
-113
-89
-76
-78
-97
-110
-115
-107
-75
-59
-44
-27
-31
-36
-31
-2
19
16
-8
-54
-88
-103
-99
-93
-83
-78
-71
-77
-74
-52
-45
-32
-32
-48
-65
-77
-83
-89
-76
-66
-47
-13
33
67
76
53
25
-7
-41
-69
-90
-94
-86
-78
-75
-75
-61
-40
-30
-27
-36
-48
-29
-6
13
-1
-34
-56
-62
-26
18
41
21
-36
-90
-139
-143
-119
-79
-39
-4
27
40
52
52
34
-1
-30
-49
-68
-95
-123
-144
-147
-114
-67
-36
-22
-5
29
53
84
86
80
47
7
-53
-94
-106
-90
-67
-47
-55
-79
-113
-122
-110
-75
-48
-47
-54
-70
-55
-31
-18
-13
-24
-61
-68
-58
-29
1
7
-4
-35
-69
-80
-100
-108
-114
-99
-77
-51
-27
-17
-4
-1
-7
-12
-25
-29
-40
-60
-73
-78
-89
-88
-89
-88
-105
-112
-109
-106
-86
-60
-52
-58
-60
-47
-25
-15
-17
-30
-50
-58
-63
-62
-55
-46
-45
-66
-59
-70
-80
-91
-93
-87
-70
-50
-39
-41
-43
-38
-30
-18
3
9
0
-28
-45
-62
-75
-77
-79
-70
-54
-46
-58
-77
-82
-67
-60
-53
-57
-79
-93
-90
-67
-50
-36
-40
-49
-56
-34
-18
0
19
38
53
53
40
23
0
-17
-46
-67
-69
-54
-28
-1
30
45
41
20
1
-14
-25
-44
-56
-73
-60
-50
-50
-45
-34
-13
-9
-26
-47
-67
-78
-60
-50
-56
-58
-61
-57
-51
-40
-50
-69
-99
-123
-144
-156
-166
-182
-200
-211
-205
-183
-156
-129
-120
-111
-89
-76
-74
-77
-87
-88
-67
-37
-10
-14
-30
-63
-85
-103
-106
-87
-78
-72
-64
-70
-80
-72
-62
-49
-28
-24
-35
-55
-63
-72
-67
-61
-56
-60
-53
-39
-24
-18
-14
1
6
-1
-15
-44
-65
-76
-70
-72
-58
-51
-29
-25
-19
-16
-31
-52
-67
-77
-78
-68
-59
-63
-90
-105
-103
-73
-29
6
13
20
24
32
10
-21
-78
-126
-150
-136
-113
-75
-34
-5
0
-22
-50
-85
-117
-112
-115
-86
-44
3
47
79
85
55
0
-55
-91
-119
-121
-106
-90
-83
-72
-54
-29
-7
10
13
0
-29
-55
-92
-113
-115
-113
-102
-92
-89
-94
-92
-72
-32
7
28
36
29
6
-23
-44
-48
-23
-1
8
18
19
4
-41
-84
-115
-126
-116
-91
-70
-44
-30
-32
-55
-74
-75
-62
-51
-28
-15
2
10
6
-21
-66
-111
-144
-151
-143
-115
-107
-102
-86
-69
-41
-19
6
20
27
17
-7
-53
-115
-180
-235
-242
-220
-179
-153
-120
-94
-75
-67
-58
-45
-29
-9
-8
-25
-32
-25
-11
-3
-7
-32
-55
-71
-74
-74
-100
-116
-135
-138
-116
-78
-49
-31
-26
-30
-26
-21
-17
-10
-10
-1
-16
-13
-19
3
14
30
39
37
24
18
26
22
18
0
-15
-24
-29
-35
-49
-64
-68
-59
-41
-29
-24
-37
-46
-45
-45
-51
-52
-54
-59
-47
-27
-4
-7
-8
-16
-6
-1
4
5
-9
-9
-19
-22
-38
-53
-59
-71
-70
-83
-91
-82
-50
-13
22
51
58
48
27
17
13
4
5
-4
-15
-29
-40
-55
-63
-63
-78
-76
-81
-73
-74
-63
-45
-14
-18
-35
-58
-87
-95
-86
-67
-44
-33
-33
-44
-21
17
53
47
33
6
-20
-34
-39
-34
-30
-3
1
12
10
11
10
0
-7
-10
-24
-23
-33
-41
-59
-76
-85
-94
-91
-84
-76
-62
-39
-22
-14
-21
-23
-27
-39
-44
-55
-74
-95
-103
-102
-75
-28
15
27
7
-13
-45
-56
-83
-110
-138
-145
-115
-76
-29
-3
11
-6
-16
-27
-28
-32
-43
-69
-91
-96
-94
-93
-79
-62
-44
-26
-10
-13
-29
-55
-53
-39
-16
13
16
12
0
-11
-28
-34
-36
-39
-35
-37
-3
6
18
-1
-13
-28
-36
-38
-51
-53
-45
-31
-20
-17
-11
-10
-5
-17
-48
-85
-100
-83
-74
-62
-64
-65
-67
-56
-42
-38
-57
-85
-127
-157
-170
-156
-146
-134
-138
-136
-144
-141
-146
-141
-117
-67
-20
5
17
-5
-31
-75
-119
-160
-201
-214
-220
-206
-187
-162
-139
-118
-77
-49
-37
-43
-63
-82
-114
-138
-159
-172
-180
-173
-162
-82
-37
-22
-17
-24
-31
-20
-5
14
31
31
20
2
0
2
12
23
20
18
17
34
43
47
30
5
-28
-27
-19
-24
-27
-35
-40
-42
-46
-41
-33
-14
3
8
-3
-10
-25
-38
-48
-55
-66
-85
-76
-60
-36
-19
-14
-7
-10
-10
-16
-13
1
22
29
17
7
-7
-6
8
37
58
61
51
28
8
4
14
19
37
63
81
86
76
57
29
22
35
59
68
60
40
15
-2
5
24
32
32
30
18
13
11
14
22
17
-15
-55
-79
-69
-24
16
59
84
88
88
87
71
40
14
3
16
28
26
10
-15
-15
-12
-6
3
11
26
21
18
17
23
20
10
-3
-14
-25
-13
-16
-24
-22
10
43
78
97
97
80
48
22
0
5
10
23
29
29
34
20
28
39
60
67
74
67
49
29
20
20
29
45
53
59
58
59
48
36
55
65
84
86
105
126
123
119
88
52
16
-19
-31
-41
-10
14
36
48
40
31
30
28
25
3
-20
-41
-71
-80
-88
-80
-58
-16
28
53
57
40
11
-31
-67
-82
-84
-64
-41
-24
-16
-1
18
22
16
18
12
-2
-20
-41
-63
-70
-67
-47
-35
-5
-1
7
4
21
32
31
34
23
16
6
3
-9
-13
-8
6
9
11
17
11
-2
-25
-47
-53
-41
1
27
43
52
45
24
12
5
10
17
18
9
-1
-10
4
21
40
52
59
63
80
81
76
57
42
29
1
-17
-37
-39
-39
-26
-17
-7
15
34
46
55
65
58
32
3
-19
-36
-34
-5
33
50
65
47
22
-2
-14
-9
10
36
52
50
42
46
56
73
92
98
91
83
85
82
83
77
70
64
53
48
30
25
13
0
-10
-5
10
-1
-24
-60
-79
-80
-67
-34
-11
15
31
36
26
21
12
-12
-16
-23
-13
1
25
41
49
50
57
64
57
54
47
44
46
42
33
15
23
45
57
70
79
75
79
83
83
75
54
33
7
7
25
65
105
136
153
137
123
115
117
101
75
48
15
6
13
26
34
47
60
74
83
93
97
90
83
61
33
-7
-27
-28
-18
11
27
31
27
23
13
6
2
-7
-24
-34
-47
-50
-43
-15
10
20
20
17
1
-15
-23
-30
-38
-50
-58
-74
-71
-55
-38
-40
-43
-55
-63
-58
-45
-35
-31
-36
-30
-36
-37
-29
-19
-13
0
14
14
25
33
38
38
37
43
35
22
12
6
1
-1
-12
-18
-16
3
26
32
34
29
34
40
59
70
86
91
59
3
-58
-94
-102
-69
-21
21
42
43
40
33
31
28
24
10
-5
1
5
35
56
73
76
73
67
50
37
26
11
1
0
4
2
8
20
37
42
50
52
39
33
20
2
-16
-26
-28
-21
-18
2
1
-14
-38
-60
-66
-60
-47
-40
-29
-7
8
18
18
22
1
-32
-58
-83
-83
-72
-53
-33
-11
8
19
18
7
5
-13
-19
-22
-23
-33
-40
-41
-37
-32
-20
-19
-26
-26
-26
-26
-24
-13
-9
-11
-12
-2
12
28
40
44
36
38
40
38
32
27
27
31
50
67
75
73
58
28
-6
-17
-29
-34
-54
-60
-57
-46
-29
-27
-33
-36
-37
-45
-50
-54
-66
-82
-91
-83
-67
-34
-3
22
37
44
50
45
46
48
54
58
68
79
78
90
102
115
113
110
88
58
29
13
-10
-45
-66
-74
-62
-26
13
51
71
87
94
97
104
104
89
46
10
-16
-25
-12
14
46
63
76
76
72
70
63
60
49
48
35
16
-8
-21
-31
-24
-10
7
17
22
21
15
12
2
-17
-54
-73
-77
-67
-52
-23
4
20
19
6
-17
-25
-40
-59
-91
-101
-101
-80
-68
-51
-40
-39
-18
3
10
6
-8
-28
-45
-46
-50
-46
-33
-2
27
34
32
26
23
16
11
-5
-9
-4
11
23
26
26
8
21
33
47
41
25
25
12
1
-13
-19
-3
16
53
65
68
61
42
20
14
-1
-22
-33
-15
33
55
67
57
42
23
13
-8
-25
-33
-30
-19
0
18
35
33
49
42
36
28
22
5
-25
-54
-76
-89
-83
-62
-36
-13
19
39
49
40
12
-10
-26
-25
-27
-31
-48
-54
-52
-24
25
74
94
82
52
12
-1
1
-1
-6
-11
-7
-7
8
17
34
40
45
52
52
53
46
25
-25
-57
-69
-44
-7
28
46
41
39
27
31
26
15
-10
-42
-58
-63
-71
-57
-42
-16
3
30
39
34
12
-1
-12
-25
-38
-57
-64
-49
-17
18
55
87
96
82
59
51
45
48
48
43
30
22
17
25
58
77
85
67
45
42
45
64
72
55
20
-14
-22
-15
-5
-4
-15
-37
-29
-18
-1
5
2
-10
-29
-35
-34
-26
-10
9
23
34
43
52
66
70
70
49
34
38
46
51
57
84
97
108
113
102
84
64
61
67
84
98
111
104
91
79
63
57
52
52
49
46
45
35
35
47
62
72
78
74
70
57
46
40
19
19
14
8
16
25
48
49
59
48
26
4
-14
-19
-25
-4
2
11
7
6
1
5
22
35
47
38
33
15
13
21
25
20
19
29
42
59
73
84
84
68
58
49
56
57
51
44
47
61
58
54
42
30
14
24
41
58
61
61
43
30
23
32
44
50
49
40
21
16
3
-12
-15
-13
-10
-10
-4
0
0
-4
-6
-12
12
24
6
-32
-79
-84
-75
-68
-55
-47
-39
-43
-44
-55
-60
-60
-51
-35
-15
-15
-29
-34
-22
-1
0
-12
-21
-28
-19
-6
1
9
21
19
6
-9
-10
-2
5
20
21
15
10
19
27
23
13
-6
-7
5
25
39
42
42
29
14
10
2
-12
-17
-13
10
23
35
37
38
30
35
16
-8
-32
-38
-37
-28
-21
-23
-20
-16
-6
-11
-15
-13
-1
2
-1
-1
-8
-13
-11
-13
-16
-21
-20
-34
-44
-62
-63
-61
-51
-51
-67
-87
-93
-73
-39
-9
1
-11
-33
-43
-49
-48
-37
-35
-37
-26
-7
12
22
20
15
7
16
20
10
-11
-17
-19
-19
-26
-29
-55
-57
-53
-34
-33
-42
-55
-74
-73
-48
-23
-5
-9
-10
-19
-19
-5
-1
-1
2
5
12
26
40
60
67
61
55
45
39
40
41
56
84
100
108
97
94
80
66
77
92
102
101
101
93
82
70
54
57
70
92
87
70
56
49
53
64
89
86
79
59
34
8
-10
-15
-18
-8
2
10
8
1
4
-3
-3
-2
2
7
9
9
-4
-17
-14
9
27
46
50
36
29
28
28
30
33
33
24
21
18
23
20
20
3
-26
-44
-53
-44
-39
-22
-16
-14
-15
-21
-21
-25
-19
-15
-19
-24
-18
-22
-15
-2
4
3
2
-3
-19
-18
-11
10
18
20
16
-14
-38
-51
-39
-28
-25
-27
-46
-43
-34
-26
-33
-51
-60
-66
-60
-57
-52
-53
-38
-35
-35
-39
-48
-42
-31
-8
5
15
24
42
47
37
25
23
11
10
5
2
-1
8
20
17
7
12
20
31
33
21
2
-14
-12
-12
4
37
70
100
104
93
71
48
42
51
46
39
20
0
-1
13
28
36
41
48
55
62
75
81
65
46
19
-1
-16
2
19
38
49
47
35
57
57
54
29
16
13
-7
-31
-41
-22
7
36
59
73
82
87
71
45
22
0
-5
-8
2
-7
-7
-6
-1
6
2
0
-5
26
24
-8
-67
-117
-124
-123
-115
-104
-94
-107
-113
-108
-97
-87
-69
-58
-44
-23
-11
-17
-23
-26
-26
-23
-17
-13
-16
-33
-37
-30
-10
16
15
3
-15
-24
-27
-32
-32
-52
-63
-72
-53
-38
-32
-29
-30
-32
-30
-37
-39
-39
-15
0
11
20
29
30
23
24
19
23
15
7
-14
-18
-6
12
13
13
9
16
38
65
85
75
56
40
22
19
8
5
1
14
26
41
43
30
3
-17
-19
-16
-16
-23
-27
-32
-31
-26
-18
-10
-10
1
-3
-5
-10
-17
-33
-35
-28
-19
-12
-15
-25
-42
-40
-18
10
43
53
43
22
17
39
49
56
59
68
79
81
78
58
50
51
67
79
95
97
83
66
47
41
24
2
-28
-55
-58
-44
-28
-21
6
42
89
122
125
106
72
61
43
27
18
15
17
12
6
-11
-23
-9
27
68
100
125
132
123
105
84
58
46
43
40
29
17
12
8
8
24
34
35
31
20
12
26
39
52
42
44
39
37
35
40
45
53
57
52
25
0
-5
12
41
72
80
82
75
82
86
72
61
41
18
0
-17
-39
-60
-61
-51
-7
45
87
109
120
134
142
131
116
101
87
78
80
89
89
92
97
90
94
109
136
167
179
172
151
143
147
148
137
127
123
115
91
79
64
58
65
82
78
79
77
82
86
95
79
56
30
14
30
46
73
80
77
57
44
28
22
19
4
-17
-20
-9
19
38
60
72
68
62
55
48
55
60
53
24
-6
-16
-23
-17
-2
11
28
47
52
50
43
41
46
37
35
27
30
38
52
49
34
38
46
52
39
13
-14
-28
-27
-33
-43
-43
-20
7
36
49
35
18
-1
-6
-7
-6
8
9
3
-23
-44
-56
-36
-6
16
24
22
32
30
32
31
26
16
-5
-30
-55
-72
-74
-62
-61
-38
-22
-12
-11
-6
-3
8
24
32
24
14
2
1
-1
13
29
41
53
46
31
4
-10
-34
-60
-81
-78
-69
-68
-68
-77
-78
-63
-39
-23
-22
-30
-64
-88
-103
-86
-71
-51
-44
-35
-35
-27
-23
-25
-27
-36
-45
-64
-99
-119
-135
-114
-77
-35
6
44
63
52
35
13
-2
-19
-33
-48
-69
-64
-48
-16
12
34
41
37
33
45
55
61
69
65
51
38
38
46
62
84
78
67
40
20
3
2
14
22
12
-10
-18
-12
3
28
35
39
45
56
62
71
65
49
16
-9
-6
10
39
54
65
65
74
92
108
128
146
144
132
100
64
13
-12
-16
-1
8
19
26
32
52
69
78
72
69
60
64
84
119
135
133
115
89
67
48
42
41
46
65
89
96
92
78
58
60
69
80
80
77
66
55
58
83
103
96
71
51
28
43
55
69
56
46
36
34
26
25
18
23
22
20
17
13
25
38
31
32
35
53
76
78
65
34
16
2
-7
-9
-12
-1
2
20
32
30
28
25
29
29
36
41
54
62
70
55
46
48
53
40
17
4
-12
-14
-7
-9
-14
-19
-7
3
22
38
60
69
67
62
35
20
11
4
-10
-8
-10
1
16
25
20
3
-13
-26
-52
-76
-80
-74
-61
-34
-24
-3
20
51
55
44
29
9
9
2
-4
-40
-72
-86
-88
-92
-101
-90
-90
-77
-75
-62
-51
-44
-53
-86
-101
-101
-67
-41
-28
-27
-30
-14
-1
13
11
8
7
-12
-32
-35
-34
-26
-5
2
5
12
19
29
29
27
23
20
16
8
-2
-17
-11
-6
-11
-13
-13
-15
-22
-25
-37
-53
-82
-96
-118
-123
-109
-87
-61
-40
-23
-15
-7
-3
-10
-25
-37
-38
-48
-46
-43
-32
-37
-31
-29
-22
6
19
23
1
-14
-23
-32
-32
-27
-20
-11
0
20
37
50
58
52
31
8
-9
-14
-6
16
24
19
16
3
-7
-9
0
18
34
53
58
61
56
58
49
33
27
16
11
-1
-11
-44
-65
-63
-44
-28
-24
-18
-14
-2
9
8
-4
-20
-26
-29
-17
7
23
38
47
57
53
49
40
26
0
-14
-28
-43
-55
-58
-51
-40
-4
27
56
77
62
44
14
0
-18
-33
-51
-55
-55
-55
-35
-17
7
30
42
51
37
25
2
-31
-57
-70
-70
-58
-34
-17
2
11
25
24
15
-3
-34
-57
-67
-51
-27
3
24
29
30
18
10
-4
-2
7
19
20
30
33
29
18
6
-4
-12
-5
-9
-6
-17
-10
14
35
65
66
57
24
3
-16
-23
-16
-5
11
30
42
29
13
4
16
23
31
41
37
41
39
46
52
56
52
30
13
2
-7
-7
-2
14
23
36
49
56
49
48
38
32
30
26
31
29
35
42
42
41
48
65
84
97
81
41
-3
-37
-56
-64
-42
-11
5
18
15
21
32
58
71
73
76
77
80
66
54
37
18
18
38
57
69
63
54
32
26
16
1
-9
-20
-23
-24
-3
35
54
61
54
46
43
39
43
38
33
38
38
47
50
64
55
38
22
11
15
10
2
-22
-37
-30
-12
3
30
51
56
45
38
33
26
18
4
-18
-20
-15
-1
17
28
37
40
37
39
25
12
6
0
-1
-2
8
4
15
23
25
20
14
3
-11
-32
-43
-48
-36
-16
1
19
22
35
31
19
9
-10
-32
-47
-33
-5
12
24
23
23
21
19
11
10
14
18
25
28
32
28
17
17
17
21
32
39
35
37
54
59
50
8
-22
-35
-29
0
25
38
33
12
-5
-1
34
52
43
27
26
39
49
45
30
9
-7
-11
-12
0
10
8
-4
-12
-19
-17
-7
2
1
-17
-18
-22
-19
-4
17
36
28
14
-5
-14
-7
-2
29
47
78
75
59
41
37
31
20
19
14
17
31
49
61
59
51
39
29
23
34
23
10
-7
-14
-9
11
38
49
55
56
49
34
27
18
-4
-33
-54
-77
-83
-75
-53
-38
-18
-5
3
-2
2
9
5
6
-7
-13
-30
-30
-21
-8
4
16
21
15
21
25
33
39
43
35
14
-7
-23
-32
-29
-22
-27
-45
-52
-52
-52
-45
-43
-41
-33
-30
-33
-52
-69
-68
-60
-38
-7
31
51
68
76
81
80
65
34
4
-10
-6
-16
-12
-9
9
12
23
27
37
43
49
36
11
-9
-26
-29
-28
-19
-9
-5
7
4
-9
-21
-32
-25
-18
-4
-12
-23
-26
-27
-21
-20
-16
-19
-31
-28
-9
2
3
4
8
18
10
-6
-32
-49
-50
-47
-40
-52
-48
-48
-29
-17
-7
-8
-2
16
17
23
14
10
5
15
20
21
33
48
59
47
28
8
-5
-9
-18
-20
-20
-12
-14
-25
-41
-45
-51
-47
-27
-7
-9
-11
-12
-20
-13
-8
-8
-5
-4
-1
-4
-9
-6
13
29
50
76
86
88
85
77
67
64
59
45
40
45
53
59
56
50
48
56
77
86
78
57
30
10
11
26
48
49
50
42
39
50
62
73
66
61
61
58
58
56
42
21
7
-1
-5
9
29
56
69
82
67
43
29
38
52
71
80
74
63
60
63
62
53
42
12
-16
-33
-37
-41
-49
-61
-64
-61
-45
-30
-28
-23
-17
-21
-27
-31
-37
-42
-45
-30
-13
-8
1
-7
-11
-18
-22
-16
-14
3
6
3
4
5
6
-6
0
0
-10
-33
-47
-41
-24
-4
-4
-16
-32
-28
-31
-23
-22
-29
-39
-37
-25
-6
13
30
26
8
-20
-30
-38
-37
-47
-51
-53
-37
-6
2
22
20
13
5
2
18
22
30
33
40
40
54
78
98
120
131
128
106
85
53
30
21
20
25
22
37
47
64
79
87
76
49
30
32
30
35
41
35
25
17
16
29
48
64
72
67
55
37
10
6
-4
-14
-18
-11
6
16
32
49
58
76
87
101
103
96
87
64
41
27
15
14
26
31
30
26
30
49
60
71
69
63
62
67
84
101
126
128
108
88
80
73
67
75
79
93
93
95
86
81
79
91
96
92
70
34
8
10
32
64
75
79
62
46
26
6
-5
2
20
22
25
19
20
18
9
2
-10
8
27
41
32
18
6
-2
5
27
49
70
94
99
107
110
114
111
95
72
43
3
-12
-17
4
27
51
56
40
27
32
37
43
44
32
-1
-30
-55
-62
-44
-8
18
32
32
32
19
7
-4
-13
-17
-21
-23
-42
-51
-52
-48
-40
-21
16
34
33
18
-2
-16
-4
-2
-6
-15
-30
-49
-57
-44
-15
2
12
15
24
13
-6
-51
-94
-110
-96
-66
-50
-32
-28
-22
4
37
61
66
51
22
-11
-41
-60
-88
-123
-140
-146
-132
-97
-49
-13
27
40
45
40
29
13
-15
-38
-44
-57
-65
-63
-32
-2
42
68
83
85
82
73
61
39
33
27
14
23
24
39
55
76
91
94
93
88
76
73
66
66
64
70
71
77
84
87
81
61
42
11
-21
-40
-49
-54
-60
-56
-48
-38
-31
-26
-26
-32
-38
-56
-82
-101
-114
-127
-120
-103
-92
-89
-85
-70
-48
-22
12
13
-5
-51
-74
-89
-84
-72
-63
-69
-80
-90
-87
-55
-6
29
38
40
16
-4
-13
-8
-11
-30
-52
-63
-59
-42
-25
-3
6
31
28
19
0
-14
-27
-51
-58
-69
-60
-49
-38
-16
7
40
50
38
22
19
7
-4
-31
-57
-80
-78
-50
-20
21
51
74
79
81
75
62
38
17
-5
-15
-20
-31
-31
-15
17
40
39
45
40
32
16
-11
-34
-61
-59
-46
-10
9
25
39
54
88
112
112
92
49
10
-33
-43
-50
-42
-14
24
44
53
58
48
29
8
-1
-16
-34
-56
-66
-62
-29
32
85
123
148
146
122
85
41
1
-28
-45
-59
-77
-80
-61
-30
6
23
27
22
24
31
22
1
-32
-66
-112
-120
-119
-93
-63
-44
-28
-13
25
52
66
56
40
22
1
-1
-1
11
21
44
56
59
59
39
21
6
4
-12
-23
-31
-34
-29
-20
-4
-10
-20
-33
-45
-55
-56
-39
-23
-11
3
21
51
87
119
125
122
116
102
96
96
102
95
70
58
40
28
21
11
11
34
63
91
91
75
44
23
11
-4
-21
-34
-32
-27
-32
-33
-26
-17
-1
24
54
77
82
72
44
27
22
31
38
32
22
-22
-38
-39
-11
22
46
61
40
22
6
-11
-19
-30
-31
-28
-7
32
69
85
91
82
67
49
40
34
19
14
-1
-6
-3
6
17
3
8
5
21
40
53
52
35
24
13
0
-24
-44
-77
-94
-82
-54
-18
23
69
103
120
118
96
58
20
-9
-28
-24
-10
9
17
39
60
87
101
105
89
59
30
6
-15
-21
-24
-14
-10
0
4
5
20
30
45
29
19
3
-1
-1
14
23
20
27
30
47
69
86
89
79
74
68
64
50
23
-13
-36
-48
-50
-72
-93
-98
-91
-51
-8
36
60
66
56
28
1
-1
-6
-7
-2
6
3
1
6
18
33
44
51
53
46
29
12
2
6
18
22
20
23
21
14
9
5
3
18
43
53
53
45
27
15
7
13
21
22
23
2
-19
-36
-42
-54
-56
-45
-26
-12
3
29
41
55
63
62
55
40
30
17
-3
-17
-17
-13
21
57
76
77
70
54
30
5
-36
-91
-124
-134
-104
-47
17
65
78
83
94
98
86
58
27
3
-19
-35
-40
-52
-34
2
54
110
154
184
181
171
127
86
61
57
46
14
-10
-21
1
43
93
117
117
113
98
78
63
41
14
-19
-36
-29
0
35
70
87
105
125
124
96
52
15
-16
-25
-22
-10
-4
6
18
23
35
54
63
48
39
21
-2
-23
-42
-60
-70
-72
-72
-57
-38
-4
8
-7
-26
-52
-52
-45
-34
-25
-14
17
40
51
44
47
51
60
74
62
43
19
-7
-25
-26
-3
19
26
35
41
54
70
87
81
66
36
33
28
34
32
17
2
6
37
62
83
92
91
82
80
56
30
3
-1
9
18
38
52
48
38
21
-4
-38
-61
-82
-100
-101
-103
-94
-78
-51
-28
-14
0
11
7
-2
-22
-41
-64
-79
-74
-59
-33
-11
2
7
18
40
48
49
45
40
21
0
-10
-15
-20
-14
-12
1
10
13
-2
-23
-32
-19
3
57
106
141
163
149
124
81
59
41
18
8
30
70
115
135
134
122
106
86
53
27
24
17
1
-23
-33
-24
6
47
69
67
44
14
-16
-32
-33
-36
-50
-54
-44
-30
0
22
44
57
62
60
35
8
-22
-44
-57
-48
-20
1
17
19
23
27
35
29
6
-22
-33
-34
-41
-37
-33
-29
-13
9
27
26
18
0
-21
-35
-44
-49
-55
-39
-20
2
29
48
55
57
66
65
59
38
33
19
18
8
-2
-9
-9
11
28
39
36
29
15
18
21
3
-13
-33
-34
-30
-27
-15
-22
-27
-9
5
19
11
-3
-18
-25
-29
-37
-58
-50
-25
23
77
114
122
102
84
68
58
57
55
