-5
-13
-21
-29
-35
-44
-49
-39
-43
-53
-75
-82
-91
-82
-65
-42
-25
-12
-1
-2
3
9
1
-10
-29
-49
-74
-79
-72
-59
-46
-35
-25
-29
-33
-28
-22
-16
-13
-8
1
13
30
43
35
25
14
9
18
16
10
-10
-12
-6
-4
-2
-8
-24
-37
-33
-17
7
16
23
11
-9
-12
-9
2
5
10
8
17
40
46
49
41
34
24
18
19
28
38
47
54
39
32
25
22
16
11
18
21
43
65
85
94
97
91
68
42
23
14
5
0
-1
-13
-14
-16
-22
-29
-36
-30
-32
-31
-34
-40
-47
-40
-34
-21
-5
19
38
47
53
51
48
41
43
31
10
-3
-10
-12
-14
-13
-26
-39
-57
-70
-77
-76
-62
-50
-28
-7
11
12
13
21
21
32
36
41
40
40
39
23
10
-7
-3
-9
-2
-3
-10
-20
-26
-35
-43
-38
-34
-32
-32
-27
-24
-25
-26
-37
-44
-43
-30
-17
-20
-19
-23
-30
-32
-25
-8
12
48
70
91
100
105
96
84
76
69
62
57
60
51
39
27
19
15
15
17
13
13
29
34
34
37
45
40
33
19
5
-14
-28
-38
-44
-40
-26
-13
-9
-14
-21
-27
-24
-14
-9
-6
2
17
30
43
44
40
25
25
28
34
48
65
77
78
81
73
61
43
29
14
-3
-17
-33
-50
-61
-63
-58
-48
-36
-29
-28
-32
-35
-43
-40
-29
-14
-6
11
24
20
9
-5
-12
-11
-8
3
7
13
15
3
-21
-42
-47
-53
-54
-60
-67
-72
-68
-60
-55
-51
-41
-31
-29
-21
-16
-11
2
5
11
0
0
-1
5
10
18
23
26
31
25
14
2
-2
-11
-12
4
19
31
29
24
17
15
18
11
10
18
37
48
50
49
46
43
44
52
49
53
53
56
48
43
46
50
57
60
55
42
33
21
-1
-10
-11
-7
-13
-19
-22
-27
-25
-26
-17
-17
2
18
38
59
81
92
90
93
83
69
52
41
31
21
23
18
21
21
34
31
27
22
19
30
48
60
55
39
31
21
18
16
32
41
49
50
45
38
26
23
18
21
29
28
24
23
33
33
28
18
8
-6
-15
-17
-24
-12
1
18
26
31
27
20
12
15
13
9
14
14
4
-4
-7
-4
-6
9
13
11
3
-8
-20
-31
-29
-26
-2
28
65
80
80
79
79
80
85
92
86
73
52
25
-5
-19
-21
-15
6
25
36
32
22
21
14
18
19
16
1
-7
-5
-7
-15
-31
-48
-64
-62
-57
-60
-63
-71
-73
-72
-61
-49
-54
-62
-53
-36
-20
-1
-1
0
1
9
5
-15
-31
-48
-58
-60
-54
-50
-47
-37
-43
-54
-61
-52
-38
-25
-13
-13
-12
-13
0
0
9
28
45
57
68
80
81
80
63
42
15
2
-1
-7
-5
-2
12
23
36
47
33
24
20
23
22
15
6
-46
31
25
17
7
4
4
4
6
-2
7
14
26
31
38
43
35
30
28
40
44
64
72
72
64
60
55
59
73
81
85
76
73
63
46
43
44
52
64
75
80
78
69
52
37
21
19
11
0
-5
-4
5
21
36
39
48
55
59
59
54
56
39
27
19
13
7
6
16
17
19
20
22
21
6
-5
-23
-30
-35
-29
-33
-19
-11
-9
-5
-2
-4
-11
-17
-19
-16
-4
13
19
16
5
-11
-33
-40
-39
-33
-34
-16
-6
-1
-6
-15
-19
-20
-17
-12
-3
3
1
-8
-26
-17
-19
-13
-6
3
4
17
22
20
7
-9
-15
-22
-30
-33
-32
-33
-34
-24
-17
3
25
31
22
6
-5
-11
-3
10
14
6
5
9
13
26
36
38
35
26
20
21
19
23
21
11
4
-4
-13
-8
10
21
29
32
27
16
-1
-18
-33
-33
-28
-29
-27
-27
-17
-19
-17
-13
-4
2
-7
-17
-36
-42
-32
-16
-11
-7
0
-3
14
39
53
54
44
37
24
13
6
1
-3
0
-3
-2
4
12
20
16
9
14
17
31
44
55
54
54
50
39
34
22
13
0
13
19
30
35
41
46
54
68
73
75
84
102
116
123
128
128
128
126
126
111
109
120
139
151
155
155
142
137
132
113
84
64
65
74
85
94
102
102
94
89
77
73
73
69
50
31
11
-5
-2
15
45
64
85
84
75
57
53
51
44
42
41
35
32
24
15
-2
-6
-14
-18
-11
4
16
22
30
32
23
8
-5
-13
-14
-4
-7
-20
-27
-19
-6
7
24
30
30
25
27
24
24
27
27
35
38
47
34
24
18
18
15
17
19
21
19
24
26
26
26
24
19
9
-1
-8
-19
-17
-16
-19
-22
-23
-25
-34
-38
-47
-46
-34
-3
29
51
71
62
42
16
-2
-5
2
20
32
33
30
29
29
32
28
17
9
9
14
11
2
-6
-9
-13
-6
8
0
7
3
-5
-22
-41
-39
-38
-29
-17
-10
-2
9
18
17
11
9
6
-6
-15
-35
-43
-48
-41
-35
-37
-32
-34
-45
-63
-79
-92
-103
-99
-91
-63
-31
-4
5
-4
-11
-29
-51
-76
-88
-103
-106
-100
-86
-67
-43
-22
-14
-7
-5
-10
-22
-48
-58
-80
-76
-52
-24
6
20
32
20
7
-7
-21
-23
-13
1
5
8
9
1
-19
-26
-27
-19
-10
-2
3
0
5
5
4
-3
-3
-14
-19
-11
-9
-16
-14
-5
23
33
44
35
18
12
-2
-16
-29
-28
-20
-19
-20
-21
-40
-60
-59
-65
-65
-61
-50
-39
-25
-6
3
10
1
-1
-10
-2
3
2
-7
-13
-10
-12
-6
-3
-3
-11
-15
-4
-3
3
0
-2
-10
-7
2
12
23
28
32
27
36
34
19
-1
-17
-31
-43
-35
-23
7
33
56
57
38
23
1
-26
-48
-57
-52
-39
-23
-13
-2
9
26
15
-1
-28
-49
-61
-59
-44
-47
-56
-58
-66
-68
-70
-62
-57
-39
-20
-10
-16
-24
-35
-43
-36
-27
-16
-15
-20
-19
-25
-24
-14
6
22
27
16
-1
-17
-18
-19
-29
-36
-48
-50
-46
-27
-6
20
39
29
13
5
10
27
39
54
53
51
41
43
43
46
62
67
66
61
70
73
76
77
65
53
30
23
19
23
40
45
49
45
39
19
9
9
18
21
16
15
10
12
10
-12
-33
-42
-40
-43
-42
-34
-31
-25
-13
-8
-9
-6
2
12
23
30
23
16
8
24
36
38
37
29
28
35
41
39
31
27
19
11
3
19
38
52
60
41
24
4
2
0
-11
-15
-12
1
24
45
35
15
-1
-11
-18
-19
-18
-13
-2
10
27
37
50
60
61
70
64
53
29
22
14
-3
-27
-50
-62
-64
-44
-7
18
36
35
29
6
-13
-45
-65
-61
-33
15
53
79
83
63
24
-13
-58
-92
-94
-79
-47
-16
0
-5
-15
-11
-10
-9
-18
-21
-22
-28
-31
-39
-45
-37
-17
-7
4
14
13
10
9
11
-1
-11
-29
-41
-57
-76
-86
-103
-109
-110
-102
-93
-76
-54
-35
-10
7
18
21
30
34
26
17
8
5
2
13
28
44
54
67
73
77
80
73
64
59
66
68
67
79
79
77
65
51
40
39
60
74
75
67
56
48
39
36
35
39
42
49
37
45
56
73
78
77
78
75
73
75
78
87
99
112
116
113
108
101
85
74
69
70
75
84
75
67
74
75
82
78
74
70
68
79
83
80
52
44
37
40
56
54
41
31
22
22
23
28
25
28
26
28
28
18
11
12
13
28
46
40
33
29
27
26
25
31
43
60
74
78
69
58
58
50
57
65
76
72
62
59
54
51
50
46
43
41
39
26
17
20
19
11
0
-16
-27
-17
-1
14
18
16
-1
-12
-23
-24
-33
-41
-46
-56
-64
-65
-54
-39
-36
-24
-28
-32
-37
-44
-45
-45
-33
-23
-12
-8
2
7
5
9
12
14
23
35
28
28
26
15
10
13
25
28
22
19
16
1
-10
-19
-40
-53
-66
-67
-51
-31
-20
-7
-9
9
11
13
14
15
13
20
22
20
7
8
4
0
-1
8
4
-8
-19
-34
-40
-47
-43
-31
-21
-5
-3
-6
-16
-12
-11
-10
-11
-11
-16
-15
-8
-11
-19
-26
-31
-35
-43
-41
-48
-46
-40
-33
-32
-37
-39
-50
-41
-34
-23
-23
-32
-38
-45
-57
-57
-58
-52
-40
-43
-47
-42
-28
-20
-15
-16
-15
-17
-12
-2
0
-10
-12
-18
-21
-24
-35
-46
-53
-42
-37
-41
-41
-35
-31
-35
-34
-34
-29
-18
-5
4
10
20
25
23
9
2
-14
-17
-23
-23
-30
-35
-37
-44
-38
-30
-21
-15
-5
-1
-5
-5
8
22
29
39
39
28
13
-1
-13
-24
-29
-34
-30
-19
-3
10
9
17
25
38
51
67
61
52
34
17
6
12
30
41
41
48
53
52
53
58
55
55
51
36
20
9
14
23
43
52
72
81
82
74
50
39
42
48
43
37
29
20
18
18
11
-6
-21
-23
-21
-13
-6
-9
-22
-17
-20
-27
-33
-26
-17
-17
-17
-34
-55
-67
-72
-59
-47
-21
-16
1
3
-2
-8
-14
-6
-6
-11
-15
-9
3
6
11
11
7
3
14
22
18
5
-20
-33
-36
-26
-25
-23
-22
-25
-31
-30
-24
-20
-8
5
19
10
0
-10
-28
-30
-23
-13
-3
3
12
12
9
10
12
21
40
51
49
38
36
41
43
51
45
33
17
4
-11
-33
-42
-49
-49
-51
-45
-34
-26
-8
-4
-14
-23
-35
-45
-51
-40
-34
-36
-34
-45
-60
-75
-84
-90
-85
-77
-50
-31
-23
-26
-25
-20
-19
-19
-34
-33
-22
-6
6
11
11
-6
-8
-19
-25
-27
-22
-16
-22
-25
-28
-18
-17
-5
0
1
8
14
25
16
3
-14
-35
-32
-23
-12
-16
-22
-41
-58
-62
-58
-48
-51
-44
-51
-57
-65
-61
-61
-54
-43
-40
-45
-58
-62
-70
-76
-79
-87
-83
-73
-49
-37
-20
-14
-14
-19
-24
-39
-65
-93
-93
-83
-64
-54
-54
-66
-70
-70
-63
-53
-38
-30
-32
-53
-63
-68
-68
-53
-36
-12
18
34
42
29
20
10
-3
-11
-21
-18
-23
-3
11
30
49
66
65
54
50
48
43
33
25
17
24
27
18
-3
-22
-23
-14
10
29
31
22
14
14
6
1
-5
-11
-13
-17
-9
-10
8
29
49
50
51
50
46
43
40
37
30
27
25
23
24
33
46
57
75
84
89
83
77
65
43
32
23
13
3
-5
-2
0
7
2
-13
-23
-18
-1
11
34
41
37
21
11
-2
1
13
20
28
32
45
40
42
42
37
21
8
2
-9
-11
-15
-12
-3
11
34
48
61
65
61
51
37
18
-13
-36
-43
-34
-33
-23
-26
-50
-76
-94
-105
-94
-75
-58
-60
-73
-83
-89
-90
-81
-75
-76
-78
-73
-75
-75
-74
-72
-65
-56
-50
-55
-62
-52
-34
-19
-3
15
26
44
59
65
57
36
22
-3
-14
-20
-31
-39
-40
-34
-38
-26
-19
-13
-18
-17
-5
-4
-4
-5
-7
-9
-8
-10
-16
-15
-10
-14
-33
-46
-54
-53
-44
-32
-21
-12
5
13
23
31
35
39
32
39
49
57
64
64
64
74
94
103
95
74
58
38
32
31
30
34
42
54
57
54
60
62
66
69
74
70
71
71
64
52
38
45
44
58
77
95
100
93
64
28
8
11
27
40
49
55
52
44
41
31
19
12
4
1
0
9
18
20
25
30
35
43
53
59
62
69
54
34
10
0
-16
-29
-35
-41
-37
-34
-31
-35
-42
-45
-52
-63
-70
-65
-62
-46
-32
-20
-17
-11
-5
-6
8
25
41
46
46
51
45
52
63
78
82
80
77
72
69
68
69
64
61
58
50
46
40
36
27
14
-4
-30
-40
-35
-15
-4
17
14
-8
-21
-24
-11
-3
5
-5
-11
-19
-1
15
37
54
46
34
12
6
-4
-11
-11
-12
-19
-27
-26
-28
-11
6
13
3
-19
-45
-69
-62
-43
-22
-19
-12
3
15
21
20
14
3
-6
-24
-44
-63
-72
-75
-83
-75
-74
-72
-68
-66
-62
-66
-60
-57
-59
-55
-57
-65
-75
-68
-66
-60
-58
-45
-41
-45
-42
-58
-73
-93
-107
-120
-128
-130
-137
-134
-121
-96
-78
-66
-57
-55
-58
-67
-69
-67
-52
-32
-15
-2
14
37
52
53
47
32
21
20
26
16
17
17
23
29
36
32
28
28
47
72
80
93
87
78
65
50
39
28
38
43
43
42
43
40
30
27
17
2
-11
-29
-38
-57
-63
-68
-71
-72
-65
-58
-51
-38
-31
-25
-27
-31
-45
-52
-49
-44
-40
-42
-38
-46
-48
-52
-63
-73
-64
-43
-20
-5
0
8
5
-1
-13
-30
-38
-24
-4
12
25
28
26
31
36
37
21
6
-17
-33
-35
-21
2
23
50
58
59
47
33
11
-15
-24
-24
-17
7
30
49
59
70
67
60
52
55
57
63
70
71
77
90
117
128
139
142
141
122
94
66
41
30
29
38
44
59
84
105
125
137
136
121
101
78
57
45
43
43
41
51
64
74
84
86
81
71
60
33
9
-1
5
26
38
59
64
57
34
17
9
15
33
33
24
1
-17
-39
-48
-39
-22
-9
-2
-3
-7
-4
3
-4
-25
-46
-47
-46
-35
-24
-17
-5
15
36
43
45
47
41
24
8
5
-8
-8
-10
-6
-1
7
14
25
41
55
55
56
68
79
86
82
73
65
52
57
67
80
94
98
92
77
71
57
44
40
44
44
42
39
32
27
26
42
52
50
40
24
20
22
39
36
27
16
15
19
26
29
19
21
35
53
61
60
49
29
21
31
45
57
65
60
40
26
19
14
11
15
33
41
46
38
27
10
12
12
10
5
-10
-23
-38
-43
-42
-36
-30
-21
-13
-9
8
14
20
31
47
53
55
53
41
39
36
35
28
18
15
10
2
-15
-28
-51
-59
-54
-45
-33
-18
0
3
-2
-9
-21
-27
-29
-25
-31
-24
-16
-4
-1
3
6
7
5
8
7
14
21
24
18
15
8
3
-7
-6
-6
-15
-24
-36
-42
-47
-28
-16
-10
-10
0
4
9
19
11
12
19
35
48
59
70
74
68
55
50
32
20
10
12
24
39
51
48
50
51
57
48
36
41
47
58
60
57
54
61
59
38
9
3
10
20
33
30
23
20
16
9
-2
0
3
-1
-4
-17
-21
-13
6
15
10
6
10
16
17
33
36
37
31
23
8
-9
-15
-14
-8
-1
8
8
11
11
9
14
23
43
50
58
57
54
44
40
45
43
54
66
73
61
46
37
21
15
12
6
-5
-16
-20
-13
-8
-9
-20
-52
-67
-82
-86
-76
-54
-27
-11
4
2
1
2
7
19
34
55
59
46
34
12
-5
-26
-36
-32
-28
-20
-15
-18
-13
-7
-8
-23
-43
-51
-59
-54
-51
-42
-33
-22
-3
7
12
6
-10
-27
-36
-31
-25
-6
11
12
-2
-13
-10
-9
-4
9
18
23
20
17
9
7
20
29
34
32
13
-11
-31
-35
-27
-29
-18
-14
-2
7
12
18
15
25
25
24
16
21
29
38
50
48
46
43
49
48
45
51
56
59
64
79
90
110
123
117
103
83
74
55
41
39
45
54
70
83
85
92
103
106
99
88
83
82
91
96
93
72
64
62
70
87
103
106
93
79
65
56
50
44
27
10
7
0
-5
-9
4
24
36
42
35
23
23
33
40
44
47
39
27
13
4
-4
0
14
29
37
48
55
52
45
32
15
-1
-13
-20
-29
-28
-16
0
9
0
-9
-22
-33
-42
-41
-36
-21
-11
-24
-33
-36
-27
-30
-37
-54
-61
-51
-23
-5
1
4
1
-6
-18
-14
-11
-9
-3
-9
-9
-8
0
3
-8
-9
-13
-20
-31
-37
-47
-49
-37
-27
-10
3
18
25
33
34
21
-10
-45
-65
-68
-55
-19
8
37
61
77
70
58
38
23
13
11
26
37
43
48
47
41
46
50
58
70
73
61
31
7
-16
-42
-51
-52
-40
-19
21
64
97
111
107
83
51
30
5
-7
-11
-3
7
16
29
39
41
45
43
28
4
-14
-29
-30
-24
-15
-11
-8
-7
-2
-1
3
9
3
1
-6
-4
-6
1
15
11
8
7
6
-1
-6
-10
-17
-12
-10
-10
-15
-23
-37
-47
-53
-47
-41
-44
-47
-56
-63
-65
-56
-48
-40
-19
-3
7
12
9
11
15
32
48
61
59
59
54
56
67
78
70
56
38
17
3
-3
-23
-39
-53
-49
-54
-40
-23
3
16
22
27
20
16
5
-6
-23
-19
-11
-15
-14
-14
-9
-8
-5
-6
-7
-3
7
13
8
11
8
8
13
21
33
38
42
36
23
10
3
-3
-9
-11
-16
-16
-6
18
34
39
37
18
-9
-28
-38
-41
-37
-21
4
29
41
46
29
16
-1
-22
-53
-74
-84
-84
-77
-55
-30
1
26
45
38
19
-8
-31
-47
-44
-36
-38
-39
-40
-34
-30
-27
-29
-34
-36
-36
-42
-67
-93
-121
-144
-156
-147
-133
-114
-80
-51
-23
-3
11
14
12
17
7
-4
-11
-8
-3
-7
-7
-17
-21
-27
-17
-18
-13
-14
-15
-18
-19
-16
-19
-22
-13
-6
-1
9
19
12
6
-3
-10
-16
-18
-14
-23
-16
-14
-16
-21
-25
-29
-46
-60
-71
-63
-52
-31
-13
-12
-11
-12
-8
-1
16
25
34
46
62
83
100
122
130
135
134
135
134
125
125
118
104
95
92
83
77
80
80
73
69
59
48
34
29
28
35
43
59
62
69
77
81
79
69
65
58
62
67
71
60
48
38
24
19
24
34
31
29
27
26
24
19
9
-1
-1
9
23
46
71
85
78
61
29
-2
-15
-12
7
24
48
62
64
63
55
38
22
9
-12
-27
-30
-11
6
17
18
13
9
7
7
-9
-20
-16
-24
-29
-36
-33
-31
-22
-3
25
49
74
93
94
89
74
49
20
-4
-13
-28
-40
-49
-57
-54
-44
-31
-27
-11
-6
-6
-29
-46
-55
-57
-46
-37
-32
-35
-31
-27
-22
-15
-15
-18
-27
-26
-30
-35
-39
-36
-25
-7
16
22
13
5
0
-10
-20
-19
-12
-4
1
12
9
12
20
27
19
1
-18
-45
-61
-76
-90
-104
-113
-108
-88
-64
-33
-22
-17
-15
-14
-25
-28
-27
-26
-36
-44
-48
-48
-41
-23
-6
-2
2
-1
-11
-24
-38
-45
-48
-36
-23
-5
5
8
-2
-15
-7
-7
-10
-18
-20
-14
-9
9
8
10
6
8
-6
-8
-6
8
19
29
39
28
17
8
3
2
-9
-20
-43
-50
-46
-35
-28
-18
-4
1
10
16
27
31
32
31
19
14
8
10
4
9
18
25
36
37
38
32
44
50
51
45
33
11
-8
-11
-5
6
8
6
-2
-5
5
7
11
11
12
9
3
6
3
0
9
32
51
62
65
62
55
48
43
26
8
-3
-6
-2
12
28
34
42
44
44
37
32
34
32
35
36
32
16
13
15
22
38
51
52
44
29
13
6
9
18
17
9
15
29
48
65
71
58
27
10
-3
0
8
15
15
9
10
-3
-19
-37
-40
-48
-50
-47
-47
-52
-51
-46
-43
-39
-35
-39
-41
-47
-49
-57
-55
-52
-48
-46
-33
-10
3
19
29
28
17
2
8
11
18
18
15
3
5
7
4
-14
-35
-54
-73
-62
-48
-25
4
32
46
45
43
26
5
-10
-7
-9
-15
-26
-40
-42
-38
-19
-6
3
11
14
11
10
18
19
24
27
25
21
18
21
11
12
22
37
43
43
49
48
64
80
87
81
69
62
55
66
78
90
90
86
82
75
70
76
92
102
109
91
59
27
6
3
10
38
51
58
53
52
44
37
42
44
49
43
41
38
45
47
49
45
47
47
34
23
21
18
17
9
19
21
24
22
21
18
15
12
-3
-2
4
6
2
-5
-4
-2
5
21
35
41
46
51
46
38
33
29
28
29
26
13
-2
-14
-34
-53
-55
-50
-40
-23
-8
-2
-1
11
13
13
5
-1
-1
0
4
3
5
12
27
31
32
37
37
39
39
51
48
48
44
30
14
0
0
-10
-8
-14
-22
-34
-36
-33
-27
-20
-8
2
0
-14
-39
-67
-68
-52
-29
-17
-17
-21
-27
-17
2
18
28
33
41
44
50
52
46
32
23
19
23
29
32
36
29
35
29
26
34
44
66
73
86
83
68
51
34
11
-6
-12
-10
-12
-15
-8
4
25
50
61
58
51
44
22
9
-3
-12
-23
-29
-23
-18
0
13
19
15
7
11
6
1
-6
-22
-26
-24
-6
4
18
29
37
39
35
18
-11
-28
-35
-31
-25
-7
8
13
11
2
-18
-38
-36
-25
-21
-18
-15
-10
-2
7
4
-7
-18
-19
-16
-11
1
4
-4
-16
-19
-16
-3
2
10
13
13
16
-9
-26
-37
-26
-14
0
13
12
24
32
45
40
24
5
-23
-29
-29
-22
-18
-12
-9
-19
-25
-31
-34
-37
-36
-45
-51
-59
-60
-52
-42
-9
21
40
41
32
18
0
-1
-4
-12
-2
12
20
15
6
-14
-26
-28
-12
-5
-9
-19
-40
-60
-72
-65
-55
-36
-12
12
25
20
14
5
10
23
25
17
5
-1
-15
-20
-19
-13
-19
-27
-34
-42
-42
-35
-25
-23
-19
-18
-22
-21
-8
3
10
20
20
18
21
24
33
33
40
34
21
2
-13
-22
-27
-22
-26
-28
-23
-13
-7
-1
16
24
18
5
-3
-16
-23
-31
-41
-46
-47
-39
-35
-20
-1
0
-12
-22
-19
-12
-5
-2
2
8
17
27
18
11
1
-5
-23
-26
-26
-25
-22
-11
-3
-6
-8
-21
-36
-35
-32
-27
-34
-43
-61
-85
-92
-89
-70
-52
-20
-1
3
-1
-19
-33
-44
-44
-48
-41
-36
-21
-9
-9
3
7
6
0
2
2
1
6
3
-4
-7
-10
-20
-18
-18
-4
10
16
24
21
18
12
1
-6
-4
11
14
18
16
12
-3
-17
-24
-34
-37
-38
-37
-34
-25
-19
-22
-28
-28
-20
-15
-7
-9
-23
-33
-36
-39
-46
-43
-40
-33
-22
7
24
35
40
37
32
26
24
18
14
16
17
21
26
31
24
21
22
24
17
9
11
3
6
0
-6
-17
-30
-24
-18
1
16
23
12
0
-10
-18
-13
1
11
8
-7
-27
-45
-41
-29
-8
1
15
21
21
29
33
32
19
17
1
-14
-22
-19
-15
-12
4
17
27
22
15
9
4
14
18
22
28
37
39
36
36
30
30
33
47
46
46
43
45
42
45
48
48
51
46
34
24
23
33
28
24
11
2
-4
0
2
-1
-8
-4
4
5
5
-1
-5
-1
14
22
31
34
36
28
21
21
22
12
2
-16
-26
-29
-24
-16
-14
-4
-9
-23
-41
-51
-49
-44
-38
-37
-33
-26
2
18
31
35
27
26
20
22
6
-11
-26
-39
-48
-55
-51
-47
-34
-23
-15
-19
-17
-19
-27
-32
-39
-42
-48
-46
-40
-49
-60
-61
-57
-48
-45
-48
-49
-52
-47
-47
-52
-53
-60
-72
-97
-119
-138
-148
-132
-102
-72
-38
-17
-17
-39
-67
-94
-117
-119
-108
-95
-85
-67
-53
-42
-31
-18
-10
-9
-2
7
20
31
33
25
28
35
45
51
62
76
77
78
78
73
69
63
61
57
60
66
75
73
79
86
88
84
87
83
78
74
70
63
65
71
80
77
75
60
50
43
47
60
67
96
105
112
112
113
113
99
90
82
82
85
90
84
72
66
60
57
58
61
64
67
78
84
85
82
80
69
69
77
85
89
81
73
58
46
43
34
18
11
12
3
-1
-3
-6
-15
-25
-46
-67
-82
-82
-68
-49
-26
-14
-5
3
8
10
-2
-12
-18
-24
-18
-2
8
18
33
37
42
40
42
31
11
-17
-52
-82
-91
-92
-94
-91
-76
-66
-62
-63
-61
-69
-76
-81
-86
-89
-86
-76
-71
-61
-38
-12
11
26
35
33
42
43
40
26
19
21
17
20
25
29
24
23
20
19
24
28
28
25
21
19
9
9
19
25
24
28
16
8
0
1
3
-1
-1
-7
-14
-18
-10
-2
2
9
1
-10
-22
-15
-5
11
24
22
12
7
7
2
-7
-6
-7
-8
-2
8
10
18
23
28
65
30
19
-3
-14
-12
-5
10
20
19
1
-6
-16
-18
-15
-4
-7
5
10
0
-11
-23
-42
-52
-62
-52
-42
-44
-43
-43
-47
-44
-60
-80
-73
-58
-41
-40
-48
-44
-37
-25
-14
-15
-28
-30
-21
-16
-4
3
7
4
22
23
27
20
16
9
-12
-20
-37
-57
-74
-78
-71
-66
-61
-60
-55
-46
-30
-19
-5
7
10
-4
-27
-36
-29
-19
3
0
-1
-4
8
11
16
7
4
2
1
0
-9
-16
-19
-16
-6
6
11
14
18
22
20
6
-1
5
14
12
23
27
34
27
22
1
6
15
29
35
46
41
35
27
18
17
9
21
20
19
15
14
9
5
19
25
30
22
30
26
31
35
35
35
26
23
17
7
7
1
-8
-3
11
21
37
37
15
-7
-26
-19
-17
-15
-19
-19
-30
-38
-38
-32
-37
-22
4
17
28
30
11
-8
-28
-39
-47
-51
-49
-35
-28
-21
-6
7
0
-11
-19
-24
-14
-1
0
-2
8
3
-6
-20
-28
-29
-23
-7
3
5
2
-2
-19
-37
-50
-52
-43
-21
5
16
15
15
8
2
-5
-13
-26
-28
-15
-11
-4
2
9
7
15
23
32
20
-6
-22
-36
-37
-34
-26
-19
2
14
19
17
16
7
-5
-12
-24
-32
-31
-18
-20
-19
-6
-1
1
-4
-2
3
11
16
5
-3
-12
-2
3
14
27
28
18
-6
-21
-35
-36
-23
-14
5
12
17
0
-4
-10
2
14
28
43
22
1
-18
-17
-11
16
29
35
25
25
19
19
25
27
27
23
25
18
6
16
28
35
22
13
0
-3
-1
0
2
18
40
59
56
44
27
14
10
24
21
12
4
-4
-4
-1
13
17
19
21
4
-7
-11
1
8
16
11
16
10
-2
-5
-12
-10
-12
-26
-37
-36
-23
-23
-23
-19
0
14
37
38
35
21
26
21
6
-3
-15
-14
0
16
25
27
30
22
16
12
15
28
33
31
22
7
6
6
16
18
15
3
-21
-50
-60
-72
-65
-44
-17
2
7
3
-12
-18
-24
-29
-36
-36
-20
-8
-3
7
10
10
6
-1
-9
-11
-14
-27
-34
-35
-31
-14
14
46
69
65
71
60
46
20
8
5
13
17
11
-5
-23
-25
-12
6
29
31
30
21
28
22
29
38
39
38
30
30
8
0
-14
-27
-39
-51
-41
-42
-42
-45
-51
-57
-64
-57
-48
-30
-12
-3
-3
-18
-17
-16
-11
-4
-8
-13
-6
-3
-5
1
6
10
3
-1
0
-6
1
6
10
-2
4
-5
-8
-6
-4
-7
-5
-6
-4
-7
-8
2
4
3
5
12
17
18
9
-5
-9
-14
-15
-28
-30
-31
-35
-33
-18
-8
-7
-3
-1
9
18
19
12
-4
-6
4
17
19
16
10
4
1
4
1
1
7
8
-2
-3
-10
-9
-3
-5
-10
-18
-14
-2
4
6
15
10
-6
-20
-38
-39
-27
-3
15
24
11
-7
-31
-34
-22
-18
-6
-2
-3
-26
-46
-46
-42
-21
1
16
14
-1
-23
-35
-40
-22
-1
16
21
12
-13
-21
-16
-5
-5
6
12
24
24
34
31
14
0
-6
-2
8
11
-13
-26
-25
-25
-24
-21
4
32
60
78
71
57
39
39
36
29
21
10
0
-4
-1
-2
-1
6
-5
-11
-13
-1
4
15
18
9
-5
-24
-27
-32
-35
-30
-24
-20
-22
-38
-55
-64
-60
-66
-67
-57
-48
-43
-46
-57
-63
-77
-75
-65
-47
-27
-11
-6
-22
-38
-61
-86
-98
-94
-83
-83
-65
-61
-46
-34
-24
-22
-26
-34
-42
-50
-54
-52
-50
-50
-44
-42
-35
-22
-6
-11
-12
-16
-18
-32
-49
-49
-50
-35
-9
12
18
17
6
-15
-30
-32
-20
-10
3
-1
-10
-19
-12
-6
-16
-19
-35
-41
-47
-48
-46
-37
-22
-24
-30
-39
-40
-41
-46
-41
-34
-33
-27
-21
-16
-20
-11
-20
-20
-29
-25
-33
-38
-35
-38
-34
-37
-28
-33
-34
-36
-29
-28
-26
-17
-15
-4
9
12
4
-3
-8
-8
-8
10
18
22
13
-2
-16
-21
-15
-6
-6
3
10
26
37
47
39
21
11
1
-3
4
15
22
23
18
12
12
8
8
-14
-44
-61
-67
-49
-29
-16
-16
-15
-18
-26
-36
-35
-12
-3
1
-1
-16
-35
-41
-39
-30
-17
-9
-7
-7
0
2
-10
-15
-9
13
21
22
6
-21
-35
-41
-36
-37
-35
-41
-42
-26
-5
20
25
24
11
9
8
23
28
30
37
42
43
35
37
36
47
54
49
34
18
4
-8
-25
-21
-15
-12
-13
-14
-15
-16
-10
-4
-7
-4
-6
-2
5
10
8
3
2
8
12
9
8
0
-17
-14
-9
1
0
0
2
-2
8
16
25
43
53
56
46
42
35
33
29
37
29
16
9
5
8
11
13
21
14
23
20
14
14
23
25
30
26
19
5
-4
0
-3
0
5
0
-7
-15
-15
-17
-11
-8
-16
-32
-31
-29
-34
-31
-26
-21
-25
-17
-6
2
5
1
5
-1
5
2
-3
-11
-11
-14
-19
-8
4
13
14
8
-2
-15
-21
-29
-35
-37
-33
-40
-35
-15
2
7
13
11
8
6
16
23
28
20
16
2
-3
10
16
10
-6
-12
-19
-7
12
23
36
45
48
29
6
-4
-9
-9
-12
-9
-1
4
11
12
1
2
-1
-3
-3
-10
-8
-18
-11
-14
-20
-16
-7
8
3
-6
-12
-20
-12
-9
-11
-8
3
10
16
20
25
22
24
26
22
11
1
7
-2
-2
-6
-2
2
-6
2
-5
0
-4
-10
-22
-35
-32
-32
-32
-31
-37
-45
-43
-40
-45
-44
-38
-20
-4
10
6
-8
-22
-28
-18
-11
9
21
30
26
23
0
-32
-30
-33
-29
-33
-36
-42
-41
-33
-37
-28
-27
-11
-11
-11
-10
-12
-24
-40
-36
-42
-22
-8
11
19
10
20
15
29
38
37
32
27
33
27
33
32
36
27
27
25
20
23
32
28
18
14
12
8
11
10
7
-2
-7
-18
-33
-38
-25
-6
10
30
34
28
25
22
27
25
31
30
27
19
29
30
36
36
23
7
-6
-4
-4
-5
-3
-9
-6
3
12
2
-11
-23
-32
-36
-30
-13
-5
-3
-4
-12
-11
-15
-10
-9
0
13
21
9
2
-4
-10
-10
2
13
24
31
28
18
16
6
5
0
15
5
-1
-17
-31
-42
-39
-21
-7
-4
-14
-27
-38
-36
-28
-24
-17
-18
-2
-6
-4
3
3
10
11
8
-1
-7
-4
-5
4
13
26
16
8
-5
-15
-32
-32
-18
-1
18
25
22
15
6
13
2
-4
0
14
23
29
22
6
-8
-10
-12
-15
-9
5
29
46
51
40
29
25
23
14
6
15
19
19
16
10
2
5
8
-5
-24
-38
-43
-33
-15
3
5
3
-6
-3
-16
-13
-10
-8
1
15
21
3
-17
-42
-56
-59
-38
-35
-29
-31
-27
-27
-29
-23
-16
-6
13
28
18
19
6
5
-1
12
27
37
43
47
40
36
35
28
19
20
27
25
7
6
2
1
2
2
-3
-2
7
7
-1
-21
-21
-26
-22
-34
-32
-28
-28
-21
-28
-25
-20
-17
-11
-14
-14
-32
-39
-44
-40
-54
-48
-40
-24
-14
-17
-24
-40
-49
-53
-57
-43
-33
-28
-47
-54
-59
-62
-58
-49
-45
-45
-36
-30
-31
-33
-29
-28
-18
-7
-15
-25
-40
-41
-51
-60
-58
-58
-63
-58
-53
-49
-47
-39
-26
-18
-16
-4
-11
1
2
-5
-4
-11
-9
-14
-13
-13
-13
-24
-39
-57
-80
-91
-84
-63
-46
-38
-42
-45
-37
-32
-28
-37
-30
-39
-48
-52
-47
-32
-24
-16
-12
-18
-23
-24
-20
-27
-19
-14
-5
7
20
22
20
22
17
21
30
35
18
1
-12
-9
-5
-3
-1
-10
-7
-9
-10
-9
-12
-15
-23
-25
-23
-17
-7
4
15
14
6
-2
-1
-11
-12
-22
-28
-11
11
30
25
22
10
-9
-14
-6
6
15
21
18
20
11
17
20
23
46
50
39
22
11
3
3
13
16
17
8
14
6
8
11
13
17
25
30
30
28
24
22
29
30
40
23
17
7
4
3
-3
3
1
12
20
31
37
45
47
32
23
21
19
9
6
6
4
13
25
37
45
47
53
47
45
43
38
30
21
14
12
10
14
6
3
0
-16
-31
-41
-39
-33
-26
-14
-6
-32
-47
-53
-48
-36
-20
-6
-7
-11
-27
-37
-39
-30
-25
-24
-19
-11
-13
-4
4
12
3
-8
-10
0
10
10
12
-2
-7
-1
6
17
16
9
-4
0
2
1
-1
-4
-7
-15
-11
-16
-18
-24
-21
-22
-21
-3
0
6
12
12
10
0
-3
-9
-23
-29
-20
-11
12
28
41
37
23
-2
-13
-18
-15
-23
-32
-39
-21
-8
0
-4
-7
-9
6
20
18
18
11
15
5
9
14
20
29
29
27
11
7
2
-2
-11
-17
-23
-21
-7
-5
1
-3
9
17
12
15
11
1
8
4
-1
-5
-2
-9
-16
-27
-33
-35
-36
-33
-30
-25
-15
3
6
-2
-6
-7
-8
-3
-3
-11
-13
-8
-7
-11
-19
-23
-13
-5
14
24
23
21
19
7
2
2
4
9
21
21
26
24
27
27
19
20
17
17
19
24
16
-2
-14
-22
-18
-11
-1
10
7
22
22
25
20
17
16
13
24
31
32
26
22
20
19
16
-1
-20
-26
-30
-29
-35
-33
-28
-34
-33
-39
-40
-25
-5
6
6
3
6
-6
-16
-22
-35
-48
-54
-56
-45
-30
-12
-3
-18
-22
-38
-45
-40
-31
-23
-27
-32
-47
-42
-38
-28
-22
-32
-27
-30
-33
-30
-21
-11
-9
-11
-17
-17
-13
-3
-3
-7
-14
-23
-32
-39
-46
-50
-57
-38
-28
-16
-11
-11
-18
-15
-9
-2
-12
-19
-27
-34
-25
-8
-2
-6
-2
-1
-4
2
2
8
-5
-21
-45
-55
-51
-31
-7
-1
8
-1
-7
-18
-9
-13
-14
-6
-10
0
0
-2
-6
-23
-19
-22
-15
-14
-3
-5
9
14
15
-1
-33
-39
-46
-31
-19
-14
-18
-7
-3
0
14
19
28
18
5
-4
-24
-28
-20
0
31
63
75
66
45
28
22
22
36
38
30
20
21
30
21
22
3
-11
-28
-26
-18
-12
-3
-3
1
10
19
25
21
18
7
0
-12
-10
-5
0
13
8
4
-10
-13
-25
-24
-27
-27
-31
-31
-27
-32
-36
-35
-27
-26
-16
0
2
-3
-5
-4
-7
-11
-16
-10
-3
9
3
-3
-12
-21
-28
-38
-34
-29
-27
-13
-16
-20
-19
-12
-15
-19
-19
-14
-18
-15
-13
-17
-18
-6
-13
-20
-33
-42
-45
-39
-29
-22
-21
-30
-32
-49
-55
-52
-45
-42
-40
-33
-43
-41
-44
-42
-42
-37
-24
-20
-14
-5
-5
-19
-31
-34
-42
-42
-41
-38
-40
-36
-37
-33
-30
-26
-13
-7
1
-15
-32
-28
-7
14
11
7
-8
-11
-28
-36
-54
-65
-68
-65
-54
-36
-15
-3
-6
-10
-22
-24
-27
-17
-15
-13
-7
-19
-21
-29
-24
-39
-43
-47
-51
-55
-49
-30
-28
-23
-21
-10
-10
2
2
-4
-2
-1
-4
-5
-4
-4
-7
-13
-20
-7
5
33
42
32
24
16
21
19
22
14
1
-5
-1
-1
2
18
35
42
40
42
39
41
35
36
41
39
56
49
50
40
23
14
17
45
58
69
67
56
36
18
12
5
13
20
40
39
40
38
23
19
15
22
26
35
38
36
36
34
17
7
12
30
22
23
26
30
29
30
34
29
19
3
-4
-8
-2
-7
-19
-22
-12
1
3
6
-8
-14
-20
-11
-1
10
19
16
-3
-6
-15
-20
-27
-18
-16
-13
-19
-30
-29
-18
-8
4
-6
-17
-12
-25
-30
-20
-19
-19
-23
-24
-26
-24
-22
-21
-17
-16
-23
-28
-40
-31
-16
-20
-11
-22
-35
-35
-28
-22
-21
-14
-6
-4
-2
1
9
16
28
15
1
5
23
23
15
14
6
0
1
7
8
14
19
24
23
10
16
8
10
6
5
-5
-8
-4
-1
10
23
27
26
23
22
18
22
27
32
27
21
16
13
16
20
9
-1
-8
-18
-13
-17
-2
-1
-14
-19
-22
-17
-4
14
26
25
25
12
8
12
32
33
23
6
-3
-3
1
16
4
0
-2
0
5
6
9
11
9
-3
-18
-33
-33
-23
-22
-20
-14
-3
-16
-18
-13
-8
0
-9
-20
-29
-22
-3
6
18
30
20
13
1
-5
-15
-30
-36
-37
-43
-45
-47
-55
-53
-46
-42
-51
-59
-70
-75
-76
-65
-63
-59
-58
-59
-60
-61
-41
-35
-21
-11
-15
-25
-35
-25
-17
0
5
3
1
2
6
11
15
11
11
4
6
18
5
4
15
31
44
36
27
18
16
22
21
30
45
51
50
41
46
48
42
35
32
31
24
22
16
5
2
-12
-17
-18
-1
4
9
4
-11
-22
-25
-13
-15
-12
-1
9
12
20
22
16
11
8
14
-4
-22
-41
-55
-56
-43
-35
-28
-31
-34
-40
-36
-27
-17
-14
-15
-18
-35
-44
-52
-58
-56
-40
-27
-13
-10
-10
-6
-15
-16
-16
-28
-31
-30
-31
-35
-36
-41
-46
-60
-55
-54
-49
-37
-36
-37
-34
-31
-31
-38
-35
-36
-29
-18
-7
-19
-23
-25
-25
-22
-27
-22
-23
-23
-23
-31
-35
-32
-22
-30
-36
-47
-41
-37
-43
-43
-49
-37
-15
6
6
2
-5
-13
-23
-27
-22
-15
-4
-5
-9
-6
3
19
10
8
6
7
9
10
-1
-24
-39
-57
-69
-66
-50
-23
-3
13
-5
-39
-83
-95
-101
-81
-56
-31
-13
-1
7
13
7
1
-8
-13
-20
-16
-25
-22
-9
-1
-7
-11
-4
9
22
20
13
4
-4
-4
-6
-3
6
13
-1
-17
-24
-30
-24
-13
-5
1
1
17
22
36
37
30
24
33
34
23
10
-6
-15
-23
-7
-3
-1
-9
-9
-4
8
19
22
15
11
14
14
13
19
23
16
2
4
4
19
40
52
55
46
34
2
-3
-1
13
27
28
18
5
0
6
11
12
29
48
61
64
64
57
46
36
32
24
31
37
49
43
42
42
30
32
28
39
43
46
39
22
6
1
-9
-11
1
8
5
4
5
7
15
27
34
36
34
37
25
20
15
15
12
9
15
15
18
31
32
19
2
-7
-15
-22
-33
-40
-48
-47
-49
-43
-24
-6
8
-5
-17
-33
-48
-43
-36
-22
-24
-22
-17
-15
-8
-1
13
11
13
4
-10
-11
-1
-5
-8
-11
-9
4
11
13
13
5
11
11
8
-2
-8
-12
-18
-10
-3
-2
-8
5
9
26
32
34
25
15
23
11
9
0
-8
-14
-13
-3
-12
-10
-17
-14
-19
-15
-8
-13
-6
-1
2
-1
-10
-14
-21
-20
-12
-5
-11
-3
2
6
3
-6
-21
-34
-38
-36
-29
-29
-23
-23
-27
-13
-10
9
9
17
10
-1
10
8
11
2
-11
-19
-23
-23
-19
-24
-31
-28
-33
-23
-16
-9
-10
-3
5
4
-2
-7
-14
-23
-20
-24
-31
-37
-34
-30
-19
-12
-1
4
4
18
24
18
11
2
-7
-9
-11
-14
-26
-32
-43
-41
-32
-8
7
-1
-8
-29
-41
-45
-45
-54
-52
-54
-44
-44
-37
-23
-21
-14
-9
-12
-9
-11
7
6
10
18
23
23
15
18
9
4
-5
-8
-8
-18
-23
-40
-42
-43
-45
-62
-73
-73
-76
-77
-71
-67
-66
-62
-63
-56
-48
-39
-35
-46
-35
-25
-25
-14
-6
-5
2
6
4
-7
-20
-17
-17
-10
2
10
11
7
11
15
19
21
30
35
35
29
0
-20
-19
-9
0
-1
-7
-26
-38
-33
-25
-21
-20
-9
-8
-4
-17
-28
-41
-55
-57
-68
-57
-41
-23
-30
-28
-30
-26
-31
-37
-46
-61
-54
-44
-23
3
22
30
16
14
0
-11
-17
-16
-11
-17
-12
-21
-30
-28
-28
-29
-34
-26
-14
-4
-14
-15
-22
-17
4
6
10
-5
-3
-5
-15
-18
-19
-19
-15
-15
-22
-26
-41
-46
-49
-38
-28
-38
-44
-45
-37
-30
-21
-16
-27
-31
-27
-11
0
13
11
7
-5
-17
-23
-26
-9
0
7
-2
-11
-7
-6
5
4
5
2
-8
-11
-27
-25
-23
-8
7
18
12
-8
-21
-33
-45
-41
-20
-13
-4
-8
-12
-14
-8
11
17
19
13
14
17
22
31
23
15
10
3
-10
-17
-18
-9
10
32
43
27
10
-2
-23
-25
-16
-12
-7
-6
-1
9
20
28
23
14
7
5
0
11
22
29
20
20
13
12
7
8
5
4
8
2
-9
-23
-16
7
20
30
23
6
8
9
6
3
1
-1
-2
-3
11
8
1
-5
-18
-39
-47
-45
-35
-10
0
10
15
28
33
33
35
40
44
36
17
4
-6
0
5
9
-1
-11
-25
-36
-28
-8
12
14
17
13
25
30
42
44
31
28
16
14
2
10
18
31
43
41
28
17
15
8
10
17
21
21
19
24
16
19
14
7
2
-9
-13
-22
-25
-22
-28
-32
-41
-34
-38
-30
-25
-9
-12
-18
-25
-27
-16
1
9
-1
-5
-2
-13
-14
-16
-7
-8
-6
-16
-21
-24
-28
-37
-52
-46
-39
-30
-19
-13
-10
-15
-13
-13
-12
-8
-6
-8
-6
-3
-3
-14
-5
12
22
20
12
6
-8
-21
-11
-15
-3
7
11
13
12
10
0
-1
-8
-24
-40
-48
-38
-33
-14
10
27
25
13
-1
-18
-13
-6
7
1
-2
-10
-13
-15
-5
-3
-8
-6
-10
-9
-13
-14
-9
1
21
11
-3
-21
-26
-23
-19
3
14
13
9
7
5
5
11
15
13
14
22
15
4
-10
-17
-13
-16
-1
-11
-14
-8
0
12
20
23
16
11
1
-1
-5
2
8
-1
-6
-4
9
11
30
33
15
-4
-19
-24
-28
-28
-30
-25
-11
1
5
9
8
8
11
22
25
23
16
25
23
18
9
11
6
-3
-14
-18
-22
-23
-13
-20
-21
-28
-27
-19
-13
-7
-10
-11
-11
-23
-39
-42
-31
-25
-10
5
9
8
0
1
-3
-8
-2
6
1
3
1
1
0
14
23
23
17
13
13
22
24
21
16
23
25
21
31
45
58
52
35
11
-1
-7
5
0
-3
-5
-25
-35
-38
-25
-11
-3
4
0
-3
-15
-19
-33
-44
-52
-51
-53
-51
-53
-56
-56
-51
-49
-54
-63
-68
-81
-76
-49
-25
-1
-1
6
0
-5
-15
-17
-20
-7
-6
-2
0
-2
3
1
7
-4
-7
-13
-4
-4
-1
3
13
17
13
12
11
-1
-7
-9
-1
2
8
0
2
26
33
43
37
41
32
18
13
9
16
27
44
36
30
32
35
45
50
66
61
49
49
47
47
41
42
50
68
87
87
71
70
51
47
36
45
48
46
57
62
53
54
46
53
38
29
21
9
4
-1
-6
-17
-17
-33
-41
-49
-31
-17
1
17
24
25
22
24
10
-10
-26
-40
-43
-36
-11
-5
-2
-1
-12
-26
-49
-55
-73
-63
-50
-44
-34
-34
-20
-13
-4
6
2
-7
-9
-8
-17
-10
-4
11
5
0
-14
-33
-41
-35
-25
-17
-13
-20
-36
-58
-60
-63
-55
-42
-36
-48
-65
-81
-76
-72
-59
-66
-67
-66
-37
-23
-7
1
-2
-1
-4
-1
-2
-16
-34
-54
-59
-47
-19
-3
8
23
40
54
60
58
36
29
13
1
-21
-49
-58
-65
-46
-15
2
25
42
58
50
38
30
20
-3
-17
-28
-34
-38
-43
-36
-40
-31
-30
-36
-32
-27
-32
-38
-39
-42
-33
-22
-3
5
4
10
4
4
-10
-11
-23
-39
-57
-73
-90
-100
-106
-117
-111
-96
-76
-73
-80
-96
-111
-117
-105
-97
-86
-90
-83
-86
-77
-65
-53
-54
-68
-73
-84
-81
-81
-91
-104
-109
-98
-89
-71
-59
-45
-34
-20
-17
-40
-60
-66
-62
-52
-49
-52
-55
-53
-47
-42
-42
-32
-28
-33
-27
-32
-34
-43
-41
-39
-32
-29
-16
-17
-23
-33
-40
-36
-17
4
12
15
16
7
7
8
24
38
47
48
57
59
56
44
20
12
26
38
46
50
53
41
39
42
43
36
37
32
30
8
1
-3
0
11
24
27
31
32
31
22
24
14
2
-4
-5
-2
2
6
7
10
16
23
19
16
21
19
17
23
33
45
48
54
46
38
20
21
16
28
42
38
35
31
27
22
17
15
14
15
23
35
27
27
26
34
26
26
33
30
28
17
11
11
18
30
30
29
32
30
37
43
40
37
32
33
27
22
25
20
16
12
22
33
36
47
55
65
70
67
40
20
12
14
16
15
20
23
29
34
41
45
33
23
0
-1
13
19
11
5
11
17
19
25
30
20
21
13
2
7
19
31
46
58
64
58
45
32
20
11
21
26
19
5
3
-2
3
19
25
32
35
36
30
7
-6
-19
-20
-17
-10
0
0
19
25
26
17
10
0
-4
7
5
1
3
11
17
21
22
19
13
3
-6
-28
-44
-50
-52
-43
-28
-16
-14
-9
6
13
10
-5
-14
-29
-37
-41
-36
-31
-21
-10
-21
-21
-22
-21
-27
-34
-36
-35
-32
-24
-17
-15
-12
-3
6
14
16
11
-21
-32
-48
-52
-44
-36
-36
-38
-35
-39
-40
-44
-32
-27
-25
-33
-33
-35
-22
-9
-2
-3
6
8
2
2
8
2
3
-1
0
-9
-3
12
15
23
31
35
31
20
22
16
17
17
13
7
9
3
9
5
10
11
-1
-6
-15
-29
-24
-19
-18
-24
-22
-26
-21
-19
-7
0
-9
-8
-16
-25
-21
-8
4
0
8
1
-1
-3
-2
-10
-23
-29
-42
-48
-49
-44
-36
-32
-18
-13
-17
-18
-11
-13
-6
34
34
31
4
-15
-41
-53
-63
-49
-25
-2
11
-1
-35
-53
-54
-52
-48
-45
-38
-53
-62
-80
-70
-44
-26
-13
-12
5
22
12
-15
-54
-73
-86
-89
-78
-53
-11
16
50
64
79
81
55
31
27
24
19
11
0
-2
-15
-2
1
13
-4
-13
-26
-22
-21
-21
-29
-39
-39
-44
-46
-49
-58
-55
-32
-4
12
20
13
1
-18
-32
-34
-39
-47
-53
-54
-41
-31
-26
-41
-56
-38
-26
6
24
27
7
-19
-41
-26
-25
0
27
22
40
26
10
-12
-28
-19
-4
11
18
18
19
11
-6
-34
-44
-43
-27
-18
10
15
-5
-33
-46
-43
-34
-21
-22
1
25
51
78
72
57
26
2
0
33
47
58
48
29
0
-39
-73
-93
-76
-46
-10
21
51
71
80
79
72
60
40
25
20
4
5
8
4
-4
0
8
13
9
2
-9
-22
-29
-32
-29
-21
3
19
38
52
57
63
60
63
50
34
26
34
37
33
43
31
46
48
55
53
49
53
41
43
52
63
83
82
100
91
84
67
62
68
79
83
73
78
86
94
78
43
26
13
31
44
48
38
34
25
7
4
5
9
16
16
11
5
3
0
3
-6
4
3
4
6
16
29
33
17
1
-10
-15
-11
-30
-52
-57
-61
-57
-51
-40
-25
-6
0
-6
-26
-26
-26
-12
2
23
28
20
9
-11
-42
-46
-33
-16
-11
-5
-12
-9
-20
-24
-25
-17
-1
16
13
6
5
-9
-14
-7
10
15
9
19
31
47
63
51
47
46
47
48
32
49
57
90
87
95
100
110
111
87
60
48
64
77
65
50
34
28
25
18
-3
-16
-7
16
37
45
70
70
64
40
26
-1
-8
-14
5
26
57
50
38
18
11
2
-6
-25
-31
-33
-25
-22
-32
-30
-2
14
21
13
-1
-16
-9
3
21
17
17
9
6
-12
-36
-54
-71
-32
10
62
68
56
28
0
13
23
40
56
67
64
61
70
63
58
26
-3
-14
-12
10
49
58
70
64
57
54
44
34
22
17
3
-24
-47
-42
-26
-6
16
33
32
20
15
2
5
4
12
22
44
60
62
45
25
-1
-31
-49
-46
-46
-36
-29
-27
-16
3
27
34
28
23
32
47
46
44
17
10
6
5
-19
-24
-28
-11
7
13
22
5
7
7
9
13
8
-11
-29
-31
-10
4
9
20
30
41
35
31
20
29
38
46
43
46
32
21
7
9
14
11
13
19
26
48
54
60
45
42
17
13
0
17
12
9
25
42
51
44
39
38
53
62
74
60
41
24
30
49
61
46
25
11
19
15
9
-1
20
34
46
36
12
2
-3
-3
-5
-6
-6
-6
2
4
20
8
3
-2
3
22
59
84
91
104
88
73
57
57
85
124
161
178
183
167
147
113
104
110
120
111
80
65
74
106
130
129
98
64
29
-9
-28
-17
12
38
81
89
76
40
-17
-74
-116
-132
-106
-69
-43
-29
-41
-78
-116
-131
-144
-126
-121
-98
-79
-41
-16
-15
-41
-81
-95
-105
-107
-125
-148
-174
-142
-107
-56
-20
-41
-48
-56
-38
-23
-13
-16
-33
-43
-51
-38
-32
-26
-21
-29
-41
-69
-74
-78
-45
-28
-30
-64
-66
-53
-23
-14
-11
-1
3
-1
-8
-33
-52
-60
-73
-67
-45
-26
-13
-13
4
-6
-6
-20
-25
-34
-22
-5
5
-3
11
22
28
25
16
10
-5
0
-1
21
32
56
72
71
61
30
0
-4
8
25
32
26
1
-17
-26
-15
-27
-27
-23
-26
-35
-53
-42
-41
-28
-38
-61
-87
-101
-104
-98
-84
-66
-55
-46
-42
-47
-47
-37
-10
14
5
-16
-17
-21
-18
-23
-33
-28
-13
-8
-9
-12
-1
6
20
19
8
-11
-25
-15
7
16
20
9
-21
-51
-57
-56
-40
-34
-35
-22
-13
-16
-19
-29
-18
-24
-16
-9
3
-15
-43
-60
-79
-76
-80
-60
-52
-20
5
10
-6
-7
-13
-19
-30
-36
-16
-19
-16
-10
-7
-5
-4
-21
-30
-18
-14
-4
-15
-22
-20
4
16
28
23
9
28
26
16
1
-31
-45
-37
-19
6
24
40
50
46
39
28
15
-9
1
-9
-8
-23
-26
-25
6
28
38
27
17
27
27
62
93
117
107
108
94
94
78
82
78
86
98
106
112
107
89
76
59
58
49
41
35
49
60
63
50
43
43
47
56
46
29
10
-2
-12
-9
7
30
38
49
39
24
19
32
38
41
38
35
22
13
7
6
7
25
32
40
12
12
2
26
34
40
37
32
32
19
8
21
32
38
29
36
52
83
108
123
97
82
49
25
9
-5
-20
-20
-7
6
0
-2
0
-1
13
17
15
1
-9
-7
-5
-7
3
6
17
4
0
-8
-19
-35
-59
-71
-64
-49
-36
-36
-33
-25
-16
-1
3
-13
-20
-30
-27
-35
-46
-53
-82
-80
-69
-49
-40
-41
-45
-40
-34
-10
-13
-21
-26
-21
-7
9
16
5
-22
-22
-20
-11
11
28
42
31
20
-7
-27
-35
-31
-11
0
19
22
36
47
47
40
31
39
28
22
16
13
20
31
38
44
27
10
3
-10
-3
11
39
58
63
67
69
74
82
64
34
-18
-23
-26
12
52
70
63
54
42
33
15
8
1
-1
0
-3
-17
-15
-10
-6
-16
-12
-1
21
33
71
78
79
72
41
22
-7
-8
-1
15
53
72
68
41
22
11
20
22
11
-13
-28
-34
-43
-20
-2
20
3
-6
-30
-44
-29
-13
3
-3
-17
-15
-9
6
10
12
17
27
33
25
16
17
20
24
27
18
2
-13
-17
-14
-12
6
19
39
48
64
86
86
93
83
56
44
30
27
23
31
19
17
6
9
19
27
37
23
4
-18
-14
-15
-25
-47
-69
-79
-61
-33
-8
10
26
37
26
16
11
-8
-3
-4
5
5
15
15
19
23
28
32
20
17
-4
-3
-10
4
11
9
17
42
75
107
125
110
88
70
54
35
30
20
8
1
7
25
45
49
52
45
42
34
31
40
48
64
53
32
11
-8
-14
-25
-38
-66
-66
-58
-28
-15
-21
-29
-47
-50
-52
-56
-61
-61
-53
-55
-65
-78
-68
-66
-51
-49
-63
-61
-44
-19
3
18
23
9
15
28
51
53
49
22
-12
-45
-50
-35
-7
1
3
-22
-41
-39
-27
-21
-15
-34
-43
-47
-37
-39
-40
-39
-31
-16
-10
2
3
21
31
36
34
21
19
13
16
30
34
10
-7
-40
-63
-76
-62
-43
-29
-5
0
2
-11
-17
-25
-28
-24
-15
-16
13
33
53
45
39
24
16
0
0
-1
-5
0
-1
0
0
-2
-1
-7
2
9
14
-3
-24
-46
-52
-36
-28
-10
-2
8
-3
-4
1
-3
-9
-16
-13
-9
0
25
52
57
61
42
27
9
15
31
42
55
57
49
52
53
69
72
84
90
98
91
66
39
12
8
-2
2
3
58
110
149
154
139
109
80
59
44
28
31
20
24
20
-1
-23
-42
-42
-27
-11
7
34
33
42
38
22
9
-7
-9
1
17
20
31
12
14
13
12
13
8
1
-7
7
25
18
5
-5
19
35
50
41
15
12
7
10
2
1
-4
-15
-12
-16
-19
-26
-11
2
23
37
45
38
24
7
