-600,
-1800,
-2400,
-1600,
-400,
600,
1600,
2400,
3000,
3200,
2400,
1400,
400,
-1200,
-2800,
-4200,
-4200,
-4000,
-3800,
-2600,
-1600,
-400,
600,
1600,
2000,
2400,
2400,
2400,
2200,
2000,
1400,
1200,
1200,
400,
-200,
0,
-200,
-400,
-800,
-1000,
-1000,
-600,
-600,
-1000,
-1000,
-1000,
-800,
-600,
-400,
200,
400,
600,
800,
600,
-400,
-1400,
-2400,
-2800,
-2600,
-1400,
0,
1200,
2200,
2200,
2000,
2000,
1400,
200,
-1000,
-1600,
-1800,
-1400,
-1000,
-200,
0,
0,
600,
800,
600,
200,
-200,
-600,
-1000,
-1000,
-800,
-400,
-1000,
-2600,
-1800,
600,
2000,
2200,
2000,
1400,
600,
600,
1400,
1800,
2000,
1600,
800,
200,
-400,
-1000,
-1800,
-2800,
-4400,
-6200,
-7800,
-7600,
-5800,
-3000,
600,
4600,
7000,
7000,
6200,
5000,
3400,
2200,
1200,
800,
200,
200,
400,
-400,
-1800,
-3400,
-4000,
-4200,
-4000,
-3600,
-2400,
-600,
1400,
3000,
3400,
2400,
2000,
1800,
1000,
-800,
-2000,
-2400,
-3600,
-4600,
-4200,
-2600,
-600,
2600,
4400,
4200,
3000,
2200,
1800,
1200,
200,
600,
2200,
3200,
1400,
-400,
-1800,
-2000,
-2000,
-1800,
-2200,
-2200,
-2400,
-2600,
-3000,
-3000,
-3000,
-2600,
-1600,
-800,
-200,
600,
1400,
2200,
2800,
3200,
3000,
3600,
2800,
2200,
800,
-400,
-1400,
-1200,
-800,
-600,
-600,
-800,
-400,
0,
0,
-600,
-800,
-1000,
-1800,
-2200,
-5000,
-4800,
2600,
3400,
-1400,
-2400,
-1200,
-1000,
0,
2000,
3200,
3200,
3000,
2800,
2200,
800,
-400,
-1000,
-1000,
-1000,
-1400,
-1400,
-1800,
-1800,
-1000,
-200,
800,
1400,
2000,
2600,
2000,
-600,
-3600,
-5200,
-7600,
-9000,
-7200,
-2600,
2200,
6800,
8800,
8800,
8000,
7000,
5200,
2800,
600,
200,
1000,
1600,
-800,
-5800,
-8000,
-8000,
-7200,
-5800,
-4600,
-4600,
-4800,
-4000,
-1400,
600,
4000,
10400,
11000,
7000,
5400,
3200,
-200,
-2000,
-3000,
-3200,
-2800,
-1000,
400,
800,
800,
200,
-1000,
-1800,
-2200,
-2000,
-1000,
-200,
600,
1000,
1400,
800,
-200,
-1400,
-2400,
-3200,
-4200,
-4400,
-4000,
-2400,
-400,
3000,
6200,
6800,
6000,
4600,
3400,
2400,
1600,
1400,
2000,
1400,
1200,
3400,
3400,
-200,
-4200,
-7000,
-8000,
-7400,
-6200,
-4600,
-3000,
-1800,
-1200,
-800,
-1000,
-400,
-600,
-200,
400,
1000,
1800,
2400,
3000,
3800,
4000,
3600,
3200,
2200,
1400,
600,
0,
-400,
-600,
-800,
-800,
-800,
-1200,
-1600,
-1400,
-1400,
-1600,
-1800,
-2400,
-2400,
-2200,
-1800,
-1400,
-800,
0,
800,
1400,
2000,
2600,
2600,
2600,
2200,
2000,
1600,
1200,
400,
-1000,
-1600,
-1800,
-2000,
-2000,
-2200,
-2000,
-1600,
-400,
800,
1800,
2200,
1800,
600,
-400,
-1000,
-1800,
-2200,
-2600,
-1800,
-200,
-400,
-2800,
-2600,
1800,
5400,
6000,
4800,
3600,
1600,
200,
600,
1400,
600,
-2400,
-4800,
-5600,
-5600,
-5800,
-6600,
-6600,
-5400,
-2400,
2000,
6400,
8800,
9400,
8800,
7600,
5600,
2800,
-400,
-3000,
-4400,
-5000,
-5000,
-4200,
-3400,
-2600,
-1600,
-600,
-400,
200,
800,
1200,
1400,
1600,
1600,
1200,
200,
-600,
-1000,
-1800,
-2000,
-2200,
-2400,
-1800,
-1000,
-200,
600,
1400,
1800,
2000,
2400,
2400,
2200,
2200,
2200,
2000,
3000,
2000,
200,
600,
1200,
-800,
-3600,
-5200,
-5400,
-5000,
-4200,
-3400,
-2400,
-1800,
-1000,
-600,
0,
600,
1200,
1800,
2000,
1800,
2200,
2600,
2400,
2600,
2200,
1800,
800,
-400,
-1000,
-1000,
-1400,
-1600,
-1200,
-1400,
-1200,
-800,
-600,
-200,
200,
400,
600,
400,
400,
600,
200,
-200,
-600,
-800,
-1000,
-1000,
-600,
-400,
-400,
-200,
200,
200,
600,
800,
600,
400,
0,
-600,
-600,
-400,
-400,
-600,
-600,
-400,
-200,
400,
600,
800,
600,
0,
-800,
-1200,
-1000,
-1000,
-800,
-600,
-200,
400,
200,
-1600,
-2600,
0,
3600,
5000,
4200,
3400,
2200,
800,
600,
1200,
400,
-2600,
-5200,
-6200,
-6200,
-6800,
-8000,
-6400,
-3200,
1000,
4600,
7200,
8800,
9000,
7600,
5800,
3200,
200,
-2000,
-3600,
-4800,
-5000,
-4600,
-4000,
-3000,
-1800,
-800,
-200,
600,
1400,
2000,
1800,
2000,
2000,
1800,
1200,
600,
0,
-600,
-1000,
-1400,
-1200,
-1600,
-1600,
-1000,
-200,
-200,
-400,
-600,
0,
0,
200,
1400,
2000,
2400,
3000,
3600,
2600,
0,
-1200,
-1000,
-2000,
-3600,
-5000,
-4600,
-3400,
-2600,
-2000,
-1000,
-200,
800,
1800,
2800,
3600,
3200,
2600,
1800,
1200,
600,
200,
-600,
-800,
-1200,
-1600,
-1600,
-1200,
-1000,
-1000,
-600,
-600,
-400,
-200,
200,
400,
600,
800,
1000,
1000,
1200,
1000,
800,
400,
-400,
-800,
-1000,
-1200,
-1400,
-1600,
-1400,
-1200,
-1000,
-400,
400,
400,
400,
800,
1000,
600,
200,
-400,
-200,
-200,
-200,
-400,
-200,
-200,
-200,
0,
400,
400,
400,
0,
-200,
-400,
-800,
-1000,
-1200,
-1200,
-1000,
-400,
400,
1000,
200,
-400,
1200,
3600,
4400,
3800,
2800,
1200,
-400,
-800,
-1200,
-3400,
-5200,
-6000,
-6600,
-7600,
-7400,
-5600,
-1800,
2600,
6000,
8400,
9000,
9000,
7600,
5600,
3200,
400,
-2400,
-4200,
-5400,
-6000,
-5600,
-5000,
-4000,
-2400,
-1400,
0,
1200,
1800,
2200,
2400,
2600,
2800,
2400,
2000,
1400,
400,
-200,
-600,
-1000,
-1200,
-1600,
-2000,
-2000,
-1600,
-1400,
-1200,
-600,
-200,
200,
400,
600,
800,
1000,
1200,
1200,
2200,
1600,
400,
1400,
2400,
1400,
400,
-2000,
-4200,
-5200,
-5200,
-4600,
-3200,
-1000,
400,
1400,
1600,
1800,
2400,
3000,
3000,
2800,
1800,
1400,
800,
600,
200,
-600,
-1600,
-2600,
-3200,
-3000,
-2600,
-2000,
-1200,
-400,
200,
1200,
1800,
2000,
2200,
2000,
1400,
1000,
600,
0,
-400,
-800,
-1200,
-1200,
-1200,
-1200,
-1200,
-1000,
-800,
-400,
-200,
400,
400,
600,
400,
200,
0,
-200,
-400,
-400,
-200,
-400,
-400,
-400,
-600,
-200,
400,
400,
400,
800,
600,
200,
-200,
-800,
-1200,
-1400,
-1400,
-1000,
-600,
200,
1000,
2000,
1400,
1200,
3000,
4400,
3800,
3000,
1600,
-400,
-2600,
-4400,
-5200,
-6000,
-6000,
-7000,
-7800,
-7000,
-4200,
800,
6000,
9000,
9600,
9200,
8400,
6600,
4200,
1400,
-1200,
-3000,
-4200,
-5400,
-6000,
-6200,
-5200,
-4000,
-2600,
-1400,
-800,
1000,
2600,
3000,
3000,
2800,
2400,
2000,
2000,
1200,
800,
600,
0,
-400,
-1000,
-1400,
-1600,
-1800,
-2000,
-1800,
-1600,
-1400,
-600,
-600,
0,
600,
1200,
1600,
1800,
1600,
1600,
1600,
800,
-800,
-800,
-400,
-1000,
-2600,
-3600,
-3000,
-2000,
-1400,
-400,
1000,
1800,
2200,
2000,
1600,
1400,
1000,
400,
0,
-600,
-600,
-800,
-1000,
-600,
0,
-200,
0,
-600,
-1200,
-1000,
-800,
-400,
200,
0,
-200,
400,
1000,
1400,
1800,
1600,
800,
1000,
400,
0,
-400,
-1000,
-1400,
-1400,
-1400,
-1400,
-1200,
-800,
-600,
-200,
200,
600,
600,
600,
400,
200,
-200,
-400,
-400,
-600,
-200,
0,
-200,
-200,
-200,
200,
400,
600,
600,
600,
200,
-400,
-800,
-1200,
-1200,
-1200,
-1000,
-200,
600,
1400,
1000,
0,
1000,
3400,
4200,
3600,
2400,
800,
-600,
-2000,
-3000,
-3600,
-5000,
-6200,
-7200,
-7600,
-6600,
-4200,
-200,
5800,
8600,
8400,
7400,
6200,
5000,
4200,
3200,
1200,
-1400,
-2400,
-3800,
-4800,
-5000,
-4600,
-4000,
-3000,
-1800,
-1200,
-200,
1000,
2000,
2400,
2600,
2400,
1800,
1600,
1400,
800,
800,
600,
-800,
-1800,
-1800,
-2000,
-1800,
-1600,
-1600,
-1400,
-1800,
-1200,
-600,
0,
600,
1200,
1600,
1800,
2200,
2000,
2200,
1600,
0,
800,
-400,
-2600,
-4200,
-4600,
-4200,
-2800,
-1600,
0,
1000,
1800,
2200,
2200,
1400,
1400,
1400,
400,
-200,
-200,
-600,
-800,
-800,
-800,
-800,
-800,
-600,
-400,
-400,
-400,
-400,
-200,
0,
0,
0,
0,
200,
400,
600,
600,
400,
0,
200,
200,
-200,
-200,
-400,
-400,
-400,
-600,
-600,
-600,
-400,
0,
400,
200,
200,
0,
-200,
-200,
-200,
-600,
-800,
-1200,
-800,
-600,
-200,
-200,
-200,
0,
200,
400,
800,
1000,
1200,
1000,
600,
-200,
-1000,
-1600,
-1800,
-1800,
-1800,
-1200,
-400,
800,
2200,
1600,
800,
1800,
3000,
3600,
3600,
3000,
1200,
-1000,
-2000,
-2400,
-3600,
-5000,
-7000,
-8200,
-8600,
-7600,
-4400,
1600,
7000,
8600,
8400,
7400,
7200,
6200,
5000,
2800,
0,
-2600,
-4200,
-5400,
-6000,
-5800,
-5200,
-4400,
-3600,
-2400,
-1400,
0,
1200,
2000,
3000,
3400,
3600,
3400,
3000,
2200,
1400,
400,
-600,
-1200,
-1400,
-1800,
-1800,
-2200,
-2200,
-2000,
-1600,
-1400,
-1000,
-400,
400,
800,
1400,
1800,
2600,
2600,
2200,
2400,
800,
-1000,
-1000,
-600,
-1800,
-3600,
-3800,
-3200,
-2000,
-1000,
0,
1000,
1600,
1800,
1800,
1400,
1200,
600,
200,
-200,
-400,
-600,
-600,
-800,
-800,
-800,
-600,
-200,
200,
400,
400,
-200,
0,
400,
200,
200,
200,
200,
0,
0,
0,
200,
-200,
-200,
-400,
-200,
-400,
-200,
-200,
0,
0,
-200,
-200,
-200,
600,
200,
200,
400,
200,
-200,
-400,
-600,
-400,
-800,
-800,
-600,
-800,
-800,
-1000,
-800,
-800,
-600,
-400,
400,
1400,
1800,
1800,
1600,
1200,
0,
-1200,
-1600,
-1800,
-2000,
-1800,
-1400,
-600,
600,
1200,
600,
600,
2400,
4000,
3800,
3200,
2400,
1000,
-600,
-1400,
-2600,
-4200,
-4800,
-4600,
-4800,
-5600,
-6000,
-5200,
-2600,
800,
4200,
7000,
8400,
8400,
7400,
5800,
3400,
800,
-1400,
-3000,
-4000,
-4600,
-4400,
-4000,
-3600,
-3000,
-2800,
-1600,
400,
600,
800,
1600,
2600,
2600,
2400,
2200,
2400,
1400,
400,
-600,
-1400,
-2000,
-2200,
-2200,
-2000,
-1600,
-1200,
-800,
-400,
-200,
200,
800,
1200,
1600,
2000,
2200,
2200,
2600,
2600,
600,
-400,
400,
-600,
-2600,
-4200,
-4600,
-4000,
-2800,
-2200,
-1000,
0,
800,
1400,
1800,
2000,
2000,
1800,
1600,
1200,
600,
0,
0,
0,
-400,
-600,
-600,
-600,
-400,
-400,
-400,
-400,
-200,
-200,
200,
200,
200,
0,
400,
-200,
-1000,
600,
1000,
-800,
-1800,
-1800,
-2000,
-2000,
-1400,
-600,
200,
1000,
1400,
1400,
1600,
1800,
1600,
1400,
800,
400,
0,
200,
0,
0,
-600,
-1000,
-1400,
-2000,
-2400,
-2600,
-2400,
-2200,
-1600,
-800,
600,
1400,
2400,
2800,
2800,
2600,
1400,
400,
-600,
-1200,
-1200,
-1400,
-1400,
-800,
-200,
-1400,
-2000,
-1000,
1600,
2800,
3000,
2800,
1800,
800,
800,
1400,
1200,
200,
-1000,
-2600,
-3800,
-4200,
-3800,
-4000,
-4600,
-5000,
-4200,
-2600,
-600,
4400,
7800,
7600,
6400,
5000,
2400,
600,
0,
-800,
-1200,
-800,
-1200,
-1600,
-1200,
-1600,
-2200,
-2200,
-2200,
-1400,
-600,
400,
1800,
2200,
2000,
1200,
0,
-1400,
-2800,
-3800,
-4000,
-3400,
-2400,
-1200,
200,
1400,
2400,
2800,
3000,
3200,
3000,
2600,
2400,
2200,
2000,
3000,
2400,
0,
600,
1400,
-600,
-3800,
-5800,
-6400,
-5800,
-4800,
-3600,
-2200,
-1000,
-400,
-200,
200,
600,
800,
600,
800,
1400,
2000,
2400,
3000,
3400,
3200,
2800,
2200,
1200,
400,
-600,
-1200,
-1200,
-1000,
-1200,
-1400,
-1600,
-1600,
-1400,
-1000,
-1000,
-1200,
-1400,
-1400,
-1200,
-1400,
-1200,
-1000,
-800,
-600,
400,
1400,
2000,
2200,
2200,
2200,
2200,
2200,
2000,
1600,
1000,
400,
-200,
-800,
-1200,
-1600,
-2000,
-2400,
-2600,
-2200,
-1600,
-1200,
-1200,
-1000,
-600,
-400,
-200,
0,
200,
600,
1000,
1400,
2000,
2800,
3400,
1000,
-2400,
-2200,
600,
1800,
800,
-600,
-2000,
-3600,
-3200,
-600,
1400,
1800,
1400,
1400,
1200,
1600,
2000,
2600,
2600,
2000,
400,
-2000,
-4400,
-5400,
-6000,
-6200,
-7400,
-7400,
-5200,
-1000,
3400,
7600,
9200,
9000,
7800,
5600,
3600,
1800,
-400,
-1600,
-2400,
-2600,
-2400,
-2400,
-2200,
-2400,
-2000,
-1400,
-600,
-200,
200,
200,
-200,
-400,
-1000,
-2000,
-3000,
-3600,
-3200,
-2800,
-1800,
-600,
800,
2400,
3800,
5000,
5200,
5000,
3200,
1800,
2600,
2800,
1200,
-400,
-1000,
-1200,
-1000,
-1200,
-1200,
-1400,
-2200,
-3400,
-4200,
-4200,
-4000,
-3800,
-3400,
-3000,
-2000,
-1000,
600,
1800,
2800,
3400,
4000,
4200,
4000,
3000,
2000,
2000,
800,
-200,
-1000,
-1400,
-1200,
-1400,
-1400,
-1200,
-600,
-600,
-800,
-600,
-400,
-600,
-800,
-1000,
-1400,
-1400,
-1200,
-1000,
-1000,
-600,
-400,
0,
400,
600,
800,
1400,
1400,
1400,
1600,
1600,
1600,
1400,
1000,
600,
0,
-400,
-800,
-1000,
-800,
-1000,
-1400,
-1600,
-1800,
-1800,
-1600,
-1400,
-1400,
-1200,
-800,
0,
1000,
800,
-600,
0,
2200,
3800,
3200,
2000,
1000,
-400,
-1400,
-1000,
-800,
-1400,
-2000,
-2600,
-2200,
-1400,
-400,
1000,
2000,
2400,
2200,
2000,
1800,
1800,
1400,
600,
-200,
-600,
-1200,
-1400,
-2200,
-3000,
-3800,
-4600,
-5400,
-5600,
-4200,
-1400,
1600,
4600,
6800,
7800,
7600,
6600,
4400,
2400,
200,
-1800,
-3200,
-4200,
-4400,
-3800,
-3600,
-3800,
-3000,
-2200,
-1200,
400,
1400,
2200,
2200,
2200,
1800,
1200,
200,
-600,
-1200,
-800,
-1000,
-1800,
-200,
1600,
1000,
-200,
-400,
-200,
-200,
200,
600,
400,
800,
600,
1000,
1000,
1000,
600,
200,
-400,
-1000,
-1200,
-1600,
-2000,
-2000,
-2000,
-2000,
-1600,
-1200,
-400,
0,
600,
800,
1200,
1800,
1600,
1400,
1200,
1200,
1000,
600,
200,
-200,
-600,
-1000,
-1200,
-1200,
-1000,
-400,
-400,
-400,
0,
0,
-200,
0,
400,
200,
0,
0,
-200,
-400,
-400,
-400,
-200,
-600,
-600,
-200,
0,
0,
400,
200,
600,
400,
600,
1400,
1400,
1000,
400,
-200,
-800,
-1000,
-1200,
-1000,
-1600,
-1800,
-600,
0,
-400,
-1800,
-1000,
800,
1200,
1200,
800,
400,
-400,
-800,
400,
1000,
400,
200,
-200,
-200,
-200,
0,
0,
-200,
-200,
-600,
-1000,
-1200,
-1000,
-600,
-400,
0,
600,
1400,
1800,
2000,
2000,
1800,
1400,
800,
0,
-800,
-1600,
-2600,
-3200,
-4000,
-4600,
-4800,
-4400,
-2400,
400,
2800,
4600,
6400,
7000,
5800,
3800,
2400,
600,
-1000,
