600,
0,
-1200,
-1800,
-1200,
-400,
-400,
-800,
-800,
-800,
-600,
-200,
400,
1000,
1000,
800,
200,
0,
-400,
-1000,
-800,
-400,
-400,
-1000,
-600,
-600,
-200,
600,
1000,
1200,
1000,
1000,
1000,
600,
400,
200,
0,
-400,
-600,
-600,
-800,
-200,
-400,
-600,
-400,
-800,
-400,
-200,
0,
200,
400,
200,
0,
-400,
-800,
-200,
0,
0,
-400,
0,
0,
200,
600,
600,
-400,
-800,
1000,
1400,
200,
-200,
-200,
-200,
0,
-200,
-1200,
-2400,
-3400,
-4000,
-4200,
-2800,
-400,
2400,
3800,
3800,
3800,
3600,
3400,
2800,
1200,
-400,
-1600,
-2400,
-2800,
-3200,
-3600,
-3600,
-3000,
-2000,
-1200,
0,
1200,
2000,
2400,
2200,
1800,
1600,
1200,
1000,
600,
400,
200,
-200,
-400,
-600,
-800,
-1000,
-1400,
-1600,
-1600,
-1400,
-1200,
-600,
0,
600,
800,
1000,
600,
1000,
1000,
400,
0,
-400,
-600,
-1000,
-1600,
-2000,
-1600,
-1800,
-800,
800,
1600,
2200,
2800,
2200,
600,
-600,
-1600,
-2000,
-1800,
-1200,
-1000,
-800,
-400,
200,
-200,
400,
1400,
1800,
1400,
1000,
600,
0,
-1000,
-1200,
-800,
-1400,
-1400,
-1600,
-1200,
-1000,
-200,
600,
1200,
1600,
1400,
1000,
400,
-200,
-800,
-1200,
-1600,
-1400,
-1200,
-800,
-200,
400,
1000,
1200,
1600,
1800,
1600,
1000,
200,
-600,
-1000,
-1600,
-1800,
-1800,
-1800,
-1600,
-1400,
-1000,
-600,
-400,
-200,
200,
400,
600,
200,
200,
400,
400,
200,
200,
200,
400,
800,
1000,
600,
200,
-600,
-1200,
-600,
-600,
-1800,
-800,
1200,
1200,
200,
-200,
-400,
-800,
-800,
-400,
200,
200,
200,
-400,
-400,
-600,
-400,
-200,
-400,
-200,
-400,
-200,
0,
0,
-200,
-200,
800,
1000,
1400,
1200,
1200,
600,
200,
0,
0,
0,
-400,
-200,
-400,
-600,
-1600,
-2400,
-3200,
-3800,
-4000,
-3400,
-1400,
600,
2600,
4200,
4600,
4400,
3400,
2600,
1200,
600,
-400,
-1200,
-1800,
-2400,
-2800,
-3000,
-2600,
-2200,
-2000,
-1000,
-400,
-1400,
1400,
4600,
2800,
0,
-200,
-400,
-600,
200,
800,
1000,
1400,
1200,
600,
-200,
-600,
-800,
-1000,
-1000,
-200,
-400,
-1400,
-1200,
800,
2600,
2600,
1400,
800,
-400,
-1200,
-600,
-200,
-800,
-1800,
-2400,
-2600,
-2600,
-2000,
-1000,
400,
1400,
1600,
1400,
1200,
800,
600,
200,
-200,
-200,
0,
0,
200,
400,
600,
600,
800,
400,
200,
-200,
-400,
-400,
-600,
-800,
-800,
-600,
-600,
-200,
0,
200,
200,
200,
-200,
-400,
-800,
-600,
-400,
-600,
-600,
-400,
-200,
0,
400,
400,
600,
800,
1000,
800,
800,
600,
1400,
-400,
-2200,
-600,
800,
-600,
-2000,
-2200,
-1200,
-400,
0,
800,
1200,
1400,
1000,
400,
0,
-600,
-1200,
-1600,
-1400,
-800,
-800,
0,
600,
1000,
1400,
1800,
1600,
1200,
800,
400,
-400,
-400,
-1000,
-800,
-1000,
-1200,
-1200,
-1000,
-600,
-400,
-600,
-600,
-600,
-600,
-400,
-200,
-200,
-400,
-400,
0,
200,
400,
1000,
800,
800,
800,
400,
400,
400,
400,
600,
600,
1000,
1600,
1200,
1000,
400,
-400,
-600,
-1200,
-1400,
-1800,
-2200,
-3200,
-4000,
-4400,
-4000,
-2400,
-200,
2200,
4000,
4800,
4600,
3800,
3200,
2600,
600,
-1400,
-1600,
200,
600,
-600,
-1600,
-2600,
-4000,
-3600,
-1800,
-200,
0,
-600,
-1200,
-1800,
-2000,
-1600,
-1200,
-200,
400,
1200,
2200,
2800,
3200,
3400,
3200,
2400,
1800,
1200,
800,
200,
-400,
-1000,
-1000,
-1000,
-1200,
-1200,
-1200,
-1600,
-1400,
-1800,
-1800,
-2000,
-2000,
-2000,
-1800,
-1200,
-800,
-400,
200,
600,
1000,
1000,
1600,
1600,
1800,
1800,
2000,
1400,
1000,
200,
0,
0,
-200,
-400,
-400,
-800,
-400,
-200,
-1800,
-1200,
600,
600,
-1000,
-1200,
-1000,
-1000,
-200,
200,
200,
200,
200,
0,
-600,
-600,
-400,
-600,
-800,
-400,
-200,
200,
800,
1200,
1400,
1600,
1400,
1200,
800,
400,
0,
-600,
-1000,
-1200,
-1200,
-1000,
-800,
-600,
-800,
-800,
-600,
-600,
-600,
200,
400,
0,
0,
200,
200,
200,
600,
600,
600,
200,
200,
400,
400,
0,
-400,
-400,
-200,
-200,
-200,
-200,
-200,
-600,
-400,
-400,
-600,
-600,
-600,
-400,
-400,
-200,
200,
400,
400,
400,
400,
-200,
-200,
-200,
-200,
-400,
-400,
0,
600,
800,
200,
-1000,
200,
1600,
1600,
800,
400,
-200,
-1000,
-600,
200,
400,
-200,
-400,
-600,
-1200,
-2200,
-2800,
-3200,
-2800,
-1800,
-600,
800,
2200,
3200,
3600,
3000,
2400,
1600,
800,
0,
-800,
-1000,
-1200,
-1400,
-1600,
-1800,
-2000,
-1800,
-1400,
-1000,
-400,
200,
600,
800,
1000,
800,
800,
600,
600,
600,
600,
600,
600,
600,
400,
200,
-200,
-400,
-600,
-600,
-800,
-400,
-400,
0,
200,
200,
200,
600,
200,
-1400,
-800,
400,
-600,
-1400,
-1600,
-1600,
-1200,
-400,
200,
600,
1000,
1000,
800,
600,
600,
400,
200,
200,
0,
200,
-200,
200,
200,
0,
-400,
0,
-200,
-400,
-600,
-600,
-400,
-600,
-600,
-400,
200,
200,
-200,
0,
-200,
-400,
600,
1400,
1400,
1000,
600,
-800,
-1400,
-1400,
-1800,
-2000,
-1400,
-600,
200,
400,
600,
1400,
1400,
800,
-200,
-600,
-600,
0,
800,
1400,
2000,
1400,
800,
0,
-1200,
-2400,
-3200,
-3200,
-2800,
-1400,
-200,
800,
1000,
1000,
1000,
1200,
1600,
1400,
1000,
400,
600,
-200,
-1400,
-1200,
-400,
200,
-600,
-1000,
-1600,
-2000,
-1800,
-200,
1000,
1200,
1000,
600,
600,
600,
400,
400,
400,
200,
-400,
-1000,
-1200,
-1400,
-1400,
-1400,
-800,
0,
400,
1000,
1600,
1800,
1600,
1600,
1400,
1200,
600,
400,
-200,
-600,
-1000,
-1400,
-1800,
-2400,
-3000,
-3400,
-3600,
-3000,
-1600,
400,
2400,
3600,
4600,
4400,
4000,
3000,
1200,
-200,
-1200,
-2000,
-2400,
-2400,
-2400,
-2200,
-1800,
-2000,
-2000,
-1200,
-400,
-800,
200,
2200,
2600,
1400,
1200,
1400,
1200,
800,
600,
1000,
800,
200,
-400,
-1000,
-1600,
-1800,
-1800,
-1800,
-1200,
-400,
0,
600,
1000,
1200,
1400,
1200,
1000,
400,
-200,
-800,
-1000,
-1400,
-1400,
-1600,
-1400,
-1200,
-800,
-400,
200,
400,
600,
600,
1000,
800,
1000,
600,
600,
400,
600,
200,
200,
0,
-400,
-800,
-800,
-800,
-800,
-800,
-600,
-600,
-800,
-800,
0,
200,
200,
400,
0,
-600,
600,
2000,
1800,
2000,
1400,
200,
-800,
-1200,
-2200,
-2400,
-1800,
-800,
-200,
-600,
-600,
-600,
1000,
2200,
2400,
1800,
1200,
600,
-400,
-1000,
-800,
-800,
-1200,
-1400,
-1200,
-1200,
-600,
0,
600,
1200,
1200,
1200,
800,
200,
-600,
-1000,
-1200,
-1400,
-1200,
-600,
-200,
200,
600,
600,
1000,
1000,
600,
400,
200,
-200,
-400,
-400,
-600,
-400,
-400,
-600,
-600,
-600,
-600,
-800,
-600,
-200,
-200,
-400,
0,
600,
600,
800,
1400,
1200,
1400,
1400,
1200,
600,
200,
-600,
-1200,
-1600,
-1200,
-1600,
-3400,
-2600,
-1400,
-1800,
-3000,
-2200,
-400,
1400,
3000,
3800,
4000,
3600,
2800,
1400,
600,
-400,
-1200,
-1800,
-2200,
-2600,
-2200,
-1800,
-1400,
-800,
-400,
400,
800,
1400,
1000,
1000,
800,
800,
400,
-400,
-800,
-1000,
-800,
-1000,
0,
800,
1400,
1000,
600,
400,
200,
0,
0,
200,
0,
200,
0,
400,
200,
400,
0,
0,
-200,
-1000,
-1200,
-2000,
-2200,
-2600,
-2000,
-1800,
-1600,
-2200,
-200,
2400,
1200,
600,
1000,
1200,
1000,
1000,
1200,
600,
600,
600,
400,
-400,
-400,
-600,
-600,
-600,
0,
-600,
-1800,
-800,
1000,
1400,
600,
200,
-1200,
-1400,
-1400,
-600,
0,
-600,
-1000,
-1400,
-1000,
-600,
0,
800,
1400,
1600,
1000,
600,
-200,
-600,
-400,
-600,
-600,
-600,
-200,
-200,
-200,
200,
600,
1000,
600,
400,
200,
-200,
-600,
-1200,
-1400,
-1000,
-1000,
-800,
-400,
0,
200,
400,
600,
600,
200,
-400,
-800,
-800,
-600,
-400,
-200,
-400,
-600,
-200,
200,
200,
200,
200,
200,
0,
-200,
800,
400,
-1600,
-1000,
800,
0,
-1600,
-1800,
-1400,
-1000,
200,
1400,
2000,
2200,
1800,
1000,
200,
-200,
-800,
-1000,
-1200,
-1400,
-1600,
-1800,
-2000,
-2400,
-2200,
-1400,
200,
1800,
2800,
3000,
2600,
2000,
1400,
1200,
1000,
600,
800,
200,
-1000,
-2600,
-4600,
-6000,
-5200,
-2200,
800,
3000,
3200,
2600,
1800,
200,
-1400,
-2200,
-2600,
-3000,
-4000,
-5000,
-5000,
-3400,
-1400,
1400,
4800,
7200,
7800,
7000,
5800,
4800,
4000,
3200,
1800,
400,
-1400,
-3000,
-4200,
-4600,
-4800,
-4600,
-3800,
-3200,
-2800,
-2200,
-1400,
-600,
-400,
-1800,
-2400,
-600,
2600,
3400,
2600,
2000,
1200,
400,
800,
1800,
2000,
1000,
0,
-200,
0,
200,
600,
1200,
1200,
1000,
400,
0,
-1200,
-1800,
-2000,
-2200,
-2000,
-1600,
-1200,
-1200,
-600,
-400,
0,
0,
200,
0,
200,
600,
800,
1000,
1000,
800,
600,
800,
400,
1200,
800,
1200,
400,
0,
-400,
-600,
-1000,
-800,
-1000,
-1200,
-1400,
-1200,
-800,
-600,
-400,
-400,
-200,
0,
0,
200,
800,
1400,
-1000,
-1000,
800,
800,
-400,
-800,
-400,
0,
400,
1200,
1800,
1400,
800,
400,
-400,
-1200,
-1800,
-1800,
-1600,
-1600,
-1200,
-800,
-200,
400,
1200,
1400,
1400,
1600,
1800,
1600,
1200,
600,
0,
-400,
-800,
-1000,
-1400,
-1400,
-1600,
-2000,
-3200,
-3200,
-2600,
-1400,
200,
1800,
2800,
3800,
3800,
3000,
1800,
1000,
400,
-400,
-1400,
-1600,
-1200,
-400,
-600,
-1200,
-1600,
-1400,
-1400,
-1400,
-1200,
-600,
-400,
0,
200,
400,
600,
0,
0,
400,
600,
400,
600,
1000,
1200,
1000,
800,
600,
400,
800,
400,
-600,
-1000,
600,
1400,
1200,
200,
-600,
-1800,
-2200,
-1400,
-1000,
-1400,
-2000,
-2400,
-2200,
-1800,
-1000,
0,
1200,
2000,
1800,
1400,
1200,
800,
400,
200,
0,
0,
0,
0,
200,
600,
600,
200,
0,
-200,
-200,
-600,
-800,
-800,
-400,
-200,
-200,
0,
0,
200,
200,
-200,
-200,
-400,
-600,
-800,
-400,
-400,
-400,
-400,
-600,
-200,
200,
600,
1000,
400,
200,
400,
400,
400,
1200,
2200,
1800,
400,
-200,
600,
-800,
-3000,
-3600,
-3200,
-3000,
-1400,
-200,
600,
1200,
1400,
1600,
1400,
1000,
400,
200,
400,
400,
0,
-400,
-600,
-1000,
-800,
-800,
-400,
-200,
-200,
200,
200,
0,
-200,
-400,
-400,
-400,
-200,
0,
0,
0,
400,
400,
600,
600,
1000,
1000,
800,
600,
-200,
-800,
-1200,
-1400,
-1800,
-2200,
-2800,
-2800,
-2600,
-1800,
-400,
1400,
2800,
3800,
4200,
3800,
3000,
1600,
400,
-800,
-1400,
-1600,
-1800,
-1800,
-2000,
-2000,
-2000,
-1800,
-1400,
-1000,
-400,
400,
1400,
1000,
600,
600,
1400,
2000,
1200,
600,
-200,
-800,
-1200,
-600,
400,
400,
-200,
-400,
-600,
-400,
-200,
400,
1000,
1200,
1000,
200,
-200,
-600,
-800,
-1400,
-1800,
-1200,
-1800,
-1000,
800,
1000,
800,
800,
0,
-600,
-600,
-1200,
-1600,
-1400,
-800,
0,
600,
1400,
1400,
1400,
2000,
1800,
1400,
600,
0,
-400,
-400,
-1000,
-1800,
-2000,
-1800,
-1400,
-1000,
-600,
200,
600,
1000,
1200,
1000,
600,
0,
0,
-200,
-1800,
-1600,
200,
0,
-1000,
-600,
0,
600,
1000,
1200,
1400,
1200,
800,
400,
-200,
-600,
-1000,
-1000,
-1000,
-1000,
-600,
-400,
-200,
-400,
0,
0,
-200,
0,
0,
0,
0,
-200,
-400,
-200,
0,
0,
200,
400,
400,
600,
400,
400,
200,
-200,
-600,
-600,
-800,
-1000,
-1200,
-1000,
-600,
-400,
200,
0,
200,
400,
600,
800,
1200,
1400,
1400,
1400,
1000,
400,
-200,
-600,
-1200,
-1400,
-2200,
-2800,
-3400,
-3400,
-3000,
-2200,
-1000,
1000,
2600,
4200,
5200,
4800,
2800,
800,
800,
800,
0,
-1000,
-1800,
-2800,
-3400,
-2800,
-2000,
-1400,
-1200,
-1400,
-1000,
-200,
600,
1400,
2000,
2200,
2200,
1600,
800,
400,
-400,
-600,
-800,
-800,
-800,
-600,
-600,
-600,
-400,
-200,
0,
200,
200,
800,
600,
400,
200,
200,
-600,
0,
1200,
1000,
400,
400,
-600,
-1800,
-2000,
-2600,
-2800,
-2000,
-1000,
-600,
-200,
800,
1800,
2200,
2200,
2000,
1400,
1200,
1200,
800,
0,
200,
-800,
-2600,
-2600,
-800,
-800,
-1600,
-1200,
-800,
-200,
600,
1400,
1400,
1400,
800,
400,
-200,
-600,
-1000,
-1200,
-1000,
-800,
-200,
200,
600,
800,
800,
400,
400,
0,
0,
200,
200,
400,
0,
-200,
-200,
-400,
-200,
-600,
-600,
-800,
-600,
-800,
-600,
-400,
-400,
-200,
0,
0,
200,
400,
600,
400,
600,
600,
800,
400,
400,
200,
0,
-400,
-400,
-600,
-800,
-800,
-1400,
-1000,
-1000,
-800,
-200,
200,
400,
400,
600,
600,
800,
1200,
1400,
1200,
800,
600,
200,
0,
-600,
-2200,
-2600,
-1400,
-800,
-1000,
-1800,
-2400,
-3000,
-1800,
600,
2400,
3000,
3000,
2400,
1800,
1000,
800,
600,
1000,
1200,
800,
-200,
-1200,
-1800,
-2400,
-2800,
-3200,
-2600,
-1800,
-800,
600,
1400,
1600,
1600,
1200,
200,
-200,
-800,
-1000,
-1000,
-600,
-800,
-1600,
-1800,
3400,
4600,
1400,
600,
800,
0,
-200,
600,
1200,
1200,
1000,
200,
-600,
-1200,
-1600,
-1600,
-1200,
-1400,
-1800,
-1400,
-1600,
-1200,
-1400,
-400,
-800,
-2000,
-800,
1400,
1200,
400,
400,
800,
1200,
1600,
2000,
2000,
1800,
1000,
600,
-200,
-800,
-1200,
-1600,
-1400,
-1200,
-1000,
-600,
200,
400,
400,
200,
0,
-400,
-800,
-1000,
-1200,
-1200,
-800,
-800,
-400,
0,
400,
600,
600,
600,
800,
800,
1000,
800,
1200,
1000,
600,
200,
-400,
-800,
-1200,
-1000,
-800,
-600,
-800,
-1000,
-800,
-400,
-400,
-600,
-1000,
-1000,
-400,
-600,
-400,
600,
1200,
1600,
1400,
1400,
1400,
1000,
200,
-400,
-1200,
-1400,
-1200,
-1200,
-1200,
-600,
