8200,
600,
-6800,
400,
9800,
600,
-3200,
-3400,
-1200,
-400,
-600,
-1800,
-1800,
800,
-1000,
-4600,
4200,
5000,
-7600,
-17800,
-5000,
12200,
11400,
2400,
7000,
-1400,
-12600,
2200,
13000,
7400,
-10000,
-3400,
1200,
2400,
2200,
2200,
3000,
2800,
-4400,
-5600,
-2000,
600,
2000,
-400,
-400,
1200,
6600,
7800,
-1600,
-400,
-1600,
-9800,
-14800,
-14800,
-6800,
25400,
10200,
-4600,
-13600,
-22800,
-7600,
16600,
14000,
-6200,
-10600,
-8200,
9800,
25400,
8800,
-25200,
-17600,
1400,
8600,
10400,
10200,
9600,
10400,
6000,
-3800,
-11000,
-7800,
3600,
16600,
8400,
-9800,
-19800,
-10800,
1200,
3200,
4800,
0,
-3800,
-5400,
-6600,
-6000,
-4200,
-600,
800,
-3200,
4800,
9600,
8400,
6600,
6400,
6600,
4800,
1200,
600,
-400,
-4000,
-2000,
5200,
4000,
-6800,
-6400,
-5800,
-24800,
-1000,
-600,
13000,
25400,
-600,
-18600,
-8600,
-25600,
-5800,
25400,
25400,
-3400,
-2400,
25400,
10200,
1200,
-2600,
-8200,
-9600,
1200,
8400,
7000,
2400,
7800,
11600,
12400,
11400,
8200,
6800,
5800,
3800,
3000,
3800,
3800,
3600,
7400,
5000,
-7400,
-10800,
-2000,
6000,
3800,
-1600,
-1200,
6000,
1800,
-4600,
-7200,
-6200,
-3800,
-3200,
-4600,
-2600,
3000,
5000,
2000,
600,
2800,
5600,
3400,
2800,
4200,
3800,
2800,
6600,
10600,
6400,
-6200,
-13400,
-12600,
-5000,
2200,
1400,
-800,
-800,
-4200,
-5400,
-1000,
3600,
5800,
7800,
7000,
4600,
2800,
-400,
-5400,
-7400,
-5000,
-400,
3800,
8200,
11200,
8600,
2000,
-5800,
-8000,
-7000,
-7200,
-7400,
-7400,
-7400,
-3200,
2800,
4200,
-3600,
-9400,
11400,
25400,
9400,
400,
-6600,
-20200,
-25600,
8800,
21600,
24400,
25400,
25400,
25400,
5000,
-3400,
-5200,
-6400,
-10200,
-14200,
-12800,
8400,
25400,
19800,
5200,
400,
-9400,
-6400,
4600,
8800,
10600,
11800,
12000,
9200,
4000,
-1600,
-5000,
-4400,
-2600,
-200,
3400,
1200,
-3000,
-5000,
-3600,
-4400,
-3000,
4400,
10000,
9000,
3400,
-2000,
-2800,
3800,
3600,
2000,
3000,
-200,
-3800,
-3600,
-3400,
-3800,
-4200,
-2800,
600,
4400,
6000,
5000,
2800,
1400,
1200,
1400,
1000,
-400,
-400,
-400,
-2200,
-3200,
-2800,
-1600,
400,
2000,
1000,
-1400,
-2600,
-1800,
-200,
1200,
1200,
1000,
1400,
1800,
1200,
-400,
-1200,
-800,
-400,
-600,
-400,
600,
1200,
400,
-2200,
-2600,
600,
3400,
2600,
1200,
200,
-400,
-1000,
-400,
1600,
2800,
2000,
1000,
800,
800,
200,
-400,
-800,
-1000,
-800,
-1000,
-1800,
-2400,
-2800,
-2000,
-1000,
-1200,
-1800,
-1800,
-1000,
200,
200,
-400,
-600,
-400,
-600,
-800,
-1200,
-2200,
-2600,
-2200,
-2200,
-1800,
800,
3400,
6000,
7200,
6800,
5200,
3600,
2600,
600,
-2000,
400,
8400,
10200,
600,
-8000,
-8600,
-7800,
-8600,
-9000,
-8000,
-5400,
-800,
2800,
3800,
2400,
400,
1800,
3200,
2200,
1400,
2000,
2200,
2200,
1800,
1800,
1000,
0,
0,
-200,
-1600,
-3200,
-4000,
-4000,
-4000,
-4200,
-4000,
-3400,
-2000,
-600,
1000,
2000,
4000,
5400,
5600,
6200,
6400,
5400,
3200,
1800,
1200,
-400,
-1800,
-2400,
-4200,
-6600,
-7000,
-6200,
-5800,
-6200,
-5200,
-3000,
-200,
2600,
5200,
6600,
7800,
9000,
7800,
4400,
1200,
-600,
-2400,
-5200,
-5600,
-4400,
-3400,
-3000,
-3000,
-3000,
-2000,
-1600,
-400,
1400,
2400,
2800,
3000,
3000,
2400,
1400,
400,
-200,
-600,
-1000,
200,
400,
-200,
200,
800,
-1000,
-2400,
-600,
1000,
800,
0,
0,
-400,
-1600,
-1200,
1000,
2000,
1000,
-200,
0,
0,
0,
-400,
-400,
-200,
-800,
-1400,
-800,
-600,
-1000,
-2000,
-3200,
-3400,
-2400,
-1000,
-400,
1000,
2800,
4600,
4200,
2200,
1400,
1200,
1000,
600,
200,
0,
-400,
-1000,
-1200,
-1000,
-1000,
-1200,
-1200,
-800,
-200,
-400,
-600,
0,
400,
0,
0,
0,
-600,
-600,
-600,
-200,
-200,
-200,
200,
400,
400,
1000,
1200,
-200,
0,
1600,
1200,
-400,
-1200,
-1000,
-800,
-400,
-200,
200,
400,
600,
400,
200,
-400,
-1000,
-2000,
-2400,
-1400,
-2400,
-1400,
1600,
1600,
600,
2400,
2400,
800,
600,
600,
-600,
-600,
400,
1400,
1000,
1400,
1200,
800,
600,
-800,
-3400,
-5400,
-5800,
-6000,
-4200,
-1000,
1600,
3600,
4600,
6000,
6400,
6000,
4000,
2200,
0,
-2000,
-4000,
-5000,
-5000,
-4600,
-3800,
-2600,
-2000,
-1400,
-1000,
400,
800,
200,
-1200,
400,
10800,
19800,
10200,
-5800,
-11400,
-10800,
-9200,
-6000,
-1000,
3800,
5800,
5000,
3800,
3200,
1000,
-1800,
-2000,
-1400,
-1400,
-1000,
-400,
-1000,
-1000,
200,
-200,
800,
3200,
3600,
2200,
200,
-800,
-1400,
-1800,
-1800,
-2000,
-2200,
-3000,
-3000,
-2800,
-2800,
-2200,
-1200,
-400,
800,
2400,
3200,
3200,
3200,
3000,
2600,
2600,
2400,
1000,
-400,
-1400,
-2000,
-2800,
-1000,
1800,
1400,
-1400,
-2600,
-3000,
-3600,
-4200,
-2400,
-400,
400,
1200,
1600,
2200,
1800,
1400,
1000,
0,
-400,
1200,
2600,
-4800,
-6000,
2400,
7000,
6000,
1800,
-1400,
-1200,
-600,
-1800,
-3800,
-3800,
-2600,
-1400,
-600,
400,
400,
-1000,
-2000,
-2000,
-1600,
200,
2800,
3800,
2800,
2000,
2200,
1400,
-400,
-1000,
-1200,
-2400,
-3800,
-4200,
-2600,
400,
3000,
4600,
5800,
5600,
4200,
2600,
1600,
600,
-800,
-3600,
-6200,
-7600,
-8200,
-7600,
-6000,
-3000,
800,
3600,
4000,
4200,
5200,
5600,
4600,
3400,
2200,
600,
-1000,
-2000,
-2000,
-2200,
-2800,
-3600,
-3200,
-2600,
-2000,
-1400,
-600,
200,
600,
1400,
2200,
2600,
2600,
2200,
1600,
800,
200,
600,
-200,
-600,
-200,
200,
200,
-1000,
-2400,
-2600,
-400,
1400,
800,
0,
-200,
0,
200,
600,
600,
600,
200,
-800,
-1600,
-1800,
-1400,
-200,
600,
-200,
0,
0,
-200,
-200,
0,
-1200,
-1200,
-600,
-1200,
-2400,
-1600,
400,
2400,
3400,
2400,
200,
-1600,
-1800,
-200,
1600,
2000,
1200,
200,
-600,
-800,
-400,
200,
400,
400,
600,
200,
0,
-200,
-400,
-600,
-800,
-1000,
-1200,
-800,
-400,
-400,
-200,
-200,
0,
400,
600,
1200,
2000,
600,
-600,
400,
600,
-1200,
-2000,
-2000,
-1400,
-1000,
-400,
400,
800,
1200,
1200,
800,
400,
-400,
-1000,
-1400,
-2400,
-2600,
-2600,
-2200,
-1600,
-800,
0,
1600,
2000,
2800,
5400,
7200,
6800,
4600,
2600,
1000,
0,
-1200,
-3400,
-6400,
-7600,
-6000,
-5200,
-5000,
-5600,
-5000,
-2800,
-1000,
400,
2600,
5400,
7000,
7600,
7800,
6600,
5200,
3400,
1400,
-800,
-3200,
-5200,
-6000,
-5600,
-5400,
-4200,
-3600,
-3200,
-2400,
-1400,
0,
1400,
2400,
3000,
3400,
2800,
2200,
2200,
2000,
1800,
1400,
600,
-400,
-1600,
-2200,
-3000,
-2800,
-2000,
-1200,
-400,
600,
1800,
1800,
600,
1000,
2200,
3000,
2600,
1800,
600,
-1200,
-2200,
-2400,
-2600,
-2800,
-3400,
-3600,
-3200,
-3000,
-1800,
-600,
800,
1400,
1600,
1600,
1600,
1400,
1400,
1200,
1000,
600,
400,
400,
200,
200,
200,
200,
0,
200,
-200,
-400,
-800,
-1200,
-1200,
-1400,
-800,
-400,
-200,
200,
600,
800,
800,
600,
400,
0,
-600,
-600,
-1000,
-1000,
-800,
-600,
-600,
-400,
0,
400,
800,
1400,
1200,
800,
800,
800,
400,
-1400,
-1800,
-1200,
-1800,
-2800,
-2800,
-1800,
-600,
400,
1000,
1200,
1400,
1800,
1400,
1200,
1200,
1000,
200,
0,
400,
600,
600,
600,
1000,
1200,
1400,
1800,
1600,
800,
-400,
-1600,
-2800,
-3800,
-5200,
-6200,
-6400,
-6000,
-4600,
-1800,
2600,
5600,
6200,
5400,
5200,
4600,
4000,
3000,
1600,
-600,
-2600,
-3600,
-3800,
-4000,
-3600,
-2600,
-2000,
-1400,
-600,
0,
200,
600,
1000,
1200,
1400,
1600,
1600,
1800,
1400,
1200,
600,
0,
-400,
-1200,
-1800,
-2200,
-2000,
-2000,
-2000,
-1600,
-1200,
-400,
200,
1000,
2000,
2400,
2400,
2400,
2000,
1400,
800,
-400,
-600,
-1400,
-2200,
-2400,
-1600,
-2200,
-2400,
-2200,
-1800,
-1000,
200,
800,
1400,
1400,
1000,
600,
1000,
1400,
1200,
600,
0,
-600,
-400,
0,
200,
200,
400,
200,
-600,
-1200,
-1800,
-2000,
-2000,
-1800,
-1400,
-600,
-200,
400,
800,
800,
800,
1000,
600,
400,
400,
0,
0,
200,
200,
400,
400,
200,
600,
600,
600,
600,
200,
-400,
-1000,
-1400,
-1200,
-1200,
-1400,
-1600,
-1200,
-1200,
-1200,
-1000,
-600,
-400,
-600,
-800,
-600,
-600,
-400,
600,
1200,
0,
1400,
2800,
2200,
1200,
1000,
1400,
1600,
2000,
2400,
2200,
1600,
800,
-800,
-2800,
-5400,
-6000,
-5800,
-5000,
-4400,
-4600,
-5200,
-4800,
-2400,
800,
4200,
6800,
8200,
8400,
7600,
5800,
3400,
800,
-1200,
-2800,
-3600,
-4000,
-3800,
-3200,
-2200,
-1800,
-1400,
-1400,
-600,
0,
200,
400,
800,
1000,
1200,
1400,
1400,
1400,
1200,
800,
400,
0,
-200,
-800,
-1400,
-1800,
-1800,
-2000,
-1800,
-1200,
-1000,
-600,
800,
1400,
1400,
1600,
1800,
1800,
1400,
1000,
400,
-200,
-800,
-1000,
-1600,
-1400,
-1000,
-1200,
-1000,
-800,
-600,
-600,
-600,
-800,
-800,
200,
800,
1200,
1600,
1600,
1000,
-200,
-200,
200,
400,
400,
400,
-200,
-1400,
-1600,
-800,
0,
-400,
-800,
-1200,
-1800,
-1000,
-1400,
600,
6400,
7800,
4000,
-200,
-2800,
-5200,
-6400,
-4600,
-2200,
-400,
1200,
1800,
1400,
1200,
600,
600,
1000,
600,
-200,
-600,
-200,
400,
0,
-600,
-1200,
-1400,
-1200,
-600,
0,
1000,
1800,
1200,
200,
-800,
-1200,
-1400,
-1000,
-200,
400,
200,
400,
400,
600,
1000,
1400,
1800,
1800,
1800,
1600,
1400,
1400,
-800,
-2800,
-3200,
-3800,
-4400,
-4400,
-4800,
-5800,
-6200,
-5000,
-1800,
2400,
6600,
9000,
9800,
8800,
7400,
5000,
2600,
400,
-2000,
-4200,
-5600,
-5800,
-5200,
-4200,
-4000,
-3200,
-2400,
-1200,
-600,
200,
800,
1600,
2200,
2800,
3600,
3400,
3200,
2600,
1800,
1200,
200,
-1000,
-1400,
-2000,
-2200,
-2400,
-2200,
-2000,
-1800,
-1400,
-400,
200,
1000,
1400,
1800,
2000,
1800,
1400,
1000,
400,
200,
-400,
-1200,
-1800,
-2200,
-2200,
-2200,
-2200,
-1800,
-1400,
-1000,
-600,
0,
600,
1200,
1400,
1600,
1800,
2200,
1800,
1600,
1600,
600,
-400,
-1000,
-1800,
-1800,
-1600,
-1400,
-1400,
-200,
400,
800,
200,
-400,
400,
1200,
1400,
1400,
1200,
200,
-1000,
-1200,
-600,
-600,
-1200,
-1200,
-1200,
-1200,
-800,
0,
800,
1200,
1400,
1200,
400,
-600,
-1200,
-1600,
-1400,
-1400,
-1400,
-1200,
-800,
-200,
400,
1000,
1000,
800,
800,
1000,
600,
0,
-600,
-800,
-800,
-600,
-600,
200,
1000,
1600,
2200,
2600,
2600,
2800,
2200,
1400,
800,
-200,
-1400,
-2400,
-3800,
-4800,
-5000,
-4800,
-5000,
-5000,
-4400,
-2800,
-600,
2400,
5000,
7200,
6400,
6400,
6400,
4800,
1400,
-1200,
-2600,
-3400,
-3400,
-3400,
-2800,
-2200,
-1600,
-1600,
-1000,
-800,
-800,
-600,
-200,
400,
1200,
1200,
1000,
2600,
3200,
2200,
1400,
800,
400,
-200,
-1200,
-2000,
-2400,
-2400,
-2200,
-1800,
-1200,
-800,
0,
600,
800,
1400,
1600,
1800,
2000,
1800,
1600,
1000,
400,
-400,
-800,
-1400,
-2000,
-2200,
-2400,
-2200,
-2000,
-1600,
-1200,
-400,
200,
800,
1200,
1200,
1200,
1400,
1400,
1200,
600,
-200,
-200,
-600,
-600,
-800,
-800,
-800,
-800,
-600,
-200,
-200,
800,
1400,
1000,
600,
400,
200,
-200,
-400,
-400,
-600,
-1000,
-800,
0,
-200,
-1000,
-1000,
-200,
400,
600,
1200,
1000,
0,
-800,
-400,
-400,
-800,
-1000,
-1000,
-1000,
-800,
-600,
200,
1000,
1200,
1000,
600,
400,
-400,
-1000,
-1400,
-1600,
-1600,
-1400,
-1000,
-400,
0,
1000,
1800,
2200,
2600,
2800,
2600,
2400,
2000,
1400,
600,
-200,
-1400,
-2600,
-3400,
-4000,
-4600,
-5000,
-5200,
-5400,
-4800,
-3000,
-400,
2200,
5000,
6400,
7400,
6800,
5400,
4000,
2200,
600,
-800,
-2200,
-2800,
-3400,
-3600,
-2600,
-3200,
-3800,
-2600,
-800,
-800,
-1400,
-1000,
0,
1200,
2200,
3000,
3400,
3600,
3200,
2200,
1200,
0,
-1200,
-2200,
-2800,
-3200,
-3200,
-2600,
-1800,
-1000,
-200,
600,
1400,
1800,
2200,
2200,
2000,
2200,
1400,
800,
400,
0,
-1000,
-1600,
-1800,
-2200,
-2200,
-2200,
-2200,
-2000,
-1000,
-1000,
-1400,
200,
1600,
1800,
1400,
1200,
1200,
1400,
1200,
1000,
600,
400,
0,
-400,
-800,
-800,
-1000,
-1000,
-600,
-600,
-200,
0,
0,
400,
600,
800,
400,
-200,
0,
0,
0,
-200,
-400,
-400,
-200,
-200,
-400,
-400,
-400,
-400,
-400,
-200,
200,
400,
600,
0,
-1400,
-1400,
400,
1000,
800,
600,
200,
-800,
-1000,
-200,
200,
-400,
-1000,
-1200,
-1600,
-1400,
-1000,
0,
600,
1200,
1200,
1400,
1400,
1600,
1800,
1600,
1400,
1600,
1400,
1200,
600,
0,
-600,
-1800,
-3000,
-4000,
-4600,
-4600,
-5200,
-5400,
-4400,
-2600,
400,
3000,
5600,
7000,
7600,
7000,
5800,
4400,
2000,
-200,
-2000,
-3200,
-3800,
-4200,
-4400,
-4200,
-3800,
-3400,
-2600,
-1400,
0,
1200,
2000,
2400,
3000,
3400,
3800,
2200,
800,
1200,
1400,
-800,
-2400,
-3000,
-3000,
-2200,
-2000,
-1200,
-800,
-200,
200,
400,
800,
800,
800,
1000,
1200,
1200,
1200,
1000,
800,
600,
0,
-600,
-1000,
-1200,
-1600,
-1800,
-2000,
-2000,
-1600,
-1200,
-600,
200,
400,
800,
1400,
1600,
1600,
1400,
800,
600,
0,
-600,
-800,
-1000,
-1200,
-1200,
-1200,
-800,
-400,
0,
200,
600,
1000,
1000,
1200,
1000,
1000,
600,
200,
-200,
-200,
-200,
-600,
-600,
-1000,
-1000,
-800,
-800,
-1200,
-600,
600,
-600,
-2000,
-400,
2800,
2400,
-800,
0,
800,
-600,
-1200,
-200,
200,
-600,
-600,
400,
1400,
1400,
1200,
800,
200,
-1200,
-2200,
-3200,
-3600,
-2600,
-600,
1000,
1200,
1200,
400,
400,
1400,
2600,
4200,
4800,
4600,
3400,
1400,
-600,
-2800,
-5000,
-6200,
-6400,
-6600,
-7000,
-6400,
-4600,
-1400,
2200,
5400,
7600,
8600,
7800,
6200,
4800,
3000,
1200,
-1000,
-3200,
-3600,
-3400,
-3400,
-3600,
-3600,
-3400,
-3000,
-2800,
-2200,
-1200,
-400,
200,
1200,
2200,
3000,
2800,
2200,
2000,
2000,
1600,
1000,
400,
-200,
-600,
-400,
-200,
-2000,
-2400,
-800,
