1.438884
1.404331
1.369358
1.334775
1.300314
1.265229
1.230144
1.194217
1.158788
1.124112
1.097086
1.098465
1.064327
1.030619
0.997601
0.964936
0.932631
0.900770
0.866291
0.833610
0.800864
0.765974
0.731089
0.696208
0.661332
0.626460
0.591593
0.556731
0.521875
0.490706
0.457690
0.422911
0.388901
0.359272
0.324975
0.290300
0.255634
0.220978
0.186473
0.157867
0.124533
0.090014
0.057888
0.029402
-0.004966
-0.032500
-0.064267
-0.098453
-0.130718
-0.156344
-0.190292
-0.216992
-0.222666
-0.223344
-0.247282
-0.280614
-0.313892
-0.339501
-0.346675
-0.343245
-0.375967
-0.408606
-0.441175
-0.473672
-0.506094
-0.538439
-0.570685
-0.590510
-0.607317
-0.598441
-0.564749
-0.595933
-0.626973
-0.645517
-0.667524
-0.702691
-0.749000
-0.761219
-0.787874
-0.817529
-0.839670
-0.852052
-0.880751
-0.889791
-0.896032
-0.911799
-0.938713
-0.964853
-0.967417
-0.988210
-0.999129
-1.007488
-1.028396
-1.025741
-1.021510
-1.034660
-1.043535
-1.031641
-1.002988
-1.022557
-1.064580
-1.097013
-1.115733
-1.133932
-1.151500
-1.168436
-1.184790
-1.187148
-1.176572
-1.190692
-1.204007
-1.192031
-1.187991
-1.198974
-1.206888
-1.182367
-1.214462
-1.235293
-1.242471
-1.248894
-1.254499
-1.259160
-1.263037
-1.266127
-1.268424
-1.269925
-1.270441
-1.270111
-1.268982
-1.267056
-1.264335
-1.260740
-1.224279
-1.208467
-1.218710
-1.229673
-1.188556
-1.180273
-1.171266
-1.161564
-1.151179
-1.144027
-1.165069
-1.155725
-1.142226
-1.113975
-1.074445
-1.059477
-1.043785
-1.027545
-1.010772
-0.993479
-0.978445
-0.989669
-0.974325
-0.954577
-0.934383
-0.913758
-0.892697
-0.871135
-0.849188
-0.812948
-0.771380
-0.748728
-0.725666
-0.702250
-0.678519
-0.654482
-0.630149
-0.605507
-0.580531
-0.555291
-0.529794
-0.504049
-0.478063
-0.451790
-0.425284
-0.411760
-0.398812
-0.371366
-0.343709
-0.335061
-0.298957
-0.259566
-0.226221
-0.177540
-0.149075
-0.120454
-0.091686
-0.062773
-0.033720
-0.004512
0.024845
0.054327
0.083932
0.113656
0.143497
0.173481
0.203572
0.233767
0.264064
0.294460
0.324968
0.355580
0.386281
0.410221
0.427820
0.458975
0.490226
0.521552
0.552950
0.580011
0.597405
0.629197
0.661056
0.692976
0.724954
0.756989
0.789084
0.808263
0.827149
0.852862
0.864724
0.821861
0.842179
0.872778
0.905735
0.910277
0.874718
0.896417
0.918726
0.948735
0.961781
0.959534
0.983200
1.007480
1.032240
1.057464
1.083143
1.109269
1.135895
1.163011
1.194998
1.229418
1.263850
1.298293
1.292168
1.264243
1.226324
1.207334
1.236539
1.271180
1.271164
1.265935
1.246582
1.213689
1.209288
1.205251
1.201507
1.216025
1.227646
1.192045
1.189544
1.216759
1.206914
1.183898
1.182612
1.181648
1.181045
1.180742
1.197878
1.214791
1.181625
1.182589
1.183866
1.185442
1.200032
1.237223
1.274700
1.309920
1.344927
1.348820
1.333327
1.371393
1.406341
1.416484
1.400523
1.393132
1.423867
1.389038
1.354214
1.322492
1.307739
1.305502
1.276259
1.247506
1.214324
1.179763
1.147231
1.118601
1.084142
1.055729
1.050467
1.058006
1.065839
1.073978
1.049781
1.024737
1.017422
1.026986
1.036837
1.047034
1.057535
1.041215
1.007830
0.974475
0.941153
0.907869
0.874618
0.841401
0.808219
0.775072
0.741970
0.718709
0.690772
0.653467
0.609958
0.577062
0.555765
0.527057
0.494463
0.461919
0.429426
0.397002
0.354029
0.315686
0.283257
0.250885
0.218581
0.186348
0.154178
0.122074
0.090037
0.058071
0.026198
-0.005600
-0.037320
-0.068959
-0.100515
-0.131969
-0.163324
-0.194585
-0.225749
-0.256814
-0.287770
-0.318592
-0.336482
-0.367408
-0.410365
-0.440711
-0.470899
-0.500939
-0.530836
-0.560586
-0.593216
-0.641693
-0.672479
-0.701864
-0.731073
-0.760100
-0.788938
-0.817529
-0.845900
-0.874052
-0.901976
-0.929664
-0.957074
-0.984176
-1.011003
-1.037542
-1.069301
-1.118668
-1.144641
-1.170269
-1.195540
-1.220440
-1.244951
-1.268992
-1.292539
-1.315629
-1.338243
-1.360360
-1.381948
-1.402839
-1.423149
-1.442855
-1.461931
-1.480353
-1.497962
-1.514772
-1.530829
-1.546106
-1.560577
-1.574168
-1.586684
-1.598294
-1.608977
-1.618708
-1.627465
-1.635006
-1.641446
-1.646843
-1.651184
-1.654457
-1.656559
-1.657356
-1.657066
-1.655689
-1.653230
-1.649694
-1.644828
-1.638872
-1.631884
-1.623883
-1.614887
-1.604801
-1.593617
-1.581522
-1.568542
-1.554701
-1.540027
-1.524330
-1.507868
-1.490672
-1.472769
-1.454184
-1.434850
-1.414816
-1.394195
-1.373010
-1.351285
-1.329028
-1.306153
-1.282817
-1.259039
-1.234836
-1.210228
-1.185163
-1.159698
-1.133888
-1.107746
-1.081288
-1.054509
-1.027377
-0.999976
-0.972315
-0.944406
-0.915117
-0.866023
-0.834175
-0.805692
-0.777004
-0.748119
-0.719029
-0.689724
-0.660250
-0.630611
-0.600814
-0.570865
-0.540734
-0.510460
-0.480053
-0.449519
-0.418860
-0.388069
-0.357145
-0.326113
-0.294976
-0.263738
-0.232401
-0.200945
-0.169398
-0.137765
-0.106048
-0.074250
-0.042362
-0.010388
0.021657
0.053772
0.085956
0.118207
0.150537
0.182928
0.215378
0.247885
0.280448
0.313075
0.345758
0.378491
0.416350
0.459491
0.492212
0.524990
0.557814
0.590682
0.623592
0.656545
0.689548
0.722592
0.748787
0.774850
0.808136
0.841459
0.874820
0.908212
0.941635
0.975086
1.008567
1.042083
1.075627
1.103434
1.127252
1.152689
1.186541
1.212332
1.243400
1.273598
1.301133
1.335174
1.327186
1.298819
1.264616
1.230428
1.195443
1.153324
1.171573
1.153802
1.141777
1.170787
1.205274
1.239773
1.243636
1.219333
1.189342
1.186444
1.215983
1.249962
1.281792
1.312066
1.343380
1.378248
1.409490
1.443349
1.441543
1.404115
1.369006
1.330900
1.321960
1.340440
1.346860
1.320401
1.353794
1.355079
1.330110
1.295025
1.259701
1.223672
1.187999
1.180725
1.180754
1.193377
1.228977
1.264072
1.299167
1.334262
1.369111
1.369111
1.523010
1.490282
1.456826
1.421997
1.387455
1.355688
1.387294
1.419359
1.452153
1.436321
1.402937
1.370847
1.338456
1.305663
1.272302
1.238832
1.205780
1.203602
1.236654
1.243407
1.238961
1.207411
1.192742
1.194480
1.166773
1.134489
1.104045
1.073925
1.044073
1.011713
0.986218
0.983320
0.961498
0.926386
0.895785
0.864826
0.832135
0.799445
0.766757
0.737143
0.706618
0.673994
0.643946
0.615125
0.582585
0.550049
0.517519
0.484997
0.452478
0.419970
0.387466
0.354970
0.326195
0.298216
0.265846
0.231203
0.193682
0.164324
0.136468
0.104156
0.071855
0.039566
0.007296
-0.024966
-0.057206
-0.089433
-0.121647
-0.147916
-0.174705
-0.206693
-0.238656
-0.270602
-0.302507
-0.334396
-0.366249
-0.398071
-0.429872
-0.461619
-0.493346
-0.525029
-0.556670
-0.588287
-0.610331
-0.635362
-0.666536
-0.697639
-0.728376
-0.747814
-0.766564
-0.784170
-0.810642
-0.839505
-0.854519
-0.868653
-0.881550
-0.892764
-0.905262
-0.932558
-0.959675
-0.986580
-0.997018
-1.006226
-1.031586
-1.056675
-1.081487
-1.105792
-1.129877
-1.153426
-1.163581
-1.162133
-1.139982
-1.125502
-1.146080
-1.166142
-1.185823
-1.179215
-1.177351
-1.194335
-1.192647
-1.179322
-1.192374
-1.196605
-1.178873
-1.180015
-1.191043
-1.200741
-1.198784
-1.175140
-1.172535
-1.179047
-1.184200
-1.188788
-1.192492
-1.195111
-1.197219
-1.197964
-1.183982
-1.150462
-1.166687
-1.193012
-1.189308
-1.184924
-1.179770
-1.173458
-1.166659
-1.158704
-1.134089
-1.093470
-1.105421
-1.119538
-1.107717
-1.095245
-1.082242
-1.068229
-1.053841
-1.038645
-1.022854
-1.006649
-0.989553
-0.972142
-0.954090
-0.935508
-0.916615
-0.922094
-0.911241
-0.865087
-0.832703
-0.807174
-0.786614
-0.774738
-0.778042
-0.763107
-0.740711
-0.717782
-0.694641
-0.671185
-0.647359
-0.621228
-0.574873
-0.558853
-0.580798
-0.582278
-0.575349
-0.549638
-0.523751
-0.497678
-0.471325
-0.444858
-0.418132
-0.391252
-0.364231
-0.352384
-0.338790
-0.310850
-0.291994
-0.280147
-0.252910
-0.224125
-0.195201
-0.175040
-0.160611
-0.131773
-0.106156
-0.089867
-0.064652
-0.034518
-0.004269
0.026018
0.056376
0.078756
0.097845
0.128635
0.159456
0.190328
0.221256
0.252989
0.294877
0.332164
0.363052
0.393996
0.424963
0.455992
0.487049
0.518142
0.541295
0.557879
0.548508
0.555220
0.578107
0.608476
0.640222
0.671997
0.708221
0.748255
0.780918
0.812635
0.844379
0.871612
0.895562
0.934034
0.971552
1.003395
1.035257
1.067129
1.099030
1.128675
1.153355
1.182899
1.214737
1.208066
1.190195
1.151746
1.136122
1.130342
1.125031
1.119914
1.115097
1.110648
1.106372
1.102554
1.098953
1.095638
1.092718
1.094101
1.124544
1.155255
1.186264
1.217717
1.249353
1.281423
1.313869
1.346672
1.379274
1.411893
1.444700
1.477507
1.510314
1.543121
1.575928
1.608736
1.602759
1.570176
1.568849
1.559933
1.527138
1.495075
1.463435
1.430681
1.397903
1.365127
1.333486
1.302364
1.269614
1.237683
1.207167
1.177058
1.149110
1.152375
1.169091
1.205416
1.189827
1.157262
1.124705
1.092151
1.059601
1.027058
0.994517
0.961984
0.931697
0.903775
0.872087
0.839651
0.807226
0.774807
0.742394
0.714789
0.686691
0.654404
0.622128
0.589859
0.552319
0.515769
0.483433
0.454758
0.428448
0.464167
0.502976
0.542042
0.576540
0.608552
0.647820
0.665558
0.641603
0.661724
0.699395
0.667764
0.636149
0.604560
0.573003
0.540794
0.500324
0.463584
0.431969
0.400390
0.368827
0.337307
0.305810
0.274342
0.242917
0.211512
0.180156
0.148830
0.117536
0.095187
0.070369
0.028726
-0.001276
-0.021423
-0.040473
-0.062085
-0.092492
-0.122834
-0.153129
-0.183312
-0.213452
-0.243499
-0.273460
-0.303369
-0.333135
-0.362847
-0.392451
-0.421941
-0.451373
-0.480622
-0.509802
-0.538853
-0.558081
-0.574544
-0.618458
-0.662284
-0.705976
-0.749481
-0.791718
-0.821603
-0.851400
-0.881084
-0.910594
-0.940025
-0.969242
-1.005558
-1.049700
-1.081558
-1.110713
-1.139620
-1.168354
-1.196927
-1.225175
-1.253284
-1.281057
-1.308564
-1.335859
-1.344651
-1.356051
-1.381322
-1.406143
-1.430660
-1.475764
-1.515564
-1.539266
-1.577404
-1.623801
-1.646798
-1.668941
-1.690180
-1.710361
-1.729993
-1.747862
-1.764965
-1.780764
-1.772923
-1.755430
-1.733626
-1.723495
-1.730181
-1.734885
-1.738672
-1.740036
-1.740173
-1.738809
-1.735293
-1.735399
-1.760456
-1.768366
-1.758428
-1.746419
-1.733594
-1.718932
-1.703200
-1.686520
-1.668268
-1.649442
-1.629390
-1.594437
-1.548250
-1.524609
-1.502722
-1.480028
-1.456743
-1.433082
-1.408602
-1.383857
-1.358586
-1.332881
-1.306943
-1.298741
-1.283842
-1.256069
-1.228003
-1.199792
-1.171220
-1.142519
-1.113612
-1.084487
-1.055261
-1.025789
-0.990204
-0.946317
-0.913549
-0.884061
-0.854377
-0.824600
-0.794715
-0.764682
-0.734587
-0.704351
-0.667676
-0.624670
-0.581434
-0.540786
-0.510807
-0.480746
-0.450616
-0.408893
-0.368859
-0.338773
-0.308609
-0.278389
-0.248053
-0.217677
-0.187217
-0.156689
-0.126120
-0.083939
-0.048926
-0.030015
-0.003165
0.027817
0.069878
0.107902
0.138692
0.162010
0.182764
0.213921
0.245105
0.276327
0.315106
0.350824
0.330600
0.332784
0.363672
0.394617
0.425586
0.456614
0.487673
0.518765
0.549908
0.581072
0.612283
0.643523
0.674790
0.706101
0.737431
0.768799
0.800194
0.831610
0.863066
0.894538
0.926042
0.957570
0.989115
1.020697
1.031277
0.990994
0.991554
1.015192
1.046946
1.078829
1.110730
1.137727
1.160944
1.128906
1.096877
1.064863
1.027769
0.990833
0.984247
0.991196
1.017413
1.048257
1.080569
1.112895
1.145227
1.177567
1.205798
1.233764
1.266206
1.296417
1.324330
1.356117
1.388646
1.421182
1.453721
1.486264
1.518814
1.535745
1.499295
1.465053
1.432455
1.399862
1.366314
1.330132
1.334262
1.363822
1.396382
1.428292
1.458447
1.458447
1.690253
1.657676
1.625100
1.592523
1.559408
1.568878
1.582722
1.582716
1.570149
1.558091
1.584279
1.585326
1.585105
1.554147
1.554736
1.528474
1.523979
1.526671
1.507818
1.477012
1.446320
1.413900
1.382422
1.352892
1.320514
1.288168
1.259723
1.227701
1.195377
1.163056
1.133652
1.103241
1.070981
1.038726
1.006478
0.974237
0.942711
0.915231
0.883064
0.850905
0.818754
0.786613
0.754480
0.722357
0.690243
0.658139
0.626046
0.595608
0.568404
0.536414
0.504437
0.472474
0.440526
0.408592
0.376673
0.344769
0.312882
0.281011
0.249158
0.219666
0.193438
0.161737
0.130059
0.098404
0.066775
0.035171
0.003593
-0.027958
-0.054075
-0.076588
-0.098408
-0.123349
-0.151349
-0.171592
-0.187758
-0.177094
-0.207422
-0.237684
-0.278196
-0.301936
-0.299096
-0.303483
-0.326462
-0.349972
-0.364714
-0.378529
-0.382586
-0.342098
-0.353798
-0.337314
-0.344518
-0.368446
-0.395521
-0.422432
-0.459449
-0.496173
-0.515583
-0.515053
-0.504636
-0.530348
-0.555217
-0.559556
-0.583104
-0.607569
-0.631776
-0.655715
-0.665717
-0.677715
-0.700445
-0.714697
-0.724698
-0.762594
-0.760977
-0.781631
-0.801862
-0.821686
-0.841089
-0.860054
-0.878567
-0.896610
-0.914167
-0.931222
-0.947756
-0.963754
-0.979196
-0.992953
-0.977659
-1.017916
-1.034902
-1.047234
-1.058902
-1.069888
-1.080177
-1.089751
-1.098595
-1.106697
-1.114040
-1.120613
-1.126403
-1.131326
-1.135445
-1.138754
-1.141246
-1.142916
-1.143762
-1.143782
-1.142975
-1.141344
-1.138891
-1.131364
-1.097915
-1.125280
-1.151512
-1.121192
-1.107021
-1.098956
-1.090146
-1.080606
-1.070351
-1.059398
-1.047762
-1.035460
-1.022510
-1.009093
-1.023912
-0.984713
-0.988059
-0.999808
-1.010157
-1.019076
-1.036101
-1.062299
-1.088218
-1.113840
-1.139148
-1.164124
-1.188734
-1.191384
-1.191610
-1.209305
-1.248380
-1.279367
-1.287348
-1.294034
-1.323284
-1.354396
-1.343178
-1.316033
-1.288602
-1.260883
-1.232917
-1.204722
-1.176314
-1.137285
-1.102140
-1.073535
-1.044754
-1.020368
-1.002111
-0.970548
-0.928068
-0.898548
-0.868897
-0.839133
-0.809260
-0.788051
-0.762408
-0.732008
-0.701527
-0.670971
-0.640344
-0.609648
-0.578887
-0.548065
-0.517180
-0.476530
-0.444100
-0.420872
-0.393108
-0.361969
-0.330787
-0.299562
-0.268298
-0.236995
-0.205655
-0.174279
-0.142870
-0.111425
-0.079949
-0.048444
-0.016910
0.014652
0.046240
0.077854
0.109492
0.141154
0.172839
0.204546
0.236274
0.268023
0.299793
0.331582
0.363389
0.395214
0.427057
0.458915
0.490790
0.522680
0.554585
0.586505
0.618439
0.650387
0.682349
0.714324
0.746311
0.778310
0.810321
0.842344
0.874377
0.906421
0.938475
0.970540
1.002614
1.034698
1.066792
1.098895
1.135899
1.169248
1.201323
1.233406
1.262681
1.291689
1.322115
1.349323
1.365942
1.334599
1.362787
1.359091
1.355549
1.352283
1.349294
1.346583
1.344150
1.326494
1.304760
1.303149
1.308876
1.331939
1.300013
1.299548
1.299379
1.327846
1.360824
1.393546
1.426128
1.458711
1.491293
1.523876
1.539471
1.513442
1.511553
1.480442
1.482069
1.513795
1.521458
1.548034
1.561830
1.544492
1.513534
1.482957
1.450533
1.418893
1.390007
1.361249
1.328905
1.300611
1.268826
1.236536
1.204252
1.171974
1.139701
1.107434
1.075172
1.042917
1.010668
0.978425
0.946189
0.913961
0.881739
0.849525
0.817318
0.785119
0.752928
0.723378
0.694416
0.662310
0.630215
0.598131
0.566057
0.533995
0.501945
0.469907
0.442891
0.440215
0.447118
0.433262
0.404948
0.392557
0.391905
0.374994
0.387196
0.427481
0.458722
0.440584
0.419391
0.422173
0.432783
0.419257
0.388596
0.357978
0.327405
0.296879
0.266400
0.235202
0.193142
0.174023
0.145013
0.114807
0.084660
0.054575
0.024553
-0.005402
-0.035289
-0.065105
-0.094847
-0.124513
-0.154099
-0.183596
-0.213005
-0.242324
-0.271548
-0.300676
-0.329701
-0.358621
-0.387431
-0.421293
-0.457721
-0.473151
-0.501471
-0.529652
-0.557679
-0.600690
-0.631776
-0.659621
-0.698322
-0.733682
-0.761321
-0.788779
-0.816046
-0.843113
-0.869969
-0.896604
-0.922992
-0.949122
-0.974992
-1.000585
-1.025889
-1.050886
-1.075559
-1.099892
-1.123865
-1.147457
-1.170649
-1.193418
-1.215736
-1.237538
-1.258836
-1.279603
-1.299809
-1.319423
-1.338415
-1.356752
-1.374398
-1.391321
-1.407483
-1.422849
-1.437381
-1.450998
-1.463660
-1.475372
-1.486098
-1.495804
-1.504458
-1.512032
-1.518498
-1.523833
-1.528016
-1.531032
-1.532869
-1.533518
-1.532866
-1.531025
-1.528004
-1.523816
-1.518476
-1.512006
-1.504427
-1.495768
-1.486058
-1.475328
-1.463613
-1.450947
-1.437330
-1.422794
-1.407425
-1.391259
-1.374334
-1.356684
-1.338345
-1.319350
-1.299733
-1.279525
-1.258756
-1.237456
-1.215652
-1.193334
-1.170563
-1.147370
-1.123775
-1.099801
-1.075467
-1.050792
-1.025794
-1.000489
-0.974894
-0.949024
-0.922892
-0.896505
-0.869869
-0.843012
-0.815944
-0.788676
-0.761218
-0.733578
-0.705765
-0.677788
-0.649654
-0.621370
-0.592944
-0.564381
-0.535679
-0.506851
-0.477905
-0.448846
-0.419680
-0.390410
-0.361041
-0.331577
-0.302023
-0.272381
-0.242655
-0.212849
-0.182964
-0.152999
-0.122964
-0.092861
-0.062692
-0.032460
0.004397
0.041216
0.071465
0.101771
0.129871
0.151388
0.193018
0.223540
0.254112
0.284730
0.315393
0.353549
0.388711
0.419372
0.450076
0.480821
0.511605
0.542427
0.573287
0.604183
0.625247
0.655294
0.686402
0.717540
0.748707
0.779902
0.811124
0.842373
0.873647
0.906817
0.946161
0.977417
1.008700
1.040007
1.071337
1.102690
1.134066
1.165462
1.196880
1.224765
1.250731
1.280290
1.304031
1.328184
1.352748
1.384519
1.410228
1.435647
1.461443
1.466875
1.443269
1.436149
1.465110
1.495860
1.523308
1.551099
1.579226
1.607699
1.639892
1.641144
1.663102
1.647503
1.651619
1.647775
1.641148
1.671646
1.693970
1.692475
1.692475
1.574967
1.539137
1.503646
1.468709
1.441667
1.441607
1.441857
1.442416
1.426915
1.430084
1.466404
1.456806
1.423337
1.443800
1.421778
1.389219
1.354609
1.320015
1.287821
1.253659
1.221433
1.187796
1.181150
1.189745
1.153261
1.116743
1.082092
1.050076
1.016672
0.982073
0.947479
0.912891
0.878308
0.848125
0.813601
0.779084
0.744575
0.711601
0.680551
0.646120
0.611700
0.577290
0.542890
0.508501
0.474124
0.439757
0.410467
0.376944
0.342687
0.308446
0.274220
0.240011
0.205819
0.173728
0.146996
0.117577
0.079966
0.042238
0.012994
-0.017974
-0.051792
-0.078822
-0.110853
-0.136035
-0.168847
-0.191919
-0.215363
-0.246362
-0.270207
-0.299309
-0.319122
-0.312095
-0.281149
-0.298482
-0.344322
-0.381328
-0.403387
-0.431672
-0.450919
-0.466466
-0.480914
-0.434903
-0.409162
-0.422384
-0.442783
-0.480259
-0.491430
-0.489849
-0.501754
-0.529591
-0.549743
-0.564619
-0.586060
-0.613520
-0.622660
-0.626551
-0.605178
-0.631565
-0.675668
-0.680864
-0.711191
-0.753451
-0.777817
-0.791444
-0.812982
-0.848609
-0.871381
-0.876391
-0.908874
-0.915914
-0.891758
-0.905626
-0.925255
-0.944314
-0.962801
-0.980700
-1.004831
-1.043553
-1.059889
-1.075543
-1.090493
-1.104715
-1.118187
-1.130885
-1.142789
-1.153875
-1.136944
-1.171109
-1.182030
-1.157473
-1.163968
-1.169558
-1.174233
-1.177982
-1.180798
-1.182673
-1.183605
-1.183591
-1.202625
-1.213465
-1.210547
-1.206673
-1.201850
-1.166319
-1.157269
-1.149821
-1.141487
-1.137670
-1.153537
-1.142427
-1.119530
-1.100078
-1.104285
-1.090041
-1.075070
-1.078816
-1.104516
-1.121748
-1.148252
-1.177824
-1.207126
-1.217407
-1.245649
-1.273541
-1.296178
-1.307025
-1.333206
-1.349280
-1.360902
-1.385013
-1.408525
-1.414390
-1.394146
-1.381668
-1.357114
-1.328149
-1.298862
-1.269264
-1.239386
-1.206508
-1.162636
-1.132415
-1.101972
-1.071324
-1.040481
-1.009458
-0.978265
-0.946912
-0.915409
-0.883766
-0.851989
-0.820088
-0.788069
-0.755935
-0.723694
-0.691354
-0.658921
-0.626399
-0.593793
-0.565668
-0.539227
-0.506211
-0.466825
-0.429641
-0.396612
-0.371420
-0.348246
-0.316152
-0.282612
-0.249030
-0.216256
-0.190024
-0.154377
-0.114326
-0.080565
-0.046773
-0.012950
0.025191
0.048583
0.067474
0.098464
0.132294
0.172924
0.207907
0.241716
0.275263
0.301831
0.335810
0.369810
0.403831
0.437871
0.471931
0.509345
0.543356
0.574220
0.608351
0.642498
0.676661
0.710838
0.745031
0.779238
0.813459
0.847694
0.881942
0.914893
0.944634
0.978977
1.015669
1.053363
1.087681
1.122009
1.160164
1.192299
1.220819
1.258599
1.288975
1.322926
1.357548
1.393337
1.387890
1.389962
1.410440
1.405957
1.401781
1.397914
1.394358
1.391113
1.388179
1.385558
1.383250
1.381255
1.409351
1.442840
1.441701
1.406175
1.371248
1.335999
1.319605
1.354571
1.389435
1.424493
1.459574
1.494434
1.508186
1.532692
1.567804
1.575980
1.547785
1.513100
1.480118
1.453660
1.480744
1.448187
1.413447
1.378708
1.343972
1.309238
1.274506
1.239777
1.205051
1.170327
1.138060
1.104059
1.069375
1.063163
1.026491
0.991753
0.957017
0.922284
0.888411
0.857079
0.852502
0.858973
0.824356
0.787485
0.751289
0.719441
0.739889
0.720706
0.682293
0.647294
0.612836
0.582561
0.548044
0.513535
0.479034
0.446252
0.415114
0.380702
0.349241
0.317531
0.287196
0.255078
0.226024
0.253057
0.265935
0.304769
0.338932
0.372840
0.406770
0.440723
0.474696
0.508691
0.520048
0.508922
0.534055
0.534337
0.506170
0.481934
0.458327
0.427098
0.402783
0.380673
0.348093
0.315167
0.282288
0.249460
0.216682
0.183958
0.151288
0.118677
0.086124
0.046690
0.009259
-0.023260
-0.046203
-0.075663
-0.107806
-0.139872
-0.171854
-0.203749
-0.237541
-0.280794
-0.312609
-0.344328
-0.375948
-0.407462
-0.446299
-0.484527
-0.515928
-0.536647
-0.563287
-0.580878
-0.623046
-0.670368
-0.701603
-0.732021
-0.762269
-0.792337
-0.817482
-0.834283
-0.856081
-0.882254
-0.921005
-0.949412
-0.990087
-1.025093
-1.053014
-1.080621
-1.107895
-1.134817
-1.161356
-1.187481
-1.213179
-1.238426
-1.263192
-1.287447
-1.311159
-1.334294
-1.356816
-1.378688
-1.399869
-1.420318
-1.439990
-1.458842
-1.476825
-1.493893
-1.509981
-1.525010
-1.538972
-1.551816
-1.563495
-1.573964
-1.583181
-1.591105
-1.597703
-1.602942
-1.606800
-1.609256
-1.610299
-1.609924
-1.608133
-1.604933
-1.600321
-1.594283
-1.586905
-1.578220
-1.568266
-1.557085
-1.544721
-1.531222
-1.516634
-1.501008
-1.484393
-1.466837
-1.448390
-1.429098
-1.409008
-1.388165
-1.366602
-1.344342
-1.321455
-1.297978
-1.273944
-1.249387
-1.224338
-1.198825
-1.172876
-1.146517
-1.119772
-1.092662
-1.065210
-1.037435
-1.009354
-0.980987
-0.952345
-0.923436
-0.894286
-0.864908
-0.835315
-0.805518
-0.775528
-0.745354
-0.715006
-0.684493
-0.653824
-0.623005
-0.592045
-0.560950
-0.529727
-0.498382
-0.466919
-0.435340
-0.403656
-0.371871
-0.339990
-0.308016
-0.275955
-0.238120
-0.198946
-0.159507
-0.132716
-0.116055
-0.087940
-0.055752
-0.023491
0.008841
0.041241
0.073709
0.106240
0.138830
0.171479
0.204184
0.236942
0.269753
0.302613
0.335522
0.368478
0.401478
0.434523
0.467609
0.500736
0.533902
0.567106
0.600349
0.633628
0.666941
0.700287
0.733665
0.767075
0.800515
0.833985
0.867483
0.901008
0.934561
0.968139
1.008968
1.044133
1.069525
1.102657
1.127630
1.154081
1.186534
1.214422
1.246174
1.272819
1.302753
1.336917
1.371094
1.360795
1.324226
1.285342
1.271070
1.241602
1.207294
1.172995
1.138709
1.103672
1.063136
1.039220
1.069613
1.104045
1.140775
1.178112
1.209632
1.241853
1.279788
1.287635
1.308998
1.342647
1.377182
1.407412
1.441996
1.476586
1.511180
1.528421
1.499941
1.496144
1.506980
1.522152
1.500856
1.504478
1.493338
1.457001
1.473501
1.506683
1.541331
1.606217
1.575228
1.544240
1.513253
1.482265
1.451277
1.420145
1.388926
1.357897
1.326905
1.295914
1.264984
1.234234
1.203714
1.173464
1.142732
1.111757
1.080782
1.049911
1.020228
0.990177
0.959226
0.928274
0.897324
0.867714
0.838664
0.807912
0.777305
0.748921
0.719722
0.688860
0.656593
0.623114
0.593548
0.565318
0.537762
0.509714
0.478939
0.448168
0.417402
0.389043
0.362445
0.332656
0.301996
0.271350
0.241736
0.216200
0.188628
0.158126
0.127638
0.097158
0.066697
0.036242
0.005811
-0.024613
-0.055016
-0.085407
-0.115781
-0.146135
-0.176478
-0.200779
-0.224651
-0.254740
-0.284816
-0.314857
-0.344871
-0.374859
-0.404806
-0.434735
-0.464608
-0.493424
-0.514142
-0.537681
-0.567129
-0.596525
-0.625876
-0.647104
-0.665467
-0.693691
-0.720495
-0.736583
-0.751979
-0.766161
-0.787883
-0.815258
-0.830205
-0.841636
-0.867763
-0.890563
-0.898926
-0.914009
-0.939018
-0.951770
-0.956744
-0.921831
-0.880028
-0.903386
-0.921519
-0.922735
-0.942876
-0.986704
-1.016023
-1.037605
-1.058581
-1.077753
-1.073664
-1.075844
-1.094436
-1.099988
-1.091663
-1.100216
-1.116260
-1.106517
-1.096743
-1.110037
-1.122959
-1.135078
-1.146546
-1.157425
-1.167350
-1.176926
-1.156890
-1.139229
-1.145721
-1.151713
-1.156807
-1.161091
-1.164754
-1.143352
-1.114602
-1.114757
-1.115194
-1.114490
-1.125495
-1.154245
-1.163366
-1.159704
-1.154877
-1.149097
-1.112420
-1.089304
-1.111640
-1.120183
-1.111022
-1.101046
-1.090625
-1.079176
-1.067479
-1.054708
-1.041644
-1.027787
-1.000497
-0.958554
-0.934892
-0.919584
-0.903473
-0.887179
-0.870127
-0.852827
-0.834980
-0.829353
-0.835069
-0.822214
-0.802376
-0.781934
-0.761364
-0.740278
-0.718995
-0.697348
-0.675409
-0.653241
-0.630699
-0.608044
-0.584948
-0.561763
-0.538234
-0.506824
-0.463154
-0.431367
-0.407523
-0.383393
-0.359189
-0.334657
-0.310056
-0.285214
-0.260246
-0.235112
-0.209803
-0.184396
-0.173114
-0.164282
-0.154026
-0.139399
-0.112588
-0.085688
-0.058687
-0.041393
-0.028663
-0.002686
0.024973
0.052763
0.076637
0.091556
0.113342
0.141661
0.161474
0.177987
0.205885
0.234672
0.263537
0.288754
0.307035
0.331373
0.360609
0.382512
0.402111
0.431354
0.459360
0.480174
0.504456
0.534277
0.564124
0.593989
0.617647
0.639839
0.669922
0.700011
0.730126
0.757332
0.780609
0.808330
0.838621
0.868932
0.899248
0.929585
0.959928
0.990287
1.020656
1.051035
1.081428
1.111827
1.142242
1.172661
1.203096
1.233536
1.263988
1.294448
1.324917
1.355396
1.385880
1.383340
1.378079
1.373210
1.378890
1.405186
1.414977
1.411077
1.407519
1.404071
1.371346
1.342831
1.340258
1.337861
1.335753
1.333919
1.332278
1.355636
1.385444
1.416422
1.447257
1.477561
1.495066
1.494842
1.514338
1.545551
1.551243
1.550580
1.520724
1.506556
1.539066
1.543339
1.514416
1.484167
1.453259
1.424572
1.396247
1.368418
1.349735
1.353235
1.356963
1.360922
1.340338
1.309635
1.278941
1.247733
1.212905
1.179435
1.148695
1.120270
1.093815
1.064218
1.033564
1.002921
0.972280
0.941650
0.911024
0.880405
0.849795
0.819189
0.788595
0.758004
0.727427
0.696853
0.666291
0.638037
0.613061
0.584701
0.554279
0.523874
0.493474
0.463097
0.432726
0.402373
0.375096
0.351526
0.368296
0.405708
0.384460
0.355047
0.333165
0.320029
0.328756
0.323240
0.303124
0.276515
0.247147
0.217843
0.189820
0.171325
0.149432
0.120516
0.091649
0.062826
0.034077
0.005353
-0.023270
-0.051870
-0.080374
-0.108835
-0.137218
-0.165527
-0.193780
-0.231985
-0.272954
-0.301357
-0.329612
-0.357751
-0.391166
-0.432275
-0.457133
-0.471813
-0.485510
-0.499852
-0.540927
-0.581943
-0.622771
-0.658043
-0.686447
-0.714737
-0.742968
-0.771034
-0.799060
-0.826891
-0.854657
-0.882257
-0.909732
-0.937076
-0.964223
-0.991283
-1.018057
-1.044762
-1.071154
-1.097420
-1.123419
-1.149184
-1.174741
-1.199933
-1.224994
-1.249528
-1.273934
-1.297806
-1.320163
-1.339830
-1.373035
-1.416524
-1.445034
-1.469229
-1.492622
-1.515821
-1.538257
-1.560252
-1.581590
-1.602152
-1.622215
-1.620014
-1.613390
-1.629147
-1.644460
-1.658310
-1.671224
-1.682949
-1.693158
-1.702546
-1.709769
-1.716456
-1.720639
-1.724064
-1.725469
-1.725522
-1.724116
-1.720795
-1.716612
-1.710025
-1.702896
-1.693508
-1.683386
-1.671661
-1.658827
-1.644976
-1.629734
-1.613977
-1.596632
-1.578964
-1.560023
-1.540618
-1.520368
-1.486891
-1.443108
-1.416535
-1.395097
-1.372765
-1.350262
-1.327103
-1.303663
-1.279791
-1.266434
-1.260015
-1.223828
-1.181011
-1.155454
-1.129797
-1.103799
-1.077629
-1.051237
-1.024619
-0.997874
-0.970862
-0.943785
-0.916441
-0.885206
-0.843292
-0.808286
-0.780911
-0.753376
-0.725767
-0.697967
-0.668788
-0.627312
-0.590037
-0.562221
-0.527360
-0.485877
-0.444261
-0.402593
-0.386181
-0.369844
-0.342572
-0.315234
-0.287774
-0.260216
-0.232580
-0.214915
-0.200330
-0.159908
-0.121097
-0.093004
-0.064860
-0.036634
-0.008334
0.020016
0.038955
0.055755
0.084578
0.113422
0.142338
0.171291
0.200295
0.229351
0.258437
0.279063
0.298681
0.328113
0.360094
0.399294
0.433884
0.463254
0.492665
0.522096
0.551578
0.581960
0.621043
0.642589
0.623455
0.628934
0.658126
0.687364
0.716619
0.745931
0.775254
0.804627
0.834019
0.863446
0.892902
0.922382
0.951898
0.981427
1.011001
1.040585
1.070205
1.073777
1.035204
1.032027
1.053441
1.081650
1.111578
1.141539
1.171507
1.201499
1.228378
1.250997
1.235909
1.198716
1.167372
1.136838
1.099842
1.078399
1.102477
1.129489
1.159907
1.190336
1.220771
1.251221
1.281675
1.312143
1.341046
1.366210
1.391683
1.417460
1.446708
1.477364
1.508029
1.530340
1.495386
1.460544
1.425925
1.425000
1.452378
1.456964
1.454015
1.481159
1.509656
1.538579
1.567687
1.597102
1.608707
1.607616
1.607616
1.641028
1.604022
1.567134
1.530602
1.528448
1.561733
1.544833
1.510174
1.474688
1.439578
1.405758
1.371125
1.335600
1.325565
1.325276
1.325547
1.318482
1.284691
1.251190
1.218027
1.185330
1.152825
1.120981
1.088621
1.054084
1.018263
0.980851
0.945402
0.910821
0.879052
0.846922
0.812407
0.777895
0.743387
0.708884
0.674382
0.643535
0.612332
0.577928
0.543529
0.509138
0.474754
0.440375
0.406008
0.371644
0.337292
0.302947
0.268610
0.237799
0.208909
0.175300
0.141133
0.106988
0.072854
0.038737
0.004638
-0.029450
-0.063510
-0.097562
-0.131584
-0.165592
-0.199576
-0.233536
-0.267479
-0.294555
-0.321376
-0.354986
-0.388572
-0.422114
-0.455611
-0.489079
-0.522478
-0.554874
-0.577759
-0.604031
-0.636865
-0.669621
-0.702320
-0.724267
-0.745014
-0.776921
-0.808757
-0.840444
-0.863130
-0.879066
-0.920131
-0.964722
-0.978807
-0.991978
-1.003116
-1.012541
-1.020599
-1.026104
-1.031996
-1.057726
-1.075871
-1.075871
-1.074046
-1.070674
-1.086760
-1.107103
-1.098487
-1.088956
-1.077069
-1.046575
-0.999302
-1.001472
-1.018787
-1.065472
-1.095311
-1.078287
-1.076457
-1.089185
-1.100773
-1.111888
-1.087938
-1.071853
-1.079463
-1.069264
-1.040929
-1.036648
-1.040746
-1.077450
-1.097958
-1.064148
-1.062812
-1.096622
-1.078916
-1.041811
-1.036809
-1.032361
-1.026662
-1.020235
-1.012971
-1.004626
-0.995842
-0.985654
-0.975116
-0.963455
-0.951189
-0.938181
-0.924281
-0.909991
-0.894556
-0.878834
-0.862181
-0.845058
-0.827324
-0.789115
-0.741308
-0.746495
-0.750664
-0.730073
-0.709134
-0.687712
-0.665774
-0.643577
-0.620720
-0.597693
-0.574099
-0.550251
-0.526030
-0.501429
-0.476623
-0.451330
-0.429126
-0.425791
-0.413302
-0.386441
-0.359311
-0.332026
-0.304395
-0.276671
-0.248627
-0.220457
-0.192072
-0.163492
-0.134790
-0.105832
-0.076803
-0.047529
-0.018163
0.011370
0.030613
0.043136
0.070852
0.099704
0.114428
0.134777
0.165877
0.197073
0.228334
0.247857
0.266275
0.298127
0.325769
0.344798
0.371482
0.403837
0.446468
0.487512
0.475089
0.473138
0.494162
0.515858
0.538083
0.569103
0.602249
0.635454
0.665879
0.689753
0.718861
0.752356
0.779240
0.804683
0.838420
0.872168
0.905940
0.939730
0.973535
1.007364
1.041050
1.067818
1.096526
1.130541
1.164568
1.198605
1.232660
1.266719
1.300799
1.334883
1.368982
1.403091
1.437208
1.471339
1.505474
1.539626
1.572451
1.601005
1.632320
1.666588
1.672200
1.667185
1.696260
1.711026
1.672630
1.666756
1.697838
1.704661
1.701782
1.732649
1.757864
1.756055
1.738782
1.702828
1.667218
1.631757
1.662345
1.696856
1.731792
1.766612
1.801286
1.812769
1.813534
1.814772
1.810033
1.777200
1.744610
1.712354
1.678547
1.643970
1.612113
1.580612
1.549648
1.517259
1.482798
1.448341
1.413886
1.376078
1.338433
1.303931
1.270946
1.240312
1.232070
1.236517
1.233097
1.224219
1.185867
1.150480
1.119995
1.111374
1.115977
1.086742
1.053044
1.024126
0.993300
0.959103
0.924918
0.890739
0.856577
0.822420
0.788281
0.754149
0.720032
0.685928
0.651833
0.617758
0.584287
0.557255
0.527958
0.494089
0.464889
0.439105
0.469360
0.506315
0.472834
0.442430
0.418681
0.395607
0.373057
0.342174
0.309321
0.276547
0.243800
0.211116
0.178483
0.145894
0.113387
0.080905
0.048528
0.016185
-0.016074
-0.048265
-0.080397
-0.112422
-0.144413
-0.176260
-0.208065
-0.239752
-0.278703
-0.324447
-0.369971
-0.415305
-0.447264
-0.479177
-0.510959
-0.517469
-0.498860
-0.527636
-0.572399
-0.604917
-0.640279
-0.684877
-0.723616
-0.756166
-0.778897
-0.798044
-0.842916
-0.885324
-0.917310
-0.949185
-0.980936
-1.012495
-1.043979
-1.075171
-1.109531
-1.155871
-1.195308
-1.226508
-1.257436
-1.288248
-1.318631
-1.348887
-1.378715
-1.408267
-1.437470
-1.466163
-1.494624
-1.522259
-1.549644
-1.576160
-1.602134
-1.627375
-1.651583
-1.675287
-1.697290
-1.718777
-1.738405
-1.756947
-1.773929
-1.788874
-1.802754
-1.813426
-1.823165
-1.829544
-1.834255
-1.836414
-1.835804
-1.833645
-1.797784
-1.757359
-1.715026
-1.684429
-1.672985
-1.659804
-1.645586
-1.654773
-1.666656
-1.673124
-1.668586
-1.644882
-1.620240
-1.594999
-1.568665
-1.539849
-1.491079
-1.442291
-1.393472
-1.357608
-1.330535
-1.285286
-1.238479
-1.210856
-1.183015
-1.154739
-1.126129
-1.097279
-1.082453
-1.067984
-1.020711
-0.978887
-0.948685
-0.918285
-0.887730
-0.856920
-0.826034
-0.794882
-0.763653
-0.732247
-0.708102
-0.689895
-0.660478
-0.628189
-0.595746
-0.563261
-0.530672
-0.498013
-0.465292
-0.466563
-0.477328
-0.487081
-0.496540
-0.505222
-0.513332
-0.520915
-0.553800
-0.593989
-0.599491
-0.595772
-0.565586
-0.569587
-0.607157
-0.591895
-0.559094
-0.524443
-0.489378
-0.453044
-0.433126
-0.430339
-0.401437
-0.363147
-0.324059
-0.300345
-0.328746
-0.359832
-0.393896
-0.398296
-0.391181
-0.383062
-0.374693
-0.365524
-0.355901
-0.345741
-0.334902
-0.323779
-0.302376
-0.276156
-0.232499
-0.188666
-0.144610
-0.145001
-0.165364
-0.196805
-0.228976
-0.261030
-0.293017
-0.324917
-0.365964
-0.411421
-0.444446
-0.468700
-0.454565
-0.433232
-0.401683
-0.360628
-0.314668
-0.296670
-0.281378
-0.264952
-0.236751
-0.190752
-0.154106
-0.122621
-0.090990
-0.057400
-0.011559
0.028833
0.060447
0.092153
0.123912
0.155790
0.187700
0.219721
0.251786
0.283926
0.316135
0.348386
0.380726
0.413092
0.445545
0.473969
0.494992
0.523104
0.555964
0.552072
0.544538
0.567917
0.594676
0.628072
0.661498
0.694945
0.728431
0.761929
0.795468
0.829022
0.862604
0.896209
0.929831
0.963484
0.997146
1.030843
1.064550
1.098280
1.090366
1.048815
1.061879
1.088978
1.122993
1.157015
1.191053
1.225102
1.259162
1.288472
1.315458
1.309945
1.314096
1.343519
1.375532
1.409910
1.447917
1.486871
1.516558
1.537413
1.533313
1.547012
1.577977
1.577977
