1.958693
1.922458
1.881377
1.839690
1.826631
1.811986
1.771887
1.731795
1.691712
1.651638
1.611572
1.571514
1.531467
1.491429
1.451400
1.411381
1.371374
1.328892
1.282467
1.236646
1.272319
1.293340
1.288234
1.285406
1.322496
1.323572
1.333711
1.373376
1.410594
1.449574
1.490027
1.458733
1.470300
1.464514
1.483902
1.523409
1.532448
1.491905
1.451968
1.419505
1.401994
1.361347
1.322983
1.313035
1.311369
1.297446
1.257056
1.230328
1.232291
1.205563
1.167944
1.130815
1.092004
1.051629
1.014403
0.975765
0.940071
0.936657
0.896460
0.856270
0.816088
0.780436
0.741952
0.705140
0.665106
0.625084
0.587173
0.550540
0.510624
0.476630
0.436822
0.401526
0.363710
0.324043
0.287848
0.251815
0.219771
0.182661
0.149059
0.109862
0.071348
0.040267
0.006840
-0.019982
-0.055970
-0.085551
-0.123867
-0.162118
-0.198258
-0.227154
-0.265008
-0.291156
-0.312757
-0.339955
-0.376839
-0.413242
-0.436185
-0.472459
-0.496430
-0.528219
-0.524727
-0.512823
-0.533423
-0.565831
-0.606964
-0.640084
-0.668130
-0.679992
-0.688980
-0.724662
-0.743027
-0.733889
-0.780673
-0.795794
-0.751450
-0.747528
-0.745182
-0.792766
-0.846286
-0.838828
-0.837588
-0.865498
-0.862713
-0.850312
-0.876460
-0.878733
-0.901692
-0.925855
-0.949455
-0.972473
-0.967753
-0.989094
-0.988216
-1.001620
-1.011879
-1.009771
-1.026903
-1.072706
-1.088445
-1.103374
-1.090807
-1.095716
-1.093924
-1.123244
-1.133461
-1.136429
-1.119344
-1.126469
-1.132654
-1.137730
-1.141838
-1.120048
-1.147118
-1.138349
-1.134329
-1.147239
-1.145262
-1.142202
-1.138174
-1.133185
-1.127149
-1.107116
-1.101921
-1.103230
-1.093314
-1.082478
-1.070773
-1.058217
-1.022213
-1.030346
-1.015212
-0.997914
-0.953354
-0.936118
-0.918180
-0.902335
-0.908096
-0.887757
-0.866792
-0.841019
-0.796146
-0.791604
-0.776733
-0.726938
-0.702765
-0.678104
-0.652970
-0.633697
-0.625507
-0.598679
-0.571432
-0.543740
-0.502341
-0.463647
-0.435489
-0.407157
-0.378487
-0.349489
-0.320142
-0.290471
-0.293049
-0.322699
-0.368877
-0.356153
-0.325888
-0.295337
-0.258952
-0.212777
-0.181643
-0.150252
-0.118589
-0.086697
-0.054582
-0.022236
0.010337
0.043109
0.076074
0.106267
0.117021
0.140767
0.174879
0.192256
0.226894
0.261673
0.296590
0.331660
0.366857
0.389780
0.422250
0.457994
0.468346
0.449785
0.428292
0.385024
0.386286
0.406305
0.427289
0.449175
0.479988
0.506680
0.533057
0.551245
0.537866
0.555837
0.584838
0.601919
0.590317
0.607993
0.578796
0.589412
0.606529
0.640275
0.643445
0.654334
0.646390
0.677031
0.700668
0.693901
0.687577
0.675494
0.633172
0.611668
0.639320
0.678641
0.679907
0.687539
0.658783
0.617503
0.573958
0.558471
0.556305
0.567166
0.607032
0.617452
0.579433
0.538438
0.497915
0.520166
0.561498
0.601649
0.641801
0.682339
0.674136
0.634374
0.595864
0.624435
0.638345
0.662843
0.639006
0.602629
0.562353
0.524679
0.485797
0.445592
0.405395
0.368390
0.329542
0.289434
0.249337
0.209252
0.169179
0.129121
0.089076
0.049045
0.009029
-0.029056
-0.065391
-0.100005
-0.095901
-0.099696
-0.134860
-0.174278
-0.192360
-0.146529
-0.107340
-0.090404
-0.043150
-0.004112
0.034967
0.074086
0.113249
0.152448
0.185193
0.223857
0.270258
0.309595
0.348961
0.388359
0.427787
0.467242
0.506722
0.546230
0.589072
0.632476
0.671971
0.711494
0.751039
0.790606
0.837229
0.876764
0.916320
0.955897
0.995494
1.035113
1.074751
1.114406
1.154081
1.196493
1.240067
1.286065
1.326104
1.365736
1.364719
1.327018
1.285679
1.240870
1.201297
1.161744
1.122213
1.082703
1.043214
1.003748
0.964306
0.924887
0.892413
0.893136
0.853947
0.814788
0.775658
0.736564
0.697502
0.658475
0.619481
0.580529
0.541613
0.495618
0.463900
0.425110
0.380936
0.338178
0.299404
0.260678
0.222000
0.183369
0.144794
0.106275
0.067810
0.029402
-0.008940
-0.047217
-0.085431
-0.123577
-0.161642
-0.199634
-0.237549
-0.276025
-0.324757
-0.355671
-0.388328
-0.425784
-0.463129
-0.500368
-0.537496
-0.574494
-0.611362
-0.648100
-0.684702
-0.721140
-0.757422
-0.793543
-0.829496
-0.865240
-0.900795
-0.936150
-0.970576
-0.999712
-1.036269
-1.027203
-1.055188
-1.089440
-1.123415
-1.157097
-1.184978
-1.233505
-1.267227
-1.300617
-1.333596
-1.366181
-1.398355
-1.430087
-1.461267
-1.491936
-1.522060
-1.551572
-1.580371
-1.608487
-1.635874
-1.662415
-1.688030
-1.712736
-1.736472
-1.759048
-1.780439
-1.800638
-1.819574
-1.836963
-1.852890
-1.867315
-1.880151
-1.891075
-1.900287
-1.907733
-1.913285
-1.916756
-1.918355
-1.918072
-1.915755
-1.911405
-1.905220
-1.897237
-1.887303
-1.875590
-1.862257
-1.847371
-1.830787
-1.812782
-1.793460
-1.772875
-1.750943
-1.727927
-1.703893
-1.678861
-1.652836
-1.625991
-1.598379
-1.569994
-1.540889
-1.511171
-1.480879
-1.449990
-1.418581
-1.386711
-1.354410
-1.321646
-1.288504
-1.255013
-1.221188
-1.187012
-1.152551
-1.117823
-1.082831
-1.047575
-1.012099
-0.976415
-0.940518
-0.904421
-0.868152
-0.831719
-0.795112
-0.758352
-0.721454
-0.684425
-0.647253
-0.609962
-0.562985
-0.539480
-0.502358
-0.465124
-0.427784
-0.393953
-0.398518
-0.368150
-0.320285
-0.299413
-0.261635
-0.223775
-0.185837
-0.147813
-0.109715
-0.071548
-0.033315
0.004992
0.043359
0.081785
0.120268
0.158812
0.197408
0.236053
0.274748
0.313495
0.352285
0.391118
0.429996
0.468916
0.507874
0.546869
0.585904
0.624974
0.670292
0.711695
0.750772
0.789880
0.829019
0.868188
0.907390
0.946620
0.985877
1.025161
1.064474
1.103811
1.143171
1.181439
1.214576
1.254080
1.293604
1.338869
1.372716
1.412299
1.451900
1.491521
1.531159
1.570812
1.610482
1.650170
1.689872
1.729589
1.769321
1.809068
1.848828
1.888601
1.927450
1.964694
1.990709
1.986815
1.972668
1.940498
1.956905
1.640559
1.605464
1.570572
1.536798
1.504496
1.469975
1.435698
1.416391
1.419582
1.450476
1.481702
1.478855
1.453400
1.453215
1.453369
1.453779
1.454445
1.455371
1.456663
1.436253
1.405905
1.375682
1.343540
1.311399
1.279260
1.247122
1.214986
1.185023
1.155746
1.125381
1.090240
1.057864
1.025774
0.994616
0.965737
0.933755
0.901720
0.869688
0.837660
0.805637
0.773618
0.743336
0.723728
0.760018
0.740183
0.708293
0.676410
0.644535
0.608547
0.574764
0.542843
0.510930
0.483699
0.478124
0.470237
0.438242
0.401057
0.364133
0.331651
0.304297
0.272535
0.240786
0.209048
0.178513
0.152843
0.121914
0.090342
0.058786
0.027248
-0.010527
-0.044343
-0.073601
-0.097193
-0.089831
-0.110684
-0.141947
-0.172226
-0.194978
-0.192110
-0.182732
-0.167197
-0.126439
-0.148348
-0.184773
-0.220124
-0.239953
-0.258703
-0.284653
-0.310263
-0.327395
-0.343315
-0.368694
-0.391602
-0.405644
-0.418460
-0.408191
-0.391732
-0.382873
-0.410135
-0.437206
-0.464118
-0.486119
-0.493993
-0.476259
-0.485564
-0.517575
-0.562387
-0.587709
-0.597993
-0.610275
-0.634462
-0.658304
-0.699215
-0.734190
-0.757578
-0.780596
-0.782962
-0.757345
-0.728255
-0.749860
-0.793826
-0.823936
-0.844760
-0.865184
-0.885001
-0.904360
-0.912676
-0.908900
-0.953459
-0.976565
-0.993162
-1.009189
-1.024498
-1.039039
-1.052934
-1.066165
-1.078641
-1.090161
-1.100941
-1.110966
-1.120221
-1.128328
-1.135613
-1.142067
-1.147678
-1.152145
-1.155643
-1.158261
-1.159995
-1.160639
-1.133036
-1.133968
-1.163898
-1.192677
-1.161551
-1.143853
-1.137779
-1.130857
-1.153530
-1.154159
-1.144118
-1.136141
-1.166232
-1.196191
-1.226021
-1.253738
-1.269419
-1.307962
-1.335710
-1.352704
-1.380679
-1.408272
-1.435538
-1.462450
-1.488973
-1.494952
-1.482360
-1.460653
-1.438272
-1.415065
-1.391271
-1.397985
-1.436652
-1.431432
-1.408833
-1.382282
-1.355376
-1.328097
-1.300443
-1.272530
-1.244373
-1.215981
-1.187303
-1.158443
-1.129411
-1.100217
-1.070822
-1.031621
-0.988885
-0.947711
-0.918580
-0.899709
-0.876398
-0.846523
-0.816538
-0.786440
-0.749609
-0.714202
-0.695280
-0.665237
-0.634743
-0.604187
-0.573162
-0.532404
-0.499138
-0.468575
-0.437959
-0.407278
-0.376542
-0.340945
-0.310026
-0.319678
-0.301350
-0.274093
-0.242969
-0.211812
-0.180613
-0.149386
-0.118131
-0.086851
-0.055535
-0.024194
0.007169
0.037827
0.062407
0.092561
0.124135
0.155725
0.187333
0.218960
0.250600
0.282254
0.313922
0.345607
0.377304
0.409013
0.440864
0.478385
0.511722
0.543391
0.575072
0.606768
0.638475
0.670193
0.701921
0.733661
0.770306
0.804541
0.836233
0.867937
0.899653
0.931379
0.964951
1.001977
1.008093
1.032184
1.061430
1.087623
1.119333
1.151052
1.182781
1.215444
1.252869
1.285391
1.314059
1.341555
1.373335
1.405123
1.394234
1.357414
1.321067
1.348591
1.376449
1.404632
1.433383
1.465433
1.470358
1.467394
1.459726
1.425179
1.418113
1.433556
1.456777
1.455482
1.484185
1.515709
1.547493
1.579535
1.579859
1.580283
1.580956
1.579524
1.547319
1.516090
1.514527
1.538768
1.506596
1.476126
1.463180
1.472720
1.507577
1.513483
1.495378
1.463326
1.431276
1.399230
1.367186
1.335146
1.303109
1.271076
1.241872
1.213815
1.190435
1.195020
1.169439
1.137582
1.104727
1.068124
1.031790
1.000730
0.971996
0.940119
0.908250
0.876389
0.844534
0.812686
0.780848
0.749019
0.717197
0.685383
0.653579
0.621786
0.592866
0.573210
0.579295
0.557664
0.533135
0.517730
0.525428
0.503471
0.501447
0.510362
0.517852
0.487065
0.456311
0.429899
0.408146
0.377656
0.356039
0.367077
0.394751
0.364655
0.334620
0.304635
0.274700
0.244819
0.215015
0.185267
0.160031
0.142973
0.113648
0.084398
0.055220
0.024603
-0.018312
-0.050190
-0.086095
-0.126468
-0.155609
-0.184643
-0.213587
-0.238662
-0.252795
-0.294229
-0.328307
-0.352631
-0.367975
-0.411280
-0.444151
-0.472829
-0.500028
-0.514756
-0.528976
-0.556932
-0.599698
-0.642295
-0.673469
-0.710211
-0.749496
-0.778941
-0.808236
-0.846013
-0.884378
-0.913692
-0.942823
-0.971811
-1.000651
-1.029336
-1.057799
-1.073294
-1.092512
-1.119811
-1.146812
-1.173477
-1.199846
-1.225904
-1.251597
-1.276793
-1.301583
-1.325943
-1.349848
-1.373026
-1.395635
-1.427037
-1.470598
-1.491943
-1.512435
-1.532102
-1.550893
-1.568521
-1.584849
-1.600032
-1.614006
-1.626555
-1.637245
-1.627121
-1.612837
-1.618498
-1.621934
-1.623792
-1.624066
-1.622751
-1.619320
-1.614185
-1.607544
-1.594942
-1.554626
-1.538832
-1.526832
-1.513669
-1.499264
-1.483510
-1.466808
-1.449204
-1.430730
-1.411142
-1.407163
-1.400960
-1.378545
-1.355367
-1.331636
-1.307433
-1.282783
-1.257624
-1.232022
-1.196215
-1.155197
-1.129194
-1.102809
-1.076154
-1.049244
-1.022083
-1.010445
-0.987766
-0.959432
-0.930929
-0.902214
-0.873345
-0.838205
-0.796911
-0.767996
-0.738935
-0.709759
-0.680471
-0.651062
-0.621526
-0.591899
-0.562183
-0.532379
-0.502464
-0.472476
-0.442416
-0.412288
-0.382071
-0.351790
-0.325863
-0.304501
-0.273828
-0.243103
-0.207458
-0.166920
-0.126161
-0.094466
-0.063892
-0.033275
-0.002614
0.037638
0.078431
0.108941
0.120853
0.162279
0.182012
0.201343
0.232649
0.274449
0.316384
0.343769
0.359434
0.389092
0.429822
0.457867
0.478428
0.508312
0.538261
0.568256
0.598295
0.628378
0.658520
0.688704
0.718926
0.749188
0.779497
0.809848
0.840232
0.870651
0.901109
0.922814
0.926327
0.916692
0.907353
0.927665
0.955453
0.963479
0.925131
0.948386
0.977350
1.008657
1.039981
1.071326
1.053486
1.018621
0.985207
0.978194
0.998679
1.030859
1.067326
1.098866
1.124555
1.153821
1.185476
1.217140
1.248818
1.276574
1.304885
1.336655
1.368434
1.396302
1.425430
1.457288
1.489153
1.521025
1.552902
1.583750
1.611205
1.609481
1.625368
1.625368
1.552206
1.520003
1.487799
1.455596
1.423393
1.391190
1.359311
1.327888
1.296039
1.263849
1.231101
1.198106
1.165544
1.133069
1.132391
1.132723
1.133542
1.142486
1.176015
1.184852
1.154593
1.124660
1.095019
1.063753
1.031667
0.999585
0.967503
0.935426
0.903349
0.871277
0.839206
0.807138
0.776286
0.747612
0.717290
0.685299
0.653314
0.621332
0.589357
0.557384
0.529365
0.501506
0.469643
0.437783
0.405935
0.374092
0.342259
0.310435
0.278619
0.246814
0.215016
0.187451
0.161334
0.130349
0.098725
0.067128
0.035537
0.003971
-0.025477
-0.049980
-0.073959
-0.097268
-0.129798
-0.169077
-0.202584
-0.233804
-0.264976
-0.296139
-0.327244
-0.358339
-0.389377
-0.417840
-0.439372
-0.447850
-0.437519
-0.455301
-0.496236
-0.530003
-0.560504
-0.590914
-0.621304
-0.651576
-0.680584
-0.698658
-0.716258
-0.732372
-0.736871
-0.722469
-0.722123
-0.734784
-0.757320
-0.784988
-0.812398
-0.839742
-0.866753
-0.893712
-0.920307
-0.942650
-0.949274
-0.962365
-0.987379
-1.001479
-1.004233
-1.019798
-1.042916
-1.047194
-1.045772
-1.064582
-1.084273
-1.078447
-1.077069
-1.095437
-1.113472
-1.130808
-1.134563
-1.122457
-1.108710
-1.093869
-1.099295
-1.111889
-1.123353
-1.134637
-1.144590
-1.149478
-1.126726
-1.112634
-1.119380
-1.139274
-1.176434
-1.194658
-1.198651
-1.178690
-1.148930
-1.145068
-1.145834
-1.145087
-1.144129
-1.141835
-1.139141
-1.135335
-1.143675
-1.169992
-1.178217
-1.171149
-1.163081
-1.154543
-1.144846
-1.134894
-1.123645
-1.112214
-1.099620
-1.086738
-1.072922
-1.058675
-1.043707
-1.028183
-1.012132
-0.995419
-0.978352
-0.981210
-0.989354
-0.971782
-0.950504
-0.905251
-0.865110
-0.844616
-0.823876
-0.802670
-0.781143
-0.759276
-0.737025
-0.714544
-0.674502
-0.628954
-0.603665
-0.580607
-0.557063
-0.533436
-0.509422
-0.491725
-0.487693
-0.473969
-0.448628
-0.423070
-0.397364
-0.371409
-0.345363
-0.319042
-0.292846
-0.283740
-0.271929
-0.244593
-0.212377
-0.168040
-0.130903
-0.103475
-0.084964
-0.073334
-0.050043
-0.021832
-0.005859
0.007816
0.036407
0.066993
0.110124
0.146017
0.161095
0.181819
0.211126
0.217828
0.204919
0.212629
0.230302
0.267609
0.309436
0.339916
0.369828
0.399825
0.429843
0.459929
0.490046
0.520216
0.550425
0.580674
0.564877
0.523755
0.506806
0.496522
0.515245
0.536999
0.567892
0.598795
0.629739
0.657855
0.680451
0.707150
0.738340
0.769554
0.800781
0.832035
0.863298
0.894590
0.925888
0.957216
0.988549
1.019907
1.051274
1.082661
1.114060
1.145474
1.172984
1.197749
1.227454
1.259025
1.290614
1.322206
1.353817
1.380107
1.374234
1.377424
1.403849
1.417179
1.412377
1.407851
1.403545
1.421893
1.450098
1.481490
1.513509
1.479972
1.448370
1.445613
1.442981
1.440722
1.438658
1.436900
1.452437
1.483371
1.514657
1.546117
1.577983
1.609946
1.581488
1.552267
1.552999
1.546678
1.515724
1.496579
1.498310
1.500288
1.502513
1.484568
1.455215
1.423754
1.391690
1.362707
1.335791
1.339659
1.349795
1.386047
1.401283
1.374283
1.345027
1.313238
1.284841
1.258617
1.228317
1.196647
1.170549
1.145002
1.113475
1.081951
1.050447
1.018950
0.987470
0.953038
0.914876
0.880555
0.849008
0.812893
0.774996
0.742489
0.710872
0.679278
0.647688
0.616119
0.586444
0.561783
0.537509
0.513787
0.485948
0.454763
0.423607
0.392465
0.361362
0.330265
0.307917
0.285978
0.265035
0.241744
0.211227
0.176787
0.136049
0.106118
0.086060
0.086688
0.097911
0.076148
0.046138
0.016229
-0.012680
-0.029733
-0.049447
-0.078809
-0.108120
-0.137337
-0.166478
-0.195540
-0.224496
-0.253390
-0.282146
-0.310861
-0.352846
-0.395442
-0.424150
-0.452819
-0.481319
-0.509745
-0.538019
-0.560236
-0.575473
-0.590206
-0.604608
-0.618362
-0.631891
-0.670814
-0.712931
-0.742503
-0.772045
-0.801426
-0.830744
-0.859912
-0.888978
-0.917911
-0.946694
-0.975365
-1.003827
-1.032205
-1.060304
-1.088354
-1.116038
-1.143666
-1.170931
-1.198071
-1.224866
-1.251444
-1.277706
-1.303638
-1.329293
-1.354476
-1.379440
-1.403753
-1.427927
-1.451230
-1.474395
-1.496627
-1.518576
-1.539619
-1.560151
-1.579836
-1.598720
-1.616855
-1.633837
-1.650213
-1.665016
-1.679410
-1.691745
-1.703758
-1.713515
-1.716068
-1.691469
-1.676831
-1.680822
-1.683522
-1.684862
-1.684525
-1.683185
-1.679818
-1.675827
-1.669512
-1.662846
-1.653835
-1.644410
-1.633109
-1.621134
-1.607722
-1.593431
-1.578100
-1.561735
-1.544673
-1.526474
-1.507864
-1.488053
-1.468053
-1.446851
-1.425485
-1.403206
-1.380651
-1.357422
-1.333833
-1.309765
-1.285277
-1.260468
-1.235197
-1.209733
-1.183779
-1.157735
-1.131183
-1.104567
-1.077549
-1.050424
-1.022996
-0.995422
-0.967629
-0.939658
-0.911537
-0.883215
-0.854798
-0.826165
-0.797482
-0.768570
-0.738321
-0.695227
-0.652082
-0.608765
-0.565377
-0.521867
-0.486008
-0.457508
-0.428873
-0.400165
-0.371305
-0.342405
-0.300343
-0.260885
-0.274468
-0.279531
-0.251188
-0.222779
-0.194241
-0.165616
-0.136896
-0.108071
-0.079181
-0.050172
-0.021124
0.008056
0.037256
0.066589
0.095945
0.125407
0.154907
0.184491
0.181686
0.139555
0.133047
0.151261
0.178215
0.208417
0.238694
0.268984
0.299354
0.328273
0.348640
0.371947
0.402670
0.433417
0.464200
0.495015
0.525854
0.556731
0.587624
0.618559
0.649503
0.680493
0.711489
0.742526
0.771510
0.794497
0.820740
0.852003
0.883283
0.914580
0.945897
0.977225
1.008578
1.039936
1.034900
1.030684
1.055819
1.081126
1.107022
1.137108
1.174497
1.209009
1.240679
1.272360
1.304048
1.335748
1.367452
1.394302
1.421040
1.452855
1.471204
1.434587
1.408810
1.404504
1.387091
1.355144
1.320794
1.284926
1.297545
1.326187
1.357872
1.389932
1.421996
1.453606
1.482959
1.513158
1.545271
1.547803
1.513465
1.498165
1.496434
1.495059
1.493821
1.493821
1.609851
1.563323
1.556758
1.554973
1.522725
1.478289
1.433952
1.389442
1.358861
1.359219
1.360032
1.361718
1.407409
1.373576
1.367972
1.371104
1.374687
1.378720
1.383202
1.372655
1.328977
1.285306
1.241747
1.203608
1.160460
1.116884
1.077833
1.036682
0.993212
0.952745
0.916583
0.877442
0.827404
0.784090
0.740792
0.697512
0.661069
0.620112
0.577000
0.533909
0.490842
0.450960
0.415180
0.372324
0.329499
0.286707
0.243950
0.201227
0.158539
0.123060
0.085653
0.043264
0.000923
-0.041369
-0.083609
-0.125794
-0.167920
-0.197369
-0.237167
-0.278859
-0.320474
-0.362009
-0.396505
-0.427857
-0.468831
-0.509697
-0.549457
-0.572709
-0.594403
-0.614586
-0.633218
-0.664784
-0.690476
-0.705387
-0.718601
-0.730088
-0.739819
-0.749647
-0.783880
-0.789985
-0.793360
-0.770752
-0.781781
-0.794622
-0.792609
-0.801362
-0.820433
-0.809158
-0.774395
-0.739282
-0.798567
-0.828635
-0.853789
-0.853079
-0.861082
-0.883713
-0.905619
-0.926776
-0.939832
-0.923122
-0.941441
-0.958840
-1.011681
-1.003720
-1.005758
-1.019564
-1.032417
-1.061023
-1.102112
-1.112262
-1.121361
-1.129389
-1.092845
-1.093961
-1.098457
-1.101867
-1.104183
-1.105402
-1.105522
-1.104542
-1.102464
-1.099292
-1.094782
-1.045766
-1.001675
-1.023269
-1.028696
-1.020402
-1.032894
-1.047611
-1.022901
-0.977315
-0.964149
-0.950061
-0.934991
-0.919031
-0.902216
-0.884568
-0.866109
-0.826466
-0.800250
-0.806087
-0.792997
-0.803751
-0.780431
-0.756397
-0.698132
-0.657313
-0.629522
-0.604614
-0.579132
-0.553095
-0.526521
-0.491471
-0.438763
-0.443758
-0.415180
-0.386136
-0.383538
-0.384855
-0.345489
-0.299955
-0.268479
-0.236645
-0.204465
-0.171953
-0.139119
-0.105957
-0.072483
-0.014918
0.025976
0.059917
0.094121
0.128580
0.163284
0.198225
0.233396
0.268789
0.304407
0.340243
0.376279
0.412507
0.448922
0.485517
0.522286
0.559225
0.596328
0.633590
0.671005
0.708575
0.746299
0.765161
0.798203
0.822556
0.852096
0.863178
0.842998
0.823230
0.810708
0.832965
0.872904
0.856407
0.838784
0.853123
0.849685
0.857334
0.890214
0.931444
0.972736
1.014085
1.055492
1.096955
1.138475
1.180047
1.221669
1.225274
1.236360
1.271531
1.292342
1.279892
1.275962
1.302984
1.291958
1.323846
1.318400
1.308844
1.329696
1.338486
1.312795
1.266387
1.241165
1.278478
1.312394
1.262122
1.255651
1.210279
1.231213
1.238991
1.207850
1.182069
1.160450
1.113304
1.075776
1.078251
1.119294
1.073998
1.029925
0.985290
0.940888
0.951086
0.995188
1.039154
1.055412
1.012396
0.969903
0.929788
0.976201
1.020282
1.030537
0.999634
0.958073
0.918230
0.876909
0.833180
0.789457
0.745739
0.702028
0.658324
0.614627
0.570937
0.527253
0.487037
0.449250
0.412205
0.390507
0.387937
0.351857
0.308755
0.265679
0.222629
0.179606
0.136610
0.099956
0.090582
0.101378
0.098145
0.068041
0.045144
0.060807
0.116568
0.158874
0.200541
0.242271
0.284062
0.325911
0.367816
0.409775
0.451786
0.493848
0.535957
0.578115
0.620320
0.662568
0.704857
0.747186
0.789554
0.831959
0.874400
0.916876
0.959386
1.001927
1.044502
1.087109
1.102242
1.113673
1.097182
1.060150
1.018019
0.975929
0.933881
0.891877
0.849919
0.808008
0.766150
0.724342
0.682586
0.640884
0.599239
0.564786
0.526657
0.474657
0.433256
0.391922
0.350658
0.309473
0.268364
0.227334
0.186386
0.145522
0.104747
0.064064
0.023477
-0.017010
-0.059089
-0.116823
-0.139577
-0.177842
-0.217745
-0.243965
-0.275705
-0.314863
-0.353861
-0.392694
-0.431352
-0.472117
-0.531710
-0.570168
-0.608422
-0.646464
-0.684282
-0.721866
-0.759202
-0.796278
-0.833079
-0.869591
-0.908735
-0.969483
-1.005530
-1.041222
-1.097989
-1.140675
-1.175791
-1.210482
-1.227041
-1.241624
-1.303083
-1.364484
-1.425817
-1.487068
-1.524739
-1.560107
-1.594931
-1.629168
-1.662766
-1.695672
-1.727824
-1.759158
-1.789604
-1.820302
-1.882337
-1.944350
-1.977776
-2.004549
-2.029840
-2.032686
-2.032620
-2.051529
-2.068433
-2.089337
-2.140354
-2.107956
-2.113067
-2.117874
-2.120070
-2.119632
-2.116567
-2.110907
-2.102709
-2.081453
-2.033180
-2.018767
-2.002224
-2.021018
-1.972770
-1.941317
-1.917770
-1.892790
-1.882012
-1.875593
-1.837578
-1.785611
-1.781586
-1.719434
-1.657279
-1.620935
-1.587973
-1.554363
-1.520152
-1.485386
-1.450104
-1.414344
-1.378142
-1.341527
-1.304519
-1.267130
-1.229414
-1.191393
-1.138432
-1.091061
-1.052747
-1.014182
-0.975380
-0.936355
-0.897121
-0.857687
-0.818051
-0.778242
-0.738270
-0.685709
-0.627310
-0.568713
-0.525253
-0.516650
-0.538815
-0.577252
-0.615486
-0.653484
-0.691256
-0.728791
-0.766075
-0.803096
-0.839839
-0.876288
-0.883195
-0.836239
-0.845558
-0.852848
-0.818515
-0.783819
-0.748779
-0.713412
-0.692894
-0.668950
-0.632247
-0.595285
-0.558077
-0.520634
-0.482968
-0.445070
-0.426524
-0.408475
-0.360839
-0.325402
-0.324175
-0.340372
-0.338734
-0.301094
-0.263255
-0.225227
-0.187002
-0.148599
-0.110031
-0.071304
-0.032424
0.006602
0.045768
0.085070
0.124501
0.161621
0.183370
0.223434
0.263606
0.303878
0.344246
0.384708
0.425260
0.465897
0.512246
0.565611
0.606275
0.647018
0.687842
0.728744
0.769717
0.810758
0.861997
0.901705
0.934275
0.975570
1.016924
1.058335
1.099801
1.141322
1.182899
1.212726
1.251119
1.256893
1.243953
1.217780
1.175660
1.133578
1.091537
1.049539
1.007586
0.965680
0.923822
0.882012
0.831182
0.783450
0.741620
0.694829
0.662118
0.693354
0.731664
0.719467
0.707806
0.733846
0.766073
0.805519
0.848374
0.845859
0.809799
0.812958
0.849233
0.892467
0.935718
0.978987
0.977484
1.004436
1.050350
1.096605
1.140019
1.183444
1.225020
1.263231
1.306764
1.350307
1.393860
1.432341
1.474777
1.484586
1.505722
1.549379
1.594082
1.607412
1.568327
1.568327
1.716045
1.681061
1.646265
1.611658
1.577377
1.564021
1.563087
1.562485
1.538647
1.514113
1.514317
1.514845
1.504297
1.472420
1.470073
1.471688
1.473536
1.441650
1.409993
1.379326
1.346509
1.315380
1.284972
1.252197
1.219425
1.186655
1.153888
1.123759
1.093346
1.060635
1.027928
0.995225
0.962526
0.933688
0.921241
0.924671
0.892111
0.856869
0.820168
0.787559
0.758142
0.729416
0.696901
0.664396
0.631898
0.599409
0.566932
0.536618
0.509925
0.483916
0.452094
0.413380
0.381071
0.348774
0.316489
0.284224
0.251974
0.219738
0.187522
0.160518
0.133728
0.101705
0.069709
0.037733
0.005782
-0.026135
-0.054303
-0.077543
-0.108980
-0.135602
-0.158112
-0.189444
-0.220735
-0.250379
-0.270593
-0.268848
-0.267025
-0.297638
-0.318227
-0.325996
-0.312521
-0.336326
-0.366085
-0.395758
-0.425287
-0.447192
-0.461118
-0.473575
-0.485132
-0.498014
-0.525659
-0.540723
-0.549008
-0.555954
-0.542537
-0.535550
-0.561082
-0.586317
-0.603029
-0.605710
-0.627933
-0.651672
-0.675172
-0.698209
-0.720976
-0.741205
-0.738302
-0.750534
-0.771403
-0.791781
-0.811705
-0.831278
-0.850359
-0.868874
-0.877173
-0.866632
-0.880094
-0.896126
-0.911698
-0.926435
-0.940690
-0.954458
-0.967355
-0.979665
-0.991444
-1.002367
-1.012570
-1.022201
-1.031009
-1.038957
-1.035911
-1.010095
-1.039216
-1.063365
-1.067595
-1.070690
-1.073129
-1.074911
-1.075521
-1.075425
-1.074669
-1.072843
-1.048483
-1.019287
-1.015205
-1.010268
-1.004717
-0.998374
-0.991112
-0.983263
-0.974748
-0.965270
-0.955239
-0.944657
-0.933101
-0.921023
-0.908434
-0.895018
-0.881043
-0.866599
-0.851464
-0.835748
-0.819604
-0.802894
-0.785592
-0.777408
-0.786344
-0.770065
-0.761788
-0.767681
-0.771667
-0.774585
-0.777978
-0.801500
-0.810092
-0.812561
-0.834522
-0.856077
-0.877306
-0.898061
-0.897602
-0.899350
-0.918224
-0.936453
-0.954261
-0.971604
-0.960688
-0.976476
-1.020958
-1.065235
-1.092056
-1.106150
-1.119341
-1.111215
-1.089863
-1.058825
-1.027691
-0.996490
-0.965208
-0.933837
-0.902414
-0.870932
-0.830456
-0.793841
-0.762468
-0.731008
-0.699505
-0.667958
-0.636344
-0.598799
-0.557831
-0.516547
-0.475010
-0.438862
-0.417722
-0.380231
-0.342446
-0.311105
-0.279702
-0.248264
-0.216788
-0.185252
-0.158312
-0.134910
-0.103083
-0.066059
-0.027051
0.004697
0.036476
0.068279
0.100115
0.131982
0.163871
0.195785
0.227730
0.259695
0.291679
0.323695
0.355727
0.387776
0.419853
0.451947
0.484055
0.516187
0.548335
0.580497
0.612678
0.644876
0.677086
0.709311
0.741555
0.773809
0.806075
0.838359
0.870653
0.903038
0.941769
0.973388
0.999949
1.032303
1.061007
1.088738
1.121200
1.153670
1.187628
1.225595
1.254656
1.281873
1.309456
1.337533
1.367660
1.400305
1.432956
1.446301
1.444716
1.473944
1.483352
1.475627
1.442839
1.408141
1.380671
1.378356
1.350554
1.337507
1.368904
1.343362
1.323201
1.322560
1.290826
1.290826
1.323973
1.357518
1.390688
1.415253
1.383403
1.396019
1.430051
1.462925
1.472294
1.484130
1.519212
1.499267
1.468093
1.435304
1.405446
1.376050
1.347917
1.384592
1.419022
1.448813
1.453150
1.430876
1.395530
1.367333
1.335937
1.304719
1.277137
1.245546
1.213053
1.180568
1.143414
1.108030
1.075497
1.042975
1.010459
0.977949
0.945450
0.912959
0.880474
0.848000
0.815535
0.783078
0.750631
0.718196
0.687754
0.661340
0.629778
0.597480
0.565194
0.532927
0.500673
0.468750
0.443579
0.437682
0.441160
0.417461
0.415661
0.424554
0.433857
0.419752
0.395302
0.364047
0.342018
0.334001
0.345367
0.328728
0.304443
0.273966
0.243574
0.206111
0.164409
0.133980
0.095457
0.054871
0.024401
0.003586
-0.017206
-0.047228
-0.077155
-0.112021
-0.155664
-0.186907
-0.210331
-0.225706
-0.254930
-0.292219
-0.334165
-0.348181
-0.371384
-0.402808
-0.447504
-0.492106
-0.532815
-0.561810
-0.590645
-0.624760
-0.669518
-0.700249
-0.711378
-0.698091
-0.740167
-0.784322
-0.828370
-0.872206
-0.907723
-0.937452
-0.967003
-0.996399
-1.025668
-1.054743
-1.070904
-1.087874
-1.115820
-1.143456
-1.170881
-1.198060
-1.224826
-1.251327
-1.277561
-1.303261
-1.328620
-1.353644
-1.378068
-1.402006
-1.425522
-1.448366
-1.470529
-1.492161
-1.513049
-1.532998
-1.552281
-1.570758
-1.587965
-1.604350
-1.619887
-1.633755
-1.646633
-1.658509
-1.668576
-1.677346
-1.684964
-1.690747
-1.694919
-1.697840
-1.699014
-1.698327
-1.685419
-1.649308
-1.640178
-1.633898
-1.626422
-1.617039
-1.606634
-1.595219
-1.582137
-1.568086
-1.553165
-1.536943
-1.519780
-1.501893
-1.483022
-1.463270
-1.442925
-1.421858
-1.399983
-1.377630
-1.354756
-1.351860
-1.348833
-1.343708
-1.317288
-1.290580
-1.263602
-1.236217
-1.208564
-1.180697
-1.152531
-1.124120
-1.095536
-1.066736
-1.037709
-1.008543
-0.979220
-0.949690
-0.920047
-0.890289
-0.860344
-0.830304
-0.800172
-0.769893
-0.739522
-0.709074
-0.678513
-0.647864
-0.617150
-0.586349
-0.546270
-0.514014
-0.501718
-0.473427
-0.442933
-0.412372
-0.381707
-0.350985
-0.320209
-0.289343
-0.258424
-0.227457
-0.196419
-0.165327
-0.131784
-0.089874
-0.071439
-0.050416
-0.007879
0.008833
0.033326
0.076409
0.107518
0.144026
0.186834
0.217135
0.254753
0.296496
0.326765
0.357092
0.387466
0.417908
0.448409
0.482424
0.525294
0.557938
0.588451
0.619012
0.649639
0.680303
0.711004
0.741771
0.733039
0.693317
0.682214
0.690971
0.715139
0.756773
0.783725
0.807388
0.838783
0.862666
0.884901
0.907630
0.938351
0.970137
1.001941
1.033774
1.061532
1.085450
1.109997
1.139078
1.170235
1.195540
1.230216
1.267666
1.299847
1.332043
1.364249
1.396467
1.428700
1.460942
1.493194
1.489098
1.498670
1.525310
1.557738
1.590174
1.622615
1.655066
1.662742
1.657534
1.652632
1.623793
1.596056
1.591875
1.615122
1.644233
1.673645
1.703481
1.703481
1.401502
1.365400
1.329872
1.295286
1.260125
1.224781
1.189438
1.154787
1.120782
1.150553
1.168434
1.135545
1.101106
1.065850
1.030597
0.995345
0.960096
0.927324
0.894676
0.859484
0.826392
0.795014
0.764306
0.732296
0.697263
0.659064
0.620053
0.589656
0.557204
0.522207
0.487221
0.452240
0.417270
0.382309
0.347353
0.318014
0.286939
0.252129
0.217334
0.182548
0.147783
0.113030
0.078289
0.043571
0.010607
-0.016777
-0.043485
-0.069777
-0.112397
-0.151960
-0.186378
-0.220764
-0.255132
-0.289460
-0.323762
-0.358039
-0.392268
-0.426475
-0.460640
-0.488312
-0.512810
-0.546584
-0.580323
-0.614010
-0.647624
-0.681201
-0.714693
-0.741389
-0.762473
-0.794513
-0.823085
-0.841843
-0.869793
-0.900928
-0.917082
-0.939943
-0.971206
-0.987648
-1.000442
-1.011416
-1.021019
-1.029636
-1.009409
-0.996927
-1.001781
-1.022196
-1.048634
-1.074565
-1.111984
-1.161972
-1.169133
-1.168496
-1.165798
-1.161455
-1.156082
-1.148095
-1.150352
-1.169808
-1.165490
-1.157196
-1.174078
-1.190412
-1.206222
-1.221028
-1.226486
-1.206963
-1.207766
-1.219533
-1.230078
-1.240092
-1.249334
-1.257517
-1.265185
-1.271700
-1.277445
-1.282546
-1.286318
-1.278821
-1.245696
-1.211529
-1.181160
-1.215812
-1.234248
-1.232131
-1.257652
-1.281916
-1.276814
-1.250848
-1.209689
-1.174718
-1.149250
-1.141934
-1.133716
-1.128247
-1.152185
-1.159357
-1.147977
-1.135591
-1.122769
-1.109079
-1.094725
-1.079950
-1.064148
-1.047971
-1.031172
-1.013669
-0.995815
-0.977185
-0.958126
-0.938650
-0.943757
-0.944023
-0.922438
-0.900394
-0.878082
-0.855118
-0.831901
-0.808309
-0.784255
-0.759983
-0.735247
-0.710228
-0.684970
-0.659262
-0.633376
-0.607169
-0.580669
-0.552660
-0.502797
-0.464553
-0.441205
-0.415260
-0.384142
-0.334260
-0.297643
-0.270797
-0.243616
-0.216308
-0.188779
-0.161024
-0.133152
-0.105009
-0.100039
-0.120999
-0.116686
-0.103187
-0.073767
-0.044204
-0.014549
0.015325
0.045280
0.075367
0.105604
0.138195
0.186706
0.235259
0.283851
0.316195
0.346471
0.376879
0.407396
0.436896
0.419530
0.414936
0.429364
0.457067
0.488518
0.520079
0.551709
0.583397
0.629496
0.672200
0.703886
0.735650
0.767458
0.799371
0.824951
0.842317
0.871877
0.904229
0.936656
0.961362
0.980316
1.000168
1.009355
0.996940
1.008610
1.027144
1.015880
1.020698
1.043715
1.038630
1.028635
1.019030
1.030519
1.055680
1.047705
1.052055
1.078654
1.111175
1.146670
1.188835
1.231149
1.273610
1.271590
1.263749
1.256270
1.249108
1.242134
1.235649
1.243286
1.272203
1.274421
1.263591
1.223651
1.183916
1.144361
1.105176
1.086920
1.118613
1.126961
1.124053
1.121647
1.119473
1.117600
1.116161
1.114925
1.114122
1.113624
1.113356
1.147164
1.182699
1.218054
1.253953
1.287042
1.288322
1.306301
1.343392
1.380862
1.417891
1.453164
1.488438
1.523713
1.492275
1.459900
1.427888
1.393523
1.358799
1.327439
1.313921
1.318244
1.287943
1.252887
1.217839
1.182796
1.147757
1.112728
1.077702
1.042682
1.007671
0.973491
0.943849
0.911400
0.876500
0.841613
0.808542
0.779867
0.751731
0.725644
0.733093
0.755564
0.797968
0.778248
0.745507
0.719869
0.689387
0.655212
0.621076
0.590134
0.565798
0.534736
0.501765
0.478636
0.471454
0.482732
0.466538
0.442604
0.409510
0.376467
0.343456
0.310532
0.277643
0.244814
0.222251
0.201734
0.169365
0.137054
0.104803
0.072662
0.036764
-0.010118
-0.047647
-0.079794
-0.111805
-0.143758
-0.175622
-0.207365
-0.239047
-0.270588
-0.302034
-0.333398
-0.364589
-0.395704
-0.426676
-0.457504
-0.488248
-0.518773
-0.556927
-0.605323
-0.624290
-0.639489
-0.669214
-0.709772
-0.758681
-0.789351
-0.818826
-0.848074
-0.877068
-0.905922
-0.934415
-0.962713
-0.990782
-0.999354
-1.014070
-1.063934
-1.113790
-1.163640
-1.190811
-1.217242
-1.243275
-1.268812
-1.294087
-1.318711
-1.342937
-1.366757
-1.389811
-1.419532
-1.469288
-1.483282
-1.476753
-1.496560
-1.515887
-1.534464
-1.552015
-1.569046
-1.584854
-1.599849
-1.614117
-1.626894
-1.639018
-1.649898
-1.659556
-1.668515
-1.675642
-1.681928
-1.687070
-1.690577
-1.693306
-1.694345
-1.694216
-1.693177
-1.690193
-1.686434
-1.681292
-1.674761
-1.667483
-1.658438
-1.648553
-1.637673
-1.625333
-1.612354
-1.598086
-1.582901
-1.567092
-1.549884
-1.532168
-1.513592
-1.494112
-1.474177
-1.453235
-1.431779
-1.409794
-1.386975
-1.363813
-1.339993
-1.315667
-1.291037
-1.265678
-1.240057
-1.214024
-1.187517
-1.160784
-1.133569
-1.106081
-1.078346
-1.050182
-1.021848
-0.993201
-0.964287
-0.935223
-0.905804
-0.876241
-0.846481
-0.801467
-0.752636
-0.703727
-0.665541
-0.635815
-0.588159
-0.551189
-0.539738
-0.502470
-0.455335
-0.424976
-0.394512
-0.363922
-0.333152
-0.302303
-0.271295
-0.240174
-0.208976
-0.177604
-0.146168
-0.114622
-0.082962
-0.051242
-0.019390
0.012532
0.044525
0.076633
0.108789
0.141040
0.173365
0.205735
0.238217
0.270739
0.303327
0.335991
0.368693
0.401477
0.434308
0.467182
0.488940
0.513054
0.546302
0.579597
0.612920
0.646308
0.684589
0.729669
0.765377
0.798720
0.832117
0.865547
0.899004
0.890787
0.872602
0.838973
0.805382
0.771813
0.738299
0.704812
0.671360
0.628433
0.597849
0.620703
0.650019
0.683827
0.717685
0.751561
0.785468
0.819410
0.852368
0.876991
0.906260
0.940443
0.974658
1.008886
1.043140
1.077415
1.111679
1.137796
1.167103
1.201569
1.236055
1.270551
1.305068
1.339597
1.374137
1.408697
1.443266
1.477851
1.466970
1.432387
1.397824
1.360205
1.318291
1.276622
1.247195
1.275523
1.304232
1.333248
1.330243
1.336012
1.366255
1.399837
1.429685
1.390349
1.351188
1.312240
1.273630
1.235179
1.197066
1.200660
1.233587
1.232941
1.231302
1.230003
1.254703
1.289359
1.324715
1.360070
1.395425
1.369585
1.351181
1.386788
1.386788
