1.703079
1.670741
1.638407
1.606472
1.574547
1.543036
1.512481
1.511770
1.509822
1.479226
1.448643
1.418284
1.387941
1.357831
1.327759
1.298163
1.268505
1.238164
1.207944
1.178911
1.149937
1.121480
1.092600
1.060424
1.028478
0.998164
0.968114
0.939765
0.911137
0.880863
0.850995
0.823342
0.795264
0.765048
0.734832
0.704621
0.675042
0.648223
0.620754
0.590625
0.560498
0.530379
0.500262
0.470153
0.440047
0.409949
0.379853
0.349767
0.319684
0.289610
0.260741
0.235323
0.208690
0.178754
0.148824
0.118910
0.089001
0.059108
0.029223
-0.000646
-0.030507
-0.060350
-0.088199
-0.111822
-0.137430
-0.167046
-0.196647
-0.226221
-0.255778
-0.285307
-0.311995
-0.333681
-0.358161
-0.387351
-0.416514
-0.445631
-0.474716
-0.503753
-0.532755
-0.561704
-0.586444
-0.605221
-0.628081
-0.656484
-0.684826
-0.713089
-0.735870
-0.751810
-0.766831
-0.780750
-0.800660
-0.827445
-0.854099
-0.880607
-0.899142
-0.909253
-0.926885
-0.952144
-0.967957
-0.974581
-0.990040
-1.013744
-1.026399
-1.029162
-1.030439
-1.030439
-1.006911
-0.963998
-0.956482
-0.976934
-0.996957
-1.016655
-1.049690
-1.092410
-1.106483
-1.100620
-1.093059
-1.084365
-1.106398
-1.148049
-1.156281
-1.144091
-1.130189
-1.115285
-1.117088
-1.128232
-1.138515
-1.148339
-1.137777
-1.116809
-1.114420
-1.121082
-1.106259
-1.081452
-1.097268
-1.131071
-1.164019
-1.196608
-1.206505
-1.207303
-1.184990
-1.153873
-1.143944
-1.141674
-1.138291
-1.134527
-1.152112
-1.176620
-1.154500
-1.118099
-1.081091
-1.043908
-1.028903
-1.019928
-1.032498
-1.050570
-1.044480
-1.032609
-1.019796
-1.006773
-0.992851
-0.978742
-0.963778
-0.948648
-0.932705
-0.916618
-0.899762
-0.882780
-0.865072
-0.847255
-0.828754
-0.810160
-0.790922
-0.771605
-0.751682
-0.731693
-0.711136
-0.690523
-0.669378
-0.648186
-0.645726
-0.644653
-0.623177
-0.600430
-0.577258
-0.554064
-0.530474
-0.506867
-0.482889
-0.458900
-0.434563
-0.410220
-0.385551
-0.360937
-0.352695
-0.344212
-0.318545
-0.292488
-0.250639
-0.209882
-0.199672
-0.189390
-0.177597
-0.164971
-0.138071
-0.111160
-0.084088
-0.057986
-0.043699
-0.028258
-0.000581
0.028302
0.068470
0.103022
0.090659
0.081674
0.098132
0.116099
0.144386
0.171259
0.189294
0.208910
0.237602
0.264833
0.284309
0.305399
0.334430
0.361983
0.382775
0.405182
0.434493
0.463813
0.493168
0.521014
0.543194
0.567007
0.596583
0.626166
0.655772
0.685386
0.715021
0.744664
0.774327
0.803996
0.833685
0.863381
0.893094
0.922814
0.952550
0.982293
1.012052
1.041816
1.071596
1.099656
1.123955
1.150073
1.179982
1.209897
1.239821
1.271555
1.306727
1.338186
1.362905
1.389542
1.419507
1.436481
1.431883
1.439098
1.465088
1.479348
1.475759
1.472363
1.469248
1.466330
1.463690
1.474209
1.502345
1.530714
1.559382
1.561073
1.529562
1.526098
1.555742
1.557137
1.526545
1.525279
1.555871
1.586685
1.617730
1.618663
1.589486
1.591496
1.623430
1.639812
1.641877
1.628130
1.600419
1.573006
1.545846
1.519001
1.492414
1.463846
1.433733
1.406023
1.380107
1.351795
1.321767
1.291746
1.261729
1.231718
1.201713
1.171715
1.141721
1.114905
1.090002
1.065554
1.041370
1.013591
0.983833
0.954089
0.924352
0.898994
0.875835
0.848346
0.818780
0.789234
0.759698
0.725353
0.688913
0.652718
0.616624
0.589858
0.566769
0.538985
0.509441
0.485470
0.463478
0.436009
0.406698
0.383850
0.363059
0.335931
0.306901
0.285316
0.265840
0.239086
0.210394
0.181764
0.153150
0.133373
0.115665
0.089357
0.061170
0.043048
0.026974
0.001137
-0.026540
-0.054101
-0.081641
-0.109055
-0.136449
-0.163706
-0.190942
-0.218028
-0.245095
-0.271998
-0.298881
-0.338513
-0.379508
-0.407590
-0.434454
-0.449392
-0.463352
-0.502233
-0.542862
-0.557639
-0.570905
-0.610695
-0.651728
-0.692573
-0.733411
-0.760781
-0.787817
-0.814607
-0.841393
-0.867901
-0.894407
-0.920605
-0.946798
-0.972651
-0.998494
-1.023962
-1.049413
-1.074448
-1.099460
-1.124010
-1.148527
-1.172529
-1.196489
-1.219874
-1.243203
-1.265890
-1.288505
-1.310401
-1.332208
-1.353208
-1.374096
-1.394082
-1.413929
-1.432767
-1.451434
-1.468975
-1.486310
-1.502393
-1.518228
-1.532680
-1.546838
-1.559480
-1.571779
-1.582431
-1.592689
-1.601183
-1.609232
-1.615419
-1.621112
-1.624874
-1.628103
-1.629365
-1.630062
-1.628799
-1.626950
-1.623188
-1.618832
-1.612645
-1.605870
-1.597376
-1.588308
-1.577656
-1.566455
-1.553813
-1.540653
-1.526202
-1.511266
-1.495183
-1.478653
-1.461112
-1.443160
-1.424322
-1.405108
-1.385123
-1.357395
-1.314499
-1.279215
-1.258178
-1.236844
-1.214980
-1.192844
-1.170243
-1.147393
-1.124135
-1.100649
-1.076806
-1.052752
-1.028384
-1.003824
-0.978987
-0.953973
-0.928715
-0.903293
-0.877657
-0.851870
-0.825892
-0.799776
-0.773491
-0.753556
-0.741014
-0.721518
-0.694255
-0.666892
-0.639424
-0.605576
-0.565168
-0.524649
-0.484020
-0.450266
-0.423019
-0.395677
-0.368251
-0.333863
-0.293412
-0.260066
-0.232657
-0.197997
-0.157528
-0.124453
-0.097059
-0.062126
-0.021641
0.011162
0.038543
0.066006
0.093526
0.121125
0.148774
0.176499
0.204270
0.232113
0.259999
0.287952
0.315944
0.344002
0.372094
0.400249
0.428436
0.449552
0.467169
0.492225
0.520793
0.503000
0.464346
0.466370
0.485828
0.506003
0.526470
0.553258
0.582495
0.611765
0.641047
0.670359
0.699683
0.729036
0.758398
0.782282
0.804456
0.832340
0.861906
0.886456
0.909614
0.943005
0.979064
0.981072
0.974748
0.993156
1.017221
1.050687
1.086159
1.097126
1.103233
1.124197
1.147889
1.176820
1.206638
1.236471
1.266306
1.296157
1.326010
1.355877
1.385746
1.415628
1.445513
1.475410
1.505309
1.475709
1.440741
1.461817
1.487268
1.517040
1.547098
1.544863
1.540866
1.566246
1.592894
1.620088
1.647299
1.677472
1.707708
1.707708
1.881958
1.835967
1.789734
1.772420
1.749583
1.703531
1.657487
1.611453
1.565428
1.519414
1.472184
1.423105
1.374362
1.331053
1.285043
1.239043
1.193056
1.147079
1.101115
1.055163
1.009225
0.963299
0.917388
0.871491
0.825610
0.779744
0.733895
0.686702
0.637212
0.593038
0.550672
0.499668
0.453856
0.408065
0.362292
0.316543
0.270813
0.222067
0.233894
0.279767
0.325658
0.371566
0.417491
0.463432
0.509388
0.555359
0.601344
0.643793
0.689199
0.735278
0.777577
0.823725
0.871673
0.918695
0.899959
0.944609
0.952581
0.940004
0.982501
1.028054
1.051229
1.071378
1.069695
1.106350
1.079666
1.115070
1.107268
1.091085
1.045019
0.999588
0.954811
0.987348
0.959734
0.963110
1.000820
1.010561
0.964842
0.921188
0.875775
0.832254
0.791054
0.751440
0.706266
0.660311
0.619166
0.573306
0.532668
0.486917
0.446821
0.407189
0.361678
0.322654
0.277299
0.238927
0.193749
0.150241
0.111100
0.066172
0.027838
-0.015257
-0.052377
-0.091992
-0.130592
-0.170300
-0.198691
-0.236539
-0.263155
-0.306123
-0.348971
-0.391672
-0.432398
-0.455070
-0.489825
-0.509880
-0.509463
-0.561027
-0.596720
-0.639519
-0.660103
-0.674171
-0.720708
-0.749303
-0.748336
-0.721322
-0.776343
-0.793690
-0.829369
-0.844450
-0.878797
-0.891460
-0.908642
-0.885901
-0.882120
-0.876027
-0.908091
-0.906732
-0.939901
-0.943379
-0.968366
-0.978681
-1.015539
-1.010879
-1.004469
-1.040382
-1.067277
-1.060068
-1.047848
-1.062823
-1.105792
-1.118674
-1.130326
-1.140747
-1.149854
-1.157718
-1.151994
-1.139157
-1.142865
-1.115292
-1.115981
-1.115796
-1.096712
-1.081033
-1.076898
-1.071555
-1.064906
-1.063553
-1.077664
-1.067171
-1.055488
-1.042597
-1.028594
-1.013412
-0.997199
-0.979842
-0.961537
-0.907058
-0.907816
-0.887416
-0.866168
-0.843967
-0.820953
-0.814510
-0.797957
-0.772186
-0.739206
-0.713271
-0.690539
-0.641749
-0.618002
-0.581951
-0.549624
-0.519016
-0.476839
-0.411601
-0.392035
-0.369725
-0.336889
-0.303640
-0.283616
-0.256290
-0.221526
-0.181504
-0.115950
-0.124959
-0.102624
-0.073120
-0.048322
-0.000538
0.026197
0.046295
0.084447
0.113885
0.144830
0.183928
0.221324
0.246931
0.286836
0.326930
0.289616
0.287136
0.314334
0.353965
0.388025
0.420757
0.454757
0.466685
0.447232
0.455926
0.438009
0.421747
0.448188
0.495963
0.512820
0.530218
0.551385
0.542720
0.504678
0.509801
0.494206
0.479218
0.489838
0.524077
0.507044
0.505197
0.509306
0.527500
0.545439
0.523583
0.557065
0.548486
0.540505
0.553569
0.526492
0.520454
0.523029
0.564569
0.566856
0.563478
0.520657
0.473111
0.425108
0.378679
0.330388
0.283892
0.329925
0.376405
0.422885
0.469364
0.515751
0.562185
0.608766
0.587469
0.565093
0.590663
0.566352
0.520612
0.477307
0.494247
0.447933
0.401623
0.355338
0.311882
0.265444
0.218195
0.173154
0.126927
0.080709
0.036963
-0.008169
-0.054300
-0.100419
-0.143175
-0.152240
-0.164092
-0.155560
-0.146282
-0.095889
-0.050498
-0.005067
0.040716
0.092226
0.137654
0.183116
0.228608
0.274132
0.319683
0.365262
0.410867
0.461246
0.507961
0.553557
0.593529
0.639249
0.684990
0.730750
0.781889
0.827618
0.873367
0.919133
0.964918
1.015990
1.061745
1.107517
1.153306
1.199111
1.244931
1.290767
1.336617
1.380666
1.423608
1.471595
1.520154
1.566071
1.611897
1.653435
1.699785
1.749852
1.795824
1.841807
1.887799
1.890303
1.844309
1.798326
1.752353
1.706391
1.660439
1.614498
1.568570
1.522653
1.476749
1.430856
1.384978
1.339113
1.293262
1.247425
1.201604
1.155798
1.110009
1.064236
1.018480
0.972742
0.931674
0.887036
0.841428
0.795844
0.750282
0.707683
0.665587
0.626888
0.581609
0.536365
0.491154
0.445982
0.400846
0.355751
0.309031
0.263840
0.220719
0.175800
0.130932
0.086113
0.038128
-0.011593
-0.056374
-0.092749
-0.137103
-0.181555
-0.225927
-0.270228
-0.314443
-0.358576
-0.402616
-0.446563
-0.490407
-0.534144
-0.577769
-0.621271
-0.664649
-0.707885
-0.750984
-0.793918
-0.836701
-0.879292
-0.921712
-0.963910
-1.005911
-1.047663
-1.089179
-1.121684
-1.093672
-1.051773
-1.022117
-0.979477
-0.940163
-0.961605
-1.006720
-1.059915
-1.104360
-1.147502
-1.190436
-1.233181
-1.275679
-1.317952
-1.351240
-1.400032
-1.442431
-1.484557
-1.526360
-1.567822
-1.608898
-1.649543
-1.689723
-1.729354
-1.768417
-1.806772
-1.844427
-1.881163
-1.917030
-1.951691
-1.985232
-2.017252
-2.047788
-2.076412
-2.103082
-2.127371
-2.149131
-2.168003
-2.183714
-2.196068
-2.204683
-2.209636
-2.210477
-2.207632
-2.200628
-2.190216
-2.175926
-2.158670
-2.138140
-2.115110
-2.089480
-2.061804
-2.032126
-2.000807
-1.967966
-1.933821
-1.898524
-1.862188
-1.824977
-1.786934
-1.748222
-1.708838
-1.668937
-1.628488
-1.587632
-1.546333
-1.504701
-1.462716
-1.420451
-1.377902
-1.335116
-1.292100
-1.248881
-1.205473
-1.161890
-1.118152
-1.074261
-1.030241
-0.986088
-0.941828
-0.897449
-0.843910
-0.790468
-0.746215
-0.701856
-0.657411
-0.612876
-0.566693
-0.508827
-0.524584
-0.568680
-0.601108
-0.570358
-0.526483
-0.482509
-0.438432
-0.394269
-0.350011
-0.305679
-0.261261
-0.216775
-0.172214
-0.127591
-0.082901
-0.038154
-0.019368
-0.057813
-0.102681
-0.140909
-0.101271
-0.056128
-0.010942
0.027492
0.072869
0.118284
0.163730
0.209212
0.254720
0.300261
0.346425
0.364089
0.321060
0.275705
0.230385
0.185101
0.139855
0.100480
0.069049
0.099379
0.144344
0.189354
0.237736
0.286959
0.331993
0.377065
0.422182
0.467334
0.512526
0.557751
0.603013
0.648306
0.693631
0.738987
0.784371
0.829785
0.875224
0.920690
0.966181
1.011697
1.057234
1.102796
1.148378
1.190881
1.233935
1.279643
1.325367
1.371109
1.416867
1.462642
1.507201
1.549193
1.595065
1.640949
1.686846
1.732755
1.778676
1.824607
1.870550
1.496462
1.459896
1.423643
1.387712
1.387689
1.352672
1.353194
1.318991
1.284777
1.286147
1.253223
1.255170
1.258077
1.223248
1.190861
1.155347
1.119756
1.087836
1.052401
1.016860
0.981324
0.945793
0.910266
0.874745
0.843487
0.880749
0.848615
0.813204
0.777801
0.742405
0.707019
0.676839
0.636575
0.600910
0.565560
0.530218
0.494888
0.465080
0.430215
0.394990
0.359778
0.330740
0.296106
0.261024
0.225960
0.190915
0.155889
0.120883
0.085898
0.050935
0.015995
-0.018922
-0.053813
-0.088679
-0.123518
-0.158329
-0.185265
-0.219051
-0.245087
-0.238608
-0.258705
-0.291630
-0.325596
-0.359503
-0.393348
-0.416330
-0.448492
-0.481924
-0.503486
-0.534973
-0.567911
-0.587901
-0.618599
-0.637194
-0.652716
-0.666962
-0.695767
-0.726618
-0.740917
-0.768529
-0.798434
-0.810490
-0.768905
-0.743704
-0.746343
-0.751735
-0.775736
-0.802724
-0.808743
-0.809743
-0.831079
-0.855837
-0.857744
-0.877061
-0.900111
-0.899113
-0.916205
-0.961488
-0.987299
-1.007732
-1.002599
-0.990821
-0.977434
-0.988736
-1.004852
-1.020270
-1.034968
-1.048924
-1.089307
-1.108218
-1.120105
-1.131150
-1.141331
-1.150629
-1.159025
-1.166502
-1.173044
-1.178637
-1.154937
-1.151241
-1.153849
-1.155498
-1.184437
-1.191724
-1.190447
-1.188182
-1.184935
-1.180712
-1.175524
-1.169381
-1.162298
-1.127400
-1.110762
-1.127594
-1.098746
-1.079526
-1.067458
-1.054595
-1.040959
-1.026572
-1.011456
-0.995633
-0.979125
-0.961954
-0.944143
-0.925714
-0.884148
-0.857184
-0.859286
-0.846244
-0.803796
-0.774906
-0.753098
-0.730832
-0.728103
-0.692311
-0.661447
-0.618215
-0.584976
-0.579588
-0.599244
-0.606994
-0.625282
-0.650144
-0.674639
-0.679549
-0.675695
-0.690464
-0.712624
-0.734333
-0.734957
-0.746855
-0.745596
-0.707863
-0.706381
-0.746482
-0.774201
-0.792157
-0.787652
-0.794464
-0.810341
-0.847955
-0.850492
-0.822245
-0.779775
-0.732726
-0.707530
-0.712781
-0.704909
-0.676476
-0.643300
-0.610029
-0.576668
-0.543221
-0.509693
-0.476087
-0.442408
-0.408659
-0.367104
-0.336900
-0.307024
-0.273027
-0.238975
-0.211610
-0.181013
-0.140151
-0.102263
-0.067970
-0.033635
0.000741
0.035155
0.069607
0.110176
0.142165
0.173170
0.207757
0.242373
0.277019
0.311693
0.346395
0.381122
0.415875
0.455873
0.493877
0.523532
0.555122
0.589989
0.629735
0.667740
0.702579
0.737438
0.772317
0.807214
0.842131
0.877065
0.912016
0.946984
0.981969
1.016969
1.051985
1.087016
1.122061
1.157120
1.192192
1.227278
1.262377
1.297488
1.308710
1.322438
1.358495
1.392925
1.428945
1.466826
1.459025
1.457505
1.487356
1.497873
1.493058
1.508232
1.502580
1.464819
1.425367
1.405650
1.402368
1.418795
1.453179
1.487549
1.501784
1.519033
1.514954
1.516046
1.512855
1.495399
1.513962
1.549735
1.585576
1.621585
1.620320
1.584970
1.587158
1.623438
1.641533
1.624797
1.627408
1.627789
1.593291
1.560143
1.563231
1.566288
1.551972
1.538080
1.506717
1.471243
1.433520
1.400210
1.367010
1.331552
1.296099
1.260653
1.225212
1.189778
1.154351
1.116623
1.078652
1.043196
1.010099
0.977317
0.939550
0.903838
0.871189
0.835829
0.800479
0.765137
0.729805
0.694483
0.659170
0.623868
0.588577
0.556065
0.542929
0.549677
0.541300
0.529423
0.522154
0.492070
0.457370
0.426657
0.401378
0.391577
0.401785
0.412398
0.404092
0.370113
0.341115
0.314024
0.285517
0.259122
0.231136
0.205480
0.172333
0.139255
0.106248
0.073316
0.040461
0.001899
-0.045077
-0.086374
-0.124870
-0.171656
-0.212962
-0.246019
-0.278991
-0.311875
-0.344666
-0.377360
-0.409953
-0.436497
-0.452998
-0.474832
-0.506442
-0.544334
-0.586415
-0.617859
-0.649144
-0.663588
-0.672478
-0.720759
-0.762966
-0.794670
-0.809332
-0.816745
-0.858988
-0.896692
-0.938989
-0.971002
-1.002843
-1.034501
-1.065964
-1.097217
-1.128247
-1.159037
-1.189571
-1.219830
-1.249794
-1.279441
-1.308746
-1.337684
-1.366225
-1.394339
-1.414249
-1.425183
-1.451180
-1.476575
-1.501324
-1.525375
-1.539767
-1.542713
-1.563664
-1.583678
-1.602693
-1.620641
-1.637456
-1.653067
-1.667407
-1.680405
-1.691998
-1.702122
-1.710719
-1.717737
-1.723134
-1.726874
-1.728933
-1.729296
-1.727962
-1.724939
-1.720248
-1.713918
-1.705991
-1.696514
-1.685542
-1.673136
-1.659362
-1.652766
-1.651120
-1.610505
-1.591937
-1.572342
-1.551783
-1.530324
-1.508024
-1.484939
-1.467611
-1.462113
-1.442297
-1.433662
-1.406217
-1.372911
-1.322647
-1.277732
-1.249607
-1.221095
-1.192221
-1.163009
-1.133481
-1.108016
-1.096447
-1.075385
-1.030616
-0.999409
-0.971630
-0.949160
-0.908056
-0.888316
-0.852664
-0.805046
-0.760586
-0.725110
-0.680589
-0.651436
-0.630857
-0.598124
-0.565281
-0.532336
-0.499293
-0.463519
-0.423221
-0.405606
-0.370046
-0.323012
-0.287985
-0.296272
-0.263865
-0.231356
-0.196104
-0.148743
-0.112653
-0.120874
-0.088706
-0.056437
-0.024071
0.008388
0.043399
0.088346
0.120877
0.153493
0.186189
0.221220
0.263890
0.284733
0.317724
0.350782
0.383905
0.417092
0.450339
0.483644
0.510449
0.494865
0.461375
0.426197
0.389239
0.412257
0.445990
0.479771
0.513599
0.548928
0.585937
0.572499
0.616890
0.650461
0.682680
0.705887
0.739721
0.773596
0.806287
0.830439
0.864543
0.898682
0.932853
0.967057
1.001292
1.034574
1.052268
1.011489
1.005407
1.025503
0.990839
0.956198
0.921580
0.886987
0.852417
0.817874
0.782612
0.741517
0.729935
0.691816
0.718976
0.753844
0.788732
0.823638
0.858563
0.893505
0.928465
0.963441
0.998433
1.033440
1.068463
1.103501
1.138926
1.180809
1.215820
1.250845
1.285884
1.317591
1.278497
1.307041
1.336041
1.365687
1.400818
1.430924
1.466308
1.499461
1.461012
1.490859
1.486510
1.482479
1.478025
1.439694
1.436594
1.433819
1.430872
1.393035
1.355864
1.354364
1.353445
1.388374
1.424134
1.424134
1.595733
1.556765
1.517396
1.485458
1.513232
1.500496
1.469618
1.480087
1.487778
1.447752
1.406720
1.407306
1.400924
1.362563
1.322921
1.310797
1.280113
1.240642
1.269119
1.308865
1.348807
1.348091
1.318565
1.359501
1.399117
1.431213
1.445524
1.461318
1.424431
1.385405
1.346382
1.307364
1.268349
1.231931
1.194296
1.155336
1.113096
1.073337
1.038118
0.999550
0.960618
0.921980
0.887511
0.848654
0.809805
0.772370
0.737522
0.698765
0.660019
0.624091
0.588664
0.550031
0.511414
0.472811
0.434225
0.401002
0.364171
0.325733
0.287317
0.248922
0.210551
0.172205
0.134847
0.103905
0.065763
0.027653
-0.007468
-0.039094
-0.072714
-0.104550
-0.142153
-0.185737
-0.221245
-0.246924
-0.246212
-0.269898
-0.296111
-0.330397
-0.353989
-0.374668
-0.409707
-0.428625
-0.448346
-0.480115
-0.499961
-0.528980
-0.532510
-0.511877
-0.521154
-0.556009
-0.577820
-0.597562
-0.620028
-0.635847
-0.659103
-0.670658
-0.694844
-0.701794
-0.727049
-0.729059
-0.755512
-0.779975
-0.773373
-0.747484
-0.741282
-0.741837
-0.764647
-0.786864
-0.808464
-0.829424
-0.849719
-0.869325
-0.888216
-0.906367
-0.923753
-0.940348
-0.984630
-1.036083
-1.087235
-1.103786
-1.116959
-1.129121
-1.140261
-1.143727
-1.122912
-1.130630
-1.137265
-1.142799
-1.163337
-1.169729
-1.152683
-1.131908
-1.092606
-1.077767
-1.050963
-1.041834
-1.041537
-1.040187
-1.037789
-1.034345
-1.068186
-1.097994
-1.091080
-1.083115
-1.074118
-1.064108
-1.053105
-1.041132
-1.028213
-1.014372
-1.018063
-1.018011
-1.001186
-0.983535
-0.965085
-0.971257
-0.984154
-0.995120
-1.004113
-1.034042
-1.063837
-1.071079
-1.100488
-1.124379
-1.124952
-1.131531
-1.157677
-1.183175
-1.194824
-1.176412
-1.144655
-1.112517
-1.080024
-1.047199
-1.014065
-0.980642
-0.962570
-0.931131
-0.896559
-0.861778
-0.826012
-0.774962
-0.737498
-0.688145
-0.653122
-0.617934
-0.582590
-0.553182
-0.526611
-0.490579
-0.454430
-0.418171
-0.381807
-0.345343
-0.308784
-0.272136
-0.235402
-0.198586
-0.161693
-0.124725
-0.087684
-0.050575
-0.013403
0.023832
0.061124
0.101933
0.147228
0.184524
0.200671
0.176609
0.139150
0.101743
0.064390
0.019060
0.024084
0.059068
0.096758
0.134491
0.172267
0.210153
0.256356
0.267282
0.282565
0.320046
0.357573
0.395145
0.436561
0.480959
0.518522
0.556127
0.593771
0.631453
0.675963
0.717130
0.754801
0.792507
0.821773
0.858279
0.852478
0.880012
0.926813
0.963922
0.981218
0.934369
0.897416
0.889561
0.895516
0.927191
0.962163
0.978899
0.973017
0.967567
0.962552
0.957974
0.953834
0.950133
0.914620
0.872660
0.867139
0.865174
0.866201
0.904360
0.943020
0.982224
1.021375
1.060498
1.100049
1.139614
1.179255
1.180147
1.140960
1.101773
1.062586
1.023399
0.985296
0.947943
0.911080
0.874725
0.875044
0.837110
0.798064
0.759021
0.719982
0.680948
0.642959
0.606709
0.566278
0.524854
0.485842
0.446836
0.410191
0.372968
0.334035
0.295110
0.256193
0.217284
0.178383
0.144146
0.105700
0.067065
0.040141
0.075136
0.037779
0.015018
0.033183
0.079943
0.123746
0.161936
0.200155
0.238401
0.276675
0.314974
0.353298
0.391645
0.430015
0.468407
0.506820
0.545253
0.583706
0.622178
0.660668
0.699175
0.737700
0.776240
0.814796
0.853367
0.891952
0.930552
0.969165
1.004505
1.040331
1.079048
1.071331
1.039372
1.036829
1.075019
1.088894
1.131373
1.106366
1.068303
1.030163
0.992046
0.953954
0.915887
0.877846
0.839832
0.801846
0.763889
0.725961
0.688064
0.650200
0.612368
0.574571
0.536809
0.499085
0.461399
0.423753
0.386148
0.348586
0.311071
0.273603
0.236183
0.198815
0.161499
0.124238
0.087035
0.049891
0.018403
-0.011561
-0.055370
-0.098027
-0.134828
-0.171550
-0.208190
-0.244744
-0.269230
-0.303242
-0.339271
-0.375187
-0.410979
-0.446647
-0.484545
-0.533480
-0.569023
-0.604421
-0.639667
-0.667823
-0.692214
-0.726604
-0.760791
-0.786367
-0.826657
-0.867297
-0.901564
-0.935600
-0.969388
-1.020316
-1.055833
-1.089080
-1.077303
-1.099834
-1.152913
-1.202289
-1.232950
-1.250674
-1.279541
-1.318638
-1.336580
-1.370416
-1.422148
-1.464725
-1.500578
-1.536170
-1.571470
-1.606445
-1.641056
-1.675255
-1.708991
-1.721277
-1.752942
-1.786443
-1.833831
-1.837367
-1.843795
-1.869370
-1.896050
-1.936275
-1.977761
-1.984505
-1.970280
-1.972211
-1.962239
-1.960714
-1.968318
-1.942835
-1.937681
-1.936716
-1.933031
-1.926144
-1.881492
-1.870649
-1.857594
-1.842458
-1.833939
-1.838495
-1.817000
-1.793979
-1.769577
-1.743928
-1.731855
-1.714765
-1.685166
-1.654782
-1.606311
-1.569937
-1.538397
-1.506310
-1.473726
-1.440311
-1.387597
-1.354348
-1.320734
-1.286784
-1.252527
-1.217987
-1.183185
-1.148143
-1.112878
-1.069103
-1.026035
-0.990568
-0.954921
-0.919105
-0.883132
-0.847012
-0.822676
-0.787761
-0.750973
-0.713774
-0.664503
-0.627670
-0.590743
-0.553726
-0.516626
-0.479447
-0.442192
-0.404866
-0.362079
-0.318795
-0.274816
-0.225202
-0.199132
-0.211056
-0.189882
-0.153202
-0.104925
-0.066673
-0.017001
0.033403
0.069889
0.106454
0.143094
0.179807
0.216590
0.253439
0.290353
0.327328
0.364362
0.401453
0.438599
0.475798
0.513048
0.550346
0.596675
0.636442
0.673743
0.711089
0.748480
0.785914
0.823389
0.860904
0.898456
0.936046
0.973671
1.011331
1.053017
1.097037
1.134687
1.172370
1.210084
1.247829
1.285603
1.323406
1.361237
1.399095
1.436980
1.474890
1.512825
1.541653
1.579722
1.611504
1.602476
1.593804
1.585489
1.565028
1.533289
1.512768
1.474254
1.435754
1.397268
1.358796
1.320339
1.281898
1.243472
1.205063
1.166670
1.128295
1.089938
1.051251
1.011808
1.043637
1.082139
1.120656
1.159187
1.197732
1.236292
1.274864
1.313450
1.348591
1.384381
1.419274
1.455948
1.494708
1.533477
1.567751
1.568051
1.563154
1.701557
1.662882
1.625629
1.590847
1.553456
1.515445
1.480625
1.445807
1.410991
1.373504
1.348982
1.381136
1.375872
1.340978
1.303984
1.287142
1.320319
1.354657
1.389607
1.424558
1.432104
1.395922
1.360651
1.325595
1.289867
1.254501
1.219522
1.184323
1.149195
1.114478
1.100283
1.101078
1.068139
1.033595
0.999995
0.966798
0.933720
0.898809
0.864942
0.832607
0.798325
0.763462
0.728603
0.695402
0.663849
0.629488
0.594696
0.559910
0.527582
0.496908
0.462359
0.427666
0.392980
0.361767
0.331795
0.297227
0.262667
0.228116
0.193578
0.159998
0.131582
0.121518
0.128309
0.165956
0.190514
0.164549
0.128539
0.086309
0.052128
0.018099
-0.015903
-0.049875
-0.083831
-0.117745
-0.151638
-0.185504
-0.219328
-0.251434
-0.275528
-0.304696
-0.338167
-0.371571
-0.404946
-0.438264
-0.471527
-0.504758
-0.537898
-0.571000
-0.604040
-0.645447
-0.687596
-0.708901
-0.729419
-0.749027
-0.779071
-0.808332
-0.825581
-0.841744
-0.857057
-0.870500
-0.888653
-0.918599
-0.935675
-0.945987
-0.954118
-0.961363
-0.967209
-0.988789
-1.012622
-1.015031
-1.016274
-1.016274
-1.014226
-1.011301
-1.006499
-1.016785
-1.037966
-1.031039
-1.021787
-1.010931
-1.039870
-1.086483
-1.103631
-1.107559
-1.092302
-1.100148
-1.119112
-1.165044
-1.194305
-1.207178
-1.190091
-1.175950
-1.186000
-1.195301
-1.204102
-1.211660
-1.218738
-1.224934
-1.205980
-1.178159
-1.181507
-1.184284
-1.186298
-1.187248
-1.187707
-1.187035
-1.167378
-1.130481
-1.092602
-1.072010
-1.102290
-1.088864
-1.048696
-1.007735
-0.978467
-0.970817
-0.962373
-0.953527
-0.943689
-0.933380
-0.922492
-0.937307
-0.951964
-0.938675
-0.924858
-0.910600
-0.895493
-0.880056
-0.863971
-0.847338
-0.830393
-0.812635
-0.794587
-0.776048
-0.735523
-0.690079
-0.670561
-0.663891
-0.671861
-0.655450
-0.634026
-0.612115
-0.574795
-0.525550
-0.501087
-0.478358
-0.455259
-0.431832
-0.408223
-0.384153
-0.350155
-0.300691
-0.269465
-0.247303
-0.248127
-0.236399
-0.211460
-0.206404
-0.204431
-0.201194
-0.184183
-0.157343
-0.109236
-0.066955
-0.039864
-0.012571
0.014831
0.042503
0.070286
0.098227
0.126367
0.151772
0.160247
0.179130
0.208128
0.237313
0.262161
0.273036
0.295395
0.325302
0.355380
0.385520
0.415771
0.434305
0.447887
0.462569
0.484375
0.515600
0.534867
0.551247
0.568549
0.586415
0.604787
0.595031
0.590465
0.610613
0.631386
0.652537
0.641751
0.642636
0.665478
0.688988
0.714417
0.757691
0.801084
0.844623
0.879958
0.913450
0.946979
0.980533
1.014106
1.047718
1.081344
1.115000
1.148681
1.182376
1.216107
1.246546
1.271472
1.271784
1.263470
1.255585
1.264037
1.290890
1.289610
1.289827
1.317959
1.326895
1.321144
1.288562
1.252415
1.212473
1.218738
1.246552
1.207474
1.182252
1.178360
1.201313
1.233610
1.271740
1.310066
1.348599
1.350978
1.347360
1.344126
1.320721
1.283089
1.312352
1.322998
1.286302
1.273794
1.272552
1.271791
1.285709
1.320438
1.301057
1.266292
1.231314
1.196735
1.162540
1.127670
1.092704
1.057738
1.023600
0.990001
1.024831
1.038299
1.005837
1.022757
1.058248
1.061729
1.050392
1.019686
0.989520
0.959605
0.930278
0.898196
0.863668
0.829152
0.794643
0.760145
0.725657
0.691175
0.656710
0.622252
0.587806
0.558111
0.529680
0.495389
0.464472
0.437625
0.439331
0.453704
0.496181
0.496714
0.462872
0.437665
0.410685
0.377099
0.350237
0.327823
0.371939
0.411949
0.445168
0.437502
0.414444
0.381492
0.354422
0.333902
0.368632
0.400885
0.381951
0.355520
0.323418
0.291417
0.259456
0.227575
0.205812
0.188673
0.157315
0.119808
0.072948
0.037898
0.006555
-0.024658
-0.055793
-0.086848
-0.117759
-0.148607
-0.179317
-0.209916
-0.240437
-0.270767
-0.295159
-0.306958
-0.343705
-0.390949
-0.420588
-0.450120
-0.479501
-0.508667
-0.537730
-0.566542
-0.595192
-0.623690
-0.651892
-0.679966
-0.707768
-0.714289
-0.707151
-0.754496
-0.796351
-0.824780
-0.847460
-0.869748
-0.918384
-0.958341
-0.987080
-1.015501
-1.047278
-1.096175
-1.145038
-1.193871
-1.224202
-1.252299
-1.280024
-1.307400
-1.334570
-1.361131
-1.387446
-1.413327
-1.438667
-1.463727
-1.488037
-1.511931
-1.535329
-1.557899
-1.580082
-1.601361
-1.621964
-1.642020
-1.660843
-1.679138
-1.696379
-1.712580
-1.728195
-1.742098
-1.755294
-1.767331
-1.777886
-1.787701
-1.795646
-1.802545
-1.808293
-1.812132
-1.815132
-1.816297
-1.796152
-1.760078
-1.754770
-1.750859
-1.745461
-1.738677
-1.731137
-1.721670
-1.711443
-1.700076
-1.687336
-1.673955
-1.659113
-1.643494
-1.627087
-1.609433
-1.591276
-1.572088
-1.552175
-1.531762
-1.483970
-1.434944
-1.385879
-1.355485
-1.333496
-1.310672
-1.287508
-1.263873
-1.239651
-1.218723
-1.217350
-1.203091
-1.176724
-1.149865
-1.122813
-1.095374
-1.067648
-1.039738
-1.011406
-0.982928
-0.954189
-0.911358
-0.864172
-0.835235
-0.806153
-0.776884
-0.761909
-0.747209
-0.716900
-0.686460
-0.655904
-0.610023
-0.566973
-0.536372
-0.495075
-0.447541
-0.416852
-0.380096
-0.332594
-0.284999
-0.238967
-0.208446
-0.170088
-0.122490
-0.124476
-0.128944
-0.098914
-0.068772
-0.038542
0.007877
0.050674
0.080956
0.111355
0.142107
0.189754
0.224445
0.238217
0.264829
0.295786
0.326872
0.358023
0.389245
0.433784
0.477475
0.508700
0.531287
0.547490
0.578275
0.610016
0.641831
0.673714
0.705635
0.737650
0.751258
0.737513
0.749118
0.770167
0.802765
0.829338
0.849851
0.871168
0.892819
0.915166
0.918087
0.907780
0.930306
0.960489
1.003709
1.040290
1.073908
1.107564
1.137397
1.161997
1.187209
1.213905
1.247917
1.286218
1.328506
1.363426
1.397385
1.431365
1.465362
1.499369
1.525743
1.554706
1.588866
1.623041
1.656683
1.683805
1.714104
1.748415
1.749732
1.737295
1.696702
1.656274
1.615986
1.607251
1.611333
1.641090
1.641090
1.641011
1.607293
1.573666
1.540406
1.507432
1.474900
1.442217
1.409431
1.376842
1.344306
1.311769
1.279282
1.247012
1.214951
1.183233
1.151847
1.120706
1.088522
1.056028
1.025468
1.000445
1.003006
0.991945
0.956930
0.924833
0.895034
0.863268
0.830868
0.801673
0.772143
0.739818
0.707495
0.675177
0.642865
0.610556
0.581423
0.553401
0.521460
0.489260
0.457071
0.424888
0.392714
0.360549
0.328391
0.300209
0.273535
0.241952
0.209956
0.177981
0.146015
0.114067
0.082134
0.050215
0.018317
-0.013571
-0.038994
-0.064457
-0.096095
-0.127718
-0.159308
-0.190872
-0.222410
-0.253909
-0.285392
-0.316820
-0.348236
-0.379592
-0.410927
-0.442211
-0.473457
-0.504663
-0.528942
-0.549934
-0.579421
-0.610113
-0.640690
-0.671230
-0.701670
-0.726174
-0.743867
-0.769501
-0.799182
-0.828679
-0.858132
-0.887361
-0.912568
-0.925907
-0.925755
-0.909116
-0.909240
-0.918515
-0.942263
-0.968671
-0.994613
-1.020428
-1.045832
-1.070976
-1.095782
-1.120169
-1.144311
-1.148461
-1.149005
-1.170767
-1.192321
-1.213146
-1.222428
-1.215690
-1.206958
-1.196983
-1.184498
-1.171687
-1.185576
-1.199181
-1.211691
-1.211136
-1.191235
-1.164617
-1.133521
-1.134077
-1.142702
-1.149851
-1.156699
-1.162306
-1.167304
-1.171338
-1.155446
-1.125381
-1.093990
-1.062228
-1.092601
-1.118399
-1.116081
-1.101212
-1.065144
-1.046682
-1.041571
-1.035383
-1.028864
-1.021026
-1.012926
-1.003709
-0.994036
-0.983539
-0.972364
-0.960641
-0.948038
-0.935141
-0.921189
-0.907025
-0.891955
-0.876544
-0.860473
-0.843895
-0.826881
-0.809214
-0.791311
-0.772631
-0.750468
-0.704990
-0.676147
-0.681853
-0.673653
-0.652715
-0.631316
-0.609736
-0.608918
-0.604713
-0.558700
-0.519726
-0.496464
-0.472954
-0.449204
-0.425132
-0.400925
-0.357173
-0.315336
-0.311593
-0.307307
-0.301716
-0.286017
-0.259825
-0.233417
-0.206912
-0.180148
-0.153329
-0.126258
-0.099116
-0.071789
-0.052327
-0.041559
-0.019115
0.009033
0.037354
0.064717
0.078081
0.095555
0.124578
0.153672
0.182848
0.203156
0.218819
0.246484
0.275596
0.292931
0.313445
0.343654
0.373905
0.404209
0.434570
0.464964
0.460522
0.450405
0.470710
0.493480
0.524444
0.551407
0.573025
0.600669
0.631928
0.656257
0.679247
0.710756
0.742273
0.773819
0.805381
0.836963
0.868566
0.900182
0.931823
0.963472
0.995150
1.025441
1.050179
1.077740
1.109589
1.145457
1.184072
1.222935
1.261863
1.255297
1.254133
1.279411
1.307227
1.339161
1.371106
1.403058
1.430565
1.456781
1.452399
1.452652
1.480099
1.509296
1.541529
1.535127
1.498675
1.487072
1.483343
1.511067
1.530383
1.495239
1.482976
1.513204
1.543734
1.574515
1.581500
1.580287
1.610130
1.637529
1.637289
1.626332
1.594039
1.596565
1.629815
1.639726
1.640921
1.642558
1.644288
1.646436
1.638406
1.608621
1.579129
1.549913
1.567147
1.603124
1.577009
1.544706
1.512410
1.480116
1.447828
1.415543
1.383262
1.350987
1.318714
1.286449
1.254599
1.226907
1.199415
1.172417
1.140415
1.103085
1.072931
1.046135
1.014736
0.982699
0.950679
0.918664
0.886662
0.854669
0.822687
0.790719
0.758757
0.732473
0.706714
0.674923
0.643140
0.611379
0.583067
0.558917
0.529960
0.498415
0.466905
0.435403
0.403943
0.374633
0.352110
0.325803
0.294629
0.263494
0.232381
0.201322
0.170276
0.139297
0.110729
0.090466
0.065852
0.035275
0.004757
-0.025723
-0.056120
-0.086261
-0.097684
-0.115404
-0.156898
-0.194019
-0.224748
-0.248468
-0.267573
-0.305031
-0.347077
-0.388797
-0.428363
-0.458969
-0.489528
-0.520013
-0.550421
-0.580774
-0.620262
-0.662261
-0.692918
-0.723332
-0.753621
-0.783848
-0.813971
-0.843988
-0.873925
-0.903704
-0.933434
-0.962942
-0.992400
-1.021641
-1.050778
-1.079727
-1.108493
-1.137114
-1.165453
-1.193700
-1.221544
-1.249295
-1.276632
-1.303777
-1.330558
-1.356993
-1.383133
-1.408729
-1.434130
-1.458733
-1.483149
-1.506703
-1.529878
-1.552280
-1.573979
-1.595042
-1.614985
-1.634496
-1.652363
-1.669846
-1.685514
-1.700455
-1.713795
-1.725810
-1.736547
-1.745268
-1.753151
-1.758268
-1.762769
-1.764392
-1.765051
-1.763428
-1.760227
-1.755406
-1.748471
-1.740588
-1.730172
-1.719215
-1.705874
-1.691880
-1.676211
-1.659562
-1.641841
-1.622911
-1.603400
-1.582535
-1.561380
-1.538979
-1.516271
-1.492717
-1.468704
-1.444158
-1.419048
-1.393646
-1.367612
-1.341438
-1.314657
-1.287737
-1.260400
-1.232846
-1.205024
-1.176929
-1.148681
-1.120121
-1.091488
-1.062538
-1.033520
-1.004279
-0.974927
-0.945427
-0.915782
-0.886051
-0.845392
-0.803049
-0.788991
-0.774721
-0.759694
-0.744283
-0.728334
-0.704852
-0.676604
-0.635311
-0.591046
-0.562732
-0.543296
-0.558689
-0.561978
-0.547112
-0.515257
-0.471925
-0.439658
-0.410264
-0.380697
-0.348579
-0.305421
-0.284550
-0.299375
-0.288723
-0.259715
-0.230565
-0.201375
-0.172021
-0.142635
-0.113119
-0.083549
-0.053887
-0.065232
-0.108068
-0.104657
-0.086842
-0.056975
-0.024768
0.017311
0.055237
0.085553
0.115924
0.146340
0.176827
0.207337
0.237931
0.268541
0.299222
0.329929
0.360688
0.391485
0.422317
0.453198
0.484098
0.448379
0.408731
0.377695
0.346680
0.315708
0.290280
0.269995
0.234567
0.193121
0.180209
0.173528
0.195296
0.219986
0.251298
0.282636
0.314001
0.345400
0.376813
0.408269
0.439733
0.471237
0.502753
0.534298
0.565861
0.597445
0.580611
0.541447
0.558751
0.584209
0.616101
0.648000
0.679916
0.711843
0.743783
0.775737
0.807698
0.839678
0.871661
0.903663
0.934258
0.960837
0.989949
1.022080
1.054220
1.086364
1.118520
1.150678
1.182848
1.215021
1.247203
1.279390
1.311583
1.299868
1.263184
1.226829
1.192574
1.221447
1.251121
1.283503
1.315888
1.348275
1.380665
1.413057
1.443206
1.472903
1.505344
1.537787
1.570231
1.602677
1.635124
1.646598
1.644449
1.644449
