1.600449
1.565639
1.529786
1.494754
1.459330
1.424725
1.390294
1.355093
1.319528
1.302210
1.331188
1.328879
1.294569
1.294706
1.295885
1.297379
1.274822
1.284453
1.285862
1.268568
1.271663
1.266876
1.235403
1.200788
1.166178
1.135584
1.105557
1.072086
1.041027
1.008656
0.974226
0.939805
0.905392
0.872224
0.842858
0.808536
0.774226
0.745852
0.712609
0.678408
0.644221
0.610048
0.575889
0.541746
0.507618
0.474949
0.447498
0.413515
0.379553
0.345613
0.311694
0.277798
0.243925
0.210076
0.180181
0.151984
0.118335
0.084717
0.051131
0.017578
-0.006233
-0.038559
-0.071850
-0.105098
-0.144736
-0.182931
-0.216204
-0.245725
-0.273356
-0.314001
-0.336457
-0.369283
-0.402040
-0.423846
-0.443251
-0.461665
-0.487881
-0.519546
-0.544815
-0.565740
-0.593097
-0.603459
-0.589074
-0.636520
-0.651138
-0.678489
-0.693921
-0.703904
-0.696385
-0.676080
-0.655348
-0.634202
-0.618135
-0.625450
-0.651941
-0.678134
-0.704031
-0.729626
-0.736805
-0.752900
-0.791113
-0.828713
-0.842991
-0.827674
-0.791736
-0.816952
-0.866056
-0.861337
-0.836046
-0.847987
-0.848146
-0.857458
-0.876758
-0.882378
-0.881068
-0.898410
-0.915187
-0.931380
-0.946958
-0.961866
-0.976135
-0.989745
-1.002680
-1.034810
-1.045473
-1.037264
-1.047330
-1.048686
-1.028136
-1.035697
-1.042442
-1.048353
-1.053463
-1.031056
-1.023330
-1.025925
-1.027716
-1.028698
-1.039554
-1.066280
-1.064795
-1.062483
-1.059288
-1.055250
-1.079391
-1.082223
-1.075609
-1.068193
-1.059987
-1.051004
-1.041258
-1.030763
-1.019535
-1.007345
-0.962293
-0.946419
-0.932674
-0.962395
-0.990157
-0.989817
-0.995457
-1.020500
-1.038995
-1.069255
-1.097832
-1.109113
-1.138006
-1.166870
-1.178961
-1.200886
-1.228334
-1.255419
-1.282117
-1.300386
-1.296087
-1.279110
-1.301910
-1.299723
-1.274103
-1.266100
-1.243236
-1.228866
-1.208280
-1.179145
-1.149745
-1.120096
-1.090214
-1.060113
-1.029805
-0.999292
-0.968592
-0.937721
-0.906690
-0.875507
-0.844182
-0.812721
-0.781132
-0.749421
-0.717596
-0.685661
-0.653623
-0.621479
-0.601032
-0.570664
-0.528940
-0.492013
-0.459447
-0.426808
-0.394100
-0.361325
-0.328487
-0.295589
-0.262632
-0.218383
-0.194410
-0.163425
-0.130256
-0.097041
-0.063781
-0.030479
0.002865
0.036248
0.069669
0.103127
0.136621
0.170152
0.212075
0.240179
0.264812
0.295057
0.328852
0.366207
0.405712
0.439472
0.473257
0.507066
0.540898
0.574754
0.608631
0.642529
0.676446
0.710383
0.744339
0.778313
0.812305
0.846314
0.880339
0.914381
0.948439
0.982513
1.016602
1.050705
1.084821
1.118952
1.156385
1.179389
1.182208
1.212306
1.252428
1.286619
1.320823
1.355038
1.389264
1.418980
1.450991
1.488611
1.508149
1.502163
1.496467
1.491064
1.488635
1.518351
1.514427
1.541149
1.544268
1.540739
1.537504
1.534564
1.531919
1.517911
1.489507
1.487735
1.486262
1.485101
1.484260
1.483720
1.483481
1.507424
1.542614
1.578092
1.599675
1.611845
1.640450
1.646723
1.681070
1.648697
1.616670
1.614476
1.588940
1.552190
1.516162
1.481455
1.445643
1.409757
1.384961
1.391967
1.430115
1.464755
1.470976
1.446405
1.412941
1.378386
1.343837
1.309293
1.274755
1.240221
1.205693
1.171171
1.136655
1.102146
1.067643
1.033146
0.998656
0.967392
0.956562
0.962265
0.954319
0.920032
0.885755
0.851489
0.817236
0.782996
0.754681
0.721951
0.687828
0.653721
0.619630
0.585555
0.551496
0.519239
0.497696
0.503927
0.470120
0.436337
0.410212
0.411549
0.391996
0.358522
0.325081
0.291673
0.258300
0.224963
0.191664
0.158403
0.125186
0.102205
0.070964
0.038035
0.005157
-0.027668
-0.054716
-0.079717
-0.112188
-0.144592
-0.176927
-0.209190
-0.241371
-0.273472
-0.305491
-0.337424
-0.369267
-0.401016
-0.432668
-0.464218
-0.491589
-0.509921
-0.540865
-0.571676
-0.602337
-0.617505
-0.644131
-0.674025
-0.703742
-0.733276
-0.762617
-0.791755
-0.820679
-0.849380
-0.877845
-0.906052
-0.933979
-0.942758
-0.964938
-0.975792
-0.990829
-1.026877
-1.066710
-1.092767
-1.118446
-1.143724
-1.168581
-1.192961
-1.216849
-1.240234
-1.263090
-1.285388
-1.322787
-1.358523
-1.379502
-1.399794
-1.419360
-1.438163
-1.456162
-1.473238
-1.489405
-1.504635
-1.518884
-1.532111
-1.544276
-1.555337
-1.565259
-1.574005
-1.581542
-1.587842
-1.592867
-1.596486
-1.598803
-1.599808
-1.599498
-1.597873
-1.594942
-1.590716
-1.585213
-1.578454
-1.570467
-1.561279
-1.550891
-1.539299
-1.526624
-1.512908
-1.498193
-1.482519
-1.465929
-1.448465
-1.430168
-1.411080
-1.391240
-1.370686
-1.349421
-1.327491
-1.304961
-1.281865
-1.258232
-1.234092
-1.209473
-1.184400
-1.158898
-1.132991
-1.106701
-1.080048
-1.053028
-1.025678
-0.998024
-0.970083
-0.941870
-0.913397
-0.884680
-0.855730
-0.826559
-0.797178
-0.767597
-0.737827
-0.707860
-0.677722
-0.647423
-0.616970
-0.586369
-0.555628
-0.524754
-0.493751
-0.462627
-0.428831
-0.384438
-0.368612
-0.337928
-0.306846
-0.275655
-0.244359
-0.212962
-0.181468
-0.149881
-0.118205
-0.086442
-0.054598
-0.022673
0.009331
0.041412
0.073564
0.105784
0.138070
0.170419
0.202828
0.235297
0.267822
0.297805
0.320024
0.352857
0.385739
0.418668
0.451640
0.484653
0.517707
0.550799
0.583930
0.617097
0.650300
0.685598
0.728227
0.761414
0.794638
0.827894
0.861182
0.894501
0.921577
0.945462
0.954550
0.945693
0.930299
0.895032
0.853522
0.819693
0.785887
0.752102
0.718339
0.684599
0.650883
0.612584
0.599631
0.628017
0.661925
0.695853
0.729801
0.763767
0.797752
0.831755
0.865774
0.899810
0.888768
0.864886
0.872321
0.902178
0.936460
0.970752
1.004814
1.033340
1.067426
1.101819
1.136221
1.167143
1.196620
1.228646
1.261467
1.292958
1.327543
1.357754
1.353820
1.350218
1.379133
1.381896
1.379255
1.399511
1.434515
1.470446
1.505204
1.539374
1.572088
1.572088
1.750898
1.713016
1.686886
1.683859
1.657871
1.621198
1.619070
1.617106
1.615449
1.590400
1.555445
1.554724
1.541716
1.506883
1.472391
1.438038
1.403449
1.369144
1.335319
1.300961
1.266444
1.233177
1.200129
1.167433
1.135166
1.107073
1.144478
1.168474
1.171916
1.150612
1.119975
1.085654
1.051337
1.017025
0.986269
0.959552
0.964875
0.953712
0.919583
0.907138
0.898619
0.859483
0.822436
0.788163
0.753898
0.720176
0.691116
0.659814
0.625668
0.596198
0.567385
0.533382
0.499389
0.465408
0.431445
0.397491
0.363557
0.332999
0.306340
0.274012
0.239238
0.197996
0.160284
0.126465
0.099061
0.071988
0.038407
0.000851
-0.040890
-0.069067
-0.095666
-0.129103
-0.162513
-0.195896
-0.229229
-0.260810
-0.284051
-0.317480
-0.360692
-0.386436
-0.410908
-0.443678
-0.470171
-0.490908
-0.521531
-0.551119
-0.569792
-0.587549
-0.604504
-0.633718
-0.664715
-0.695550
-0.717138
-0.730996
-0.758999
-0.784776
-0.795855
-0.816779
-0.845560
-0.855812
-0.868330
-0.895790
-0.910357
-0.915106
-0.959701
-0.997282
-0.999787
-1.015191
-1.039965
-1.064148
-1.081489
-1.078850
-1.090773
-1.112785
-1.134032
-1.147411
-1.139148
-1.129299
-1.118403
-1.133795
-1.141990
-1.126937
-1.129940
-1.144304
-1.126843
-1.107099
-1.085763
-1.063124
-1.039705
-1.070935
-1.106974
-1.149275
-1.169556
-1.177281
-1.216907
-1.235724
-1.206614
-1.221051
-1.259102
-1.227806
-1.206157
-1.206877
-1.206647
-1.205927
-1.203773
-1.201139
-1.197556
-1.193028
-1.188025
-1.181651
-1.174810
-1.167085
-1.135744
-1.094095
-1.084156
-1.062135
-1.018382
-0.982268
-0.949510
-0.916634
-0.891786
-0.880673
-0.900360
-0.932302
-0.951714
-0.958420
-0.944429
-0.951837
-0.965901
-0.949467
-0.932672
-0.915319
-0.918445
-0.929028
-0.937458
-0.922958
-0.874554
-0.826115
-0.779778
-0.758505
-0.747856
-0.752187
-0.735900
-0.712769
-0.689111
-0.654683
-0.605773
-0.575726
-0.553858
-0.552880
-0.541100
-0.515461
-0.489495
-0.460880
-0.412098
-0.373383
-0.346994
-0.337193
-0.329136
-0.301621
-0.273963
-0.246137
-0.218076
-0.189919
-0.161523
-0.133004
-0.104347
-0.075490
-0.043798
0.004081
0.042825
0.071837
0.086188
0.100298
0.130057
0.168547
0.215921
0.234409
0.250093
0.280381
0.310748
0.341195
0.385498
0.429379
0.459847
0.466215
0.450226
0.461329
0.480004
0.511260
0.550378
0.596463
0.617116
0.636915
0.668500
0.700139
0.731824
0.751898
0.773313
0.805390
0.830652
0.850411
0.871024
0.884476
0.873280
0.881022
0.903356
0.926495
0.941936
0.932620
0.942941
0.967694
1.000507
1.032115
1.057845
1.088292
1.122048
1.149222
1.177770
1.211680
1.245602
1.279533
1.275655
1.260015
1.219963
1.201010
1.195494
1.222957
1.242614
1.238196
1.234097
1.230191
1.193722
1.166249
1.163333
1.182642
1.214780
1.249241
1.272567
1.270762
1.269290
1.268000
1.267217
1.255542
1.220692
1.231639
1.266490
1.301079
1.335917
1.371257
1.383807
1.384845
1.349016
1.314058
1.280771
1.271350
1.272526
1.237996
1.204314
1.172176
1.188108
1.224494
1.227884
1.218896
1.188464
1.182585
1.185712
1.156531
1.140481
1.146081
1.127758
1.103438
1.144060
1.155692
1.121803
1.082965
1.042690
1.008738
0.974795
0.940864
0.906949
0.873587
0.846988
0.848447
0.889930
0.875124
0.840795
0.799213
0.764400
0.738795
0.739267
0.751254
0.793764
0.807547
0.784040
0.761244
0.745922
0.789677
0.799268
0.766541
0.733864
0.699828
0.655831
0.617000
0.584278
0.551610
0.520556
0.499975
0.473892
0.441597
0.409372
0.377177
0.345059
0.312987
0.280965
0.260283
0.237852
0.192285
0.160592
0.143178
0.126833
0.108243
0.077378
0.046591
0.015882
-0.014687
-0.045199
-0.075567
-0.105839
-0.136020
-0.166032
-0.195975
-0.225748
-0.255401
-0.284949
-0.330071
-0.377612
-0.425071
-0.462917
-0.492537
-0.521929
-0.542547
-0.530913
-0.551673
-0.598892
-0.645984
-0.693024
-0.739938
-0.777554
-0.807922
-0.838051
-0.868086
-0.897901
-0.927536
-0.957037
-0.986224
-1.015288
-1.044069
-1.072608
-1.100977
-1.128927
-1.156713
-1.184129
-1.197754
-1.202052
-1.226172
-1.251511
-1.276342
-1.300708
-1.324774
-1.348045
-1.371011
-1.393314
-1.414992
-1.436284
-1.428981
-1.428255
-1.446429
-1.463780
-1.480651
-1.496161
-1.520894
-1.566695
-1.591426
-1.604441
-1.615718
-1.626363
-1.635725
-1.643796
-1.651185
-1.690551
-1.718302
-1.721742
-1.723659
-1.724804
-1.723652
-1.721722
-1.718282
-1.713322
-1.707124
-1.665774
-1.635671
-1.626309
-1.615653
-1.604366
-1.591351
-1.577733
-1.563056
-1.547295
-1.531017
-1.513361
-1.495211
-1.476237
-1.456400
-1.437460
-1.442668
-1.455810
-1.481562
-1.488687
-1.485728
-1.436839
-1.397832
-1.373794
-1.349155
-1.324357
-1.300292
-1.275913
-1.251082
-1.225731
-1.200151
-1.173989
-1.147584
-1.120844
-1.093704
-1.066390
-1.038641
-1.010702
-0.982512
-0.954013
-0.925381
-0.896419
-0.867307
-0.838007
-0.794377
-0.748882
-0.719459
-0.689907
-0.660199
-0.630283
-0.600280
-0.570066
-0.539745
-0.509304
-0.465664
-0.418787
-0.371783
-0.332771
-0.302470
-0.258573
-0.216604
-0.202395
-0.180031
-0.149174
-0.105388
-0.061466
-0.030604
0.008091
0.054577
0.087962
0.118853
0.149866
0.180949
0.212101
0.231174
0.250875
0.282543
0.321521
0.367127
0.412882
0.455821
0.487323
0.518883
0.550494
0.570461
0.591630
0.623662
0.655740
0.687858
0.720049
0.752266
0.784545
0.816865
0.849218
0.812750
0.775990
0.764431
0.771951
0.793827
0.825765
0.840050
0.796772
0.792372
0.815879
0.840203
0.866935
0.900443
0.933971
0.967514
1.001087
1.034671
1.068278
1.101903
1.135540
1.162001
1.169280
1.128251
1.129336
1.156594
1.190292
1.224305
1.258331
1.267250
1.261312
1.288884
1.319305
1.353523
1.387749
1.421978
1.456217
1.490460
1.524709
1.556017
1.585751
1.616072
1.647722
1.682111
1.682111
