1.552206
1.520003
1.487799
1.455596
1.423393
1.391190
1.359311
1.327888
1.296039
1.263849
1.231101
1.198106
1.165544
1.133069
1.132391
1.132723
1.133542
1.142486
1.176015
1.184852
1.154593
1.124660
1.095019
1.063753
1.031667
0.999585
0.967503
0.935426
0.903349
0.871277
0.839206
0.807138
0.776286
0.747612
0.717290
0.685299
0.653314
0.621332
0.589357
0.557384
0.529365
0.501506
0.469643
0.437783
0.405935
0.374092
0.342259
0.310435
0.278619
0.246814
0.215016
0.187451
0.161334
0.130349
0.098725
0.067128
0.035537
0.003971
-0.025477
-0.049980
-0.073959
-0.097268
-0.129798
-0.169077
-0.202584
-0.233804
-0.264976
-0.296139
-0.327244
-0.358339
-0.389377
-0.417840
-0.439372
-0.447850
-0.437519
-0.455301
-0.496236
-0.530003
-0.560504
-0.590914
-0.621304
-0.651576
-0.680584
-0.698658
-0.716258
-0.732372
-0.736871
-0.722469
-0.722123
-0.734784
-0.757320
-0.784988
-0.812398
-0.839742
-0.866753
-0.893712
-0.920307
-0.942650
-0.949274
-0.962365
-0.987379
-1.001479
-1.004233
-1.019798
-1.042916
-1.047194
-1.045772
-1.064582
-1.084273
-1.078447
-1.077069
-1.095437
-1.113472
-1.130808
-1.134563
-1.122457
-1.108710
-1.093869
-1.099295
-1.111889
-1.123353
-1.134637
-1.144590
-1.149478
-1.126726
-1.112634
-1.119380
-1.139274
-1.176434
-1.194658
-1.198651
-1.178690
-1.148930
-1.145068
-1.145834
-1.145087
-1.144129
-1.141835
-1.139141
-1.135335
-1.143675
-1.169992
-1.178217
-1.171149
-1.163081
-1.154543
-1.144846
-1.134894
-1.123645
-1.112214
-1.099620
-1.086738
-1.072922
-1.058675
-1.043707
-1.028183
-1.012132
-0.995419
-0.978352
-0.981210
-0.989354
-0.971782
-0.950504
-0.905251
-0.865110
-0.844616
-0.823876
-0.802670
-0.781143
-0.759276
-0.737025
-0.714544
-0.674502
-0.628954
-0.603665
-0.580607
-0.557063
-0.533436
-0.509422
-0.491725
-0.487693
-0.473969
-0.448628
-0.423070
-0.397364
-0.371409
-0.345363
-0.319042
-0.292846
-0.283740
-0.271929
-0.244593
-0.212377
-0.168040
-0.130903
-0.103475
-0.084964
-0.073334
-0.050043
-0.021832
-0.005859
0.007816
0.036407
0.066993
0.110124
0.146017
0.161095
0.181819
0.211126
0.217828
0.204919
0.212629
0.230302
0.267609
0.309436
0.339916
0.369828
0.399825
0.429843
0.459929
0.490046
0.520216
0.550425
0.580674
0.564877
0.523755
0.506806
0.496522
0.515245
0.536999
0.567892
0.598795
0.629739
0.657855
0.680451
0.707150
0.738340
0.769554
0.800781
0.832035
0.863298
0.894590
0.925888
0.957216
0.988549
1.019907
1.051274
1.082661
1.114060
1.145474
1.172984
1.197749
1.227454
1.259025
1.290614
1.322206
1.353817
1.380107
1.374234
1.377424
1.403849
1.417179
1.412377
1.407851
1.403545
1.421893
1.450098
1.481490
1.513509
1.479972
1.448370
1.445613
1.442981
1.440722
1.438658
1.436900
1.452437
1.483371
1.514657
1.546117
1.577983
1.609946
1.581488
1.552267
1.552999
1.546678
1.515724
1.496579
1.498310
1.500288
1.502513
1.484568
1.455215
1.423754
1.391690
1.362707
1.335791
1.339659
1.349795
1.386047
1.401283
1.374283
1.345027
1.313238
1.284841
1.258617
1.228317
1.196647
1.170549
1.145002
1.113475
1.081951
1.050447
1.018950
0.987470
0.953038
0.914876
0.880555
0.849008
0.812893
0.774996
0.742489
0.710872
0.679278
0.647688
0.616119
0.586444
0.561783
0.537509
0.513787
0.485948
0.454763
0.423607
0.392465
0.361362
0.330265
0.307917
0.285978
0.265035
0.241744
0.211227
0.176787
0.136049
0.106118
0.086060
0.086688
0.097911
0.076148
0.046138
0.016229
-0.012680
-0.029733
-0.049447
-0.078809
-0.108120
-0.137337
-0.166478
-0.195540
-0.224496
-0.253390
-0.282146
-0.310861
-0.352846
-0.395442
-0.424150
-0.452819
-0.481319
-0.509745
-0.538019
-0.560236
-0.575473
-0.590206
-0.604608
-0.618362
-0.631891
-0.670814
-0.712931
-0.742503
-0.772045
-0.801426
-0.830744
-0.859912
-0.888978
-0.917911
-0.946694
-0.975365
-1.003827
-1.032205
-1.060304
-1.088354
-1.116038
-1.143666
-1.170931
-1.198071
-1.224866
-1.251444
-1.277706
-1.303638
-1.329293
-1.354476
-1.379440
-1.403753
-1.427927
-1.451230
-1.474395
-1.496627
-1.518576
-1.539619
-1.560151
-1.579836
-1.598720
-1.616855
-1.633837
-1.650213
-1.665016
-1.679410
-1.691745
-1.703758
-1.713515
-1.716068
-1.691469
-1.676831
-1.680822
-1.683522
-1.684862
-1.684525
-1.683185
-1.679818
-1.675827
-1.669512
-1.662846
-1.653835
-1.644410
-1.633109
-1.621134
-1.607722
-1.593431
-1.578100
-1.561735
-1.544673
-1.526474
-1.507864
-1.488053
-1.468053
-1.446851
-1.425485
-1.403206
-1.380651
-1.357422
-1.333833
-1.309765
-1.285277
-1.260468
-1.235197
-1.209733
-1.183779
-1.157735
-1.131183
-1.104567
-1.077549
-1.050424
-1.022996
-0.995422
-0.967629
-0.939658
-0.911537
-0.883215
-0.854798
-0.826165
-0.797482
-0.768570
-0.738321
-0.695227
-0.652082
-0.608765
-0.565377
-0.521867
-0.486008
-0.457508
-0.428873
-0.400165
-0.371305
-0.342405
-0.300343
-0.260885
-0.274468
-0.279531
-0.251188
-0.222779
-0.194241
-0.165616
-0.136896
-0.108071
-0.079181
-0.050172
-0.021124
0.008056
0.037256
0.066589
0.095945
0.125407
0.154907
0.184491
0.181686
0.139555
0.133047
0.151261
0.178215
0.208417
0.238694
0.268984
0.299354
0.328273
0.348640
0.371947
0.402670
0.433417
0.464200
0.495015
0.525854
0.556731
0.587624
0.618559
0.649503
0.680493
0.711489
0.742526
0.771510
0.794497
0.820740
0.852003
0.883283
0.914580
0.945897
0.977225
1.008578
1.039936
1.034900
1.030684
1.055819
1.081126
1.107022
1.137108
1.174497
1.209009
1.240679
1.272360
1.304048
1.335748
1.367452
1.394302
1.421040
1.452855
1.471204
1.434587
1.408810
1.404504
1.387091
1.355144
1.320794
1.284926
1.297545
1.326187
1.357872
1.389932
1.421996
1.453606
1.482959
1.513158
1.545271
1.547803
1.513465
1.498165
1.496434
1.495059
1.493821
1.493821
1.609851
1.563323
1.556758
1.554973
1.522725
1.478289
1.433952
1.389442
1.358861
1.359219
1.360032
1.361718
1.407409
1.373576
1.367972
1.371104
1.374687
1.378720
1.383202
1.372655
1.328977
1.285306
1.241747
1.203608
1.160460
1.116884
1.077833
1.036682
0.993212
0.952745
0.916583
0.877442
0.827404
0.784090
0.740792
0.697512
0.661069
0.620112
0.577000
0.533909
0.490842
0.450960
0.415180
0.372324
0.329499
0.286707
0.243950
0.201227
0.158539
0.123060
0.085653
0.043264
0.000923
-0.041369
-0.083609
-0.125794
-0.167920
-0.197369
-0.237167
-0.278859
-0.320474
-0.362009
-0.396505
-0.427857
-0.468831
-0.509697
-0.549457
-0.572709
-0.594403
-0.614586
-0.633218
-0.664784
-0.690476
-0.705387
-0.718601
-0.730088
-0.739819
-0.749647
-0.783880
-0.789985
-0.793360
-0.770752
-0.781781
-0.794622
-0.792609
-0.801362
-0.820433
-0.809158
-0.774395
-0.739282
-0.798567
-0.828635
-0.853789
-0.853079
-0.861082
-0.883713
-0.905619
-0.926776
-0.939832
-0.923122
-0.941441
-0.958840
-1.011681
-1.003720
-1.005758
-1.019564
-1.032417
-1.061023
-1.102112
-1.112262
-1.121361
-1.129389
-1.092845
-1.093961
-1.098457
-1.101867
-1.104183
-1.105402
-1.105522
-1.104542
-1.102464
-1.099292
-1.094782
-1.045766
-1.001675
-1.023269
-1.028696
-1.020402
-1.032894
-1.047611
-1.022901
-0.977315
-0.964149
-0.950061
-0.934991
-0.919031
-0.902216
-0.884568
-0.866109
-0.826466
-0.800250
-0.806087
-0.792997
-0.803751
-0.780431
-0.756397
-0.698132
-0.657313
-0.629522
-0.604614
-0.579132
-0.553095
-0.526521
-0.491471
-0.438763
-0.443758
-0.415180
-0.386136
-0.383538
-0.384855
-0.345489
-0.299955
-0.268479
-0.236645
-0.204465
-0.171953
-0.139119
-0.105957
-0.072483
-0.014918
0.025976
0.059917
0.094121
0.128580
0.163284
0.198225
0.233396
0.268789
0.304407
0.340243
0.376279
0.412507
0.448922
0.485517
0.522286
0.559225
0.596328
0.633590
0.671005
0.708575
0.746299
0.765161
0.798203
0.822556
0.852096
0.863178
0.842998
0.823230
0.810708
0.832965
0.872904
0.856407
0.838784
0.853123
0.849685
0.857334
0.890214
0.931444
0.972736
1.014085
1.055492
1.096955
1.138475
1.180047
1.221669
1.225274
1.236360
1.271531
1.292342
1.279892
1.275962
1.302984
1.291958
1.323846
1.318400
1.308844
1.329696
1.338486
1.312795
1.266387
1.241165
1.278478
1.312394
1.262122
1.255651
1.210279
1.231213
1.238991
1.207850
1.182069
1.160450
1.113304
1.075776
1.078251
1.119294
1.073998
1.029925
0.985290
0.940888
0.951086
0.995188
1.039154
1.055412
1.012396
0.969903
0.929788
0.976201
1.020282
1.030537
0.999634
0.958073
0.918230
0.876909
0.833180
0.789457
0.745739
0.702028
0.658324
0.614627
0.570937
0.527253
0.487037
0.449250
0.412205
0.390507
0.387937
0.351857
0.308755
0.265679
0.222629
0.179606
0.136610
0.099956
0.090582
0.101378
0.098145
0.068041
0.045144
0.060807
0.116568
0.158874
0.200541
0.242271
0.284062
0.325911
0.367816
0.409775
0.451786
0.493848
0.535957
0.578115
0.620320
0.662568
0.704857
0.747186
0.789554
0.831959
0.874400
0.916876
0.959386
1.001927
1.044502
1.087109
1.102242
1.113673
1.097182
1.060150
1.018019
0.975929
0.933881
0.891877
0.849919
0.808008
0.766150
0.724342
0.682586
0.640884
0.599239
0.564786
0.526657
0.474657
0.433256
0.391922
0.350658
0.309473
0.268364
0.227334
0.186386
0.145522
0.104747
0.064064
0.023477
-0.017010
-0.059089
-0.116823
-0.139577
-0.177842
-0.217745
-0.243965
-0.275705
-0.314863
-0.353861
-0.392694
-0.431352
-0.472117
-0.531710
-0.570168
-0.608422
-0.646464
-0.684282
-0.721866
-0.759202
-0.796278
-0.833079
-0.869591
-0.908735
-0.969483
-1.005530
-1.041222
-1.097989
-1.140675
-1.175791
-1.210482
-1.227041
-1.241624
-1.303083
-1.364484
-1.425817
-1.487068
-1.524739
-1.560107
-1.594931
-1.629168
-1.662766
-1.695672
-1.727824
-1.759158
-1.789604
-1.820302
-1.882337
-1.944350
-1.977776
-2.004549
-2.029840
-2.032686
-2.032620
-2.051529
-2.068433
-2.089337
-2.140354
-2.107956
-2.113067
-2.117874
-2.120070
-2.119632
-2.116567
-2.110907
-2.102709
-2.081453
-2.033180
-2.018767
-2.002224
-2.021018
-1.972770
-1.941317
-1.917770
-1.892790
-1.882012
-1.875593
-1.837578
-1.785611
-1.781586
-1.719434
-1.657279
-1.620935
-1.587973
-1.554363
-1.520152
-1.485386
-1.450104
-1.414344
-1.378142
-1.341527
-1.304519
-1.267130
-1.229414
-1.191393
-1.138432
-1.091061
-1.052747
-1.014182
-0.975380
-0.936355
-0.897121
-0.857687
-0.818051
-0.778242
-0.738270
-0.685709
-0.627310
-0.568713
-0.525253
-0.516650
-0.538815
-0.577252
-0.615486
-0.653484
-0.691256
-0.728791
-0.766075
-0.803096
-0.839839
-0.876288
-0.883195
-0.836239
-0.845558
-0.852848
-0.818515
-0.783819
-0.748779
-0.713412
-0.692894
-0.668950
-0.632247
-0.595285
-0.558077
-0.520634
-0.482968
-0.445070
-0.426524
-0.408475
-0.360839
-0.325402
-0.324175
-0.340372
-0.338734
-0.301094
-0.263255
-0.225227
-0.187002
-0.148599
-0.110031
-0.071304
-0.032424
0.006602
0.045768
0.085070
0.124501
0.161621
0.183370
0.223434
0.263606
0.303878
0.344246
0.384708
0.425260
0.465897
0.512246
0.565611
0.606275
0.647018
0.687842
0.728744
0.769717
0.810758
0.861997
0.901705
0.934275
0.975570
1.016924
1.058335
1.099801
1.141322
1.182899
1.212726
1.251119
1.256893
1.243953
1.217780
1.175660
1.133578
1.091537
1.049539
1.007586
0.965680
0.923822
0.882012
0.831182
0.783450
0.741620
0.694829
0.662118
0.693354
0.731664
0.719467
0.707806
0.733846
0.766073
0.805519
0.848374
0.845859
0.809799
0.812958
0.849233
0.892467
0.935718
0.978987
0.977484
1.004436
1.050350
1.096605
1.140019
1.183444
1.225020
1.263231
1.306764
1.350307
1.393860
1.432341
1.474777
1.484586
1.505722
1.549379
1.594082
1.607412
1.568327
1.568327
