1.654107
1.621582
1.589211
1.557358
1.525398
1.493311
1.483532
1.483766
1.455129
1.423884
1.392042
1.360667
1.330050
1.299759
1.269677
1.266757
1.266593
1.234835
1.203079
1.171324
1.139571
1.107820
1.076072
1.044324
1.012580
0.980837
0.949096
0.917358
0.885622
0.856009
0.827391
0.795991
0.764320
0.732656
0.700994
0.669336
0.637683
0.606033
0.577738
0.549882
0.518327
0.486777
0.455235
0.423699
0.392170
0.360651
0.329136
0.297634
0.267245
0.240996
0.212493
0.181140
0.149802
0.118471
0.087163
0.055860
0.024580
-0.006690
-0.037942
-0.069176
-0.100398
-0.131593
-0.162409
-0.186432
-0.212404
-0.243333
-0.274237
-0.305116
-0.335954
-0.366778
-0.397545
-0.428296
-0.458997
-0.485630
-0.506927
-0.487416
-0.447123
-0.469643
-0.499704
-0.529670
-0.559595
-0.589442
-0.619215
-0.648934
-0.678537
-0.707554
-0.724091
-0.743982
-0.772805
-0.794118
-0.808012
-0.832156
-0.860029
-0.871576
-0.882049
-0.890645
-0.906484
-0.932191
-0.944443
-0.949556
-0.910490
-0.873415
-0.897426
-0.921245
-0.944699
-0.954699
-0.954699
-0.971997
-0.993496
-1.014280
-1.034852
-1.054834
-1.074385
-1.093495
-1.092577
-1.084020
-1.099360
-1.115652
-1.131057
-1.145981
-1.160224
-1.154686
-1.138221
-1.110207
-1.087888
-1.128746
-1.149012
-1.128283
-1.141276
-1.180293
-1.193866
-1.200820
-1.206310
-1.203335
-1.175580
-1.162376
-1.164645
-1.188602
-1.221217
-1.192204
-1.170439
-1.199876
-1.215794
-1.211844
-1.206916
-1.201426
-1.167867
-1.129851
-1.091099
-1.071862
-1.093127
-1.096639
-1.085927
-1.074243
-1.062275
-1.049148
-1.028787
-0.986185
-0.956823
-0.942068
-0.926622
-0.910887
-0.894288
-0.881812
-0.890408
-0.898054
-0.904249
-0.893883
-0.873613
-0.852739
-0.831708
-0.810078
-0.788257
-0.766020
-0.743475
-0.720675
-0.697469
-0.674143
-0.650335
-0.626421
-0.602163
-0.577710
-0.553033
-0.528087
-0.503022
-0.459778
-0.421064
-0.414564
-0.400499
-0.374424
-0.358872
-0.349866
-0.325593
-0.298537
-0.271260
-0.248692
-0.236768
-0.208009
-0.164723
-0.166307
-0.181532
-0.167625
-0.147122
-0.104464
-0.068246
-0.039675
-0.059936
-0.102433
-0.091366
-0.073490
-0.044190
-0.019285
-0.001633
0.023385
0.053166
0.074129
0.094119
0.124303
0.151670
0.172385
0.198274
0.228796
0.252901
0.274953
0.305648
0.334811
0.358085
0.384835
0.415870
0.446926
0.477993
0.509088
0.540189
0.571315
0.602451
0.633604
0.668813
0.706747
0.707668
0.702772
0.727895
0.754808
0.786141
0.817483
0.848834
0.880198
0.911567
0.942951
0.974339
1.005740
1.037147
1.068562
1.099987
1.131416
1.162858
1.194303
1.225759
1.257219
1.288687
1.320162
1.351642
1.379414
1.406396
1.433955
1.452832
1.449288
1.462140
1.490795
1.496368
1.493799
1.522508
1.552309
1.582522
1.599271
1.598134
1.576290
1.543755
1.511618
1.487209
1.519296
1.551301
1.583153
1.578474
1.547313
1.568095
1.599823
1.601413
1.603127
1.605170
1.607440
1.609935
1.612759
1.615704
1.588695
1.560549
1.532859
1.503536
1.471959
1.440388
1.408820
1.377259
1.345701
1.314151
1.284221
1.257430
1.231012
1.204876
1.174559
1.143201
1.111859
1.080521
1.049196
1.017880
0.986572
0.955279
0.923990
0.892720
0.862635
0.837907
0.810555
0.779444
0.748351
0.717267
0.686209
0.655157
0.624132
0.593118
0.562125
0.535571
0.512486
0.490145
0.469326
0.508971
0.530989
0.500556
0.470149
0.439772
0.409438
0.379120
0.358632
0.337017
0.307040
0.277095
0.247198
0.217353
0.187540
0.157805
0.128091
0.098463
0.068869
0.039343
0.009878
-0.019538
-0.048864
-0.078162
-0.107338
-0.136481
-0.165523
-0.194498
-0.223396
-0.252187
-0.280932
-0.309523
-0.338074
-0.366476
-0.400542
-0.443373
-0.477215
-0.505610
-0.533829
-0.562000
-0.589965
-0.617855
-0.645577
-0.673155
-0.700611
-0.727844
-0.755011
-0.781861
-0.808631
-0.835136
-0.861464
-0.887589
-0.913424
-0.939131
-0.964414
-0.989584
-1.014326
-1.038854
-1.063039
-1.086846
-1.110414
-1.133410
-1.156243
-1.178380
-1.200265
-1.221572
-1.255487
-1.300414
-1.312348
-1.314078
-1.358863
-1.398761
-1.420797
-1.442350
-1.463321
-1.483468
-1.503235
-1.521758
-1.539944
-1.556820
-1.573055
-1.588220
-1.602237
-1.615502
-1.627025
-1.638057
-1.646970
-1.655170
-1.661662
-1.666820
-1.670768
-1.672737
-1.674062
-1.672777
-1.670889
-1.666941
-1.661862
-1.655370
-1.626770
-1.587519
-1.574362
-1.563679
-1.551273
-1.538198
-1.523958
-1.508723
-1.492811
-1.475649
-1.458147
-1.439357
-1.420219
-1.400208
-1.379635
-1.358533
-1.336705
-1.314630
-1.291709
-1.268608
-1.244892
-1.220876
-1.196472
-1.184217
-1.178065
-1.153893
-1.127565
-1.100842
-1.073974
-1.046845
-1.019504
-0.992014
-0.964258
-0.936430
-0.908323
-0.880143
-0.851773
-0.823283
-0.794675
-0.765909
-0.737086
-0.708074
-0.679020
-0.649824
-0.615182
-0.573215
-0.549972
-0.536529
-0.497203
-0.456201
-0.427616
-0.394156
-0.351510
-0.341205
-0.354640
-0.334620
-0.306580
-0.278353
-0.250078
-0.221671
-0.193181
-0.164606
-0.135917
-0.107186
-0.078316
-0.049413
-0.020400
0.008667
0.037808
0.067027
0.096287
0.125647
0.155031
0.184509
0.214021
0.243598
0.273228
0.302899
0.332639
0.362399
0.392240
0.422101
0.452020
0.462201
0.451649
0.419748
0.379454
0.397189
0.418294
0.440226
0.465763
0.496533
0.522400
0.545485
0.575435
0.606431
0.637456
0.668490
0.699545
0.730616
0.761700
0.792805
0.823916
0.855052
0.886195
0.917355
0.945563
0.970551
1.000017
1.031325
1.062649
1.093976
1.125319
1.156667
1.188025
1.219393
1.250767
1.282153
1.313543
1.344946
1.354667
1.318107
1.281735
1.245517
1.258825
1.286211
1.317825
1.349440
1.381061
1.412685
1.444313
1.475946
1.507580
1.539221
1.571475
1.606962
1.639459
1.667272
1.675778
1.672431
1.669461
1.666592
1.664132
1.661809
1.659794
1.640838
1.607442
1.607442
1.750569
1.710457
1.670466
1.630688
1.616339
1.611841
1.607774
1.619429
1.650838
1.626347
1.588735
1.553694
1.517229
1.479477
1.473215
1.471113
1.469382
1.447347
1.412219
1.377092
1.341539
1.305122
1.293309
1.292560
1.292302
1.292256
1.292514
1.266015
1.241100
1.277537
1.278599
1.243473
1.208349
1.173225
1.138102
1.104087
1.070885
1.038261
1.004941
0.969893
0.936928
0.904980
0.869991
0.835005
0.800023
0.765045
0.730476
0.699490
0.666694
0.631801
0.596916
0.562034
0.527161
0.492293
0.457431
0.427127
0.395983
0.361239
0.326507
0.291780
0.257070
0.222367
0.187676
0.152999
0.118329
0.083678
0.049037
0.014408
-0.014917
-0.032166
0.009558
0.012188
-0.022117
-0.056387
-0.092473
-0.134454
-0.171889
-0.206250
-0.240575
-0.274884
-0.309165
-0.343416
-0.377651
-0.411840
-0.442415
-0.467582
-0.466093
-0.460213
-0.482823
-0.515992
-0.560464
-0.595598
-0.626550
-0.647964
-0.675847
-0.708703
-0.728908
-0.747571
-0.764908
-0.801345
-0.847908
-0.863972
-0.867961
-0.851327
-0.869178
-0.898064
-0.909843
-0.920602
-0.930122
-0.955052
-0.979670
-0.985835
-0.990694
-0.994411
-1.017877
-1.043508
-1.068688
-1.077539
-1.076232
-1.050384
-1.040505
-1.063012
-1.084969
-1.104919
-1.096962
-1.080051
-1.050798
-1.082368
-1.126676
-1.145062
-1.162936
-1.180303
-1.169457
-1.160867
-1.175466
-1.189376
-1.202796
-1.215049
-1.226839
-1.237738
-1.247742
-1.257263
-1.265439
-1.273059
-1.279809
-1.285462
-1.290586
-1.294384
-1.297470
-1.299758
-1.271511
-1.243618
-1.242886
-1.241344
-1.239152
-1.235633
-1.241148
-1.270737
-1.277201
-1.270451
-1.262280
-1.253609
-1.244049
-1.233527
-1.222526
-1.210340
-1.197611
-1.184191
-1.144315
-1.100199
-1.068125
-1.045137
-1.030446
-1.042284
-1.049661
-1.032426
-1.014619
-0.996440
-0.948963
-0.925919
-0.955356
-0.970446
-0.977573
-0.956285
-0.934692
-0.912657
-0.890082
-0.867261
-0.843868
-0.820173
-0.796164
-0.771664
-0.746963
-0.721837
-0.696420
-0.670787
-0.644711
-0.618472
-0.591920
-0.550261
-0.501076
-0.474183
-0.438744
-0.389232
-0.356207
-0.326802
-0.277352
-0.227893
-0.178424
-0.151091
-0.127771
-0.100794
-0.073642
-0.046343
-0.018766
0.008916
0.036813
0.064881
0.093054
0.121485
0.150005
0.178689
0.207540
0.236476
0.265622
0.294860
0.324220
0.353742
0.383335
0.413094
0.442947
0.472891
0.487503
0.504108
0.534675
0.555402
0.569397
0.599745
0.630914
0.662174
0.683053
0.699544
0.731288
0.763076
0.794929
0.826862
0.857150
0.875115
0.899992
0.932353
0.953684
0.973120
0.993313
1.014027
1.035144
1.067432
1.097528
1.119764
1.142552
1.165455
1.155549
1.145825
1.136415
1.127370
1.118507
1.110107
1.101938
1.094052
1.114476
1.135790
1.129050
1.122588
1.116369
1.110621
1.105062
1.099900
1.095065
1.090436
1.086330
1.094155
1.125611
1.157511
1.187645
1.185253
1.183083
1.181221
1.179773
1.173622
1.137667
1.101975
1.066544
1.031347
0.996250
0.961373
0.947304
0.948154
0.982663
1.018768
1.053889
1.089011
1.124133
1.159256
1.194379
1.229503
1.264628
1.299754
1.334880
1.354376
1.356157
1.358359
1.360743
1.363537
1.366608
1.369905
1.341813
1.320368
1.324729
1.329409
1.334273
1.339636
1.330773
1.296071
1.261378
1.226691
1.192016
1.157349
1.122689
1.083428
1.043912
1.009193
0.977583
0.948843
0.914949
0.880361
0.845787
0.811225
0.776670
0.748832
0.719046
0.684653
0.650279
0.615914
0.581577
0.547252
0.512944
0.478661
0.444390
0.410147
0.380088
0.354408
0.358326
0.360549
0.336693
0.313447
0.290661
0.268911
0.247575
0.227054
0.207314
0.188461
0.202440
0.216643
0.231219
0.200748
0.155523
0.123578
0.084922
0.038303
0.003671
-0.025515
-0.041939
-0.066430
-0.097798
-0.113982
-0.132716
-0.163393
-0.193944
-0.224419
-0.236595
-0.254568
-0.284213
-0.313677
-0.343047
-0.372163
-0.401155
-0.429979
-0.458560
-0.487026
-0.515211
-0.543215
-0.571047
-0.617589
-0.661927
-0.689482
-0.729965
-0.779397
-0.802363
-0.832618
-0.881865
-0.916746
-0.944642
-0.972095
-0.999353
-1.026310
-1.052861
-1.081985
-1.131637
-1.158249
-1.159629
-1.180391
-1.204749
-1.228504
-1.251803
-1.274743
-1.296867
-1.326588
-1.375902
-1.406925
-1.427662
-1.417593
-1.417627
-1.435339
-1.452106
-1.468394
-1.483403
-1.497748
-1.511268
-1.550345
-1.589779
-1.600598
-1.628508
-1.671671
-1.683131
-1.690120
-1.695546
-1.699661
-1.702941
-1.704101
-1.692804
-1.656610
-1.667560
-1.697364
-1.691939
-1.685649
-1.678139
-1.669073
-1.654792
-1.610325
-1.581725
-1.569172
-1.527783
-1.488435
-1.473426
-1.457606
-1.441198
-1.423564
-1.405486
-1.386560
-1.366889
-1.346814
-1.325721
-1.304260
-1.282207
-1.259493
-1.236468
-1.212712
-1.188606
-1.164100
-1.139022
-1.113705
-1.087871
-1.061717
-1.035298
-0.987820
-0.945324
-0.922004
-0.896819
-0.870542
-0.843772
-0.834239
-0.856409
-0.857872
-0.849388
-0.820664
-0.791785
-0.762701
-0.733352
-0.700932
-0.652297
-0.613526
-0.583967
-0.554160
-0.524254
-0.494148
-0.463894
-0.433541
-0.402968
-0.366823
-0.318914
-0.282784
-0.251417
-0.203544
-0.162608
-0.131932
-0.101110
-0.068141
-0.020451
0.019081
0.049976
0.081015
0.112112
0.143336
0.174646
0.206022
0.223449
0.244320
0.276244
0.308245
0.340290
0.372447
0.404644
0.436909
0.459473
0.481013
0.526815
0.558006
0.571664
0.563051
0.555262
0.574924
0.601671
0.634527
0.667453
0.680220
0.635146
0.610811
0.599224
0.621032
0.647294
0.680859
0.714461
0.748082
0.781751
0.815440
0.849158
0.882911
0.916680
0.950487
0.984315
1.018164
1.044213
1.073179
1.116148
1.153821
1.187785
1.221782
1.255791
1.289824
1.323877
1.357943
1.392038
1.426145
1.460269
1.436772
1.402191
1.428723
1.458974
1.493342
1.527729
1.562123
1.596534
1.607919
1.600978
1.626217
1.656153
1.690776
1.690776
