1.426429
1.389934
1.353360
1.317129
1.295407
1.314041
1.330562
1.307445
1.301277
1.303611
1.336504
1.300631
1.276880
1.280339
1.267638
1.235588
1.200907
1.164715
1.132586
1.096732
1.060603
1.024480
0.988365
0.952258
0.919023
0.885048
0.849019
0.812999
0.777038
0.746522
0.710597
0.674685
0.638786
0.606260
0.573226
0.537441
0.501674
0.472535
0.430192
0.394479
0.358786
0.323113
0.291179
0.259132
0.223619
0.188132
0.152672
0.117240
0.081839
0.046468
0.011129
-0.024177
-0.059449
-0.094685
-0.122695
-0.155974
-0.190954
-0.225884
-0.258431
-0.285496
-0.315284
-0.343782
-0.378092
-0.412329
-0.446489
-0.480569
-0.503405
-0.545931
-0.556212
-0.541463
-0.549059
-0.572920
-0.589044
-0.603909
-0.617487
-0.646971
-0.649377
-0.618987
-0.642373
-0.651558
-0.643747
-0.668262
-0.686799
-0.711559
-0.718006
-0.721229
-0.722969
-0.731494
-0.746006
-0.757820
-0.782142
-0.806031
-0.806801
-0.826523
-0.848603
-0.864529
-0.872640
-0.899935
-0.903663
-0.940683
-0.969503
-0.987524
-1.004876
-1.021497
-1.037375
-1.052512
-1.054936
-1.065068
-1.093237
-1.082834
-1.084716
-1.094695
-1.102657
-1.084283
-1.119116
-1.113765
-1.098106
-1.121156
-1.116276
-1.134069
-1.142577
-1.143049
-1.113237
-1.141066
-1.138588
-1.121030
-1.115663
-1.125387
-1.119095
-1.111877
-1.134729
-1.097073
-1.116226
-1.096074
-1.062162
-1.034108
-1.005784
-0.991995
-0.977461
-0.989972
-0.975592
-0.958568
-0.948198
-0.960955
-0.959169
-0.965521
-0.982399
-0.990020
-0.972885
-1.017692
-1.066524
-1.094857
-1.115534
-1.128318
-1.154986
-1.181186
-1.206891
-1.210899
-1.231940
-1.255448
-1.278309
-1.292453
-1.276349
-1.246160
-1.215646
-1.184829
-1.153730
-1.122367
-1.090748
-1.058891
-1.026820
-0.994551
-0.962094
-0.929461
-0.896663
-0.863710
-0.830611
-0.797371
-0.763994
-0.730494
-0.696880
-0.663157
-0.629331
-0.595408
-0.561392
-0.527289
-0.493103
-0.459843
-0.435263
-0.400667
-0.366010
-0.331293
-0.296519
-0.261691
-0.226812
-0.191884
-0.156906
-0.121881
-0.086814
-0.051706
-0.016559
0.018627
0.048001
0.080898
0.079707
0.104744
0.141343
0.177169
0.194073
0.229564
0.265081
0.305688
0.337845
0.371775
0.407385
0.443018
0.478671
0.514344
0.550035
0.585745
0.621473
0.652467
0.686674
0.716839
0.752539
0.788479
0.824431
0.862597
0.904899
0.943736
0.979613
1.020443
1.057367
1.093007
1.124076
1.163521
1.195124
1.231081
1.267048
1.303024
1.339010
1.375005
1.410992
1.441926
1.476956
1.509328
1.529390
1.524605
1.498933
1.483260
1.507705
1.508701
1.502998
1.469902
1.467404
1.478409
1.513777
1.508808
1.494689
1.493559
1.461878
1.492302
1.492193
1.483852
1.472132
1.493850
1.514228
1.505784
1.469335
1.434262
1.466350
1.502769
1.539190
1.576276
1.600483
1.583690
1.548987
1.515676
1.539903
1.576609
1.612919
1.636502
1.600191
1.563882
1.527577
1.491274
1.454975
1.418680
1.382387
1.346099
1.309814
1.273533
1.237256
1.200983
1.164714
1.128449
1.095240
1.056260
1.019681
0.983434
0.948128
0.914938
0.878750
0.842568
0.809354
0.774709
0.738597
0.702494
0.666399
0.630314
0.595829
0.563323
0.527328
0.494920
0.461071
0.430385
0.432582
0.440175
0.448214
0.447824
0.445920
0.486317
0.521613
0.556936
0.592286
0.568771
0.533687
0.506644
0.473674
0.445385
0.414779
0.385049
0.350240
0.315474
0.280752
0.246074
0.211448
0.176870
0.142344
0.107870
0.073452
0.039091
0.004789
-0.029451
-0.063627
-0.097731
-0.131763
-0.165721
-0.199602
-0.233403
-0.267121
-0.300750
-0.334288
-0.367731
-0.401069
-0.434296
-0.467412
-0.500412
-0.533289
-0.566037
-0.598651
-0.584738
-0.552071
-0.519342
-0.508456
-0.553716
-0.586969
-0.620103
-0.653111
-0.695245
-0.733150
-0.766012
-0.798728
-0.831277
-0.863658
-0.895864
-0.927883
-0.959705
-0.991317
-1.022706
-1.053858
-1.084757
-1.115375
-1.145689
-1.175693
-1.205365
-1.234682
-1.263620
-1.292151
-1.320246
-1.347875
-1.374995
-1.401533
-1.427488
-1.452815
-1.477469
-1.501401
-1.524559
-1.546885
-1.568322
-1.588807
-1.608197
-1.626476
-1.643591
-1.659471
-1.674047
-1.687247
-1.699007
-1.709260
-1.717950
-1.724946
-1.730206
-1.733765
-1.735599
-1.735697
-1.734058
-1.730693
-1.725625
-1.718885
-1.710487
-1.700405
-1.688810
-1.675768
-1.661344
-1.645608
-1.628629
-1.610480
-1.591228
-1.570943
-1.549616
-1.527385
-1.504318
-1.480470
-1.455895
-1.430641
-1.404757
-1.378284
-1.351262
-1.323706
-1.295661
-1.267177
-1.238283
-1.209007
-1.179374
-1.149407
-1.119128
-1.088555
-1.057702
-1.026578
-0.995215
-0.963627
-0.931828
-0.899830
-0.867645
-0.835284
-0.802756
-0.770071
-0.737225
-0.704240
-0.671123
-0.637882
-0.604521
-0.571049
-0.537470
-0.503789
-0.470012
-0.423782
-0.390018
-0.356166
-0.322230
-0.282212
-0.271993
-0.257211
-0.223471
-0.189648
-0.155743
-0.121758
-0.087701
-0.053574
-0.019381
0.014875
0.049193
0.083570
0.118004
0.152492
0.187037
0.221632
0.256275
0.290965
0.325699
0.360477
0.395296
0.430156
0.465054
0.499992
0.534967
0.569976
0.605020
0.640095
0.675202
0.710340
0.745507
0.780702
0.815926
0.851179
0.886456
0.921759
0.957087
0.992437
1.000175
1.017337
1.015620
0.982295
0.946702
0.911127
0.875571
0.840035
0.804520
0.769025
0.727724
0.712160
0.736107
0.765223
0.787035
0.764252
0.796130
0.832084
0.823903
0.806042
0.828146
0.863523
0.897548
0.898200
0.931087
0.967327
1.005450
1.007281
1.018647
1.054814
1.090989
1.057619
1.090145
1.126406
1.150132
1.161369
1.159149
1.122818
1.086491
1.050167
1.013845
0.977528
0.941214
0.904903
0.868596
0.830647
0.832837
0.868189
0.904558
0.940930
0.977304
1.013681
1.050059
1.086440
1.122823
1.159207
1.195594
1.231982
1.266371
1.302621
1.334160
1.340345
1.363476
1.362204
1.380054
1.416227
1.426518
1.426305
1.595022
1.560692
1.526363
1.492034
1.457705
1.422668
1.448590
1.453141
1.482045
1.460776
1.454362
1.455373
1.456685
1.433493
1.425146
1.427382
1.429921
1.411175
1.378135
1.343941
1.311651
1.279039
1.244885
1.212612
1.180503
1.146396
1.114100
1.082572
1.048522
1.014478
0.980440
0.947899
0.917340
0.883371
0.849411
0.815458
0.781513
0.747577
0.713650
0.680432
0.651604
0.617769
0.583945
0.550133
0.516333
0.482545
0.448771
0.415010
0.381263
0.353667
0.320736
0.287120
0.253522
0.219943
0.186383
0.152844
0.125198
0.093860
0.060494
0.027156
-0.006155
-0.039438
-0.072690
-0.100530
-0.124231
-0.152796
-0.185629
-0.218416
-0.251156
-0.278859
-0.300186
-0.294374
-0.262462
-0.266146
-0.298005
-0.325503
-0.343443
-0.364447
-0.391779
-0.407425
-0.422027
-0.430258
-0.413183
-0.399545
-0.407492
-0.391353
-0.401963
-0.430158
-0.458516
-0.506421
-0.534408
-0.562077
-0.589522
-0.596992
-0.621589
-0.647976
-0.674089
-0.680711
-0.662253
-0.657801
-0.676386
-0.700238
-0.705443
-0.686891
-0.660914
-0.634659
-0.638353
-0.663039
-0.702270
-0.738426
-0.776584
-0.797640
-0.805233
-0.825970
-0.846238
-0.866021
-0.889005
-0.924575
-0.962345
-0.971777
-0.969715
-0.995532
-1.026896
-1.027348
-1.067138
-1.082361
-1.091666
-1.078272
-1.091010
-1.102991
-1.111805
-1.092597
-1.135080
-1.176891
-1.151494
-1.124796
-1.129348
-1.134455
-1.138681
-1.142017
-1.144455
-1.145992
-1.146624
-1.146349
-1.145168
-1.143084
-1.164917
-1.171070
-1.166180
-1.182554
-1.188065
-1.180314
-1.171686
-1.162198
-1.151869
-1.157413
-1.145690
-1.116038
-1.102553
-1.075098
-1.054235
-1.057781
-1.041495
-1.024567
-1.007019
-0.997131
-1.006706
-1.019768
-1.047325
-1.074576
-1.101502
-1.124676
-1.131108
-1.156472
-1.181414
-1.205906
-1.229019
-1.227342
-1.249813
-1.271702
-1.292984
-1.313625
-1.359405
-1.356369
-1.329986
-1.300822
-1.271379
-1.241676
-1.211733
-1.181567
-1.151193
-1.120625
-1.089877
-1.058961
-1.027887
-0.996665
-0.965306
-0.933817
-0.902207
-0.870482
-0.838650
-0.806717
-0.780117
-0.754564
-0.717437
-0.678081
-0.645721
-0.613289
-0.580788
-0.548222
-0.515595
-0.482910
-0.450168
-0.417374
-0.384530
-0.351637
-0.318699
-0.285717
-0.252694
-0.219630
-0.186529
-0.153390
-0.120217
-0.087010
-0.053771
-0.020501
0.012798
0.046125
0.079480
0.112861
0.146267
0.179696
0.213150
0.246625
0.280122
0.313640
0.347177
0.380734
0.414310
0.447903
0.481514
0.515142
0.548786
0.582445
0.616120
0.649809
0.683512
0.717229
0.750960
0.784703
0.818459
0.852226
0.886006
0.919797
0.953599
0.987411
1.022669
1.059948
1.088910
1.123750
1.163505
1.202692
1.232503
1.229040
1.257481
1.291377
1.325244
1.353922
1.383004
1.412478
1.446258
1.445330
1.441420
1.437809
1.405574
1.396479
1.393747
1.391320
1.363360
1.327233
1.315665
1.314442
1.313531
1.312933
1.333778
1.368054
1.402484
1.436895
1.471236
1.505499
1.539761
1.558583
1.543873
1.509533
1.475372
1.466445
1.490023
1.491192
1.502693
1.520268
1.504934
1.526246
1.508367
1.545521
1.571844
1.537663
1.503485
1.469310
1.435137
1.401110
1.370586
1.340441
1.344496
1.311603
1.277560
1.247903
1.218985
1.181145
1.142258
1.107430
1.073423
1.039422
1.005427
0.971440
0.937460
0.903487
0.869521
0.835564
0.801614
0.770957
0.739364
0.705500
0.671648
0.637806
0.603975
0.570156
0.536349
0.502554
0.471312
0.444205
0.429304
0.447617
0.466296
0.435170
0.407929
0.376709
0.366245
0.406803
0.436010
0.439483
0.406531
0.374566
0.351872
0.331393
0.342457
0.353820
0.321534
0.289297
0.257113
0.213783
0.191545
0.160890
0.128933
0.097038
0.065207
0.033443
0.001749
-0.029873
-0.061419
-0.092888
-0.124275
-0.155577
-0.177479
-0.202734
-0.242431
-0.279866
-0.310687
-0.341400
-0.372000
-0.402480
-0.432836
-0.463062
-0.493153
-0.523101
-0.552900
-0.582542
-0.612021
-0.641328
-0.670455
-0.699393
-0.728131
-0.756661
-0.784971
-0.813050
-0.840886
-0.867749
-0.890306
-0.937090
-0.964888
-0.992406
-1.019625
-1.046528
-1.073098
-1.099317
-1.125164
-1.150616
-1.175649
-1.200239
-1.224359
-1.247980
-1.271072
-1.293604
-1.315541
-1.336850
-1.357492
-1.377430
-1.396623
-1.415030
-1.432608
-1.449313
-1.465101
-1.479927
-1.493746
-1.506514
-1.518187
-1.528725
-1.538086
-1.546236
-1.553140
-1.558771
-1.563102
-1.566116
-1.567798
-1.568141
-1.567144
-1.564810
-1.561151
-1.556182
-1.549925
-1.542406
-1.533658
-1.523714
-1.512612
-1.500394
-1.487098
-1.472752
-1.457423
-1.441155
-1.423994
-1.405983
-1.387165
-1.367584
-1.347279
-1.326290
-1.304654
-1.282408
-1.259586
-1.236220
-1.212341
-1.187979
-1.163160
-1.137911
-1.112256
-1.086218
-1.059819
-1.033078
-1.006016
-0.978649
-0.950994
-0.923067
-0.894883
-0.866455
-0.837796
-0.808919
-0.779835
-0.750554
-0.721086
-0.691442
-0.661628
-0.631655
-0.601530
-0.571259
-0.540851
-0.510311
-0.479646
-0.448861
-0.417961
-0.386537
-0.340840
-0.309846
-0.278750
-0.233670
-0.201654
-0.170482
-0.139220
-0.107872
-0.076441
-0.044930
-0.013343
0.018318
0.050050
0.081850
0.113715
0.145644
0.177633
0.217576
0.246866
0.281094
0.318462
0.350583
0.382756
0.414979
0.447252
0.474467
0.500440
0.532974
0.565548
0.598161
0.630812
0.663499
0.693280
0.721339
0.761767
0.794589
0.827442
0.860325
0.893237
0.926178
0.959146
0.992142
1.025164
1.056639
1.047506
1.038689
1.063225
1.088547
1.114351
1.085466
1.051965
1.018481
0.985013
0.945210
0.931363
0.924313
0.943260
0.975264
1.009019
1.042786
1.076564
1.110353
1.144153
1.177962
1.211782
1.245611
1.279449
1.316291
1.350336
1.381019
1.412508
1.443225
1.448551
1.434652
1.465514
1.499545
1.522060
1.517734
1.513701
1.517839
1.541488
1.532054
1.500513
1.502697
1.534942
1.565878
1.561571
1.528785
1.528785
