1.802493
1.767508
1.731816
1.689906
1.648068
1.606510
1.575843
1.569883
1.578559
1.608479
1.605132
1.569807
1.534490
1.499176
1.463872
1.428571
1.393280
1.357992
1.322717
1.287443
1.252183
1.216272
1.175672
1.136251
1.100927
1.064008
1.023788
1.014113
1.045323
1.076949
1.108943
1.118925
1.116067
1.139815
1.173228
1.207219
1.241323
1.276894
1.311118
1.310211
1.304385
1.268701
1.233017
1.197333
1.161539
1.125536
1.105783
1.106101
1.087177
1.052466
1.018209
0.984194
0.950731
0.917449
0.882196
0.846610
0.814030
0.781403
0.745887
0.710373
0.674864
0.639357
0.603856
0.569872
0.538526
0.505289
0.469893
0.434504
0.399121
0.367247
0.337093
0.303011
0.267775
0.238046
0.209105
0.174201
0.139160
0.104147
0.070515
0.043135
0.013670
-0.021082
-0.055816
-0.090520
-0.125198
-0.159850
-0.188963
-0.214210
-0.245696
-0.279974
-0.314189
-0.348387
-0.372552
-0.395537
-0.416825
-0.439284
-0.472495
-0.502841
-0.521773
-0.544803
-0.577273
-0.603204
-0.619510
-0.634736
-0.648910
-0.673178
-0.703938
-0.720713
-0.731789
-0.757834
-0.787333
-0.796873
-0.804879
-0.832873
-0.858021
-0.861992
-0.870867
-0.897090
-0.914859
-0.914859
-0.913704
-0.910980
-0.921643
-0.944353
-0.948433
-0.941492
-0.954427
-0.974702
-0.994163
-1.013460
-1.031780
-1.049992
-1.067131
-1.084107
-1.100065
-1.115723
-1.130430
-1.144686
-1.158073
-1.170845
-1.182846
-1.175284
-1.151459
-1.148681
-1.157335
-1.164862
-1.172012
-1.177847
-1.183452
-1.187554
-1.191493
-1.193920
-1.196092
-1.196903
-1.197292
-1.196481
-1.195086
-1.192659
-1.173081
-1.133676
-1.113528
-1.108160
-1.101802
-1.094951
-1.086985
-1.078687
-1.069163
-1.059459
-1.048432
-1.037271
-1.024902
-1.012310
-0.998687
-0.984730
-0.969911
-0.954657
-0.938699
-0.922217
-0.905178
-0.887538
-0.869475
-0.830065
-0.780952
-0.755328
-0.735967
-0.715843
-0.695626
-0.674606
-0.653508
-0.631721
-0.609793
-0.587289
-0.564584
-0.541406
-0.528429
-0.530669
-0.519222
-0.494266
-0.468978
-0.443473
-0.417605
-0.391586
-0.345813
-0.295383
-0.266801
-0.240343
-0.213455
-0.186520
-0.159221
-0.131839
-0.104156
-0.076356
-0.048310
-0.020120
0.008268
0.036824
0.065533
0.094431
0.123443
0.138200
0.147603
0.174040
0.203992
0.234169
0.264988
0.314182
0.360825
0.391111
0.421448
0.451948
0.476504
0.489460
0.510465
0.541680
0.572989
0.604377
0.625393
0.640695
0.668460
0.700453
0.732563
0.764693
0.782834
0.798581
0.784314
0.775260
0.794720
0.814479
0.835104
0.856133
0.877884
0.900136
0.922974
0.927129
0.916751
0.929668
0.954348
0.953238
0.944271
0.966061
0.992512
0.985952
0.978430
0.971494
0.964670
0.958374
0.952255
0.946604
0.954586
0.984973
1.017768
1.053166
1.044861
1.005197
0.990198
0.986581
0.955498
0.916944
0.942192
0.975473
1.009481
1.043648
1.079314
1.114799
1.149527
1.173881
1.173568
1.173504
1.173817
1.156610
1.121881
1.086589
1.050922
1.016418
0.982403
0.947084
0.911451
0.877995
0.845119
0.848195
0.846605
0.807945
0.769945
0.734367
0.699821
0.667511
0.633868
0.598367
0.562870
0.527377
0.494523
0.463275
0.432726
0.402445
0.402010
0.407877
0.414446
0.422124
0.464353
0.505616
0.540508
0.575407
0.610331
0.645265
0.680219
0.715185
0.750168
0.785165
0.820175
0.855201
0.890236
0.925289
0.960348
0.995426
1.030508
1.071950
1.113411
1.148419
1.184499
1.226589
1.251145
1.224009
1.194168
1.159419
1.124686
1.089970
1.055274
1.020594
0.985939
0.951296
0.916682
0.882079
0.847510
0.812948
0.778428
0.743912
0.709440
0.674976
0.640552
0.606143
0.571772
0.537421
0.503105
0.468817
0.434560
0.400338
0.366143
0.331994
0.297865
0.263793
0.229735
0.195745
0.161764
0.117113
0.073273
0.039200
0.005143
-0.028848
-0.062814
-0.096718
-0.130584
-0.164394
-0.198153
-0.231862
-0.265504
-0.299103
-0.332618
-0.366098
-0.399474
-0.432825
-0.466049
-0.499259
-0.532317
-0.565358
-0.598250
-0.631103
-0.663813
-0.696461
-0.728972
-0.761392
-0.793683
-0.825850
-0.857900
-0.889786
-0.921570
-0.953142
-0.984631
-1.015852
-1.047014
-1.077840
-1.108628
-1.139022
-1.169357
-1.199296
-1.229119
-1.258551
-1.287792
-1.316653
-1.345234
-1.373451
-1.401278
-1.428769
-1.455737
-1.482407
-1.508389
-1.534130
-1.558984
-1.583672
-1.580928
-1.577731
-1.598781
-1.619606
-1.639130
-1.658230
-1.676057
-1.693225
-1.709178
-1.724199
-1.738097
-1.750756
-1.762423
-1.772515
-1.781787
-1.789132
-1.795867
-1.800321
-1.804409
-1.805878
-1.807068
-1.805697
-1.803871
-1.799783
-1.794981
-1.788246
-1.780567
-1.771295
-1.760888
-1.749220
-1.736269
-1.722370
-1.707079
-1.691126
-1.673712
-1.655884
-1.636561
-1.617037
-1.596012
-1.574844
-1.552425
-1.529777
-1.506135
-1.482178
-1.457447
-1.432335
-1.406631
-1.380500
-1.353931
-1.326902
-1.299560
-1.271738
-1.243708
-1.215184
-1.186538
-1.157394
-1.128194
-1.098500
-1.068760
-1.038622
-1.008401
-0.977862
-0.947211
-0.916310
-0.885275
-0.854046
-0.822666
-0.791141
-0.759450
-0.727655
-0.684239
-0.636239
-0.601505
-0.569701
-0.537686
-0.505986
-0.488389
-0.467106
-0.420026
-0.380201
-0.365081
-0.344336
-0.312114
-0.279813
-0.247409
-0.214915
-0.182343
-0.149671
-0.116941
-0.084105
-0.051230
-0.018242
0.014768
0.047897
0.081039
0.114293
0.147563
0.180928
0.214318
0.247785
0.281286
0.314850
0.348455
0.382110
0.415811
0.449551
0.483343
0.517162
0.551039
0.584934
0.618890
0.652855
0.686885
0.720922
0.755018
0.789123
0.823279
0.857450
0.891662
0.925893
0.960159
0.994448
1.028764
1.063108
1.097472
1.138395
1.182485
1.218970
1.253262
1.287596
1.321935
1.356317
1.390703
1.425128
1.457916
1.483455
1.511598
1.546239
1.580892
1.615565
1.650253
1.684957
1.673752
1.630921
1.636800
1.664149
1.697560
1.732524
1.732524
1.832818
1.796637
1.760462
1.724294
1.688137
1.651987
1.615845
1.579715
1.541992
1.499855
1.510095
1.534732
1.529803
1.547940
1.577149
1.573300
1.550337
1.510481
1.507015
1.504372
1.502021
1.467545
1.429268
1.391310
1.382932
1.373121
1.336204
1.351149
1.376755
1.340932
1.304618
1.268074
1.232852
1.197947
1.163341
1.126829
1.090256
1.053683
1.019470
0.985824
0.952646
0.948432
0.942033
0.901624
0.863928
0.827473
0.791023
0.757082
0.724676
0.688317
0.651963
0.615614
0.579277
0.542944
0.506618
0.474877
0.442274
0.406078
0.369897
0.333723
0.297565
0.261420
0.225284
0.189168
0.156985
0.127498
0.091578
0.055674
0.019787
-0.016067
-0.051905
-0.087719
-0.123500
-0.159262
-0.194993
-0.224042
-0.252571
-0.287980
-0.329464
-0.372145
-0.398069
-0.429190
-0.464238
-0.488243
-0.511462
-0.533782
-0.567068
-0.601260
-0.635363
-0.657358
-0.680675
-0.714017
-0.735210
-0.754850
-0.787252
-0.807746
-0.821269
-0.832642
-0.854311
-0.884602
-0.914468
-0.933925
-0.940684
-0.945020
-0.957245
-0.984171
-0.989296
-0.988562
-0.985765
-0.980985
-0.980032
-1.001793
-1.003868
-0.996160
-1.015324
-1.033927
-1.052029
-1.036720
-1.034308
-1.049525
-1.063651
-1.077201
-1.089902
-1.101539
-1.121287
-1.166661
-1.186503
-1.195153
-1.202496
-1.208877
-1.214538
-1.218675
-1.221969
-1.224462
-1.225352
-1.210176
-1.172733
-1.165837
-1.151149
-1.110838
-1.130131
-1.165149
-1.195719
-1.209325
-1.214859
-1.218996
-1.243755
-1.282747
-1.319351
-1.354522
-1.388238
-1.351044
-1.323992
-1.317677
-1.309885
-1.301327
-1.291612
-1.254267
-1.215487
-1.203164
-1.189890
-1.175980
-1.160878
-1.145039
-1.128621
-1.111021
-1.092874
-1.074132
-1.082623
-1.080733
-1.059226
-1.036930
-1.014229
-0.990910
-0.966987
-0.942707
-0.917825
-0.875399
-0.823588
-0.771776
-0.733917
-0.707147
-0.682123
-0.668705
-0.668705
-0.644177
-0.608165
-0.556385
-0.524826
-0.511750
-0.535730
-0.538308
-0.524540
-0.473098
-0.468522
-0.488126
-0.479777
-0.448326
-0.397319
-0.367024
-0.336703
-0.306211
-0.275460
-0.244585
-0.213535
-0.166802
-0.116295
-0.065723
-0.042684
-0.030454
-0.016891
0.019153
0.066733
0.085045
0.110376
0.142045
0.173908
0.198385
0.213134
0.229128
0.250975
0.283977
0.317090
0.350264
0.383538
0.416899
0.450315
0.483833
0.517418
0.551054
0.584790
0.618578
0.652416
0.686347
0.726043
0.773845
0.809565
0.847951
0.895809
0.891757
0.869358
0.835922
0.813194
0.793439
0.760471
0.718109
0.669785
0.636809
0.603898
0.571053
0.585058
0.608075
0.640649
0.673341
0.706092
0.738935
0.771873
0.804866
0.837953
0.871115
0.904329
0.937639
0.962620
0.981707
1.015437
1.042643
1.062701
1.051769
1.038713
1.025975
1.013677
1.011712
1.034888
1.032711
1.021853
1.011432
1.024330
1.050859
1.086288
1.097047
1.088027
1.079552
1.087867
1.115803
1.144481
1.160252
1.153672
1.177246
1.187776
1.146111
1.131158
1.132903
1.164997
1.199837
1.229701
1.189565
1.169366
1.166229
1.163654
1.161337
1.159336
1.157847
1.156618
1.155759
1.155361
1.155222
1.155508
1.182225
1.219799
1.257817
1.294966
1.329157
1.331069
1.314160
1.280072
1.246606
1.244699
1.284785
1.293163
1.285316
1.253691
1.222626
1.191889
1.161713
1.123179
1.081859
1.045686
1.009524
0.973712
0.943993
0.911083
0.875067
0.839072
0.803087
0.767115
0.731164
0.697659
0.669370
0.641808
0.630641
0.675140
0.695902
0.699522
0.664235
0.628978
0.593743
0.558558
0.518392
0.473055
0.437224
0.401982
0.366773
0.331612
0.299816
0.275742
0.252578
0.237128
0.249744
0.262801
0.272272
0.252503
0.224882
0.191302
0.157846
0.131923
0.114342
0.082589
0.049793
0.017099
-0.015451
-0.047918
-0.080253
-0.112443
-0.144540
-0.176468
-0.208252
-0.239933
-0.271398
-0.302722
-0.333931
-0.364868
-0.395671
-0.426317
-0.437395
-0.461877
-0.513027
-0.546586
-0.576118
-0.605368
-0.650631
-0.698037
-0.726995
-0.770132
-0.819696
-0.848311
-0.876649
-0.904746
-0.932289
-0.959555
-0.986481
-1.012814
-1.038827
-1.064370
-1.089286
-1.113830
-1.137740
-1.160996
-1.183822
-1.205806
-1.227125
-1.247946
-1.267673
-1.286741
-1.305203
-1.322341
-1.338821
-1.354465
-1.368744
-1.382287
-1.394731
-1.405809
-1.416080
-1.424965
-1.432541
-1.439251
-1.444290
-1.468085
-1.504668
-1.544467
-1.564784
-1.565928
-1.564882
-1.562804
-1.559386
-1.554036
-1.547694
-1.539866
-1.530430
-1.520069
-1.508161
-1.494982
-1.489141
-1.537103
-1.564498
-1.578267
-1.624119
-1.658896
-1.682051
-1.669987
-1.654884
-1.638502
-1.620491
-1.601662
-1.581614
-1.560385
-1.538479
-1.515459
-1.491611
-1.467209
-1.441813
-1.415853
-1.389444
-1.362161
-1.334505
-1.306430
-1.277700
-1.248678
-1.219262
-1.189376
-1.159250
-1.128759
-1.097932
-1.066907
-1.035549
-1.003951
-0.972189
-0.940122
-0.907889
-0.875517
-0.842869
-0.802637
-0.753349
-0.703861
-0.677312
-0.691240
-0.719384
-0.750667
-0.781708
-0.775806
-0.750260
-0.699308
-0.661303
-0.632523
-0.621282
-0.589147
-0.538742
-0.518623
-0.494034
-0.463225
-0.432152
-0.400952
-0.369573
-0.323094
-0.277556
-0.246091
-0.214457
-0.179849
-0.129787
-0.098841
-0.080426
-0.067451
-0.044645
-0.012671
0.019495
0.051746
0.084104
0.116616
0.149203
0.181902
0.214723
0.247613
0.280615
0.313713
0.346874
0.380148
0.413496
0.446901
0.480418
0.506901
0.526387
0.572973
0.620932
0.669005
0.692660
0.716852
0.750878
0.784971
0.816289
0.837686
0.813158
0.775100
0.798021
0.827855
0.862717
0.897635
0.927443
0.951831
0.986356
1.021565
1.056802
1.092076
1.127369
1.162691
1.198044
1.233414
1.268814
1.298316
1.325745
1.361346
1.396963
1.432594
1.468253
1.503925
1.539611
1.575322
1.581212
1.537467
1.523718
1.526463
1.555448
1.584948
1.617021
1.659432
1.697780
1.733854
1.769941
1.769941
