1.651185
1.617717
1.584248
1.550780
1.517312
1.483843
1.450171
1.416498
1.383280
1.362371
1.363132
1.364214
1.365481
1.336897
1.304942
1.271535
1.239206
1.208185
1.177609
1.147201
1.113896
1.080584
1.047275
1.012286
0.975877
0.941959
0.908888
0.878757
0.847492
0.814208
0.780927
0.747649
0.717995
0.688032
0.654843
0.621659
0.588480
0.555310
0.522144
0.493924
0.464441
0.431398
0.398364
0.365339
0.332328
0.299323
0.266336
0.235570
0.208816
0.178256
0.145448
0.112668
0.079896
0.047150
0.014420
-0.018291
-0.050976
-0.083651
-0.108437
-0.135175
-0.167572
-0.199939
-0.232280
-0.264574
-0.296850
-0.329068
-0.357772
-0.380045
-0.408280
-0.440081
-0.471795
-0.503482
-0.535082
-0.561324
-0.580830
-0.608564
-0.639569
-0.670419
-0.697560
-0.714177
-0.737953
-0.768002
-0.785059
-0.800155
-0.829216
-0.851917
-0.862823
-0.884280
-0.912129
-0.921828
-0.932556
-0.958941
-0.975442
-0.979372
-0.998062
-1.022706
-1.046722
-1.064189
-1.062798
-1.059940
-1.055781
-1.071251
-1.089401
-1.080937
-1.081573
-1.099310
-1.116393
-1.133075
-1.121912
-1.112049
-1.125843
-1.139095
-1.151651
-1.163284
-1.174539
-1.152798
-1.138206
-1.146322
-1.153695
-1.160401
-1.139427
-1.116168
-1.153124
-1.178140
-1.180416
-1.181758
-1.182518
-1.181926
-1.180921
-1.178644
-1.161312
-1.124356
-1.109955
-1.104921
-1.098524
-1.091757
-1.083974
-1.075501
-1.066400
-1.056284
-1.045825
-1.034224
-1.022222
-1.009446
-0.995981
-0.982083
-0.967237
-0.952110
-0.936129
-0.919734
-0.902792
-0.885213
-0.867365
-0.821677
-0.782119
-0.763158
-0.768202
-0.795320
-0.805580
-0.809644
-0.788103
-0.757876
-0.710660
-0.678681
-0.656411
-0.633624
-0.610683
-0.587278
-0.573453
-0.572424
-0.554669
-0.529766
-0.504435
-0.478992
-0.453240
-0.437847
-0.432095
-0.409591
-0.382625
-0.355357
-0.334180
-0.325073
-0.304327
-0.276071
-0.247595
-0.221596
-0.209508
-0.190095
-0.160776
-0.131323
-0.101813
-0.086649
-0.068180
-0.038004
-0.014810
0.001809
0.029551
0.059555
0.077922
0.100564
0.131795
0.163083
0.194408
0.236120
0.275781
0.295526
0.325036
0.367913
0.402844
0.434280
0.455270
0.468498
0.458212
0.431800
0.390015
0.399084
0.422657
0.454987
0.487332
0.519706
0.552104
0.584519
0.616968
0.649427
0.681918
0.714423
0.746948
0.779496
0.812054
0.844643
0.875544
0.900994
0.930167
0.962933
0.995717
1.028168
1.054678
1.070654
1.064885
1.059435
1.054201
1.049437
1.044820
1.040669
1.036745
1.033140
1.006945
0.970535
0.998768
1.029767
1.061248
1.093717
1.127149
1.159549
1.191723
1.225179
1.247563
1.246778
1.266248
1.299459
1.332896
1.366368
1.399840
1.433311
1.466783
1.500255
1.533727
1.567199
1.585238
1.551766
1.518418
1.485192
1.451778
1.418347
1.385639
1.352692
1.319235
1.285779
1.252324
1.220017
1.192569
1.194426
1.182813
1.151833
1.119227
1.085865
1.055425
1.024439
0.991136
0.957836
0.924539
0.894176
0.864337
0.827260
0.792636
0.763286
0.731666
0.698467
0.669320
0.649822
0.688130
0.726606
0.765328
0.800121
0.833062
0.803277
0.770340
0.737418
0.704506
0.671604
0.638718
0.605838
0.572980
0.542292
0.516337
0.529125
0.569193
0.602842
0.632177
0.640000
0.648060
0.656471
0.637335
0.605035
0.572778
0.540533
0.508325
0.476141
0.443982
0.411864
0.379760
0.347709
0.312682
0.271073
0.229659
0.188384
0.162823
0.144141
0.154167
0.147416
0.115624
0.091402
0.070846
0.051483
0.029625
-0.001398
-0.025819
-0.043397
-0.070829
-0.101309
-0.131651
-0.157330
-0.172550
-0.205063
-0.250055
-0.282125
-0.310102
-0.325070
-0.351845
-0.396465
-0.431427
-0.461647
-0.491693
-0.521685
-0.551520
-0.581250
-0.610869
-0.652352
-0.695578
-0.680285
-0.683197
-0.727518
-0.763847
-0.794338
-0.836546
-0.879131
-0.909665
-0.940113
-0.970427
-1.000578
-1.030647
-1.060460
-1.090193
-1.119685
-1.149012
-1.178164
-1.207025
-1.235780
-1.264116
-1.292305
-1.320152
-1.347681
-1.374974
-1.401734
-1.428311
-1.454255
-1.479877
-1.505000
-1.544855
-1.592142
-1.617823
-1.641806
-1.664852
-1.687234
-1.708903
-1.729367
-1.748608
-1.737782
-1.734677
-1.749636
-1.763283
-1.775947
-1.786480
-1.792451
-1.766886
-1.752886
-1.757035
-1.759359
-1.760751
-1.759542
-1.757581
-1.753433
-1.748004
-1.741183
-1.756205
-1.777615
-1.764951
-1.751607
-1.736648
-1.720517
-1.703499
-1.684942
-1.668802
-1.673751
-1.658529
-1.611252
-1.579896
-1.556792
-1.532683
-1.508309
-1.483186
-1.457673
-1.431728
-1.390006
-1.343413
-1.316949
-1.290308
-1.263242
-1.235871
-1.208269
-1.180266
-1.152140
-1.123635
-1.094985
-1.066100
-1.036991
-1.007765
-0.978254
-0.948666
-0.918857
-0.895546
-0.879473
-0.852471
-0.821498
-0.777470
-0.737319
-0.706642
-0.675868
-0.645020
-0.614041
-0.581672
-0.538009
-0.494237
-0.450287
-0.426007
-0.412194
-0.369880
-0.328109
-0.297906
-0.267627
-0.237262
-0.206786
-0.176268
-0.145613
-0.118553
-0.100408
-0.074960
-0.043772
-0.012498
0.018803
0.050191
0.081613
0.113092
0.144625
0.176189
0.207826
0.239483
0.271202
0.298253
0.319979
0.349341
0.381508
0.423293
0.465159
0.507231
0.543610
0.575459
0.607358
0.639272
0.671237
0.703221
0.735239
0.767289
0.799358
0.823125
0.847940
0.880252
0.912582
0.944933
0.983676
1.024627
1.056913
1.089210
1.121533
1.153876
1.186236
1.218623
1.251020
1.283446
1.288781
1.248237
1.249911
1.274951
1.270625
1.258753
1.225983
1.193223
1.160475
1.127744
1.095019
1.062319
1.027662
0.987936
0.984630
1.011016
1.038026
1.065734
1.098758
1.131786
1.164824
1.194673
1.222734
1.255433
1.288576
1.321726
1.357066
1.394995
1.429396
1.462495
1.495606
1.527462
1.556017
1.584904
1.614064
1.589056
1.555318
1.552179
1.561409
1.592135
1.624559
1.657947
1.659019
1.650880
1.615790
1.596126
1.594931
1.594931
1.644998
1.596213
1.551817
1.510573
1.469344
1.428129
1.386926
1.345735
1.304563
1.263404
1.222257
1.181131
1.140019
1.098922
1.057843
1.016785
0.975743
0.934716
0.893717
0.852735
0.811769
0.770830
0.729915
0.689019
0.648145
0.607304
0.562012
0.517202
0.549732
0.587820
0.628959
0.670117
0.711296
0.752488
0.793695
0.834923
0.872261
0.907513
0.948891
0.990281
1.029835
1.065185
1.106003
1.147523
1.186635
1.181361
1.176475
1.180971
1.218665
1.223562
1.236348
1.275415
1.317149
1.358985
1.389865
1.345935
1.332136
1.330816
1.329918
1.329543
1.310230
1.268325
1.226420
1.184710
1.151791
1.152729
1.187073
1.199871
1.160193
1.121180
1.082590
1.044427
1.006936
1.028028
1.049829
1.008243
0.962393
0.918036
0.876391
0.834755
0.796292
0.760029
0.724474
0.684381
0.642969
0.601568
0.560184
0.522526
0.487573
0.446356
0.405157
0.361955
0.313260
0.277393
0.261973
0.269833
0.238281
0.231635
0.232705
0.192175
0.151686
0.115209
0.086359
0.047064
0.006976
-0.033068
-0.073041
-0.112958
-0.152825
-0.192626
-0.232348
-0.266011
-0.291332
-0.315031
-0.292816
-0.253588
-0.292079
-0.330452
-0.368730
-0.406896
-0.444898
-0.482789
-0.519059
-0.537471
-0.530478
-0.529172
-0.586112
-0.608994
-0.609389
-0.587584
-0.644490
-0.676440
-0.683541
-0.659900
-0.696676
-0.747327
-0.781628
-0.792709
-0.813017
-0.844013
-0.849037
-0.852436
-0.861290
-0.891236
-0.895781
-0.906063
-0.934022
-0.929510
-0.941640
-0.967290
-0.992215
-1.016490
-1.040228
-1.063308
-1.053374
-1.055585
-1.075934
-1.095242
-1.113817
-1.131708
-1.148656
-1.164597
-1.179784
-1.194163
-1.207230
-1.219478
-1.230902
-1.241064
-1.220823
-1.199931
-1.206819
-1.212390
-1.217076
-1.220875
-1.223199
-1.224556
-1.225012
-1.224236
-1.222239
-1.219344
-1.215481
-1.210166
-1.203976
-1.196914
-1.188551
-1.179177
-1.168973
-1.157759
-1.145362
-1.132188
-1.118243
-1.103057
-1.087117
-1.070468
-1.052865
-1.034380
-1.015252
-0.995428
-0.974628
-0.953250
-0.927597
-0.869746
-0.835804
-0.821635
-0.831577
-0.811439
-0.785769
-0.759654
-0.732829
-0.705593
-0.677965
-0.649807
-0.597913
-0.559589
-0.560686
-0.532994
-0.502829
-0.472363
-0.441452
-0.391438
-0.339443
-0.308124
-0.276446
-0.244528
-0.212501
-0.205853
-0.198110
-0.185255
-0.151125
-0.098743
-0.048389
-0.014081
0.020490
0.055220
0.090107
0.125232
0.160519
0.195947
0.231551
0.267338
0.294668
0.309788
0.366634
0.411874
0.448333
0.484946
0.507176
0.530808
0.568064
0.605458
0.634097
0.653568
0.674219
0.706395
0.740987
0.763235
0.786444
0.816124
0.855262
0.880418
0.905908
0.926234
0.913282
0.929981
0.961638
1.001855
1.032115
1.066586
1.107068
1.147589
1.155638
1.145459
1.135739
1.126498
1.117607
1.109085
1.101153
1.093577
1.086358
1.079676
1.103121
1.126444
1.121091
1.116285
1.111842
1.105915
1.060652
1.068141
1.107222
1.146865
1.120770
1.108841
1.149789
1.191352
1.210730
1.211113
1.212037
1.183976
1.143846
1.104202
1.137658
1.143436
1.101649
1.059866
1.020288
0.981403
0.939684
0.901373
0.862479
0.820843
0.779215
0.737593
0.696557
0.660322
0.620449
0.578948
0.537457
0.495978
0.454509
0.413049
0.371605
0.330171
0.288748
0.247339
0.211330
0.191683
0.199504
0.208062
0.238010
0.287276
0.328088
0.368926
0.409787
0.450676
0.491595
0.532534
0.573493
0.614483
0.655492
0.698012
0.747747
0.790847
0.831797
0.872766
0.913763
0.954776
0.995805
1.036858
1.077929
1.121097
1.170598
1.213044
1.254060
1.295092
1.344723
1.342080
1.301150
1.260243
1.219357
1.178489
1.137642
1.096823
1.056024
1.015244
0.974496
0.933772
0.893070
0.852396
0.811756
0.771139
0.730547
0.689998
0.649477
0.608982
0.568529
0.528112
0.487727
0.447378
0.407079
0.366815
0.326586
0.286416
0.246288
0.206200
0.166166
0.126192
0.086263
0.046382
0.071922
0.055527
0.005173
-0.035119
-0.075362
-0.115564
-0.155714
-0.195795
-0.235828
-0.275813
-0.315712
-0.346931
-0.356150
-0.302373
-0.260088
-0.220750
-0.181340
-0.141829
-0.145033
-0.184536
-0.223945
-0.263274
-0.302536
-0.341711
-0.380773
-0.419756
-0.458658
-0.497418
-0.536079
-0.574645
-0.613074
-0.603982
-0.609475
-0.663768
-0.703657
-0.742639
-0.781527
-0.820262
-0.858868
-0.897361
-0.935707
-0.973863
-1.011882
-1.049761
-1.087381
-1.112795
-1.133758
-1.170141
-1.206228
-1.242079
-1.277657
-1.312802
-1.347652
-1.382200
-1.416238
-1.449850
-1.483080
-1.515799
-1.547868
-1.579451
-1.610535
-1.640677
-1.670192
-1.699069
-1.726973
-1.753885
-1.779984
-1.805120
-1.828769
-1.851394
-1.872966
-1.892747
-1.911096
-1.928153
-1.943468
-1.956702
-1.968415
-1.978573
-1.985942
-1.991622
-1.995602
-1.997097
-1.996366
-1.993902
-1.989440
-1.982342
-1.973606
-1.963253
-1.950436
-1.935980
-1.920111
-1.902472
-1.883075
-1.862505
-1.840765
-1.817268
-1.773884
-1.720317
-1.694826
-1.668361
-1.641160
-1.613132
-1.584124
-1.554530
-1.524366
-1.493362
-1.461837
-1.429858
-1.397311
-1.364226
-1.330778
-1.296962
-1.262611
-1.227968
-1.193040
-1.157719
-1.122099
-1.086246
-1.050128
-1.013702
-0.977086
-0.940284
-0.903203
-0.865950
-0.828544
-0.790941
-0.753155
-0.708500
-0.652639
-0.614116
-0.576194
-0.538155
-0.499952
-0.461624
-0.423198
-0.384655
-0.345979
-0.307218
-0.268373
-0.229400
-0.190349
-0.151226
-0.112008
-0.072703
-0.038332
-0.012545
0.026529
0.066371
0.106261
0.146221
0.195020
0.244138
0.284012
0.323949
0.363928
0.403947
0.444032
0.484155
0.524314
0.564522
0.604774
0.645058
0.685377
0.725745
0.766141
0.806566
0.847034
0.887532
0.928055
0.968610
1.009199
1.049812
1.090447
1.131119
1.171813
1.212527
1.253269
1.294036
1.334822
1.375628
1.416463
1.457314
1.498182
1.539076
1.579987
1.597964
1.548225
1.567497
1.567497
