1.701557
1.662882
1.625629
1.590847
1.553456
1.515445
1.480625
1.445807
1.410991
1.373504
1.348982
1.381136
1.375872
1.340978
1.303984
1.287142
1.320319
1.354657
1.389607
1.424558
1.432104
1.395922
1.360651
1.325595
1.289867
1.254501
1.219522
1.184323
1.149195
1.114478
1.100283
1.101078
1.068139
1.033595
0.999995
0.966798
0.933720
0.898809
0.864942
0.832607
0.798325
0.763462
0.728603
0.695402
0.663849
0.629488
0.594696
0.559910
0.527582
0.496908
0.462359
0.427666
0.392980
0.361767
0.331795
0.297227
0.262667
0.228116
0.193578
0.159998
0.131582
0.121518
0.128309
0.165956
0.190514
0.164549
0.128539
0.086309
0.052128
0.018099
-0.015903
-0.049875
-0.083831
-0.117745
-0.151638
-0.185504
-0.219328
-0.251434
-0.275528
-0.304696
-0.338167
-0.371571
-0.404946
-0.438264
-0.471527
-0.504758
-0.537898
-0.571000
-0.604040
-0.645447
-0.687596
-0.708901
-0.729419
-0.749027
-0.779071
-0.808332
-0.825581
-0.841744
-0.857057
-0.870500
-0.888653
-0.918599
-0.935675
-0.945987
-0.954118
-0.961363
-0.967209
-0.988789
-1.012622
-1.015031
-1.016274
-1.016274
-1.014226
-1.011301
-1.006499
-1.016785
-1.037966
-1.031039
-1.021787
-1.010931
-1.039870
-1.086483
-1.103631
-1.107559
-1.092302
-1.100148
-1.119112
-1.165044
-1.194305
-1.207178
-1.190091
-1.175950
-1.186000
-1.195301
-1.204102
-1.211660
-1.218738
-1.224934
-1.205980
-1.178159
-1.181507
-1.184284
-1.186298
-1.187248
-1.187707
-1.187035
-1.167378
-1.130481
-1.092602
-1.072010
-1.102290
-1.088864
-1.048696
-1.007735
-0.978467
-0.970817
-0.962373
-0.953527
-0.943689
-0.933380
-0.922492
-0.937307
-0.951964
-0.938675
-0.924858
-0.910600
-0.895493
-0.880056
-0.863971
-0.847338
-0.830393
-0.812635
-0.794587
-0.776048
-0.735523
-0.690079
-0.670561
-0.663891
-0.671861
-0.655450
-0.634026
-0.612115
-0.574795
-0.525550
-0.501087
-0.478358
-0.455259
-0.431832
-0.408223
-0.384153
-0.350155
-0.300691
-0.269465
-0.247303
-0.248127
-0.236399
-0.211460
-0.206404
-0.204431
-0.201194
-0.184183
-0.157343
-0.109236
-0.066955
-0.039864
-0.012571
0.014831
0.042503
0.070286
0.098227
0.126367
0.151772
0.160247
0.179130
0.208128
0.237313
0.262161
0.273036
0.295395
0.325302
0.355380
0.385520
0.415771
0.434305
0.447887
0.462569
0.484375
0.515600
0.534867
0.551247
0.568549
0.586415
0.604787
0.595031
0.590465
0.610613
0.631386
0.652537
0.641751
0.642636
0.665478
0.688988
0.714417
0.757691
0.801084
0.844623
0.879958
0.913450
0.946979
0.980533
1.014106
1.047718
1.081344
1.115000
1.148681
1.182376
1.216107
1.246546
1.271472
1.271784
1.263470
1.255585
1.264037
1.290890
1.289610
1.289827
1.317959
1.326895
1.321144
1.288562
1.252415
1.212473
1.218738
1.246552
1.207474
1.182252
1.178360
1.201313
1.233610
1.271740
1.310066
1.348599
1.350978
1.347360
1.344126
1.320721
1.283089
1.312352
1.322998
1.286302
1.273794
1.272552
1.271791
1.285709
1.320438
1.301057
1.266292
1.231314
1.196735
1.162540
1.127670
1.092704
1.057738
1.023600
0.990001
1.024831
1.038299
1.005837
1.022757
1.058248
1.061729
1.050392
1.019686
0.989520
0.959605
0.930278
0.898196
0.863668
0.829152
0.794643
0.760145
0.725657
0.691175
0.656710
0.622252
0.587806
0.558111
0.529680
0.495389
0.464472
0.437625
0.439331
0.453704
0.496181
0.496714
0.462872
0.437665
0.410685
0.377099
0.350237
0.327823
0.371939
0.411949
0.445168
0.437502
0.414444
0.381492
0.354422
0.333902
0.368632
0.400885
0.381951
0.355520
0.323418
0.291417
0.259456
0.227575
0.205812
0.188673
0.157315
0.119808
0.072948
0.037898
0.006555
-0.024658
-0.055793
-0.086848
-0.117759
-0.148607
-0.179317
-0.209916
-0.240437
-0.270767
-0.295159
-0.306958
-0.343705
-0.390949
-0.420588
-0.450120
-0.479501
-0.508667
-0.537730
-0.566542
-0.595192
-0.623690
-0.651892
-0.679966
-0.707768
-0.714289
-0.707151
-0.754496
-0.796351
-0.824780
-0.847460
-0.869748
-0.918384
-0.958341
-0.987080
-1.015501
-1.047278
-1.096175
-1.145038
-1.193871
-1.224202
-1.252299
-1.280024
-1.307400
-1.334570
-1.361131
-1.387446
-1.413327
-1.438667
-1.463727
-1.488037
-1.511931
-1.535329
-1.557899
-1.580082
-1.601361
-1.621964
-1.642020
-1.660843
-1.679138
-1.696379
-1.712580
-1.728195
-1.742098
-1.755294
-1.767331
-1.777886
-1.787701
-1.795646
-1.802545
-1.808293
-1.812132
-1.815132
-1.816297
-1.796152
-1.760078
-1.754770
-1.750859
-1.745461
-1.738677
-1.731137
-1.721670
-1.711443
-1.700076
-1.687336
-1.673955
-1.659113
-1.643494
-1.627087
-1.609433
-1.591276
-1.572088
-1.552175
-1.531762
-1.483970
-1.434944
-1.385879
-1.355485
-1.333496
-1.310672
-1.287508
-1.263873
-1.239651
-1.218723
-1.217350
-1.203091
-1.176724
-1.149865
-1.122813
-1.095374
-1.067648
-1.039738
-1.011406
-0.982928
-0.954189
-0.911358
-0.864172
-0.835235
-0.806153
-0.776884
-0.761909
-0.747209
-0.716900
-0.686460
-0.655904
-0.610023
-0.566973
-0.536372
-0.495075
-0.447541
-0.416852
-0.380096
-0.332594
-0.284999
-0.238967
-0.208446
-0.170088
-0.122490
-0.124476
-0.128944
-0.098914
-0.068772
-0.038542
0.007877
0.050674
0.080956
0.111355
0.142107
0.189754
0.224445
0.238217
0.264829
0.295786
0.326872
0.358023
0.389245
0.433784
0.477475
0.508700
0.531287
0.547490
0.578275
0.610016
0.641831
0.673714
0.705635
0.737650
0.751258
0.737513
0.749118
0.770167
0.802765
0.829338
0.849851
0.871168
0.892819
0.915166
0.918087
0.907780
0.930306
0.960489
1.003709
1.040290
1.073908
1.107564
1.137397
1.161997
1.187209
1.213905
1.247917
1.286218
1.328506
1.363426
1.397385
1.431365
1.465362
1.499369
1.525743
1.554706
1.588866
1.623041
1.656683
1.683805
1.714104
1.748415
1.749732
1.737295
1.696702
1.656274
1.615986
1.607251
1.611333
1.641090
1.641090
1.641011
1.607293
1.573666
1.540406
1.507432
1.474900
1.442217
1.409431
1.376842
1.344306
1.311769
1.279282
1.247012
1.214951
1.183233
1.151847
1.120706
1.088522
1.056028
1.025468
1.000445
1.003006
0.991945
0.956930
0.924833
0.895034
0.863268
0.830868
0.801673
0.772143
0.739818
0.707495
0.675177
0.642865
0.610556
0.581423
0.553401
0.521460
0.489260
0.457071
0.424888
0.392714
0.360549
0.328391
0.300209
0.273535
0.241952
0.209956
0.177981
0.146015
0.114067
0.082134
0.050215
0.018317
-0.013571
-0.038994
-0.064457
-0.096095
-0.127718
-0.159308
-0.190872
-0.222410
-0.253909
-0.285392
-0.316820
-0.348236
-0.379592
-0.410927
-0.442211
-0.473457
-0.504663
-0.528942
-0.549934
-0.579421
-0.610113
-0.640690
-0.671230
-0.701670
-0.726174
-0.743867
-0.769501
-0.799182
-0.828679
-0.858132
-0.887361
-0.912568
-0.925907
-0.925755
-0.909116
-0.909240
-0.918515
-0.942263
-0.968671
-0.994613
-1.020428
-1.045832
-1.070976
-1.095782
-1.120169
-1.144311
-1.148461
-1.149005
-1.170767
-1.192321
-1.213146
-1.222428
-1.215690
-1.206958
-1.196983
-1.184498
-1.171687
-1.185576
-1.199181
-1.211691
-1.211136
-1.191235
-1.164617
-1.133521
-1.134077
-1.142702
-1.149851
-1.156699
-1.162306
-1.167304
-1.171338
-1.155446
-1.125381
-1.093990
-1.062228
-1.092601
-1.118399
-1.116081
-1.101212
-1.065144
-1.046682
-1.041571
-1.035383
-1.028864
-1.021026
-1.012926
-1.003709
-0.994036
-0.983539
-0.972364
-0.960641
-0.948038
-0.935141
-0.921189
-0.907025
-0.891955
-0.876544
-0.860473
-0.843895
-0.826881
-0.809214
-0.791311
-0.772631
-0.750468
-0.704990
-0.676147
-0.681853
-0.673653
-0.652715
-0.631316
-0.609736
-0.608918
-0.604713
-0.558700
-0.519726
-0.496464
-0.472954
-0.449204
-0.425132
-0.400925
-0.357173
-0.315336
-0.311593
-0.307307
-0.301716
-0.286017
-0.259825
-0.233417
-0.206912
-0.180148
-0.153329
-0.126258
-0.099116
-0.071789
-0.052327
-0.041559
-0.019115
0.009033
0.037354
0.064717
0.078081
0.095555
0.124578
0.153672
0.182848
0.203156
0.218819
0.246484
0.275596
0.292931
0.313445
0.343654
0.373905
0.404209
0.434570
0.464964
0.460522
0.450405
0.470710
0.493480
0.524444
0.551407
0.573025
0.600669
0.631928
0.656257
0.679247
0.710756
0.742273
0.773819
0.805381
0.836963
0.868566
0.900182
0.931823
0.963472
0.995150
1.025441
1.050179
1.077740
1.109589
1.145457
1.184072
1.222935
1.261863
1.255297
1.254133
1.279411
1.307227
1.339161
1.371106
1.403058
1.430565
1.456781
1.452399
1.452652
1.480099
1.509296
1.541529
1.535127
1.498675
1.487072
1.483343
1.511067
1.530383
1.495239
1.482976
1.513204
1.543734
1.574515
1.581500
1.580287
1.610130
1.637529
1.637289
1.626332
1.594039
1.596565
1.629815
1.639726
1.640921
1.642558
1.644288
1.646436
1.638406
1.608621
1.579129
1.549913
1.567147
1.603124
1.577009
1.544706
1.512410
1.480116
1.447828
1.415543
1.383262
1.350987
1.318714
1.286449
1.254599
1.226907
1.199415
1.172417
1.140415
1.103085
1.072931
1.046135
1.014736
0.982699
0.950679
0.918664
0.886662
0.854669
0.822687
0.790719
0.758757
0.732473
0.706714
0.674923
0.643140
0.611379
0.583067
0.558917
0.529960
0.498415
0.466905
0.435403
0.403943
0.374633
0.352110
0.325803
0.294629
0.263494
0.232381
0.201322
0.170276
0.139297
0.110729
0.090466
0.065852
0.035275
0.004757
-0.025723
-0.056120
-0.086261
-0.097684
-0.115404
-0.156898
-0.194019
-0.224748
-0.248468
-0.267573
-0.305031
-0.347077
-0.388797
-0.428363
-0.458969
-0.489528
-0.520013
-0.550421
-0.580774
-0.620262
-0.662261
-0.692918
-0.723332
-0.753621
-0.783848
-0.813971
-0.843988
-0.873925
-0.903704
-0.933434
-0.962942
-0.992400
-1.021641
-1.050778
-1.079727
-1.108493
-1.137114
-1.165453
-1.193700
-1.221544
-1.249295
-1.276632
-1.303777
-1.330558
-1.356993
-1.383133
-1.408729
-1.434130
-1.458733
-1.483149
-1.506703
-1.529878
-1.552280
-1.573979
-1.595042
-1.614985
-1.634496
-1.652363
-1.669846
-1.685514
-1.700455
-1.713795
-1.725810
-1.736547
-1.745268
-1.753151
-1.758268
-1.762769
-1.764392
-1.765051
-1.763428
-1.760227
-1.755406
-1.748471
-1.740588
-1.730172
-1.719215
-1.705874
-1.691880
-1.676211
-1.659562
-1.641841
-1.622911
-1.603400
-1.582535
-1.561380
-1.538979
-1.516271
-1.492717
-1.468704
-1.444158
-1.419048
-1.393646
-1.367612
-1.341438
-1.314657
-1.287737
-1.260400
-1.232846
-1.205024
-1.176929
-1.148681
-1.120121
-1.091488
-1.062538
-1.033520
-1.004279
-0.974927
-0.945427
-0.915782
-0.886051
-0.845392
-0.803049
-0.788991
-0.774721
-0.759694
-0.744283
-0.728334
-0.704852
-0.676604
-0.635311
-0.591046
-0.562732
-0.543296
-0.558689
-0.561978
-0.547112
-0.515257
-0.471925
-0.439658
-0.410264
-0.380697
-0.348579
-0.305421
-0.284550
-0.299375
-0.288723
-0.259715
-0.230565
-0.201375
-0.172021
-0.142635
-0.113119
-0.083549
-0.053887
-0.065232
-0.108068
-0.104657
-0.086842
-0.056975
-0.024768
0.017311
0.055237
0.085553
0.115924
0.146340
0.176827
0.207337
0.237931
0.268541
0.299222
0.329929
0.360688
0.391485
0.422317
0.453198
0.484098
0.448379
0.408731
0.377695
0.346680
0.315708
0.290280
0.269995
0.234567
0.193121
0.180209
0.173528
0.195296
0.219986
0.251298
0.282636
0.314001
0.345400
0.376813
0.408269
0.439733
0.471237
0.502753
0.534298
0.565861
0.597445
0.580611
0.541447
0.558751
0.584209
0.616101
0.648000
0.679916
0.711843
0.743783
0.775737
0.807698
0.839678
0.871661
0.903663
0.934258
0.960837
0.989949
1.022080
1.054220
1.086364
1.118520
1.150678
1.182848
1.215021
1.247203
1.279390
1.311583
1.299868
1.263184
1.226829
1.192574
1.221447
1.251121
1.283503
1.315888
1.348275
1.380665
1.413057
1.443206
1.472903
1.505344
1.537787
1.570231
1.602677
1.635124
1.646598
1.644449
1.644449
