1.869069
1.826356
1.784987
1.748917
1.712854
1.676801
1.640759
1.604725
1.568706
1.532690
1.496695
1.460704
1.424729
1.388764
1.352812
1.316873
1.280944
1.239172
1.196313
1.160313
1.124318
1.088341
1.052374
1.016420
0.980483
0.944554
0.902701
0.862395
0.892073
0.923307
0.959470
0.977160
0.971562
0.989831
1.021243
1.056861
1.093236
1.129620
1.146595
1.106058
1.098965
1.131960
1.141403
1.138568
1.106732
1.070167
1.033606
0.996429
0.957543
0.953167
0.988132
1.023566
1.059232
1.031536
0.997350
0.997678
0.998186
0.999168
0.982904
0.947939
0.913477
0.879250
0.842967
0.806417
0.769870
0.734257
0.700936
0.666062
0.629588
0.595958
0.563579
0.527614
0.491740
0.460397
0.427573
0.391329
0.355093
0.318866
0.282653
0.246445
0.210256
0.174794
0.145071
0.113376
0.077386
0.041412
0.005454
-0.030479
-0.066402
-0.094914
-0.123766
-0.159407
-0.195030
-0.230617
-0.261089
-0.287017
-0.319736
-0.354940
-0.379681
-0.403459
-0.425782
-0.452155
-0.486407
-0.512939
-0.532951
-0.563035
-0.596575
-0.614858
-0.634566
-0.667229
-0.693518
-0.708075
-0.721369
-0.733648
-0.759862
-0.790550
-0.800363
-0.808890
-0.815318
-0.820815
-0.824690
-0.841609
-0.868490
-0.894885
-0.921135
-0.920546
-0.923630
-0.947764
-0.960701
-0.955132
-0.965401
-0.987165
-1.008193
-1.029016
-1.017974
-1.011971
-1.030075
-1.047740
-1.064717
-1.080988
-1.096773
-1.111559
-1.126087
-1.139299
-1.152230
-1.164054
-1.175300
-1.185683
-1.195162
-1.204050
-1.211691
-1.219020
-1.224777
-1.222458
-1.190086
-1.172115
-1.174500
-1.175905
-1.176701
-1.176193
-1.175362
-1.172977
-1.170239
-1.166279
-1.161656
-1.156144
-1.149672
-1.142636
-1.134363
-1.125791
-1.115825
-1.105529
-1.094168
-1.082217
-1.069514
-1.055984
-1.041994
-0.998942
-0.952050
-0.936214
-0.920105
-0.903176
-0.885778
-0.867811
-0.849200
-0.830248
-0.810498
-0.790563
-0.769800
-0.748820
-0.727228
-0.705272
-0.682897
-0.660031
-0.636919
-0.613206
-0.589356
-0.564901
-0.540278
-0.515211
-0.489870
-0.464228
-0.438220
-0.412038
-0.385408
-0.358679
-0.331513
-0.304218
-0.276604
-0.248784
-0.220749
-0.192440
-0.164008
-0.135244
-0.104255
-0.052820
-0.008080
0.020971
0.039438
0.047385
0.056536
0.066193
0.077372
0.092970
0.143405
0.184249
0.203899
0.229317
0.260188
0.291226
0.322330
0.353636
0.384985
0.416516
0.448112
0.479841
0.511668
0.543583
0.563040
0.577865
0.625014
0.672249
0.704668
0.709564
0.660179
0.646359
0.662966
0.691825
0.724957
0.744066
0.762519
0.782009
0.801909
0.822575
0.843871
0.865677
0.888316
0.911226
0.945574
0.967603
0.921648
0.901251
0.926024
0.951369
0.977156
1.003691
1.030454
1.065863
1.087929
1.044120
1.013883
1.006382
0.999243
0.992370
0.985991
0.979753
1.009743
1.033890
1.029024
1.024406
1.020180
0.994840
0.954752
0.972947
1.006517
0.968082
0.943691
0.978656
1.014284
1.050915
1.064941
1.063977
1.092989
1.128868
1.092536
1.063989
1.064953
1.050458
1.013828
0.977199
0.940569
0.905324
0.870360
0.833765
0.797714
0.763582
0.760709
0.800357
0.792331
0.755843
0.716691
0.677087
0.640548
0.604011
0.567477
0.532437
0.499329
0.464086
0.427635
0.394850
0.364382
0.369510
0.365943
0.335742
0.338270
0.381029
0.419377
0.455363
0.497445
0.540167
0.576065
0.611970
0.647897
0.683837
0.719792
0.755764
0.791745
0.827747
0.863754
0.899783
0.935818
0.971869
1.007930
1.044002
1.060255
1.067010
1.105805
1.143272
1.115404
1.085319
1.049632
1.013962
0.978309
0.942681
0.907065
0.871482
0.835908
0.800370
0.764844
0.729348
0.693875
0.658425
0.623007
0.587604
0.552247
0.516899
0.481600
0.446318
0.411076
0.375864
0.340682
0.305545
0.270427
0.235372
0.200331
0.165354
0.126894
0.081064
0.040864
0.005794
-0.020907
-0.044447
-0.078283
-0.112900
-0.147428
-0.181919
-0.216337
-0.250690
-0.284989
-0.303301
-0.315948
-0.360506
-0.403598
-0.425921
-0.452369
-0.486620
-0.520793
-0.554900
-0.588890
-0.622841
-0.656629
-0.690380
-0.723973
-0.757493
-0.790881
-0.824143
-0.857306
-0.902367
-0.951119
-0.969020
-0.988439
-1.020778
-1.052993
-1.084997
-1.116787
-1.148417
-1.179724
-1.210938
-1.241696
-1.272350
-1.302576
-1.332577
-1.362217
-1.391469
-1.420448
-1.448839
-1.477072
-1.504470
-1.531676
-1.558112
-1.584120
-1.609474
-1.634096
-1.658225
-1.681245
-1.703983
-1.725161
-1.745977
-1.765394
-1.784008
-1.801456
-1.817570
-1.832832
-1.846142
-1.858963
-1.869218
-1.878866
-1.886335
-1.892574
-1.897116
-1.899778
-1.901303
-1.870148
-1.833037
-1.828839
-1.824014
-1.817097
-1.809051
-1.799529
-1.788443
-1.776460
-1.762558
-1.748198
-1.731814
-1.714963
-1.696654
-1.677569
-1.657518
-1.636451
-1.614832
-1.592018
-1.568927
-1.544648
-1.520082
-1.494683
-1.468826
-1.442429
-1.415444
-1.388157
-1.360186
-1.332060
-1.303273
-1.274316
-1.244896
-1.215209
-1.185222
-1.154894
-1.124399
-1.093504
-1.062520
-1.031157
-0.999689
-0.967954
-0.936056
-0.903985
-0.871705
-0.839329
-0.806706
-0.774030
-0.741125
-0.708151
-0.675015
-0.641775
-0.608428
-0.574946
-0.541406
-0.494533
-0.447710
-0.414216
-0.380672
-0.347010
-0.313268
-0.279450
-0.235566
-0.187576
-0.152572
-0.118794
-0.084893
-0.050950
-0.016919
0.017175
0.051327
0.085561
0.119826
0.154189
0.188573
0.223043
0.257544
0.292107
0.326717
0.361367
0.396078
0.430811
0.465616
0.500436
0.535319
0.574084
0.620299
0.654268
0.678022
0.710242
0.745319
0.780452
0.815596
0.850787
0.885996
0.921238
0.956508
0.991800
1.027128
1.062467
1.097848
1.133239
1.168664
1.204105
1.239571
1.275059
1.310563
1.346095
1.381636
1.417211
1.452793
1.488402
1.524023
1.559664
1.595322
1.630994
1.666688
1.702388
1.738115
1.773849
1.809603
1.845368
1.881148
1.869735
1.826203
1.826203
1.785229
1.744253
1.704105
1.669666
1.635231
1.600810
1.566396
1.531994
1.497602
1.463220
1.428852
1.394491
1.360147
1.325808
1.291489
1.257174
1.222882
1.188594
1.154328
1.120069
1.085830
1.051602
1.017391
0.983196
0.949015
0.909967
0.868253
0.853416
0.846482
0.871175
0.899570
0.934115
0.967846
0.997058
1.007091
0.967613
0.942458
0.938272
0.952999
0.984334
1.018011
1.052900
1.087793
1.122687
1.091351
1.055035
1.052850
1.056565
1.090011
1.113415
1.112493
1.111829
1.111522
1.092445
1.057727
1.023445
0.989376
0.955851
0.922464
0.889743
0.856959
0.822029
0.787101
0.752176
0.718210
0.686429
0.653321
0.618468
0.583619
0.548774
0.516723
0.485956
0.451962
0.417220
0.387188
0.357149
0.322544
0.287943
0.253358
0.218779
0.184214
0.152463
0.124224
0.092483
0.058117
0.023774
-0.010559
-0.044863
-0.079161
-0.105961
-0.132970
-0.166982
-0.199105
-0.223885
-0.251602
-0.285247
-0.313994
-0.336940
-0.365868
-0.399049
-0.423490
-0.444379
-0.475076
-0.507673
-0.526757
-0.546548
-0.578419
-0.606838
-0.622843
-0.643999
-0.674972
-0.697546
-0.710678
-0.733812
-0.763687
-0.779137
-0.789089
-0.814858
-0.843405
-0.871516
-0.897250
-0.902573
-0.907285
-0.909958
-0.911676
-0.911676
-0.923156
-0.946886
-0.953621
-0.949508
-0.964240
-0.985696
-1.006377
-1.026936
-1.046541
-1.066016
-1.084579
-1.102873
-1.120332
-1.125702
-1.110499
-1.110019
-1.124455
-1.138083
-1.151224
-1.163343
-1.175123
-1.185654
-1.196005
-1.204878
-1.209079
-1.181978
-1.163239
-1.168741
-1.173651
-1.177605
-1.180758
-1.183140
-1.184513
-1.185309
-1.184890
-1.184094
-1.181887
-1.179479
-1.175525
-1.171350
-1.165847
-1.159936
-1.152918
-1.131908
-1.089567
-1.064380
-1.054855
-1.044464
-1.033606
-1.021753
-1.009612
-0.996360
-0.982955
-0.968410
-0.953690
-0.938026
-0.922063
-0.905338
-0.888201
-0.870471
-0.852233
-0.833553
-0.814281
-0.794706
-0.774467
-0.754049
-0.732906
-0.711665
-0.689712
-0.667640
-0.644988
-0.622143
-0.598836
-0.575271
-0.551351
-0.527115
-0.502620
-0.477762
-0.452728
-0.466982
-0.490940
-0.489658
-0.483888
-0.434526
-0.389239
-0.362287
-0.328444
-0.279149
-0.241504
-0.218985
-0.194065
-0.167271
-0.140216
-0.113044
-0.125618
-0.147219
-0.141521
-0.132674
-0.103955
-0.075180
-0.046172
-0.017076
0.012204
0.041598
0.071134
0.111476
0.159817
0.195041
0.224677
0.254499
0.284360
0.314422
0.344511
0.374783
0.405094
0.435555
0.466075
0.496714
0.519944
0.534511
0.558888
0.590148
0.621509
0.652911
0.671954
0.688659
0.706541
0.721510
0.708087
0.702026
0.721953
0.742274
0.763334
0.790116
0.823246
0.849942
0.872359
0.871065
0.860879
0.880075
0.904299
0.929481
0.951121
0.943080
0.935182
0.927754
0.932960
0.960586
0.971803
0.965733
0.938786
0.898695
0.910360
0.940187
0.940528
0.936342
0.932788
0.925119
0.887277
0.858204
0.855895
0.866903
0.900259
0.933962
0.968014
1.002480
1.037192
1.045992
1.046305
1.016366
0.982301
0.948914
0.915623
0.882955
0.849701
0.814771
0.781033
0.749187
0.735604
0.739360
0.765748
0.804888
0.844404
0.884035
0.919214
0.953860
0.988519
1.023180
1.057852
1.092527
1.127211
1.161900
1.196597
1.231299
1.266006
1.300720
1.335438
1.370164
1.404892
1.439629
1.473393
1.478151
1.482996
1.488302
1.493762
1.499612
1.488830
1.454347
1.419873
1.385408
1.355416
1.327671
1.327657
1.334918
1.304086
1.269892
1.235723
1.201561
1.167422
1.133293
1.099186
1.065093
1.031019
0.996963
0.962924
0.928908
0.894905
0.860933
0.826968
0.793041
0.759119
0.725238
0.691365
0.657529
0.623708
0.589920
0.556155
0.522418
0.488712
0.455030
0.421387
0.387763
0.354188
0.320624
0.287123
0.253630
0.220201
0.186787
0.153433
0.116634
0.072668
0.033452
0.000008
-0.033389
-0.066752
-0.100056
-0.133333
-0.156742
-0.178147
-0.210447
-0.243216
-0.275873
-0.311192
-0.356461
-0.397498
-0.430233
-0.462904
-0.495502
-0.528011
-0.560459
-0.592790
-0.625074
-0.657208
-0.689314
-0.721230
-0.753120
-0.784815
-0.816457
-0.847916
-0.879282
-0.910479
-0.941539
-0.972446
-1.003160
-1.033747
-1.064074
-1.094304
-1.124192
-1.154024
-1.183419
-1.212751
-1.241639
-1.270394
-1.298721
-1.326819
-1.354515
-1.381861
-1.408845
-1.435331
-1.461509
-1.487008
-1.512274
-1.536640
-1.560872
-1.583937
-1.606835
-1.628571
-1.642558
-1.633298
-1.634116
-1.651614
-1.668187
-1.683846
-1.698234
-1.711876
-1.723861
-1.735313
-1.744689
-1.753766
-1.760377
-1.766633
-1.770646
-1.773957
-1.775302
-1.775599
-1.774254
-1.771532
-1.767519
-1.761836
-1.755226
-1.746698
-1.737597
-1.726390
-1.714888
-1.701246
-1.687303
-1.671644
-1.655478
-1.637979
-1.619811
-1.600647
-1.580691
-1.560029
-1.538486
-1.516481
-1.493537
-1.470333
-1.446155
-1.421846
-1.396617
-1.371250
-1.345171
-1.318874
-1.292037
-1.264919
-1.237406
-1.209565
-1.181448
-1.152968
-1.124308
-1.095263
-1.066118
-1.036570
-1.006969
-0.976994
-0.946957
-0.916627
-0.886199
-0.855548
-0.824771
-0.793828
-0.762739
-0.731531
-0.700158
-0.668709
-0.637082
-0.605413
-0.573556
-0.541674
-0.509618
-0.477531
-0.445307
-0.413033
-0.380652
-0.342352
-0.296565
-0.268787
-0.254696
-0.228182
-0.196211
-0.164113
-0.131989
-0.099728
-0.067451
-0.035050
-0.002624
0.029900
0.062463
0.095103
0.127792
0.160540
0.193348
0.226197
0.259113
0.292058
0.325076
0.358109
0.391223
0.424346
0.457541
0.490752
0.524021
0.557314
0.590652
0.624021
0.657426
0.690867
0.724333
0.765317
0.809214
0.835579
0.858788
0.892150
0.925787
0.959470
0.993163
1.026893
1.060638
1.094412
1.132697
1.175859
1.213279
1.246983
1.280720
1.314468
1.348252
1.382041
1.415869
1.449702
1.483568
1.517442
1.551344
1.585259
1.619195
1.649078
1.674801
1.679772
1.672032
1.690317
1.717426
1.717426
