1.523085
1.484958
1.458038
1.455732
1.453745
1.451949
1.450635
1.440569
1.404361
1.368438
1.332735
1.297497
1.269161
1.269967
1.253236
1.219172
1.185594
1.151881
1.116509
1.082271
1.049467
1.017162
0.985066
0.953614
0.920738
0.885538
0.850345
0.815154
0.779972
0.746292
0.715824
0.682443
0.647364
0.612297
0.577234
0.542182
0.507138
0.472101
0.437077
0.402059
0.367053
0.335138
0.306208
0.272416
0.237572
0.202750
0.167940
0.133143
0.098369
0.063603
0.028864
-0.002911
-0.029973
-0.056226
-0.082116
-0.106803
-0.120124
-0.109789
-0.134290
-0.178607
-0.213035
-0.246927
-0.280763
-0.301022
-0.311287
-0.351258
-0.391023
-0.415282
-0.444479
-0.478332
-0.502718
-0.515614
-0.470220
-0.460430
-0.493595
-0.536282
-0.580902
-0.614149
-0.642154
-0.662021
-0.680615
-0.699182
-0.746157
-0.783179
-0.800034
-0.795563
-0.779266
-0.808300
-0.834459
-0.847155
-0.869932
-0.899952
-0.911698
-0.914968
-0.894088
-0.898719
-0.926855
-0.972990
-1.016201
-1.021313
-1.013325
-0.989899
-1.023196
-1.069120
-1.070438
-1.061138
-1.035756
-1.045507
-1.068916
-1.064972
-1.069717
-1.091612
-1.112954
-1.133999
-1.125599
-1.123759
-1.142293
-1.141844
-1.128079
-1.140983
-1.149629
-1.131734
-1.130122
-1.143164
-1.155189
-1.166827
-1.177397
-1.171355
-1.146194
-1.146525
-1.154017
-1.160295
-1.166021
-1.170935
-1.174854
-1.179374
-1.216909
-1.229730
-1.195027
-1.205783
-1.240487
-1.205275
-1.177287
-1.173761
-1.169412
-1.164499
-1.158349
-1.151778
-1.144165
-1.117670
-1.074576
-1.059598
-1.049588
-1.038577
-1.027024
-1.014862
-1.001832
-0.985344
-0.938724
-0.924405
-0.956690
-0.977372
-0.992432
-0.975594
-0.958428
-0.940648
-0.922277
-0.903604
-0.884105
-0.864354
-0.844031
-0.823254
-0.802174
-0.780440
-0.758492
-0.736021
-0.713207
-0.690099
-0.666480
-0.642680
-0.618406
-0.593880
-0.569074
-0.543873
-0.516027
-0.465914
-0.425915
-0.400163
-0.356691
-0.307582
-0.281438
-0.246835
-0.196779
-0.177834
-0.174444
-0.147672
-0.120314
-0.092719
-0.077883
-0.071366
-0.044580
-0.015925
0.012942
0.041949
0.071075
0.083795
0.100389
0.149387
0.189135
0.218960
0.263991
0.312944
0.361954
0.410988
0.460057
0.494905
0.524607
0.554494
0.577839
0.589535
0.613899
0.644430
0.658030
0.676677
0.707791
0.738991
0.770246
0.786756
0.805953
0.837713
0.861218
0.877962
0.895610
0.915989
0.948519
0.981094
1.013715
1.046404
1.077626
1.097301
1.122689
1.155747
1.188857
1.221353
1.242459
1.263886
1.285871
1.285503
1.274536
1.264053
1.253723
1.243738
1.234061
1.224575
1.247516
1.264718
1.256376
1.267560
1.294364
1.291632
1.284518
1.277826
1.271389
1.265214
1.259462
1.258082
1.288069
1.303120
1.298593
1.294458
1.290487
1.287013
1.283737
1.280794
1.278215
1.275804
1.273925
1.283194
1.317279
1.329641
1.328848
1.361712
1.396955
1.432397
1.467981
1.503676
1.508828
1.509681
1.510946
1.512464
1.514234
1.516413
1.518750
1.521526
1.507597
1.472287
1.439513
1.409883
1.413769
1.404595
1.373860
1.343582
1.313614
1.319182
1.311955
1.277002
1.242059
1.207122
1.172199
1.138926
1.110484
1.078443
1.043657
1.008890
0.974130
0.939387
0.904657
0.869938
0.835239
0.801564
0.774616
0.744308
0.709800
0.675318
0.640846
0.606406
0.575392
0.549894
0.518340
0.484227
0.459944
0.457714
0.501994
0.496741
0.462954
0.429227
0.398519
0.376382
0.347808
0.314439
0.292308
0.269183
0.236226
0.203321
0.170466
0.137698
0.106928
0.088579
0.063982
0.031757
0.011490
-0.006211
-0.037831
-0.069385
-0.100836
-0.132161
-0.163430
-0.194511
-0.225526
-0.256404
-0.298434
-0.346727
-0.378372
-0.409139
-0.439735
-0.470187
-0.500535
-0.520015
-0.544361
-0.592740
-0.631973
-0.662680
-0.677566
-0.684752
-0.665216
-0.663502
-0.683038
-0.725177
-0.772542
-0.802372
-0.832067
-0.861555
-0.890781
-0.919890
-0.948605
-0.984261
-1.033800
-1.055551
-1.062088
-1.088518
-1.115644
-1.142357
-1.168708
-1.194803
-1.220291
-1.245555
-1.270236
-1.294496
-1.318372
-1.341513
-1.364367
-1.386404
-1.421198
-1.470850
-1.498054
-1.518626
-1.538067
-1.556966
-1.575056
-1.592099
-1.608680
-1.623718
-1.626881
-1.606909
-1.607071
-1.617977
-1.627108
-1.635640
-1.642784
-1.648753
-1.653907
-1.657218
-1.659883
-1.660925
-1.660864
-1.659822
-1.657036
-1.653606
-1.648451
-1.642366
-1.635222
-1.626577
-1.617339
-1.606434
-1.594817
-1.582164
-1.568325
-1.553974
-1.538128
-1.521786
-1.504501
-1.486337
-1.467717
-1.447899
-1.427722
-1.406730
-1.385115
-1.363078
-1.340168
-1.316976
-1.293100
-1.268793
-1.244111
-1.218804
-1.193277
-1.167182
-1.140795
-1.114082
-1.086923
-1.059591
-1.031792
-1.003796
-0.975520
-0.946925
-0.918196
-0.889078
-0.859831
-0.830343
-0.800627
-0.770797
-0.722316
-0.678877
-0.648912
-0.607568
-0.558713
-0.527039
-0.492691
-0.443902
-0.405177
-0.374993
-0.328974
-0.286306
-0.273943
-0.244293
-0.195877
-0.161484
-0.130743
-0.099820
-0.068817
-0.037704
-0.006458
0.024148
0.039762
0.061195
0.093123
0.125144
0.157212
0.189411
0.217488
0.235723
0.271171
0.317708
0.364420
0.407799
0.440214
0.472689
0.505213
0.537825
0.570469
0.603194
0.635964
0.668783
0.712306
0.758555
0.804965
0.845542
0.878195
0.910914
0.943659
0.976486
1.009341
1.042248
1.066677
1.087033
1.120124
1.153386
1.186694
1.192316
1.180535
1.169209
1.158038
1.147247
1.123733
1.089919
1.056150
1.022397
0.988689
0.955008
0.921356
0.887751
0.852843
0.808013
0.777833
0.767088
0.756759
0.748508
0.773109
0.801266
0.835522
0.869803
0.904097
0.938429
0.972771
1.007137
1.036444
1.062648
1.096644
1.131209
1.165794
1.196308
1.223604
1.257389
1.292136
1.326900
1.361673
1.396457
1.397803
1.387071
1.346109
1.335836
1.365315
1.395301
1.425496
1.456303
1.487345
1.518778
1.518778
1.550097
1.515339
1.489076
1.487396
1.469183
1.435311
1.402364
1.369673
1.336248
1.302962
1.270025
1.272712
1.305649
1.286860
1.254974
1.223601
1.191831
1.159183
1.127599
1.096824
1.064532
1.031918
0.999306
0.967550
0.937469
0.905911
0.873348
0.840789
0.808585
0.779283
0.748817
0.716327
0.683843
0.651361
0.618885
0.586974
0.558640
0.527064
0.490475
0.459367
0.431217
0.399260
0.366912
0.334575
0.302245
0.269924
0.237613
0.205308
0.173018
0.141802
0.115147
0.086049
0.053927
0.021825
-0.010270
-0.042337
-0.074396
-0.106431
-0.138451
-0.170453
-0.202429
-0.234395
-0.258903
-0.285099
-0.316782
-0.348437
-0.380064
-0.404788
-0.427445
-0.458684
-0.489901
-0.521054
-0.552157
-0.583215
-0.605453
-0.625733
-0.656225
-0.686675
-0.717022
-0.747280
-0.777468
-0.796413
-0.810615
-0.795999
-0.771737
-0.727558
-0.716284
-0.728537
-0.753911
-0.781754
-0.809304
-0.836729
-0.863923
-0.879036
-0.886433
-0.927114
-0.970436
-0.996342
-1.022050
-1.047436
-1.058422
-1.061217
-1.102829
-1.142051
-1.142051
-1.140838
-1.137864
-1.106277
-1.060255
-1.075531
-1.100550
-1.146394
-1.168990
-1.161394
-1.171226
-1.188820
-1.178069
-1.162332
-1.133250
-1.137808
-1.181505
-1.181635
-1.164741
-1.175529
-1.186684
-1.196784
-1.190640
-1.167550
-1.166800
-1.173544
-1.146544
-1.119059
-1.090192
-1.094206
-1.128986
-1.162720
-1.195115
-1.194337
-1.193114
-1.190786
-1.170019
-1.133785
-1.122449
-1.117234
-1.110685
-1.103704
-1.095779
-1.087091
-1.077832
-1.067509
-1.056860
-1.045082
-1.022706
-0.979883
-0.936851
-0.893677
-0.900229
-0.911796
-0.896191
-0.869890
-0.825268
-0.815212
-0.825861
-0.834501
-0.838984
-0.819375
-0.799474
-0.779129
-0.758333
-0.737299
-0.737440
-0.731638
-0.685427
-0.658761
-0.658761
-0.627348
-0.581136
-0.555858
-0.531909
-0.507591
-0.492455
-0.488536
-0.469278
-0.443662
-0.398515
-0.367143
-0.387048
-0.393897
-0.386450
-0.351072
-0.305579
-0.278490
-0.255869
-0.246304
-0.218819
-0.173736
-0.176107
-0.192827
-0.181023
-0.164593
-0.135963
-0.107233
-0.078416
-0.049461
-0.020461
0.008695
0.033666
0.048968
0.072342
0.102084
0.121463
0.139459
0.169705
0.199984
0.230332
0.254009
0.272976
0.301882
0.332647
0.363481
0.394342
0.425249
0.456198
0.487173
0.518205
0.548024
0.569448
0.591244
0.613638
0.641890
0.673431
0.705009
0.736597
0.768217
0.799853
0.831511
0.863192
0.894885
0.934058
0.972363
1.003990
1.039270
1.079236
1.107684
1.131073
1.155202
1.182525
1.221839
1.257649
1.289432
1.316020
1.340608
1.372394
1.404341
1.436304
1.449302
1.442752
1.436553
1.430473
1.424863
1.410884
1.373438
1.352994
1.348267
1.343920
1.339698
1.335952
1.332349
1.329096
1.326116
1.323360
1.294788
1.263880
1.294746
1.326178
1.358829
1.390782
1.422215
1.454677
1.481559
1.448157
1.426174
1.425930
1.425979
1.426223
1.426886
1.427673
1.428892
1.430291
1.431996
1.454490
1.489277
1.464416
1.431820
1.399227
1.367733
1.337898
1.329755
1.333007
1.336710
1.334335
1.301898
1.269464
1.237035
1.207642
1.179661
1.147583
1.115244
1.082914
1.052944
1.025822
0.999216
0.972820
0.940906
0.908807
0.876724
0.844651
0.812589
0.780544
0.748504
0.716488
0.684479
0.652488
0.620511
0.588546
0.556603
0.524667
0.492759
0.460861
0.428985
0.397127
0.365284
0.339744
0.317432
0.326002
0.322368
0.290940
0.259542
0.228168
0.204856
0.185744
0.196188
0.196678
0.177172
0.176198
0.188149
0.154083
0.112872
0.082473
0.052112
0.021817
-0.008408
-0.038591
-0.068669
-0.096947
-0.113264
-0.134672
-0.164151
-0.193527
-0.222846
-0.252010
-0.281128
-0.310090
-0.345325
-0.389445
-0.423386
-0.452330
-0.481077
-0.506707
-0.518615
-0.545050
-0.589894
-0.634648
-0.679364
-0.723939
-0.765084
-0.793462
-0.821700
-0.849779
-0.877620
-0.905371
-0.932766
-0.960060
-0.987050
-1.013821
-1.040371
-1.066553
-1.092610
-1.118130
-1.149094
-1.195089
-1.241066
-1.287027
-1.316788
-1.341938
-1.366364
-1.390540
-1.414114
-1.437158
-1.459768
-1.501388
-1.545990
-1.567347
-1.588262
-1.608239
-1.627309
-1.645713
-1.662628
-1.679065
-1.693673
-1.707502
-1.719868
-1.730745
-1.740647
-1.748255
-1.755159
-1.759571
-1.762885
-1.764368
-1.763978
-1.762496
-1.758411
-1.753590
-1.746353
-1.738045
-1.728143
-1.716618
-1.704251
-1.689833
-1.674879
-1.658260
-1.640875
-1.622471
-1.602988
-1.583011
-1.561733
-1.540136
-1.517574
-1.484217
-1.437993
-1.407918
-1.384343
-1.359944
-1.335348
-1.310171
-1.284672
-1.258830
-1.246105
-1.237984
-1.210372
-1.182595
-1.154502
-1.126219
-1.097752
-1.069030
-1.040223
-1.011126
-0.977848
-0.933869
-0.889769
-0.845563
-0.813541
-0.784657
-0.755538
-0.726350
-0.697006
-0.667546
-0.637996
-0.596958
-0.557971
-0.572278
-0.572088
-0.543165
-0.514116
-0.484982
-0.455681
-0.424826
-0.381068
-0.342544
-0.313220
-0.292187
-0.276251
-0.248015
-0.216304
-0.173272
-0.141703
-0.128085
-0.112722
-0.096404
-0.055911
-0.014941
0.014959
0.044910
0.074933
0.105034
0.135171
0.165410
0.195675
0.226022
0.251316
0.270283
0.297514
0.328272
0.359103
0.392275
0.434009
0.470577
0.501351
0.532177
0.563022
0.593935
0.624863
0.655841
0.686848
0.717886
0.748968
0.780065
0.811215
0.842380
0.873583
0.904812
0.936064
0.967353
0.998654
1.029999
1.061355
1.092743
1.119361
1.142122
1.172039
1.203641
1.235273
1.243852
1.204170
1.201609
1.225920
1.203216
1.171348
1.139504
1.107669
1.075853
1.044053
1.012265
0.980504
0.947824
0.908438
0.893311
0.918163
0.943515
0.969154
1.000572
1.031863
1.058370
1.089445
1.127238
1.161314
1.193488
1.225678
1.256944
1.283859
1.313100
1.345399
1.377707
1.410018
1.442340
1.474664
1.506997
1.522405
1.517883
1.513696
1.509642
1.474418
1.445887
1.442731
1.455664
1.485586
1.485586
