1.820645
1.778327
1.736187
1.702091
1.660265
1.652512
1.645028
1.637483
1.603217
1.568963
1.534721
1.500492
1.466124
1.424633
1.384152
1.377383
1.371860
1.398121
1.358829
1.354371
1.383862
1.417048
1.413452
1.443541
1.474166
1.505741
1.468586
1.466541
1.496320
1.493258
1.490489
1.486256
1.451216
1.416073
1.412190
1.377139
1.344893
1.374041
1.342621
1.372181
1.337190
1.302167
1.266734
1.231606
1.196756
1.161799
1.127249
1.092325
1.058181
1.024257
0.989418
0.955993
0.922737
0.888008
0.855357
0.823101
0.790925
0.756075
0.721227
0.686383
0.651542
0.617079
0.585424
0.550631
0.516292
0.485113
0.450379
0.416182
0.385513
0.350850
0.316195
0.282188
0.252119
0.217551
0.183739
0.154269
0.119805
0.086218
0.058338
0.030048
-0.003130
-0.030780
-0.063700
-0.090674
-0.124607
-0.158510
-0.191017
-0.217036
-0.250717
-0.282811
-0.307903
-0.339617
-0.362033
-0.385550
-0.416493
-0.436944
-0.460926
-0.502020
-0.515584
-0.512015
-0.553175
-0.565359
-0.550557
-0.540832
-0.559103
-0.590086
-0.620940
-0.651659
-0.678950
-0.695054
-0.725058
-0.751265
-0.765636
-0.790916
-0.803826
-0.828103
-0.839481
-0.862675
-0.872449
-0.894481
-0.897626
-0.904542
-0.924470
-0.929622
-0.953755
-0.971820
-0.974525
-0.997117
-1.019278
-1.034733
-1.034165
-1.054568
-1.074467
-1.087009
-1.082950
-1.100877
-1.118225
-1.134974
-1.151105
-1.166599
-1.173648
-1.163431
-1.176603
-1.189070
-1.200812
-1.211814
-1.222057
-1.231527
-1.240207
-1.248083
-1.255143
-1.261374
-1.266764
-1.271304
-1.274987
-1.277804
-1.270310
-1.245898
-1.246092
-1.235815
-1.209035
-1.206725
-1.213327
-1.234285
-1.229398
-1.213875
-1.173067
-1.141605
-1.133837
-1.125320
-1.106203
-1.082533
-1.105216
-1.116878
-1.094776
-1.068962
-1.077904
-1.053909
-1.026821
-1.033146
-1.017019
-1.000318
-0.973561
-0.935246
-0.917234
-0.898716
-0.879707
-0.869474
-0.868719
-0.857076
-0.854438
-0.832566
-0.810295
-0.787638
-0.764610
-0.732515
-0.691829
-0.668070
-0.643987
-0.619590
-0.594892
-0.569902
-0.544630
-0.519087
-0.493282
-0.467225
-0.440923
-0.414386
-0.395571
-0.382595
-0.347304
-0.306044
-0.278446
-0.250658
-0.214941
-0.186539
-0.200782
-0.228133
-0.255286
-0.261833
-0.226350
-0.185543
-0.166558
-0.160350
-0.145260
-0.116998
-0.088571
-0.059985
-0.031246
-0.002357
0.026676
0.055849
0.085157
0.114596
0.144162
0.173851
0.203658
0.233582
0.263617
0.301094
0.341640
0.379189
0.412342
0.425304
0.445997
0.469768
0.491224
0.522285
0.553427
0.584647
0.615943
0.647312
0.678754
0.710265
0.741843
0.767023
0.790627
0.822530
0.854492
0.886511
0.912412
0.916426
0.903122
0.890113
0.892356
0.918325
0.945647
0.972131
0.999832
1.021680
1.049021
1.077379
1.100400
1.108038
1.098331
1.105007
1.113603
1.121165
1.146806
1.156426
1.165340
1.192272
1.219645
1.247452
1.258731
1.252825
1.247222
1.259124
1.288816
1.284171
1.262547
1.258513
1.272382
1.268482
1.248259
1.245459
1.242970
1.240791
1.238924
1.237368
1.236125
1.235195
1.234577
1.252618
1.269215
1.269533
1.270162
1.289676
1.307255
1.308799
1.329384
1.366450
1.384946
1.387665
1.371758
1.359239
1.343874
1.332137
1.355508
1.353885
1.319189
1.287162
1.254624
1.219987
1.188292
1.155987
1.121417
1.086855
1.052302
1.021062
0.989048
0.954575
0.920113
0.885660
0.851219
0.816789
0.782369
0.747962
0.717478
0.685902
0.651601
0.617315
0.583044
0.544607
0.507469
0.473170
0.438885
0.404617
0.374846
0.343611
0.314326
0.283414
0.249418
0.215445
0.181497
0.153038
0.169912
0.207184
0.225890
0.208600
0.181292
0.179023
0.210559
0.247851
0.281138
0.307902
0.322899
0.354644
0.356546
0.334829
0.334765
0.318005
0.285245
0.252537
0.219882
0.187282
0.154739
0.113803
0.076797
0.044284
0.011832
-0.020555
-0.052874
-0.085125
-0.107934
-0.135210
-0.167055
-0.198814
-0.230486
-0.262066
-0.293550
-0.324935
-0.356217
-0.387392
-0.418454
-0.449400
-0.480225
-0.510923
-0.541488
-0.571916
-0.614326
-0.650006
-0.680248
-0.710332
-0.740251
-0.769997
-0.799562
-0.828938
-0.858115
-0.887084
-0.915834
-0.944354
-0.972633
-1.000659
-1.028418
-1.055898
-1.083083
-1.109958
-1.136508
-1.162715
-1.188560
-1.214025
-1.239090
-1.263733
-1.287933
-1.311664
-1.334903
-1.357623
-1.379798
-1.401399
-1.422396
-1.442759
-1.462455
-1.481452
-1.499716
-1.517213
-1.533906
-1.549762
-1.564743
-1.578815
-1.591941
-1.604087
-1.615220
-1.625308
-1.634320
-1.642228
-1.649006
-1.654633
-1.659090
-1.662360
-1.637203
-1.630370
-1.630041
-1.628545
-1.625888
-1.622078
-1.617127
-1.611051
-1.603870
-1.595605
-1.586281
-1.575925
-1.564565
-1.552232
-1.538958
-1.524774
-1.509714
-1.493812
-1.477101
-1.459614
-1.441384
-1.422443
-1.402823
-1.382555
-1.361669
-1.340194
-1.318156
-1.295585
-1.272505
-1.248940
-1.224915
-1.200452
-1.175572
-1.150295
-1.124641
-1.098629
-1.072276
-1.045597
-1.018610
-0.991328
-0.963766
-0.935937
-0.907854
-0.879528
-0.850972
-0.822195
-0.793207
-0.764018
-0.734638
-0.705075
-0.675336
-0.645430
-0.615364
-0.585145
-0.554779
-0.524272
-0.493631
-0.462861
-0.431967
-0.400955
-0.369828
-0.338593
-0.307252
-0.275810
-0.244271
-0.212639
-0.180918
-0.149109
-0.117218
-0.085247
-0.040470
-0.022813
0.007303
0.039162
0.071098
0.103107
0.135187
0.167336
0.199552
0.231831
0.264173
0.296575
0.329034
0.361551
0.394121
0.426745
0.459419
0.492143
0.524916
0.557734
0.590598
0.623506
0.656456
0.689448
0.722479
0.755549
0.788658
0.821803
0.854983
0.888199
0.921448
0.954730
0.988044
1.021389
1.054764
1.088168
1.121601
1.155063
1.188551
1.222065
1.255606
1.289172
1.322762
1.356376
1.390013
1.423673
1.457355
1.491059
1.524784
1.558530
1.592296
1.626081
1.659886
1.693709
1.727551
1.761410
1.786701
1.338784
1.302391
1.266000
1.229611
1.192910
1.153415
1.172703
1.207848
1.244307
1.280767
1.282422
1.258586
1.231698
1.230530
1.229827
1.255210
1.262077
1.225828
1.190008
1.153623
1.117718
1.097641
1.135827
1.141314
1.165912
1.181681
1.145259
1.108839
1.074690
1.040179
1.004228
0.971647
0.939566
0.907927
0.875577
0.839415
0.803263
0.767119
0.730982
0.694933
0.664644
0.630267
0.594259
0.558263
0.522282
0.491833
0.459213
0.423382
0.387569
0.358833
0.321257
0.280249
0.244658
0.217046
0.183739
0.148217
0.112721
0.077258
0.041827
0.006426
-0.026803
-0.052435
-0.086789
-0.121855
-0.156879
-0.191860
-0.226779
-0.261648
-0.296467
-0.331235
-0.365935
-0.400567
-0.428604
-0.453403
-0.487557
-0.508835
-0.528127
-0.551552
-0.584224
-0.600837
-0.592945
-0.596873
-0.628846
-0.660624
-0.692204
-0.723608
-0.750254
-0.761353
-0.770641
-0.778538
-0.792773
-0.820534
-0.824737
-0.827405
-0.839886
-0.862373
-0.861297
-0.858432
-0.869357
-0.885652
-0.879111
-0.898675
-0.919594
-0.929553
-0.919419
-0.937966
-0.955883
-0.973185
-0.989856
-1.005721
-0.992560
-0.991138
-1.004358
-1.016794
-1.028231
-1.038901
-1.048792
-1.057892
-1.065881
-1.072994
-1.079268
-1.084696
-1.089073
-1.061702
-1.047461
-1.048990
-1.049598
-1.049058
-1.047667
-1.045426
-1.042338
-1.038105
-1.032988
-1.027048
-1.020293
-1.012557
-1.003870
-0.994409
-0.975585
-0.929841
-0.916360
-0.934534
-0.964153
-0.983173
-0.968713
-0.953535
-0.937704
-0.921234
-0.904014
-0.886074
-0.850353
-0.804984
-0.773521
-0.754198
-0.735000
-0.715301
-0.695114
-0.674294
-0.652993
-0.631256
-0.613487
-0.619089
-0.599647
-0.575694
-0.551380
-0.526694
-0.526490
-0.526209
-0.534478
-0.559135
-0.583320
-0.585662
-0.593586
-0.616145
-0.638215
-0.659759
-0.663812
-0.661885
-0.681591
-0.700628
-0.719157
-0.725429
-0.710472
-0.693843
-0.664606
-0.624324
-0.578330
-0.545212
-0.511959
-0.478602
-0.457846
-0.472080
-0.452598
-0.422871
-0.388575
-0.354999
-0.332221
-0.308457
-0.279239
-0.244161
-0.209032
-0.173854
-0.138639
-0.103387
-0.068099
-0.032764
0.002602
0.037998
0.073424
0.108887
0.144379
0.179898
0.216926
0.261059
0.297614
0.333096
0.368603
0.404134
0.439696
0.475280
0.510884
0.546509
0.582160
0.617831
0.653521
0.689228
0.724955
0.760703
0.796467
0.832245
0.868040
0.903854
0.939682
0.978269
1.021360
1.064724
1.108311
1.144306
1.173529
1.209270
1.245028
1.276646
1.307355
1.343240
1.379141
1.415052
1.453587
1.495143
1.524303
1.553922
1.566375
1.560657
1.555279
1.550277
1.545570
1.541162
1.537056
1.533373
1.529991
1.526910
1.524130
1.521743
1.490849
1.453362
1.416569
1.378502
1.405956
1.441629
1.477688
1.514220
1.550751
1.587136
1.623540
1.660094
1.696836
1.704861
1.686765
1.649858
1.613963
1.578467
1.565072
1.577545
1.615949
1.654726
1.693757
1.702776
1.666673
1.633432
1.597685
1.563150
1.529729
1.493405
1.457086
1.420770
1.383293
1.343134
1.306783
1.270436
1.235708
1.202966
1.166682
1.130403
1.094129
1.057860
1.021597
0.985340
0.949089
0.912843
0.876603
0.840371
0.804146
0.770017
0.738387
0.702259
0.666141
0.630032
0.595190
0.565106
0.535719
0.528702
0.536094
0.543873
0.552192
0.529330
0.497616
0.475348
0.485035
0.523634
0.527664
0.492657
0.457688
0.422765
0.387879
0.353031
0.318222
0.283470
0.248761
0.214097
0.179478
0.144919
0.110418
0.075968
0.041572
0.007238
-0.027020
-0.061217
-0.099505
-0.146306
-0.180529
-0.204953
-0.225030
-0.247848
-0.295927
-0.288147
-0.303364
-0.350582
-0.397589
-0.444321
-0.483373
-0.517776
-0.552107
-0.586334
-0.610578
-0.636655
-0.663540
-0.643536
-0.679026
-0.725980
-0.769952
-0.804346
-0.838627
-0.872816
-0.906910
-0.940902
-0.974743
-1.008460
-1.042050
-1.075508
-1.108788
-1.128305
-1.153291
-1.185491
-1.217459
-1.249114
-1.280512
-1.311637
-1.342473
-1.372869
-1.418192
-1.450557
-1.461777
-1.490472
-1.518576
-1.546141
-1.573130
-1.599442
-1.624822
-1.649428
-1.673206
-1.696102
-1.717651
-1.738045
-1.757269
-1.775250
-1.791581
-1.834639
-1.882340
-1.920926
-1.931994
-1.906372
-1.899286
-1.902784
-1.904173
-1.902653
-1.925650
-1.955150
-1.976551
-1.964494
-1.922114
-1.882036
-1.853025
-1.837812
-1.820538
-1.801878
-1.771633
-1.722262
-1.700712
-1.698620
-1.689761
-1.664328
-1.637978
-1.610821
-1.583057
-1.554730
-1.525845
-1.496334
-1.466410
-1.429045
-1.379373
-1.348977
-1.318238
-1.287201
-1.255882
-1.224250
-1.206735
-1.172775
-1.127854
-1.095306
-1.046918
-1.008647
-0.976007
-0.945931
-0.961348
-0.950431
-0.918122
-0.872653
-0.838882
-0.804982
-0.770984
-0.733487
-0.686153
-0.702964
-0.731608
-0.740920
-0.706667
-0.658370
-0.659928
-0.654052
-0.621252
-0.588302
-0.555207
-0.522001
-0.484747
-0.436370
-0.402580
-0.359259
-0.321765
-0.301341
-0.253262
-0.205028
-0.163720
-0.132753
-0.113566
-0.081690
-0.040009
0.007717
0.055592
0.089673
0.123373
0.157142
0.190978
0.224899
0.258887
0.254675
0.213406
0.200791
0.218859
0.255034
0.298163
0.332728
0.367355
0.409865
0.430596
0.412649
0.446966
0.481337
0.515754
0.550216
0.584730
0.619297
0.653904
0.688551
0.723237
0.757975
0.792749
0.827557
0.856049
0.810373
0.819600
0.849362
0.884536
0.919741
0.954978
0.990239
1.025524
1.060833
1.087360
1.071535
1.036089
0.999924
0.955665
0.918280
0.882806
0.847354
0.811926
0.784814
0.747835
0.705797
0.670469
0.635177
0.599912
0.564674
0.529464
0.494292
0.451398
0.441185
0.469091
0.504552
0.540042
0.575554
0.611088
0.646644
0.682228
0.717832
0.750426
0.779064
0.814836
0.850626
0.886431
0.920928
0.949938
0.985149
1.021103
1.057068
1.093044
1.123055
1.157283
1.193369
1.221941
1.180383
1.196855
1.230574
1.265945
1.297824
1.333678
1.324142
1.324142
