1.606058
1.572028
1.538367
1.505980
1.473042
1.439429
1.406127
1.372975
1.369385
1.373186
1.405851
1.427414
1.428151
1.429168
1.430395
1.432013
1.432958
1.398856
1.365177
1.332793
1.300410
1.268027
1.234737
1.201049
1.168545
1.136338
1.105286
1.073745
1.041367
1.008990
0.976614
0.945865
0.915505
0.885763
0.855340
0.823052
0.792383
0.763385
0.732079
0.699862
0.667652
0.635444
0.603243
0.572679
0.544665
0.514137
0.482038
0.449949
0.417864
0.385791
0.355232
0.328391
0.298935
0.267006
0.235093
0.203186
0.171301
0.139421
0.107562
0.075713
0.043880
0.016357
-0.008709
-0.039412
-0.071017
-0.102584
-0.134138
-0.165662
-0.197160
-0.228636
-0.260073
-0.291498
-0.314279
-0.338686
-0.369750
-0.404782
-0.444992
-0.479251
-0.510422
-0.532883
-0.555202
-0.585904
-0.616570
-0.647160
-0.671138
-0.689856
-0.717345
-0.747285
-0.777052
-0.806774
-0.836348
-0.865825
-0.895185
-0.914174
-0.928282
-0.955234
-0.981278
-0.992075
-1.008596
-1.035568
-1.051030
-1.058105
-1.062933
-1.067756
-1.091741
-1.115552
-1.138845
-1.150302
-1.148775
-1.162983
-1.183886
-1.179631
-1.177052
-1.195213
-1.212950
-1.229982
-1.228985
-1.215968
-1.225097
-1.237376
-1.219522
-1.200945
-1.180451
-1.190109
-1.230105
-1.223619
-1.199331
-1.203355
-1.203112
-1.174866
-1.158748
-1.161057
-1.162411
-1.163182
-1.162648
-1.161768
-1.159459
-1.156700
-1.152869
-1.148259
-1.142931
-1.136513
-1.129722
-1.121555
-1.113077
-1.103494
-1.093359
-1.082457
-1.051516
-1.009452
-0.992737
-0.977096
-0.934011
-0.899987
-0.885491
-0.885663
-0.898254
-0.888209
-0.871256
-0.853426
-0.835409
-0.816739
-0.786346
-0.741032
-0.712789
-0.693161
-0.694944
-0.696440
-0.674938
-0.653234
-0.631134
-0.608721
-0.586064
-0.562996
-0.540078
-0.538043
-0.525651
-0.479901
-0.453472
-0.449585
-0.430932
-0.405525
-0.379792
-0.353983
-0.327884
-0.301674
-0.275264
-0.248684
-0.221983
-0.195062
-0.168080
-0.140851
-0.117887
-0.107158
-0.088063
-0.060017
-0.031831
-0.003586
0.024831
0.053289
0.081893
0.110560
0.139329
0.168190
0.197113
0.214589
0.226515
0.183557
0.157360
0.174258
0.197768
0.227767
0.257840
0.287939
0.318130
0.340905
0.329522
0.330769
0.350718
0.377472
0.408260
0.439104
0.469962
0.500876
0.529034
0.550806
0.577537
0.608732
0.633733
0.656678
0.687902
0.719342
0.750811
0.782293
0.813796
0.845319
0.876853
0.902242
0.927454
0.959166
0.990885
1.022620
1.054367
1.086125
1.117899
1.149678
1.181478
1.213281
1.245100
1.276927
1.308765
1.336768
1.362890
1.360923
1.355734
1.350974
1.346383
1.342115
1.338129
1.334356
1.330978
1.327711
1.324936
1.322282
1.320008
1.317970
1.316200
1.337212
1.368350
1.399973
1.431849
1.464990
1.497599
1.529289
1.522965
1.490307
1.458045
1.428484
1.461625
1.494886
1.528482
1.530624
1.499928
1.515774
1.550277
1.554853
1.562803
1.598138
1.607271
1.575020
1.542772
1.510527
1.481348
1.452546
1.420367
1.388189
1.356016
1.323848
1.291683
1.259525
1.227368
1.195220
1.163913
1.136321
1.109012
1.082111
1.055666
1.029486
0.998446
0.966606
0.934784
0.901099
0.863220
0.831824
0.806125
0.775842
0.744088
0.712357
0.680633
0.648929
0.617237
0.585561
0.553904
0.522257
0.497284
0.479869
0.519352
0.548671
0.557282
0.543873
0.512725
0.481618
0.450522
0.419479
0.386329
0.346029
0.314183
0.292573
0.292460
0.302606
0.266637
0.226919
0.196128
0.165363
0.134645
0.110329
0.090736
0.062573
0.032268
0.002061
-0.024997
-0.042572
-0.065888
-0.095579
-0.125175
-0.154731
-0.196564
-0.237461
-0.267048
-0.290475
-0.303516
-0.316098
-0.328372
-0.364980
-0.406860
-0.448429
-0.489899
-0.531103
-0.567105
-0.597808
-0.628429
-0.659019
-0.689493
-0.719936
-0.750267
-0.775595
-0.793223
-0.818240
-0.847814
-0.877208
-0.906552
-0.935676
-0.964722
-0.993582
-1.030077
-1.073708
-1.106375
-1.135221
-1.163749
-1.192196
-1.220341
-1.248310
-1.276033
-1.303445
-1.330684
-1.340629
-1.349464
-1.374592
-1.399470
-1.423803
-1.447645
-1.471067
-1.493692
-1.516070
-1.561572
-1.602096
-1.623084
-1.643395
-1.662837
-1.681098
-1.698755
-1.714599
-1.729954
-1.743246
-1.755669
-1.766368
-1.775474
-1.783328
-1.788788
-1.793562
-1.795179
-1.796039
-1.794423
-1.791345
-1.786541
-1.779654
-1.771800
-1.761364
-1.750322
-1.737030
-1.722910
-1.707298
-1.690497
-1.672840
-1.653744
-1.634255
-1.613268
-1.591940
-1.569619
-1.536006
-1.490159
-1.460113
-1.436691
-1.412423
-1.387968
-1.362840
-1.344482
-1.337244
-1.317945
-1.290706
-1.263067
-1.235323
-1.207178
-1.178929
-1.150412
-1.121730
-1.092885
-1.063828
-1.034693
-1.005312
-0.973517
-0.930432
-0.898782
-0.884286
-0.860811
-0.831940
-0.790552
-0.751104
-0.763849
-0.767786
-0.751024
-0.728568
-0.700921
-0.673053
-0.645111
-0.616907
-0.588646
-0.560186
-0.531631
-0.502943
-0.464506
-0.420729
-0.390074
-0.361348
-0.332444
-0.303483
-0.274398
-0.245221
-0.215968
-0.186595
-0.157185
-0.127631
-0.098046
-0.068355
-0.038607
-0.008789
0.021108
0.051044
0.081079
0.111138
0.141289
0.171474
0.201722
0.232022
0.262362
0.292770
0.323197
0.353704
0.384229
0.414812
0.445428
0.476083
0.506785
0.537507
0.568288
0.599084
0.629931
0.660799
0.691704
0.722641
0.753600
0.784601
0.812979
0.772708
0.734829
0.703704
0.672602
0.641525
0.603947
0.563722
0.582399
0.606528
0.637923
0.669333
0.700765
0.732220
0.763689
0.795185
0.826689
0.858223
0.889766
0.921331
0.952910
0.984503
0.964653
0.925997
0.887661
0.860985
0.886811
0.915113
0.947036
0.975664
1.002364
1.033633
1.066081
1.103205
1.138764
1.170749
1.202741
1.234740
1.263104
1.290282
1.286626
1.275851
1.239802
1.231526
1.260417
1.291515
1.323790
1.353672
1.383277
1.413396
1.444247
1.476607
1.508969
1.541331
1.541331
1.518072
1.481496
1.445403
1.409200
1.372632
1.336064
1.300530
1.264415
1.228428
1.193432
1.156902
1.122099
1.088044
1.062932
1.066132
1.034964
0.997196
0.958563
0.922659
0.890155
0.851018
0.812970
0.777797
0.746299
0.750903
0.755903
0.739219
0.698825
0.662587
0.626357
0.590136
0.553923
0.517718
0.481524
0.449973
0.416519
0.380450
0.344394
0.308355
0.272330
0.236319
0.201373
0.172376
0.137408
0.101595
0.065802
0.030031
-0.005710
-0.041426
-0.077117
-0.110917
-0.137860
-0.172753
-0.208140
-0.239641
-0.264830
-0.288921
-0.283250
-0.271164
-0.271761
-0.306023
-0.353088
-0.390891
-0.419079
-0.444409
-0.492001
-0.527381
-0.552304
-0.576466
-0.608744
-0.625958
-0.655339
-0.678844
-0.693269
-0.706284
-0.717473
-0.741687
-0.763030
-0.774071
-0.803142
-0.831869
-0.846515
-0.850243
-0.852388
-0.852388
-0.871095
-0.882737
-0.878939
-0.873350
-0.919972
-0.952309
-0.973781
-0.991941
-0.981104
-0.994273
-1.012513
-1.030079
-1.046934
-1.062799
-1.077904
-1.077538
-1.061997
-1.074137
-1.085263
-1.095530
-1.104921
-1.113423
-1.120723
-1.127032
-1.114458
-1.097545
-1.133908
-1.131660
-1.126088
-1.133389
-1.163434
-1.206899
-1.219515
-1.225209
-1.229877
-1.233510
-1.235700
-1.236828
-1.236900
-1.235913
-1.233723
-1.230231
-1.225702
-1.220146
-1.213572
-1.205714
-1.196791
-1.186914
-1.176103
-1.164330
-1.151384
-1.114554
-1.080293
-1.065359
-1.049511
-1.032801
-0.996939
-0.957704
-0.943240
-0.959124
-0.974278
-0.988708
-0.997131
-0.983236
-0.968406
-0.931732
-0.906788
-0.919740
-0.902026
-0.883615
-0.847981
-0.813613
-0.824377
-0.803964
-0.782562
-0.760666
-0.738291
-0.715380
-0.691939
-0.668080
-0.652461
-0.655587
-0.681697
-0.686879
-0.698558
-0.716869
-0.712824
-0.734186
-0.756674
-0.767031
-0.756222
-0.725946
-0.763377
-0.796703
-0.816155
-0.835047
-0.853135
-0.881304
-0.921332
-0.959633
-0.944340
-0.927155
-0.908506
-0.888436
-0.866183
-0.831649
-0.797024
-0.762322
-0.727545
-0.692694
-0.657757
-0.622760
-0.587705
-0.552595
-0.517424
-0.482195
-0.446920
-0.411602
-0.376243
-0.340830
-0.305380
-0.269894
-0.234375
-0.198820
-0.163227
-0.127604
-0.091955
-0.056278
-0.020570
0.015165
0.050923
0.086703
0.122505
0.158335
0.194183
0.230050
0.265936
0.301841
0.337766
0.373707
0.409663
0.445633
0.481623
0.517626
0.553643
0.589672
0.625715
0.667793
0.705914
0.741901
0.777901
0.813916
0.849944
0.885983
0.922033
0.958094
0.994169
1.030254
1.066348
1.102451
1.138565
1.180049
1.218354
1.254421
1.290497
1.326585
1.367530
1.384619
1.387444
1.417977
1.449067
1.455495
1.435988
1.405455
1.438041
1.471084
1.506149
1.541743
1.575496
1.611986
1.646736
1.681143
1.701462
1.664921
1.628380
1.590865
1.552969
1.515427
1.478858
1.441742
1.424568
1.424463
1.424686
1.425350
1.452378
1.489088
1.524731
1.561301
1.534268
1.521218
1.510848
1.480191
1.519095
1.529979
1.551225
1.574716
1.541982
1.544137
1.524222
1.488880
1.448514
1.412207
1.379908
1.345719
1.309488
1.273263
1.237046
1.200837
1.164634
1.128439
1.092252
1.056074
1.019905
0.983743
0.947590
0.911448
0.880119
0.846915
0.810888
0.774873
0.738875
0.702889
0.666916
0.630957
0.595014
0.559088
0.527482
0.510216
0.519318
0.563315
0.547133
0.511611
0.478006
0.451830
0.426490
0.447268
0.466858
0.441952
0.407219
0.372537
0.337901
0.306637
0.284520
0.331023
0.320078
0.285981
0.249778
0.202400
0.178847
0.150287
0.116546
0.082878
0.049310
0.015830
-0.017566
-0.050875
-0.084087
-0.117175
-0.150161
-0.183044
-0.215820
-0.248458
-0.280957
-0.285911
-0.288617
-0.337233
-0.370197
-0.414837
-0.456362
-0.489307
-0.522114
-0.509590
-0.533764
-0.576835
-0.610171
-0.643354
-0.676397
-0.717665
-0.762528
-0.795553
-0.828383
-0.861055
-0.893561
-0.925894
-0.958006
-0.989876
-1.021529
-1.058853
-1.108301
-1.139725
-1.170870
-1.201731
-1.227874
-1.236611
-1.264169
-1.292781
-1.320951
-1.348651
-1.375715
-1.423056
-1.460883
-1.486945
-1.512331
-1.508706
-1.523575
-1.545263
-1.566004
-1.585571
-1.603773
-1.620778
-1.636525
-1.650951
-1.663538
-1.674500
-1.683897
-1.691681
-1.697692
-1.701445
-1.703450
-1.703698
-1.702186
-1.698548
-1.692905
-1.685588
-1.676638
-1.666100
-1.653513
-1.639484
-1.609078
-1.566113
-1.548957
-1.530424
-1.510872
-1.490351
-1.468913
-1.446398
-1.423023
-1.398925
-1.374142
-1.348694
-1.322458
-1.295687
-1.278130
-1.266848
-1.215451
-1.164025
-1.126026
-1.097180
-1.067979
-1.038343
-1.008391
-0.978154
-0.947646
-0.916858
-0.885767
-0.854457
-0.822938
-0.791219
-0.759268
-0.727120
-0.703783
-0.683115
-0.650108
-0.616925
-0.583623
-0.550207
-0.516681
-0.483037
-0.436598
-0.405960
-0.376884
-0.331198
-0.316839
-0.301944
-0.277671
-0.240905
-0.192405
-0.143731
-0.139233
-0.136104
-0.103444
-0.070653
-0.024125
0.015622
0.048450
0.081374
0.114425
0.147567
0.180794
0.214104
0.247503
0.280999
0.314567
0.348207
0.381915
0.415708
0.449570
0.483494
0.517477
0.551520
0.585637
0.619806
0.654028
0.688299
0.722628
0.757012
0.791441
0.825914
0.860430
0.895000
0.929611
0.941790
0.937748
0.961693
0.995974
1.024350
1.026390
0.991203
0.956050
0.920930
0.885840
0.850779
0.815750
0.780765
0.745814
0.706088
0.662183
0.627185
0.582765
0.580705
0.609303
0.644603
0.679938
0.722770
0.757991
0.786104
0.821544
0.857014
0.892506
0.928021
0.962512
0.989792
1.024222
1.059932
1.095659
1.131401
1.167165
1.202944
1.238738
1.273190
1.301884
1.337189
1.368972
1.400780
1.436819
1.472871
1.445841
1.442365
1.454672
1.413341
1.376986
1.337369
1.327339
1.359967
1.396320
1.365928
1.369301
1.403417
1.439862
1.476311
1.510601
1.508766
1.469945
1.431428
1.393288
1.379558
1.392602
1.428573
1.465150
1.501726
1.497720
1.497720
