1.400577
1.360796
1.321164
1.281834
1.242814
1.203958
1.165589
1.127392
1.089555
1.052069
1.014781
1.048341
1.073968
1.074262
1.074920
1.075800
1.077237
1.078865
1.080917
1.061441
1.027784
0.994772
0.971323
0.975245
0.955697
0.919535
0.887643
0.855057
0.818993
0.782936
0.746883
0.710843
0.674807
0.638781
0.602763
0.566752
0.530754
0.495993
0.465999
0.432883
0.397036
0.361209
0.325389
0.289588
0.253801
0.218026
0.188485
0.158873
0.123310
0.087766
0.052240
0.016747
-0.018732
-0.054176
-0.089598
-0.124996
-0.160355
-0.195698
-0.230996
-0.266268
-0.301510
-0.328840
-0.355225
-0.390088
-0.424914
-0.459694
-0.494405
-0.529086
-0.563680
-0.598229
-0.632718
-0.667122
-0.700391
-0.721611
-0.742048
-0.761364
-0.790888
-0.822916
-0.839552
-0.862321
-0.894515
-0.926509
-0.957483
-0.970269
-0.982135
-0.992479
-1.016437
-1.046095
-1.075304
-1.096003
-1.101536
-1.105176
-1.107546
-1.082147
-1.074122
-1.099521
-1.106054
-1.103276
-1.126369
-1.139718
-1.132637
-1.143665
-1.164351
-1.153533
-1.151114
-1.169099
-1.165609
-1.149763
-1.163716
-1.178481
-1.192379
-1.205488
-1.218108
-1.196493
-1.181909
-1.191426
-1.200112
-1.208244
-1.215056
-1.212175
-1.181287
-1.170505
-1.174127
-1.176437
-1.178272
-1.179000
-1.178905
-1.178177
-1.176153
-1.173655
-1.170032
-1.165629
-1.160582
-1.154307
-1.147579
-1.139757
-1.131225
-1.122064
-1.111788
-1.101093
-1.089374
-1.094328
-1.115107
-1.106153
-1.091369
-1.075637
-1.059367
-1.042550
-1.024883
-1.006887
-0.988060
-0.968791
-0.949038
-0.928582
-0.907846
-0.886395
-0.864586
-0.842358
-0.797317
-0.749408
-0.726321
-0.702945
-0.679205
-0.654989
-0.633139
-0.634211
-0.623744
-0.597734
-0.571345
-0.544793
-0.517805
-0.490636
-0.463204
-0.435463
-0.407588
-0.379344
-0.350955
-0.322341
-0.293476
-0.264499
-0.235209
-0.205804
-0.176205
-0.146402
-0.116504
-0.086340
-0.056083
-0.025660
0.004931
0.035602
0.066501
0.103923
0.154059
0.191426
0.222409
0.272384
0.316348
0.347408
0.378594
0.409848
0.441282
0.472774
0.504388
0.536107
0.567888
0.599821
0.636775
0.686186
0.735660
0.785172
0.805028
0.831624
0.881431
0.890612
0.872381
0.854584
0.836943
0.819662
0.821509
0.837225
0.868286
0.897293
0.914494
0.940633
0.973729
0.993930
1.015775
1.049289
1.075400
1.095329
1.116116
1.139676
1.173828
1.201631
1.223746
1.217034
1.211881
1.235584
1.259733
1.284312
1.280138
1.276312
1.302395
1.328878
1.355773
1.383312
1.405821
1.398525
1.391476
1.384700
1.378346
1.376862
1.407148
1.421223
1.416112
1.439819
1.467374
1.463382
1.459623
1.456158
1.480994
1.507707
1.471392
1.434046
1.395294
1.384208
1.379502
1.341749
1.333755
1.369335
1.405522
1.441914
1.478058
1.514407
1.551079
1.562054
1.562857
1.564156
1.565648
1.567466
1.544276
1.510310
1.476930
1.456580
1.460045
1.439238
1.407077
1.375577
1.342539
1.306467
1.270401
1.234338
1.203669
1.171347
1.135392
1.099447
1.063508
1.027583
0.991664
0.955755
0.919858
0.883967
0.848093
0.812225
0.776371
0.740528
0.704694
0.668879
0.633071
0.597279
0.561501
0.525733
0.496754
0.486268
0.529739
0.553044
0.561554
0.530441
0.497347
0.471576
0.485421
0.530467
0.514162
0.487782
0.453135
0.424941
0.402199
0.410077
0.422672
0.435766
0.424254
0.390447
0.345148
0.300270
0.266412
0.232606
0.198852
0.177201
0.155676
0.122435
0.089260
0.056153
0.023163
-0.009779
-0.042592
-0.075328
-0.107980
-0.140494
-0.175073
-0.224012
-0.265459
-0.297934
-0.330258
-0.364395
-0.413527
-0.455276
-0.487540
-0.532725
-0.580306
-0.612549
-0.651906
-0.701074
-0.737569
-0.771068
-0.820258
-0.855456
-0.869917
-0.896739
-0.928103
-0.959156
-0.990069
-1.020759
-1.051168
-1.081445
-1.111306
-1.140990
-1.170374
-1.199392
-1.228237
-1.256518
-1.284575
-1.312218
-1.339384
-1.366318
-1.392481
-1.418357
-1.443660
-1.468336
-1.492690
-1.516008
-1.538948
-1.561097
-1.582427
-1.603302
-1.622819
-1.641839
-1.659785
-1.676686
-1.692964
-1.707520
-1.721445
-1.733975
-1.745244
-1.755702
-1.764111
-1.771777
-1.777760
-1.782346
-1.785968
-1.787375
-1.787990
-1.786778
-1.784183
-1.780562
-1.774812
-1.768306
-1.760036
-1.750548
-1.740090
-1.727801
-1.714861
-1.700389
-1.684943
-1.668665
-1.650942
-1.632699
-1.613222
-1.593016
-1.572140
-1.550183
-1.527829
-1.504524
-1.480689
-1.456335
-1.431191
-1.401713
-1.350219
-1.311073
-1.284936
-1.258202
-1.231237
-1.203699
-1.175875
-1.147728
-1.119139
-1.090374
-1.061165
-1.031746
-1.002074
-0.972071
-0.941933
-0.911448
-0.872326
-0.821975
-0.786646
-0.754236
-0.703969
-0.661834
-0.631049
-0.585807
-0.537814
-0.517972
-0.493887
-0.463438
-0.446563
-0.433689
-0.402256
-0.363801
-0.314015
-0.277214
-0.245706
-0.213982
-0.182183
-0.150252
-0.118184
-0.086053
-0.053742
-0.015594
0.033497
0.071264
0.103589
0.136078
0.163440
0.180415
0.176327
0.161289
0.180047
0.208175
0.255774
0.294406
0.328005
0.375216
0.403278
0.384650
0.398311
0.431495
0.464792
0.498125
0.531538
0.565016
0.598536
0.632150
0.665795
0.699511
0.733281
0.767088
0.800975
0.834889
0.868866
0.902887
0.936942
0.971065
1.005211
1.039413
1.073653
1.107924
1.071107
1.039193
1.062221
1.085747
1.109705
1.082865
1.048023
1.013221
0.978447
0.943698
0.908996
0.874313
0.839677
0.805072
0.770498
0.735976
0.701476
0.667033
0.632624
0.598251
0.554177
0.507889
0.461832
0.448405
0.472271
0.504904
0.539815
0.574774
0.605439
0.630841
0.663875
0.690811
0.646598
0.633215
0.660385
0.693927
0.728853
0.757118
0.788481
0.824222
0.859979
0.895744
0.931528
0.950569
0.944190
0.964327
0.994844
1.030859
1.066880
1.102907
1.138944
1.174984
1.211036
1.247091
1.283153
1.319223
1.355296
1.391378
1.413435
1.408852
1.408852
1.635319
1.603438
1.571558
1.538879
1.506192
1.493013
1.492727
1.492700
1.492932
1.493423
1.497633
1.530217
1.531498
1.504035
1.499836
1.501905
1.484729
1.455543
1.425381
1.394602
1.365285
1.333554
1.301893
1.273674
1.245800
1.211648
1.181728
1.151553
1.119919
1.088290
1.056666
1.026054
0.998322
0.966759
0.935204
0.903655
0.872113
0.840578
0.809050
0.780265
0.751678
0.720230
0.688792
0.657362
0.625943
0.594534
0.563136
0.536725
0.506936
0.475643
0.444363
0.413097
0.381845
0.350608
0.319387
0.288181
0.256992
0.225821
0.194667
0.163532
0.132416
0.105418
0.078444
0.044790
0.010129
-0.014336
-0.045211
-0.076058
-0.098694
-0.128167
-0.151756
-0.179113
-0.203896
-0.228813
-0.255050
-0.274155
-0.292475
-0.309991
-0.326652
-0.342403
-0.357286
-0.382600
-0.410999
-0.430621
-0.443190
-0.454804
-0.458093
-0.445714
-0.456201
-0.482564
-0.490598
-0.497199
-0.518256
-0.529572
-0.533667
-0.547036
-0.570807
-0.594330
-0.617596
-0.640594
-0.663309
-0.685707
-0.687063
-0.684728
-0.698176
-0.733176
-0.765964
-0.795846
-0.833318
-0.852938
-0.869664
-0.862367
-0.880217
-0.897706
-0.914720
-0.931241
-0.947254
-0.962742
-0.977688
-0.992076
-1.005888
-1.019107
-1.031717
-1.043635
-1.027656
-1.056749
-1.075433
-1.103382
-1.127050
-1.135065
-1.142329
-1.155534
-1.185503
-1.159492
-1.163559
-1.137685
-1.134259
-1.135835
-1.136615
-1.136598
-1.135782
-1.134171
-1.131765
-1.128571
-1.125495
-1.157083
-1.183939
-1.183577
-1.176947
-1.169532
-1.145123
-1.105723
-1.076006
-1.066124
-1.055563
-1.044338
-1.032421
-1.019852
-1.030730
-1.024284
-1.009610
-0.994370
-0.990572
-1.001183
-1.014863
-1.038564
-1.046771
-1.072240
-1.097414
-1.104946
-1.123984
-1.147765
-1.171181
-1.194211
-1.216833
-1.233056
-1.234600
-1.255368
-1.275594
-1.295240
-1.314307
-1.312695
-1.292223
-1.265215
-1.237962
-1.210479
-1.182782
-1.154885
-1.126800
-1.098534
-1.070095
-1.041503
-1.012769
-0.983901
-0.954906
-0.925793
-0.896567
-0.867236
-0.837804
-0.808278
-0.778660
-0.748951
-0.719163
-0.689299
-0.659364
-0.629361
-0.599293
-0.569164
-0.538976
-0.508733
-0.478436
-0.448088
-0.417687
-0.387240
-0.356749
-0.326217
-0.295644
-0.265032
-0.234384
-0.203701
-0.172983
-0.142233
-0.111452
-0.080637
-0.049794
-0.018923
0.011974
0.042896
0.073844
0.104815
0.135808
0.166824
0.197861
0.228919
0.259998
0.291097
0.322214
0.353348
0.384500
0.415668
0.446853
0.478053
0.509268
0.540497
0.571741
0.603000
0.634272
0.665556
0.696854
0.728163
0.759484
0.790817
0.822160
0.853514
0.885587
0.922613
0.948100
0.979034
1.010438
1.041852
1.073274
1.104705
1.138490
1.173618
1.205020
1.236431
1.267851
1.299279
1.325831
1.356436
1.361236
1.356514
1.352055
1.361671
1.378742
1.375110
1.371742
1.368638
1.365817
1.363274
1.360996
1.358986
1.377758
1.373430
1.354559
1.342563
1.325792
1.357307
1.386038
1.353991
1.322227
1.345050
1.377056
1.408950
1.440604
1.457940
1.469836
1.502263
1.529268
1.528399
1.497812
1.498104
1.499929
1.477770
1.490473
1.506947
1.493637
1.461868
1.430101
1.398858
1.372409
1.375818
1.348810
1.321169
1.290472
1.258858
1.227249
1.195645
1.164047
1.132454
1.100866
1.069284
1.037708
1.006138
0.974575
0.943017
0.911467
0.879923
0.848386
0.816856
0.786799
0.759466
0.728016
0.696575
0.670737
0.639998
0.608653
0.573270
0.539520
0.508141
0.479165
0.454032
0.429390
0.408262
0.415624
0.423360
0.396371
0.365503
0.340554
0.318503
0.292296
0.265592
0.241730
0.213459
0.192220
0.162068
0.131963
0.111855
0.084045
0.062503
0.044820
0.021302
-0.008024
-0.037285
-0.066477
-0.095598
-0.124645
-0.153609
-0.182491
-0.211290
-0.240002
-0.268625
-0.297154
-0.331711
-0.369908
-0.395001
-0.410257
-0.438258
-0.466130
-0.493873
-0.521484
-0.548959
-0.576291
-0.603473
-0.630499
-0.657362
-0.684055
-0.710569
-0.737556
-0.781920
-0.809275
-0.835295
-0.861094
-0.874113
-0.890241
-0.914945
-0.939373
-0.962741
-0.986972
-1.030965
-1.055300
-1.079300
-1.102960
-1.126264
-1.149190
-1.171720
-1.193830
-1.215498
-1.236700
-1.257410
-1.277602
-1.297220
-1.316223
-1.334612
-1.352357
-1.369424
-1.385781
-1.401393
-1.416226
-1.430245
-1.443414
-1.455699
-1.467028
-1.477332
-1.486644
-1.494934
-1.502176
-1.508344
-1.513416
-1.517374
-1.520204
-1.521893
-1.522436
-1.521798
-1.519920
-1.516903
-1.512759
-1.507504
-1.501158
-1.493742
-1.485282
-1.475807
-1.465345
-1.453930
-1.441579
-1.428264
-1.414107
-1.399142
-1.383404
-1.366927
-1.349746
-1.331894
-1.313404
-1.294306
-1.274631
-1.254405
-1.233610
-1.212328
-1.190584
-1.168403
-1.145806
-1.122816
-1.099453
-1.075737
-1.051685
-1.027315
-1.002643
-0.977657
-0.952402
-0.926891
-0.901139
-0.875156
-0.848954
-0.822545
-0.795937
-0.769141
-0.742165
-0.715018
-0.687694
-0.660213
-0.632586
-0.604818
-0.576917
-0.548887
-0.520735
-0.492466
-0.464085
-0.435597
-0.407007
-0.378309
-0.349516
-0.320633
-0.291665
-0.262613
-0.233482
-0.204275
-0.174995
-0.142768
-0.102535
-0.073224
-0.043842
-0.025565
0.002096
0.031824
0.061605
0.091439
0.126229
0.157331
0.173257
0.202942
0.232679
0.262469
0.292309
0.322196
0.352126
0.382101
0.412117
0.442174
0.472270
0.502404
0.532576
0.562783
0.593027
0.623307
0.653619
0.683963
0.708117
0.734364
0.769147
0.805638
0.836128
0.866644
0.897186
0.927755
0.958350
0.988968
1.019610
1.050274
1.080960
1.111668
1.142396
1.173145
1.203914
1.234702
1.265510
1.296337
1.327182
1.358045
1.388924
1.419820
1.432324
1.424691
1.417307
1.415756
1.437566
1.431002
1.424712
1.391027
1.378397
1.351320
1.351334
1.380135
1.409776
1.436575
1.463712
1.491525
1.523172
1.551042
1.579186
1.582478
1.601473
1.592696
1.574122
1.571840
1.579277
1.603048
1.603048
