1.701304
1.667640
1.634068
1.600801
1.582320
1.581187
1.580367
1.579687
1.550434
1.518668
1.486705
1.454829
1.423096
1.391362
1.359629
1.328100
1.296647
1.265661
1.234833
1.204373
1.173257
1.141560
1.109864
1.078168
1.046474
1.014779
0.983086
0.952256
0.922475
0.891417
0.859760
0.830421
0.800957
0.769352
0.738941
0.710556
0.680276
0.648741
0.617211
0.585684
0.554163
0.522646
0.491134
0.459627
0.428124
0.399828
0.372593
0.341275
0.309884
0.278504
0.247131
0.215767
0.184413
0.153065
0.126650
0.100072
0.068887
0.037710
0.006551
-0.024593
-0.055724
-0.086832
-0.117932
-0.149001
-0.180061
-0.211096
-0.242112
-0.273110
-0.298518
-0.321987
-0.352493
-0.383186
-0.413833
-0.444452
-0.475034
-0.499410
-0.520625
-0.549819
-0.578635
-0.597886
-0.620790
-0.650394
-0.672669
-0.689699
-0.716383
-0.744673
-0.759195
-0.777405
-0.805436
-0.825254
-0.836959
-0.859835
-0.886777
-0.896017
-0.907873
-0.933482
-0.950406
-0.955499
-0.972946
-0.996946
-1.000908
-1.004586
-1.026685
-1.040259
-1.037545
-1.047806
-1.067711
-1.086918
-1.105025
-1.096501
-1.094560
-1.110989
-1.112938
-1.100049
-1.065572
-1.022863
-1.034435
-1.053766
-1.095899
-1.125723
-1.138132
-1.149724
-1.160863
-1.144212
-1.126555
-1.134593
-1.142166
-1.148813
-1.154652
-1.159868
-1.163919
-1.167633
-1.169893
-1.171770
-1.172525
-1.187910
-1.218851
-1.225982
-1.223609
-1.190095
-1.160028
-1.154812
-1.149017
-1.142370
-1.134839
-1.126801
-1.117602
-1.108098
-1.097427
-1.086356
-1.074452
-1.061897
-1.048820
-1.034870
-1.020665
-1.005425
-0.989943
-0.973714
-0.957044
-0.939886
-0.922114
-0.904086
-0.885296
-0.866327
-0.846723
-0.826839
-0.806526
-0.785799
-0.764824
-0.743321
-0.721681
-0.699515
-0.677181
-0.654481
-0.631510
-0.608312
-0.584755
-0.561092
-0.536999
-0.512811
-0.488317
-0.463647
-0.438777
-0.400207
-0.355662
-0.329113
-0.306836
-0.299882
-0.285515
-0.259378
-0.233077
-0.206674
-0.180060
-0.153389
-0.126502
-0.099548
-0.072442
-0.045225
-0.017913
-0.023588
-0.039290
-0.026343
-0.009842
0.018465
0.053326
0.095973
0.099566
0.085375
0.098211
0.115508
0.144506
0.168943
0.185851
0.217650
0.259075
0.290364
0.314921
0.273638
0.250117
0.268532
0.292986
0.322848
0.352766
0.382702
0.412708
0.442729
0.472802
0.498617
0.519183
0.546394
0.576764
0.599300
0.622267
0.652889
0.680643
0.703472
0.731091
0.761927
0.792789
0.823658
0.854555
0.885460
0.916386
0.947325
0.978277
1.009248
1.040226
1.071228
1.102235
1.133260
1.164295
1.195342
1.226404
1.257472
1.288559
1.318878
1.343993
1.369342
1.395109
1.402764
1.397778
1.393173
1.390221
1.417674
1.436478
1.432948
1.413562
1.378893
1.344514
1.310237
1.337764
1.361034
1.359353
1.371500
1.402018
1.433329
1.465048
1.496155
1.523445
1.523215
1.512050
1.480550
1.449329
1.418309
1.413368
1.414570
1.416225
1.426550
1.460324
1.462685
1.433634
1.402719
1.371114
1.342544
1.314212
1.286358
1.256978
1.225493
1.194013
1.162537
1.134923
1.114824
1.151029
1.164242
1.132920
1.101605
1.070297
1.034961
0.998633
0.962667
0.929104
0.902354
0.873352
0.842013
0.810685
0.779361
0.748051
0.716744
0.685451
0.656508
0.630934
0.605886
0.581133
0.550933
0.519929
0.488952
0.457984
0.427036
0.396107
0.365192
0.334304
0.303592
0.280604
0.265535
0.274027
0.268243
0.247091
0.269460
0.309462
0.283475
0.255265
0.236026
0.208169
0.167484
0.133650
0.103807
0.074037
0.044288
0.014621
-0.015013
-0.044581
-0.067322
-0.084525
-0.120821
-0.162123
-0.178505
-0.197893
-0.226681
-0.261769
-0.303894
-0.336667
-0.365479
-0.380907
-0.397585
-0.425686
-0.437291
-0.423381
-0.444463
-0.486746
-0.528838
-0.569806
-0.598677
-0.631661
-0.673680
-0.708580
-0.737487
-0.766244
-0.794955
-0.823453
-0.851896
-0.880156
-0.908296
-0.936295
-0.964092
-0.991800
-1.019210
-1.046540
-1.073564
-1.100434
-1.127055
-1.153399
-1.179568
-1.205309
-1.230928
-1.256017
-1.280910
-1.305354
-1.327500
-1.347638
-1.386407
-1.430938
-1.435071
-1.443219
-1.466146
-1.488608
-1.510514
-1.531618
-1.552353
-1.571863
-1.591038
-1.608906
-1.626125
-1.642260
-1.657215
-1.671397
-1.683764
-1.695616
-1.705229
-1.714081
-1.721107
-1.726695
-1.730978
-1.733116
-1.734555
-1.733160
-1.731109
-1.726826
-1.721323
-1.714297
-1.705524
-1.695911
-1.684132
-1.671832
-1.657650
-1.642755
-1.626621
-1.609454
-1.591586
-1.572458
-1.552989
-1.532254
-1.511185
-1.489280
-1.466849
-1.443923
-1.420331
-1.396513
-1.371936
-1.347199
-1.321921
-1.296382
-1.270506
-1.244281
-1.217879
-1.191063
-1.164147
-1.136873
-1.109470
-1.081832
-1.054005
-1.026044
-0.997848
-0.968934
-0.926237
-0.887525
-0.859264
-0.823701
-0.781014
-0.748940
-0.720669
-0.692188
-0.663659
-0.634971
-0.600495
-0.558232
-0.524894
-0.496226
-0.467405
-0.437021
-0.394927
-0.352760
-0.310458
-0.284368
-0.270177
-0.244605
-0.216301
-0.187837
-0.159330
-0.130710
-0.102017
-0.073251
-0.044386
-0.015484
0.013539
0.042591
0.071739
0.100934
0.130194
0.159522
0.188887
0.218338
0.247811
0.277368
0.306954
0.336597
0.366288
0.396014
0.425802
0.455608
0.485486
0.515381
0.545328
0.575307
0.605319
0.635377
0.665452
0.695583
0.724048
0.744806
0.769499
0.799902
0.830333
0.860782
0.899053
0.932606
0.911885
0.907873
0.938059
0.968273
0.998509
0.973610
0.935037
0.956601
0.980403
1.010975
1.041565
1.072174
1.102808
1.133453
1.164130
1.193515
1.216530
1.218073
1.187244
1.151745
1.113490
1.075482
1.043073
1.067603
1.094238
1.125365
1.153325
1.178684
1.208635
1.239940
1.276820
1.312340
1.343538
1.374744
1.405958
1.433428
1.459289
1.427380
1.401171
1.428096
1.456787
1.488242
1.478241
1.442792
1.461284
1.489363
1.517956
1.546715
1.575845
1.606338
1.637992
1.637992
1.684741
1.650196
1.614405
1.576314
1.538493
1.504571
1.536587
1.541550
1.506889
1.472229
1.437328
1.400442
1.363758
1.327312
1.347599
1.381275
1.416005
1.415013
1.380283
1.344900
1.309521
1.274526
1.239821
1.205336
1.171343
1.137544
1.104151
1.069940
1.035234
1.002407
0.969011
0.934338
0.901398
0.869212
0.834586
0.801187
0.769790
0.789379
0.821656
0.787150
0.750967
0.712600
0.680320
0.649171
0.614691
0.580215
0.545744
0.511282
0.476823
0.442373
0.407929
0.373490
0.339061
0.305903
0.276642
0.244373
0.210074
0.175792
0.141518
0.107256
0.077121
0.049175
0.015092
-0.018981
-0.053036
-0.081779
-0.108724
-0.142544
-0.172825
-0.197983
-0.229503
-0.263025
-0.296495
-0.329936
-0.363343
-0.388298
-0.412979
-0.445985
-0.478943
-0.511857
-0.544685
-0.577477
-0.610185
-0.635604
-0.655557
-0.686734
-0.714897
-0.732602
-0.749147
-0.764999
-0.749359
-0.748318
-0.778613
-0.808728
-0.838164
-0.849291
-0.859598
-0.868583
-0.875955
-0.884477
-0.911494
-0.928230
-0.931730
-0.933392
-0.934234
-0.933064
-0.943794
-0.966838
-0.966439
-0.961215
-0.954102
-0.945737
-0.936330
-0.924919
-0.920379
-0.937300
-0.953673
-0.969682
-0.954669
-0.947221
-0.960835
-0.973779
-0.986552
-1.030980
-1.051517
-1.029051
-1.029092
-1.038319
-1.046450
-1.068135
-1.109210
-1.123470
-1.129247
-1.133881
-1.137906
-1.141231
-1.143474
-1.139393
-1.105317
-1.088626
-1.087983
-1.086221
-1.076313
-1.038571
-1.020029
-1.015720
-0.978619
-0.948103
-0.941630
-0.913201
-0.871798
-0.862713
-0.853942
-0.844471
-0.856775
-0.878018
-0.866191
-0.853986
-0.841180
-0.827678
-0.813846
-0.799184
-0.797666
-0.812874
-0.778753
-0.735910
-0.718729
-0.701169
-0.683219
-0.664648
-0.645826
-0.626440
-0.606688
-0.586634
-0.566007
-0.545164
-0.523867
-0.502223
-0.480350
-0.457954
-0.435374
-0.412432
-0.372324
-0.323259
-0.274190
-0.243384
-0.245049
-0.228199
-0.203814
-0.179045
-0.154114
-0.128956
-0.121243
-0.118684
-0.114735
-0.089717
-0.040803
-0.009935
0.020735
0.069596
0.107095
0.134225
0.161596
0.189060
0.216728
0.244541
0.272459
0.300599
0.315280
0.295311
0.293953
0.303457
0.332334
0.355556
0.366846
0.390883
0.420768
0.450814
0.480921
0.511126
0.529213
0.543147
0.558121
0.573591
0.589684
0.606643
0.628013
0.673919
0.705870
0.723707
0.753570
0.785598
0.817694
0.849837
0.882016
0.914267
0.935128
0.922563
0.910294
0.898218
0.918085
0.939660
0.961854
0.984623
1.007805
1.041149
1.074510
1.107896
1.141312
1.174147
1.198580
1.226850
1.260479
1.294133
1.318704
1.276617
1.250626
1.242682
1.263117
1.277895
1.236934
1.232083
1.259810
1.288139
1.300991
1.261321
1.241830
1.236953
1.232545
1.238091
1.268785
1.277913
1.274607
1.271799
1.280863
1.313253
1.322129
1.319000
1.283013
1.260812
1.260046
1.285469
1.316729
1.316981
1.317457
1.318212
1.319368
1.315547
1.282623
1.248819
1.214136
1.177888
1.141735
1.107027
1.072320
1.037614
1.004654
0.980941
0.983417
1.007275
1.044886
1.082920
1.099624
1.069126
1.035995
1.001524
0.967061
0.934355
0.904696
0.871662
0.837676
0.808846
0.777741
0.743494
0.709260
0.675032
0.640820
0.606617
0.572423
0.538247
0.505273
0.477872
0.468849
0.476216
0.513828
0.538092
0.504331
0.475679
0.450684
0.426595
0.421800
0.465082
0.466461
0.443976
0.422513
0.397254
0.364602
0.340644
0.323363
0.368559
0.388651
0.370177
0.331425
0.287094
0.255177
0.223310
0.191504
0.171528
0.152350
0.121061
0.089843
0.058695
0.027673
-0.003295
-0.034139
-0.064890
-0.095567
-0.126084
-0.156537
-0.186851
-0.217043
-0.247157
-0.277068
-0.306900
-0.336578
-0.366095
-0.395528
-0.424710
-0.453790
-0.482698
-0.511396
-0.539989
-0.568293
-0.605134
-0.653627
-0.686328
-0.714379
-0.742110
-0.766556
-0.787401
-0.831180
-0.879694
-0.928161
-0.965830
-0.993979
-1.040151
-1.083866
-1.111737
-1.139325
-1.166712
-1.188377
-1.217544
-1.266156
-1.301386
-1.329089
-1.356221
-1.383130
-1.409620
-1.435617
-1.460219
-1.460219
-1.449980
-1.424200
-1.434487
-1.456787
-1.478173
-1.499057
-1.519330
-1.538628
-1.557482
-1.575215
-1.592221
-1.608516
-1.623480
-1.641751
-1.673413
-1.713054
-1.758965
-1.744670
-1.732442
-1.742421
-1.751117
-1.759008
-1.764792
-1.769786
-1.773241
-1.751931
-1.718321
-1.683577
-1.661359
-1.660338
-1.657848
-1.654647
-1.649595
-1.661245
-1.695428
-1.723422
-1.744987
-1.735008
-1.724080
-1.712125
-1.698628
-1.684504
-1.668972
-1.652589
-1.635466
-1.617048
-1.598147
-1.578228
-1.557593
-1.536458
-1.514286
-1.484244
-1.435225
-1.400689
-1.374200
-1.351633
-1.328792
-1.305386
-1.281430
-1.257199
-1.232280
-1.216209
-1.213406
-1.192529
-1.165617
-1.138229
-1.110622
-1.082752
-1.054524
-1.026147
-0.997430
-0.958791
-0.910566
-0.878954
-0.849975
-0.820733
-0.791316
-0.761764
-0.731951
-0.706491
-0.693131
-0.658955
-0.611865
-0.593844
-0.572577
-0.542412
-0.512094
-0.481696
-0.451091
-0.414335
-0.367297
-0.320157
-0.272968
-0.225662
-0.191149
-0.173694
-0.132673
-0.087350
-0.057524
-0.027602
0.002423
0.032603
0.065998
0.113351
0.151518
0.181771
0.212173
0.246619
0.293812
0.321443
0.335560
0.365477
0.396391
0.427401
0.458494
0.489634
0.520896
0.552200
0.583580
0.615038
0.646536
0.678134
0.704189
0.722025
0.750552
0.782572
0.814668
0.846803
0.878982
0.901066
0.922811
0.955332
0.965136
0.953241
0.941770
0.937567
0.959762
0.988152
1.021300
1.054492
1.076104
1.066170
1.077330
1.101418
1.134709
1.143757
1.101393
1.104797
1.130524
1.164365
1.198216
1.232083
1.271674
1.313419
1.355418
1.390360
1.416001
1.448075
1.481936
1.515818
1.549712
1.583617
1.617541
1.643710
1.636494
1.611098
1.570215
1.590555
1.610176
1.604312
1.598720
1.593313
1.620900
1.650555
1.680624
1.680624
