1.667481
1.630561
1.593641
1.556723
1.518188
1.490491
1.489152
1.488202
1.493413
1.530123
1.523340
1.487547
1.488351
1.489399
1.490738
1.492551
1.481378
1.442562
1.405158
1.368217
1.331277
1.294337
1.257497
1.222578
1.187972
1.153702
1.120050
1.085349
1.048547
1.011748
0.974952
0.938161
0.901374
0.864897
0.832309
0.797643
0.760946
0.724259
0.687576
0.650899
0.618385
0.584482
0.542648
0.504271
0.467632
0.431004
0.394384
0.357771
0.326663
0.293577
0.257112
0.220666
0.184230
0.147811
0.116250
0.086034
0.049823
0.013632
-0.022543
-0.058681
-0.094802
-0.130899
-0.166959
-0.200465
-0.227504
-0.260754
-0.296473
-0.332136
-0.367758
-0.403231
-0.427837
-0.436296
-0.424449
-0.453428
-0.488202
-0.522890
-0.557480
-0.589575
-0.609764
-0.638186
-0.672016
-0.705659
-0.739202
-0.772631
-0.790527
-0.795359
-0.777350
-0.811594
-0.854691
-0.867676
-0.879104
-0.887693
-0.866140
-0.844176
-0.821788
-0.868026
-0.903344
-0.908677
-0.931703
-0.953675
-0.955050
-0.954632
-0.953026
-0.948911
-0.958715
-0.981558
-0.974802
-0.977358
-0.997705
-1.017231
-1.028327
-1.013966
-1.020509
-1.040588
-1.089732
-1.138671
-1.187436
-1.168542
-1.142066
-1.107226
-1.081478
-1.066552
-1.076217
-1.110252
-1.149708
-1.156806
-1.163036
-1.168598
-1.172597
-1.160048
-1.125510
-1.121386
-1.121704
-1.120934
-1.145782
-1.174247
-1.170252
-1.165334
-1.158952
-1.115686
-1.072008
-1.027833
-1.054608
-1.087300
-1.113073
-1.137051
-1.153747
-1.140423
-1.105529
-1.060146
-1.078011
-1.094582
-1.109742
-1.093887
-1.085060
-1.095601
-1.081172
-1.059274
-1.036626
-1.013415
-0.989827
-0.965480
-0.940750
-0.915643
-0.865137
-0.822562
-0.796734
-0.749762
-0.703439
-0.677002
-0.650196
-0.623154
-0.595642
-0.567874
-0.539878
-0.511447
-0.491643
-0.485288
-0.459655
-0.429797
-0.399673
-0.369321
-0.338828
-0.308062
-0.266001
-0.214759
-0.223124
-0.241005
-0.270868
-0.231538
-0.187981
-0.165503
-0.162925
-0.163504
-0.134986
-0.106264
-0.078048
-0.129966
-0.168924
-0.191402
-0.187035
-0.171986
-0.141502
-0.125535
-0.114477
-0.102005
-0.077775
-0.045717
-0.013455
0.027196
0.077509
0.111673
0.144040
0.176532
0.209160
0.241863
0.274702
0.297493
0.315209
0.348650
0.382156
0.415730
0.449420
0.488502
0.537437
0.534130
0.513161
0.480016
0.500663
0.545033
0.529556
0.547811
0.598013
0.631415
0.663909
0.696499
0.729207
0.761977
0.794854
0.827819
0.859143
0.876248
0.902174
0.935675
0.969281
0.996973
1.015867
1.047392
1.077752
1.097991
1.094756
1.076920
1.029334
1.021122
1.043533
1.031935
1.035463
1.059569
1.084477
1.099386
1.089581
1.080178
1.071017
1.062331
1.053979
1.045873
1.038332
1.031052
1.024092
1.049869
1.068693
1.063003
1.085154
1.117636
1.154315
1.190999
1.227503
1.259961
1.294469
1.331237
1.331345
1.327909
1.324838
1.322196
1.312266
1.273368
1.234800
1.196455
1.158616
1.139549
1.139256
1.173971
1.211130
1.248104
1.285746
1.323680
1.362020
1.376316
1.378296
1.380774
1.364224
1.330421
1.332418
1.336256
1.340431
1.314993
1.281891
1.245269
1.212429
1.180698
1.144185
1.107680
1.071181
1.034698
1.000898
0.970911
0.935554
0.899219
0.862900
0.826598
0.790305
0.754033
0.722191
0.693847
0.702186
0.726469
0.771252
0.785290
0.781119
0.745467
0.709850
0.674253
0.638699
0.603175
0.567675
0.532228
0.496808
0.461419
0.436244
0.408668
0.373625
0.338641
0.306112
0.283958
0.262598
0.243634
0.257965
0.248843
0.214957
0.181189
0.147479
0.113858
0.080350
0.050457
0.033670
0.006518
-0.026281
-0.058908
-0.091433
-0.123861
-0.156089
-0.188221
-0.220211
-0.252007
-0.283694
-0.315186
-0.346493
-0.375524
-0.385585
-0.417811
-0.469278
-0.500237
-0.521427
-0.528972
-0.573377
-0.625240
-0.677076
-0.713178
-0.742338
-0.771091
-0.812884
-0.864931
-0.893475
-0.921586
-0.949371
-0.976628
-1.003605
-1.030105
-1.056082
-1.081736
-1.106720
-1.131202
-1.155313
-1.178507
-1.201248
-1.223431
-1.244650
-1.265368
-1.285273
-1.304227
-1.322612
-1.339868
-1.356229
-1.371951
-1.386169
-1.399601
-1.412156
-1.423125
-1.433308
-1.442274
-1.449770
-1.456429
-1.461514
-1.465323
-1.468260
-1.469286
-1.469292
-1.468265
-1.465340
-1.461542
-1.456457
-1.449808
-1.442322
-1.433357
-1.423184
-1.415303
-1.437079
-1.422163
-1.373614
-1.356315
-1.339962
-1.322706
-1.345823
-1.372735
-1.384072
-1.372959
-1.351247
-1.328486
-1.305135
-1.281293
-1.304098
-1.327497
-1.350258
-1.372021
-1.393243
-1.413526
-1.432814
-1.456028
-1.506228
-1.556216
-1.605947
-1.620300
-1.619617
-1.599388
-1.577788
-1.555554
-1.532326
-1.508172
-1.483493
-1.457868
-1.431645
-1.404989
-1.377461
-1.338616
-1.286446
-1.255647
-1.227234
-1.198362
-1.169028
-1.139441
-1.109405
-1.079061
-1.048503
-1.017518
-0.976797
-0.925685
-0.892837
-0.854764
-0.803746
-0.768089
-0.736698
-0.705043
-0.661102
-0.612739
-0.593143
-0.567618
-0.536354
-0.486560
-0.435551
-0.384478
-0.364853
-0.348162
-0.316240
-0.271859
-0.221288
-0.170610
-0.136615
-0.117262
-0.097289
-0.072915
-0.041882
-0.010641
0.020704
0.052225
0.083900
0.115671
0.147625
0.179691
0.211845
0.244185
0.269382
0.284760
0.315171
0.352930
0.402614
0.440329
0.473352
0.506496
0.539720
0.572793
0.590774
0.615801
0.649591
0.683478
0.713034
0.732910
0.763511
0.797859
0.832280
0.866751
0.901259
0.935844
0.964581
0.986728
1.031520
1.074608
1.109411
1.144265
1.176811
1.199964
1.223696
1.245602
1.235029
1.242364
1.268001
1.302981
1.335451
1.362109
1.396093
1.432021
1.467973
1.503943
1.536080
1.527863
1.538711
1.567229
1.596440
1.628415
1.664779
1.641854
1.603863
1.560925
1.543027
1.541083
1.572121
1.606188
1.642799
1.674701
1.676784
1.635700
1.656754
1.669809
1.629637
1.589768
1.560120
1.594666
1.594666
1.600499
1.566831
1.529260
1.511704
1.521684
1.536665
1.502865
1.469070
1.432010
1.394550
1.388705
1.420297
1.453986
1.485184
1.458652
1.423055
1.403946
1.391493
1.359880
1.358573
1.326995
1.292285
1.275937
1.287379
1.321246
1.355275
1.389303
1.423332
1.417955
1.410687
1.431799
1.397782
1.364696
1.331934
1.341620
1.362916
1.373048
1.406352
1.372423
1.340901
1.307959
1.274068
1.241087
1.210239
1.176393
1.142551
1.106320
1.070773
1.036901
1.003032
0.969166
0.938647
0.905765
0.874199
0.843073
0.810076
0.780992
0.747461
0.713795
0.680137
0.646488
0.612846
0.579259
0.551154
0.518620
0.485096
0.451585
0.418085
0.384598
0.351127
0.323249
0.292069
0.258743
0.225434
0.191541
0.151331
0.117253
0.083912
0.050589
0.017286
-0.015046
-0.040765
-0.073376
-0.112245
-0.148888
-0.182049
-0.215185
-0.248291
-0.281363
-0.314403
-0.342262
-0.340215
-0.300092
-0.267684
-0.258028
-0.274382
-0.302838
-0.330047
-0.350456
-0.369937
-0.388294
-0.417676
-0.439218
-0.462568
-0.488788
-0.503655
-0.517273
-0.529624
-0.540811
-0.560665
-0.589019
-0.614586
-0.622627
-0.629190
-0.650651
-0.664798
-0.668335
-0.674580
-0.699261
-0.699821
-0.737598
-0.756146
-0.764105
-0.786467
-0.807974
-0.802562
-0.818442
-0.838481
-0.870423
-0.910750
-0.929698
-0.947998
-0.965676
-0.982750
-0.999199
-1.015001
-1.030136
-1.044496
-1.029592
-1.001864
-0.992757
-1.004292
-1.019463
-1.062069
-1.073273
-1.081781
-1.089448
-1.096262
-1.102209
-1.107256
-1.144444
-1.181507
-1.217752
-1.253105
-1.273013
-1.238330
-1.202504
-1.193853
-1.168623
-1.145231
-1.139731
-1.133325
-1.125884
-1.117507
-1.108278
-1.098214
-1.078045
-1.036797
-1.015702
-1.003841
-0.992268
-0.963527
-0.929580
-0.916241
-0.902198
-0.887407
-0.872001
-0.855996
-0.856634
-0.886136
-0.915441
-0.926457
-0.951140
-0.967284
-0.983165
-1.005561
-1.011272
-1.037107
-1.062557
-1.102468
-1.129500
-1.136441
-1.160170
-1.183323
-1.205899
-1.227909
-1.236010
-1.229013
-1.223073
-1.241218
-1.258523
-1.253255
-1.230503
-1.199867
-1.169049
-1.138051
-1.106873
-1.075554
-1.044103
-1.012528
-0.980839
-0.949040
-0.917120
-0.885108
-0.853009
-0.820830
-0.788574
-0.756245
-0.723836
-0.691362
-0.658828
-0.626239
-0.591070
-0.549346
-0.516806
-0.484210
-0.451566
-0.418876
-0.386141
-0.352374
-0.310340
-0.276855
-0.244125
-0.211356
-0.181446
-0.155877
-0.122846
-0.089782
-0.050506
-0.013980
0.019028
0.052064
0.085126
0.118220
0.145350
0.180127
0.217643
0.250829
0.284035
0.317265
0.350516
0.383785
0.420358
0.452173
0.459876
0.468013
0.490969
0.521559
0.554708
0.575563
0.571981
0.598456
0.631292
0.664699
0.701620
0.739323
0.773711
0.813887
0.822468
0.830006
0.837879
0.855474
0.888504
0.921553
0.962765
0.997363
1.030378
1.063412
1.096465
1.129251
1.154648
1.193069
1.228867
1.258581
1.284438
1.310731
1.337512
1.375916
1.406860
1.434059
1.440979
1.402401
1.368831
1.330216
1.316000
1.329283
1.358442
1.388578
1.422363
1.387335
1.375970
1.353040
1.316099
1.292598
1.324073
1.355974
1.334520
1.299482
1.292886
1.317710
1.316781
1.316214
1.344864
1.378827
1.381305
1.347413
1.313432
1.279980
1.246881
1.261453
1.296118
1.329705
1.362551
1.396561
1.400221
1.376794
1.381605
1.405808
1.402427
1.368497
1.337302
1.306544
1.274024
1.241614
1.218248
1.222065
1.184185
1.149627
1.115833
1.082042
1.048257
1.014675
0.985274
0.952192
0.918482
0.884778
0.851081
0.817391
0.783709
0.750035
0.716369
0.682710
0.649060
0.616092
0.587900
0.554719
0.521183
0.491027
0.461511
0.429213
0.402636
0.441192
0.476019
0.474754
0.449488
0.431451
0.439839
0.416342
0.385363
0.359046
0.336859
0.323079
0.332086
0.300046
0.268058
0.236120
0.204235
0.172403
0.140628
0.108919
0.066169
0.030791
-0.000922
-0.028408
-0.048628
-0.079921
-0.111123
-0.142245
-0.173281
-0.204230
-0.235088
-0.265847
-0.296485
-0.314886
-0.348125
-0.387747
-0.417935
-0.447997
-0.477898
-0.493674
-0.527714
-0.566729
-0.596028
-0.622959
-0.610911
-0.649162
-0.684324
-0.707725
-0.732700
-0.775726
-0.789062
-0.816847
-0.846054
-0.884285
-0.925287
-0.954297
-0.983067
-1.011556
-1.039785
-1.067739
-1.095401
-1.122752
-1.149765
-1.176345
-1.198673
-1.235641
-1.274938
-1.301651
-1.327945
-1.353681
-1.378901
-1.403578
-1.427671
-1.451138
-1.472387
-1.467601
-1.484406
-1.503826
-1.522318
-1.539824
-1.559259
-1.605090
-1.622512
-1.635784
-1.647679
-1.647265
-1.627594
-1.634453
-1.639508
-1.642984
-1.663913
-1.698156
-1.724681
-1.721297
-1.748513
-1.747772
-1.738230
-1.726997
-1.714155
-1.699792
-1.683729
-1.666344
-1.647766
-1.615983
-1.575280
-1.552898
-1.505049
-1.479736
-1.440119
-1.404282
-1.381132
-1.357363
-1.332957
-1.307962
-1.282483
-1.267581
-1.261569
-1.250973
-1.222661
-1.193998
-1.165060
-1.135866
-1.100131
-1.058757
-1.041015
-0.994400
-0.961906
-0.932969
-0.903816
-0.874458
-0.844908
-0.815141
-0.785200
-0.755101
-0.724851
-0.694457
-0.663928
-0.633251
-0.614619
-0.587932
-0.556617
-0.521314
-0.478133
-0.446799
-0.415366
-0.374520
-0.336957
-0.305523
-0.272156
-0.227755
-0.242559
-0.223152
-0.184202
-0.139243
-0.094156
-0.048948
-0.033962
-0.006532
0.024147
0.054914
0.082676
0.100620
0.145492
0.190483
0.226438
0.257485
0.292210
0.335213
0.352729
0.382386
0.422831
0.454449
0.476747
0.508315
0.539943
0.571630
0.603367
0.635153
0.666986
0.698866
0.730792
0.751902
0.781351
0.813547
0.829450
0.824943
0.847158
0.879666
0.852035
0.829858
0.834447
0.860415
0.893338
0.926287
0.959258
0.992249
1.025260
1.058291
1.091341
1.124411
1.157501
1.190608
1.223732
1.256872
1.290028
1.323201
1.356391
1.384341
1.410624
1.439516
1.472906
1.506308
1.539723
1.542668
1.536639
1.543805
1.543805
