1.484578
1.446153
1.417487
1.415576
1.413957
1.412592
1.382744
1.348384
1.348107
1.348016
1.348294
1.348906
1.349738
1.319672
1.285109
1.251077
1.216247
1.180248
1.146035
1.112692
1.079993
1.046665
1.010774
0.976792
0.944924
0.910133
0.874325
0.838525
0.802728
0.766939
0.733852
0.703035
0.668278
0.632603
0.596941
0.561285
0.525640
0.490004
0.454375
0.424187
0.393855
0.358387
0.322930
0.287488
0.252063
0.216647
0.181258
0.145878
0.110520
0.075179
0.039854
0.004555
-0.030735
-0.065989
-0.098853
-0.125732
-0.157082
-0.192052
-0.226976
-0.261885
-0.296740
-0.331573
-0.366363
-0.401111
-0.435833
-0.470488
-0.505122
-0.539688
-0.574216
-0.608694
-0.635113
-0.657924
-0.691389
-0.722298
-0.742801
-0.762339
-0.780881
-0.797857
-0.814755
-0.846650
-0.873138
-0.886661
-0.898877
-0.910072
-0.919275
-0.929987
-0.958767
-0.978981
-0.984184
-1.003199
-1.030304
-1.034276
-1.035174
-1.033833
-1.031336
-1.027322
-1.041709
-1.063993
-1.056836
-1.055234
-1.075083
-1.094439
-1.113303
-1.106894
-1.093970
-1.110100
-1.125881
-1.140859
-1.155148
-1.168917
-1.181625
-1.193988
-1.205170
-1.215840
-1.225648
-1.234548
-1.242936
-1.249997
-1.256660
-1.262086
-1.266837
-1.270734
-1.273533
-1.275880
-1.276701
-1.268337
-1.231513
-1.230689
-1.264382
-1.241007
-1.202881
-1.197676
-1.192021
-1.185375
-1.177911
-1.169855
-1.160637
-1.154953
-1.178344
-1.188045
-1.175542
-1.162218
-1.148450
-1.103650
-1.058702
-1.025794
-1.000920
-0.985847
-0.970015
-0.953885
-0.936762
-0.919382
-0.901285
-0.882716
-0.863710
-0.867342
-0.875432
-0.854181
-0.841696
-0.847725
-0.836475
-0.813149
-0.789246
-0.765168
-0.740536
-0.715673
-0.690449
-0.664860
-0.639081
-0.612821
-0.581780
-0.530808
-0.491889
-0.467151
-0.441323
-0.415085
-0.388396
-0.361594
-0.334477
-0.307147
-0.279628
-0.251808
-0.227080
-0.249446
-0.261998
-0.254657
-0.234106
-0.204661
-0.174963
-0.145188
-0.115174
-0.085057
-0.054783
-0.024346
0.006173
0.036908
0.071447
0.121031
0.170655
0.220324
0.256033
0.286729
0.317629
0.348580
0.379672
0.410863
0.442139
0.434120
0.418922
0.433973
0.454842
0.487036
0.519314
0.551648
0.584098
0.616583
0.649177
0.688086
0.736143
0.773744
0.806324
0.839014
0.871734
0.904542
0.937400
0.970313
1.003301
1.036315
1.069425
1.106539
1.153985
1.167715
1.153470
1.139629
1.125920
1.112676
1.099610
1.086880
1.074471
1.062263
1.080765
1.098305
1.087343
1.076608
1.066188
1.079968
1.104893
1.097365
1.088322
1.079713
1.088523
1.115718
1.116870
1.110271
1.138972
1.169636
1.205145
1.240665
1.276192
1.248298
1.209999
1.204535
1.186490
1.145819
1.150190
1.181630
1.217002
1.246556
1.242854
1.239393
1.236256
1.208539
1.169970
1.166510
1.164610
1.163156
1.161991
1.161118
1.160689
1.161499
1.197858
1.223664
1.224522
1.246047
1.283510
1.291448
1.297038
1.335533
1.346749
1.310783
1.276808
1.243984
1.276368
1.303961
1.272370
1.272186
1.312726
1.328500
1.333796
1.305143
1.274058
1.238531
1.203013
1.167503
1.132008
1.096517
1.061045
1.027728
0.999292
0.966912
0.931599
0.896309
0.861026
0.825768
0.790520
0.755291
0.720082
0.684883
0.649714
0.614554
0.579422
0.544306
0.509210
0.480487
0.454346
0.419686
0.387307
0.362472
0.373515
0.418547
0.401562
0.367166
0.332835
0.298527
0.264268
0.230053
0.195869
0.172150
0.158290
0.204811
0.225761
0.205760
0.186623
0.167947
0.150530
0.130424
0.098080
0.058495
0.010181
-0.014757
-0.030637
-0.062274
-0.089497
-0.103282
-0.135613
-0.184891
-0.219897
-0.251091
-0.282064
-0.312955
-0.343676
-0.374239
-0.404691
-0.434897
-0.465023
-0.494880
-0.524608
-0.554135
-0.583427
-0.612600
-0.641419
-0.674462
-0.725029
-0.775577
-0.826103
-0.860655
-0.889291
-0.939846
-0.978465
-0.983668
-1.000513
-1.027618
-1.073763
-1.123093
-1.149652
-1.175982
-1.201854
-1.227275
-1.252396
-1.299968
-1.350958
-1.401945
-1.431003
-1.427495
-1.460305
-1.511029
-1.534788
-1.556473
-1.577155
-1.597183
-1.616478
-1.634653
-1.652422
-1.668549
-1.684187
-1.698524
-1.711821
-1.724234
-1.734989
-1.745187
-1.753380
-1.760797
-1.766725
-1.771225
-1.774813
-1.776308
-1.782350
-1.817137
-1.836032
-1.832191
-1.802682
-1.761020
-1.751018
-1.742363
-1.732002
-1.720656
-1.708243
-1.694391
-1.680027
-1.663900
-1.647307
-1.629528
-1.610916
-1.591620
-1.571193
-1.550405
-1.528462
-1.506116
-1.483027
-1.459295
-1.435168
-1.387246
-1.340224
-1.315128
-1.289696
-1.263803
-1.237409
-1.210789
-1.183537
-1.156121
-1.128235
-1.110566
-1.103551
-1.079457
-1.049864
-1.019851
-0.989723
-0.959318
-0.918096
-0.868326
-0.834424
-0.803839
-0.772959
-0.735372
-0.685881
-0.636311
-0.586696
-0.564121
-0.546020
-0.534626
-0.506847
-0.457297
-0.420748
-0.389860
-0.341039
-0.295829
-0.264857
-0.233767
-0.202559
-0.157514
-0.110267
-0.122433
-0.121739
-0.091077
-0.060283
-0.029388
0.001689
0.032824
0.064144
0.095535
0.127050
0.158681
0.190379
0.222233
0.256995
0.305754
0.347117
0.379006
0.411006
0.443051
0.475241
0.507468
0.539802
0.572203
0.604670
0.600121
0.586226
0.604584
0.627535
0.660743
0.702088
0.749408
0.741382
0.728791
0.761619
0.794489
0.827426
0.860431
0.893472
0.926604
0.959761
0.992996
0.990281
0.943172
0.944254
0.964571
0.998068
1.031825
1.065638
1.093279
1.115142
1.093165
1.058492
1.012624
0.966833
0.921204
0.895890
0.884953
0.874504
0.868391
0.893430
0.918831
0.944803
0.971364
0.998236
1.040216
1.081935
1.117049
1.152177
1.187322
1.222487
1.257661
1.223121
1.187955
1.152811
1.113454
1.070294
1.083458
1.111391
1.140092
1.171022
1.206532
1.242052
1.277579
1.313120
1.347923
1.377731
1.409858
1.445518
1.477825
1.508433
1.506321
1.501885
1.497872
1.494106
1.490623
1.490623
1.397306
1.360916
1.323432
1.284670
1.248069
1.211650
1.175233
1.137183
1.098990
1.061144
1.051718
1.051005
1.050724
1.050831
1.051197
1.052038
1.075576
1.108021
1.073539
1.039394
1.005541
0.969179
0.934290
0.901148
0.865092
0.828785
0.792481
0.759549
0.726054
0.689831
0.653615
0.617402
0.581198
0.545000
0.509556
0.478390
0.444223
0.408143
0.372078
0.336021
0.299972
0.270021
0.240544
0.211594
0.169927
0.129754
0.093910
0.058089
0.024551
-0.003702
0.022959
0.048965
0.013505
-0.027728
-0.071544
-0.114967
-0.148796
-0.176981
-0.212447
-0.247888
-0.283306
-0.318672
-0.354012
-0.389322
-0.415468
-0.444383
-0.479313
-0.504638
-0.534873
-0.581018
-0.618434
-0.650341
-0.672560
-0.702884
-0.736954
-0.770902
-0.796016
-0.815235
-0.832584
-0.857938
-0.890448
-0.905129
-0.918597
-0.930818
-0.977799
-1.013210
-1.023574
-1.031834
-1.038913
-1.044175
-1.047452
-1.055230
-1.081357
-1.088795
-1.091025
-1.115046
-1.121249
-1.115532
-1.107277
-1.097632
-1.086732
-1.104805
-1.108246
-1.093174
-1.075878
-1.082609
-1.130509
-1.178070
-1.205210
-1.183320
-1.186160
-1.196749
-1.206284
-1.214880
-1.217837
-1.188554
-1.179875
-1.184844
-1.188474
-1.210400
-1.249036
-1.214503
-1.178443
-1.141961
-1.137920
-1.150088
-1.184358
-1.217227
-1.238809
-1.233545
-1.227185
-1.220159
-1.212011
-1.202928
-1.193210
-1.182330
-1.170676
-1.156444
-1.109243
-1.079242
-1.065117
-1.049894
-1.034177
-1.017864
-1.000630
-0.982943
-0.964642
-0.920035
-0.878718
-0.859172
-0.839010
-0.824639
-0.832743
-0.820325
-0.794042
-0.742751
-0.724562
-0.727325
-0.702922
-0.691699
-0.692773
-0.667292
-0.641010
-0.614446
-0.587453
-0.560252
-0.532767
-0.504937
-0.476920
-0.448622
-0.420047
-0.386692
-0.335498
-0.284286
-0.235992
-0.207173
-0.178167
-0.149017
-0.119586
-0.090009
-0.060296
-0.050162
-0.031350
-0.000754
0.030049
0.060953
0.091996
0.123208
0.154513
0.185957
0.217539
0.249205
0.281011
0.312928
0.347148
0.396677
0.435876
0.467885
0.500038
0.541011
0.590392
0.623023
0.633899
0.617079
0.630117
0.652494
0.685431
0.718462
0.755840
0.804344
0.841381
0.877555
0.926075
0.954238
0.968021
0.953338
0.958743
0.978984
1.012817
1.046689
1.080600
1.114583
1.143092
1.164399
1.124969
1.090605
1.078653
1.095461
1.109303
1.098516
1.114031
1.139018
1.164673
1.167426
1.162875
1.189974
1.222030
1.254036
1.210621
1.185498
1.178188
1.206136
1.235559
1.265394
1.231555
1.202760
1.197639
1.222414
1.255314
1.291549
1.271503
1.245694
1.278566
1.311844
1.336663
1.297901
1.280598
1.277217
1.239430
1.202309
1.165843
1.128577
1.107078
1.106801
1.139408
1.176346
1.213629
1.250249
1.286503
1.322188
1.358454
1.395080
1.432318
1.469051
1.505664
1.543363
1.539165
1.504483
1.470333
1.436471
1.402895
1.439796
1.447231
1.410923
1.374619
1.338317
1.302019
1.268957
1.246580
1.251105
1.282388
1.308704
1.272605
1.236513
1.199830
1.158557
1.120239
1.084297
1.053522
1.020123
0.984085
0.948061
0.912044
0.876035
0.845591
0.813764
0.777890
0.742033
0.706185
0.670353
0.634538
0.598733
0.562948
0.527178
0.492287
0.464289
0.457144
0.465540
0.474544
0.461599
0.426349
0.400694
0.390469
0.401077
0.381806
0.354652
0.320148
0.295735
0.274114
0.253362
0.223166
0.189415
0.155751
0.122160
0.090269
0.071904
0.045182
0.012178
-0.020686
-0.053474
-0.086184
-0.118739
-0.151214
-0.183587
-0.230721
-0.268332
-0.283316
-0.311741
-0.348209
-0.397919
-0.434638
-0.466326
-0.497820
-0.529149
-0.562400
-0.612512
-0.651848
-0.682981
-0.713825
-0.734394
-0.744299
-0.772998
-0.786660
-0.777631
-0.820710
-0.864472
-0.894825
-0.924874
-0.954738
-0.984295
-1.029286
-1.076338
-1.105603
-1.134542
-1.163241
-1.191442
-1.219298
-1.246871
-1.273793
-1.300356
-1.326543
-1.351965
-1.376981
-1.401476
-1.425122
-1.448289
-1.470744
-1.492272
-1.521080
-1.571743
-1.600062
-1.619302
-1.637282
-1.654193
-1.670319
-1.684819
-1.698223
-1.710727
-1.721205
-1.730619
-1.738904
-1.710769
-1.709141
-1.748950
-1.755208
-1.767654
-1.802835
-1.840076
-1.877145
-1.912109
-1.918855
-1.913821
-1.906386
-1.897184
-1.886721
-1.873920
-1.859781
-1.844543
-1.827176
-1.808864
-1.789537
-1.768556
-1.746846
-1.724209
-1.700376
-1.675960
-1.650724
-1.624638
-1.598088
-1.570826
-1.542966
-1.514736
-1.485893
-1.456632
-1.427075
-1.396990
-1.366616
-1.335642
-1.285242
-1.234778
-1.184246
-1.152505
-1.121773
-1.090799
-1.059509
-1.028061
-0.996387
-0.977697
-0.954122
-0.905057
-0.855836
-0.806518
-0.757040
-0.747232
-0.756358
-0.725028
-0.693544
-0.661645
-0.611847
-0.570700
-0.539025
-0.490382
-0.447838
-0.416106
-0.368889
-0.324963
-0.293179
-0.261231
-0.229190
-0.197001
-0.164681
-0.132278
-0.099731
-0.067082
-0.034357
-0.001493
0.031451
0.064461
0.097607
0.130814
0.164090
0.197479
0.230922
0.264435
0.286253
0.314966
0.362422
0.399228
0.433076
0.466994
0.500975
0.534996
0.569087
0.595465
0.618361
0.652809
0.693884
0.740398
0.787134
0.822248
0.844358
0.878051
0.912595
0.947175
0.972296
0.977314
0.942509
0.907744
0.873005
0.838307
0.803651
0.769021
0.734442
0.699903
0.665394
0.630946
0.596536
0.562159
0.527855
0.493587
0.459360
0.425210
0.391099
0.357040
0.311864
0.286495
0.308427
0.331243
0.357093
0.391871
0.426691
0.459901
0.484558
0.521974
0.566324
0.601328
0.636359
0.671413
0.706515
0.741637
0.776783
0.803367
0.836521
0.881020
0.917668
0.952949
0.988255
1.023589
1.058939
1.094315
1.129713
1.165127
1.200566
1.186920
1.148749
1.176482
1.208528
1.244208
1.272825
1.304795
1.340637
1.376495
1.382109
1.339746
1.328221
1.322381
1.316893
1.283924
1.259681
1.291391
1.326244
1.350665
1.310481
1.315332
1.348522
1.384872
1.384872
