1.438884
1.404331
1.369358
1.334775
1.300314
1.265229
1.230144
1.194217
1.158788
1.124112
1.097086
1.098465
1.064327
1.030619
0.997601
0.964936
0.932631
0.900770
0.866291
0.833610
0.800864
0.765974
0.731089
0.696208
0.661332
0.626460
0.591593
0.556731
0.521875
0.490706
0.457690
0.422911
0.388901
0.359272
0.324975
0.290300
0.255634
0.220978
0.186473
0.157867
0.124533
0.090014
0.057888
0.029402
-0.004966
-0.032500
-0.064267
-0.098453
-0.130718
-0.156344
-0.190292
-0.216992
-0.222666
-0.223344
-0.247282
-0.280614
-0.313892
-0.339501
-0.346675
-0.343245
-0.375967
-0.408606
-0.441175
-0.473672
-0.506094
-0.538439
-0.570685
-0.590510
-0.607317
-0.598441
-0.564749
-0.595933
-0.626973
-0.645517
-0.667524
-0.702691
-0.749000
-0.761219
-0.787874
-0.817529
-0.839670
-0.852052
-0.880751
-0.889791
-0.896032
-0.911799
-0.938713
-0.964853
-0.967417
-0.988210
-0.999129
-1.007488
-1.028396
-1.025741
-1.021510
-1.034660
-1.043535
-1.031641
-1.002988
-1.022557
-1.064580
-1.097013
-1.115733
-1.133932
-1.151500
-1.168436
-1.184790
-1.187148
-1.176572
-1.190692
-1.204007
-1.192031
-1.187991
-1.198974
-1.206888
-1.182367
-1.214462
-1.235293
-1.242471
-1.248894
-1.254499
-1.259160
-1.263037
-1.266127
-1.268424
-1.269925
-1.270441
-1.270111
-1.268982
-1.267056
-1.264335
-1.260740
-1.224279
-1.208467
-1.218710
-1.229673
-1.188556
-1.180273
-1.171266
-1.161564
-1.151179
-1.144027
-1.165069
-1.155725
-1.142226
-1.113975
-1.074445
-1.059477
-1.043785
-1.027545
-1.010772
-0.993479
-0.978445
-0.989669
-0.974325
-0.954577
-0.934383
-0.913758
-0.892697
-0.871135
-0.849188
-0.812948
-0.771380
-0.748728
-0.725666
-0.702250
-0.678519
-0.654482
-0.630149
-0.605507
-0.580531
-0.555291
-0.529794
-0.504049
-0.478063
-0.451790
-0.425284
-0.411760
-0.398812
-0.371366
-0.343709
-0.335061
-0.298957
-0.259566
-0.226221
-0.177540
-0.149075
-0.120454
-0.091686
-0.062773
-0.033720
-0.004512
0.024845
0.054327
0.083932
0.113656
0.143497
0.173481
0.203572
0.233767
0.264064
0.294460
0.324968
0.355580
0.386281
0.410221
0.427820
0.458975
0.490226
0.521552
0.552950
0.580011
0.597405
0.629197
0.661056
0.692976
0.724954
0.756989
0.789084
0.808263
0.827149
0.852862
0.864724
0.821861
0.842179
0.872778
0.905735
0.910277
0.874718
0.896417
0.918726
0.948735
0.961781
0.959534
0.983200
1.007480
1.032240
1.057464
1.083143
1.109269
1.135895
1.163011
1.194998
1.229418
1.263850
1.298293
1.292168
1.264243
1.226324
1.207334
1.236539
1.271180
1.271164
1.265935
1.246582
1.213689
1.209288
1.205251
1.201507
1.216025
1.227646
1.192045
1.189544
1.216759
1.206914
1.183898
1.182612
1.181648
1.181045
1.180742
1.197878
1.214791
1.181625
1.182589
1.183866
1.185442
1.200032
1.237223
1.274700
1.309920
1.344927
1.348820
1.333327
1.371393
1.406341
1.416484
1.400523
1.393132
1.423867
1.389038
1.354214
1.322492
1.307739
1.305502
1.276259
1.247506
1.214324
1.179763
1.147231
1.118601
1.084142
1.055729
1.050467
1.058006
1.065839
1.073978
1.049781
1.024737
1.017422
1.026986
1.036837
1.047034
1.057535
1.041215
1.007830
0.974475
0.941153
0.907869
0.874618
0.841401
0.808219
0.775072
0.741970
0.718709
0.690772
0.653467
0.609958
0.577062
0.555765
0.527057
0.494463
0.461919
0.429426
0.397002
0.354029
0.315686
0.283257
0.250885
0.218581
0.186348
0.154178
0.122074
0.090037
0.058071
0.026198
-0.005600
-0.037320
-0.068959
-0.100515
-0.131969
-0.163324
-0.194585
-0.225749
-0.256814
-0.287770
-0.318592
-0.336482
-0.367408
-0.410365
-0.440711
-0.470899
-0.500939
-0.530836
-0.560586
-0.593216
-0.641693
-0.672479
-0.701864
-0.731073
-0.760100
-0.788938
-0.817529
-0.845900
-0.874052
-0.901976
-0.929664
-0.957074
-0.984176
-1.011003
-1.037542
-1.069301
-1.118668
-1.144641
-1.170269
-1.195540
-1.220440
-1.244951
-1.268992
-1.292539
-1.315629
-1.338243
-1.360360
-1.381948
-1.402839
-1.423149
-1.442855
-1.461931
-1.480353
-1.497962
-1.514772
-1.530829
-1.546106
-1.560577
-1.574168
-1.586684
-1.598294
-1.608977
-1.618708
-1.627465
-1.635006
-1.641446
-1.646843
-1.651184
-1.654457
-1.656559
-1.657356
-1.657066
-1.655689
-1.653230
-1.649694
-1.644828
-1.638872
-1.631884
-1.623883
-1.614887
-1.604801
-1.593617
-1.581522
-1.568542
-1.554701
-1.540027
-1.524330
-1.507868
-1.490672
-1.472769
-1.454184
-1.434850
-1.414816
-1.394195
-1.373010
-1.351285
-1.329028
-1.306153
-1.282817
-1.259039
-1.234836
-1.210228
-1.185163
-1.159698
-1.133888
-1.107746
-1.081288
-1.054509
-1.027377
-0.999976
-0.972315
-0.944406
-0.915117
-0.866023
-0.834175
-0.805692
-0.777004
-0.748119
-0.719029
-0.689724
-0.660250
-0.630611
-0.600814
-0.570865
-0.540734
-0.510460
-0.480053
-0.449519
-0.418860
-0.388069
-0.357145
-0.326113
-0.294976
-0.263738
-0.232401
-0.200945
-0.169398
-0.137765
-0.106048
-0.074250
-0.042362
-0.010388
0.021657
0.053772
0.085956
0.118207
0.150537
0.182928
0.215378
0.247885
0.280448
0.313075
0.345758
0.378491
0.416350
0.459491
0.492212
0.524990
0.557814
0.590682
0.623592
0.656545
0.689548
0.722592
0.748787
0.774850
0.808136
0.841459
0.874820
0.908212
0.941635
0.975086
1.008567
1.042083
1.075627
1.103434
1.127252
1.152689
1.186541
1.212332
1.243400
1.273598
1.301133
1.335174
1.327186
1.298819
1.264616
1.230428
1.195443
1.153324
1.171573
1.153802
1.141777
1.170787
1.205274
1.239773
1.243636
1.219333
1.189342
1.186444
1.215983
1.249962
1.281792
1.312066
1.343380
1.378248
1.409490
1.443349
1.441543
1.404115
1.369006
1.330900
1.321960
1.340440
1.346860
1.320401
1.353794
1.355079
1.330110
1.295025
1.259701
1.223672
1.187999
1.180725
1.180754
1.193377
1.228977
1.264072
1.299167
1.334262
1.369111
1.369111
1.523010
1.490282
1.456826
1.421997
1.387455
1.355688
1.387294
1.419359
1.452153
1.436321
1.402937
1.370847
1.338456
1.305663
1.272302
1.238832
1.205780
1.203602
1.236654
1.243407
1.238961
1.207411
1.192742
1.194480
1.166773
1.134489
1.104045
1.073925
1.044073
1.011713
0.986218
0.983320
0.961498
0.926386
0.895785
0.864826
0.832135
0.799445
0.766757
0.737143
0.706618
0.673994
0.643946
0.615125
0.582585
0.550049
0.517519
0.484997
0.452478
0.419970
0.387466
0.354970
0.326195
0.298216
0.265846
0.231203
0.193682
0.164324
0.136468
0.104156
0.071855
0.039566
0.007296
-0.024966
-0.057206
-0.089433
-0.121647
-0.147916
-0.174705
-0.206693
-0.238656
-0.270602
-0.302507
-0.334396
-0.366249
-0.398071
-0.429872
-0.461619
-0.493346
-0.525029
-0.556670
-0.588287
-0.610331
-0.635362
-0.666536
-0.697639
-0.728376
-0.747814
-0.766564
-0.784170
-0.810642
-0.839505
-0.854519
-0.868653
-0.881550
-0.892764
-0.905262
-0.932558
-0.959675
-0.986580
-0.997018
-1.006226
-1.031586
-1.056675
-1.081487
-1.105792
-1.129877
-1.153426
-1.163581
-1.162133
-1.139982
-1.125502
-1.146080
-1.166142
-1.185823
-1.179215
-1.177351
-1.194335
-1.192647
-1.179322
-1.192374
-1.196605
-1.178873
-1.180015
-1.191043
-1.200741
-1.198784
-1.175140
-1.172535
-1.179047
-1.184200
-1.188788
-1.192492
-1.195111
-1.197219
-1.197964
-1.183982
-1.150462
-1.166687
-1.193012
-1.189308
-1.184924
-1.179770
-1.173458
-1.166659
-1.158704
-1.134089
-1.093470
-1.105421
-1.119538
-1.107717
-1.095245
-1.082242
-1.068229
-1.053841
-1.038645
-1.022854
-1.006649
-0.989553
-0.972142
-0.954090
-0.935508
-0.916615
-0.922094
-0.911241
-0.865087
-0.832703
-0.807174
-0.786614
-0.774738
-0.778042
-0.763107
-0.740711
-0.717782
-0.694641
-0.671185
-0.647359
-0.621228
-0.574873
-0.558853
-0.580798
-0.582278
-0.575349
-0.549638
-0.523751
-0.497678
-0.471325
-0.444858
-0.418132
-0.391252
-0.364231
-0.352384
-0.338790
-0.310850
-0.291994
-0.280147
-0.252910
-0.224125
-0.195201
-0.175040
-0.160611
-0.131773
-0.106156
-0.089867
-0.064652
-0.034518
-0.004269
0.026018
0.056376
0.078756
0.097845
0.128635
0.159456
0.190328
0.221256
0.252989
0.294877
0.332164
0.363052
0.393996
0.424963
0.455992
0.487049
0.518142
0.541295
0.557879
0.548508
0.555220
0.578107
0.608476
0.640222
0.671997
0.708221
0.748255
0.780918
0.812635
0.844379
0.871612
0.895562
0.934034
0.971552
1.003395
1.035257
1.067129
1.099030
1.128675
1.153355
1.182899
1.214737
1.208066
1.190195
1.151746
1.136122
1.130342
1.125031
1.119914
1.115097
1.110648
1.106372
1.102554
1.098953
1.095638
1.092718
1.094101
1.124544
1.155255
1.186264
1.217717
1.249353
1.281423
1.313869
1.346672
1.379274
1.411893
1.444700
1.477507
1.510314
1.543121
1.575928
1.608736
1.602759
1.570176
1.568849
1.559933
1.527138
1.495075
1.463435
1.430681
1.397903
1.365127
1.333486
1.302364
1.269614
1.237683
1.207167
1.177058
1.149110
1.152375
1.169091
1.205416
1.189827
1.157262
1.124705
1.092151
1.059601
1.027058
0.994517
0.961984
0.931697
0.903775
0.872087
0.839651
0.807226
0.774807
0.742394
0.714789
0.686691
0.654404
0.622128
0.589859
0.552319
0.515769
0.483433
0.454758
0.428448
0.464167
0.502976
0.542042
0.576540
0.608552
0.647820
0.665558
0.641603
0.661724
0.699395
0.667764
0.636149
0.604560
0.573003
0.540794
0.500324
0.463584
0.431969
0.400390
0.368827
0.337307
0.305810
0.274342
0.242917
0.211512
0.180156
0.148830
0.117536
0.095187
0.070369
0.028726
-0.001276
-0.021423
-0.040473
-0.062085
-0.092492
-0.122834
-0.153129
-0.183312
-0.213452
-0.243499
-0.273460
-0.303369
-0.333135
-0.362847
-0.392451
-0.421941
-0.451373
-0.480622
-0.509802
-0.538853
-0.558081
-0.574544
-0.618458
-0.662284
-0.705976
-0.749481
-0.791718
-0.821603
-0.851400
-0.881084
-0.910594
-0.940025
-0.969242
-1.005558
-1.049700
-1.081558
-1.110713
-1.139620
-1.168354
-1.196927
-1.225175
-1.253284
-1.281057
-1.308564
-1.335859
-1.344651
-1.356051
-1.381322
-1.406143
-1.430660
-1.475764
-1.515564
-1.539266
-1.577404
-1.623801
-1.646798
-1.668941
-1.690180
-1.710361
-1.729993
-1.747862
-1.764965
-1.780764
-1.772923
-1.755430
-1.733626
-1.723495
-1.730181
-1.734885
-1.738672
-1.740036
-1.740173
-1.738809
-1.735293
-1.735399
-1.760456
-1.768366
-1.758428
-1.746419
-1.733594
-1.718932
-1.703200
-1.686520
-1.668268
-1.649442
-1.629390
-1.594437
-1.548250
-1.524609
-1.502722
-1.480028
-1.456743
-1.433082
-1.408602
-1.383857
-1.358586
-1.332881
-1.306943
-1.298741
-1.283842
-1.256069
-1.228003
-1.199792
-1.171220
-1.142519
-1.113612
-1.084487
-1.055261
-1.025789
-0.990204
-0.946317
-0.913549
-0.884061
-0.854377
-0.824600
-0.794715
-0.764682
-0.734587
-0.704351
-0.667676
-0.624670
-0.581434
-0.540786
-0.510807
-0.480746
-0.450616
-0.408893
-0.368859
-0.338773
-0.308609
-0.278389
-0.248053
-0.217677
-0.187217
-0.156689
-0.126120
-0.083939
-0.048926
-0.030015
-0.003165
0.027817
0.069878
0.107902
0.138692
0.162010
0.182764
0.213921
0.245105
0.276327
0.315106
0.350824
0.330600
0.332784
0.363672
0.394617
0.425586
0.456614
0.487673
0.518765
0.549908
0.581072
0.612283
0.643523
0.674790
0.706101
0.737431
0.768799
0.800194
0.831610
0.863066
0.894538
0.926042
0.957570
0.989115
1.020697
1.031277
0.990994
0.991554
1.015192
1.046946
1.078829
1.110730
1.137727
1.160944
1.128906
1.096877
1.064863
1.027769
0.990833
0.984247
0.991196
1.017413
1.048257
1.080569
1.112895
1.145227
1.177567
1.205798
1.233764
1.266206
1.296417
1.324330
1.356117
1.388646
1.421182
1.453721
1.486264
1.518814
1.535745
1.499295
1.465053
1.432455
1.399862
1.366314
1.330132
1.334262
1.363822
1.396382
1.428292
1.458447
1.458447
