1.958693
1.922458
1.881377
1.839690
1.826631
1.811986
1.771887
1.731795
1.691712
1.651638
1.611572
1.571514
1.531467
1.491429
1.451400
1.411381
1.371374
1.328892
1.282467
1.236646
1.272319
1.293340
1.288234
1.285406
1.322496
1.323572
1.333711
1.373376
1.410594
1.449574
1.490027
1.458733
1.470300
1.464514
1.483902
1.523409
1.532448
1.491905
1.451968
1.419505
1.401994
1.361347
1.322983
1.313035
1.311369
1.297446
1.257056
1.230328
1.232291
1.205563
1.167944
1.130815
1.092004
1.051629
1.014403
0.975765
0.940071
0.936657
0.896460
0.856270
0.816088
0.780436
0.741952
0.705140
0.665106
0.625084
0.587173
0.550540
0.510624
0.476630
0.436822
0.401526
0.363710
0.324043
0.287848
0.251815
0.219771
0.182661
0.149059
0.109862
0.071348
0.040267
0.006840
-0.019982
-0.055970
-0.085551
-0.123867
-0.162118
-0.198258
-0.227154
-0.265008
-0.291156
-0.312757
-0.339955
-0.376839
-0.413242
-0.436185
-0.472459
-0.496430
-0.528219
-0.524727
-0.512823
-0.533423
-0.565831
-0.606964
-0.640084
-0.668130
-0.679992
-0.688980
-0.724662
-0.743027
-0.733889
-0.780673
-0.795794
-0.751450
-0.747528
-0.745182
-0.792766
-0.846286
-0.838828
-0.837588
-0.865498
-0.862713
-0.850312
-0.876460
-0.878733
-0.901692
-0.925855
-0.949455
-0.972473
-0.967753
-0.989094
-0.988216
-1.001620
-1.011879
-1.009771
-1.026903
-1.072706
-1.088445
-1.103374
-1.090807
-1.095716
-1.093924
-1.123244
-1.133461
-1.136429
-1.119344
-1.126469
-1.132654
-1.137730
-1.141838
-1.120048
-1.147118
-1.138349
-1.134329
-1.147239
-1.145262
-1.142202
-1.138174
-1.133185
-1.127149
-1.107116
-1.101921
-1.103230
-1.093314
-1.082478
-1.070773
-1.058217
-1.022213
-1.030346
-1.015212
-0.997914
-0.953354
-0.936118
-0.918180
-0.902335
-0.908096
-0.887757
-0.866792
-0.841019
-0.796146
-0.791604
-0.776733
-0.726938
-0.702765
-0.678104
-0.652970
-0.633697
-0.625507
-0.598679
-0.571432
-0.543740
-0.502341
-0.463647
-0.435489
-0.407157
-0.378487
-0.349489
-0.320142
-0.290471
-0.293049
-0.322699
-0.368877
-0.356153
-0.325888
-0.295337
-0.258952
-0.212777
-0.181643
-0.150252
-0.118589
-0.086697
-0.054582
-0.022236
0.010337
0.043109
0.076074
0.106267
0.117021
0.140767
0.174879
0.192256
0.226894
0.261673
0.296590
0.331660
0.366857
0.389780
0.422250
0.457994
0.468346
0.449785
0.428292
0.385024
0.386286
0.406305
0.427289
0.449175
0.479988
0.506680
0.533057
0.551245
0.537866
0.555837
0.584838
0.601919
0.590317
0.607993
0.578796
0.589412
0.606529
0.640275
0.643445
0.654334
0.646390
0.677031
0.700668
0.693901
0.687577
0.675494
0.633172
0.611668
0.639320
0.678641
0.679907
0.687539
0.658783
0.617503
0.573958
0.558471
0.556305
0.567166
0.607032
0.617452
0.579433
0.538438
0.497915
0.520166
0.561498
0.601649
0.641801
0.682339
0.674136
0.634374
0.595864
0.624435
0.638345
0.662843
0.639006
0.602629
0.562353
0.524679
0.485797
0.445592
0.405395
0.368390
0.329542
0.289434
0.249337
0.209252
0.169179
0.129121
0.089076
0.049045
0.009029
-0.029056
-0.065391
-0.100005
-0.095901
-0.099696
-0.134860
-0.174278
-0.192360
-0.146529
-0.107340
-0.090404
-0.043150
-0.004112
0.034967
0.074086
0.113249
0.152448
0.185193
0.223857
0.270258
0.309595
0.348961
0.388359
0.427787
0.467242
0.506722
0.546230
0.589072
0.632476
0.671971
0.711494
0.751039
0.790606
0.837229
0.876764
0.916320
0.955897
0.995494
1.035113
1.074751
1.114406
1.154081
1.196493
1.240067
1.286065
1.326104
1.365736
1.364719
1.327018
1.285679
1.240870
1.201297
1.161744
1.122213
1.082703
1.043214
1.003748
0.964306
0.924887
0.892413
0.893136
0.853947
0.814788
0.775658
0.736564
0.697502
0.658475
0.619481
0.580529
0.541613
0.495618
0.463900
0.425110
0.380936
0.338178
0.299404
0.260678
0.222000
0.183369
0.144794
0.106275
0.067810
0.029402
-0.008940
-0.047217
-0.085431
-0.123577
-0.161642
-0.199634
-0.237549
-0.276025
-0.324757
-0.355671
-0.388328
-0.425784
-0.463129
-0.500368
-0.537496
-0.574494
-0.611362
-0.648100
-0.684702
-0.721140
-0.757422
-0.793543
-0.829496
-0.865240
-0.900795
-0.936150
-0.970576
-0.999712
-1.036269
-1.027203
-1.055188
-1.089440
-1.123415
-1.157097
-1.184978
-1.233505
-1.267227
-1.300617
-1.333596
-1.366181
-1.398355
-1.430087
-1.461267
-1.491936
-1.522060
-1.551572
-1.580371
-1.608487
-1.635874
-1.662415
-1.688030
-1.712736
-1.736472
-1.759048
-1.780439
-1.800638
-1.819574
-1.836963
-1.852890
-1.867315
-1.880151
-1.891075
-1.900287
-1.907733
-1.913285
-1.916756
-1.918355
-1.918072
-1.915755
-1.911405
-1.905220
-1.897237
-1.887303
-1.875590
-1.862257
-1.847371
-1.830787
-1.812782
-1.793460
-1.772875
-1.750943
-1.727927
-1.703893
-1.678861
-1.652836
-1.625991
-1.598379
-1.569994
-1.540889
-1.511171
-1.480879
-1.449990
-1.418581
-1.386711
-1.354410
-1.321646
-1.288504
-1.255013
-1.221188
-1.187012
-1.152551
-1.117823
-1.082831
-1.047575
-1.012099
-0.976415
-0.940518
-0.904421
-0.868152
-0.831719
-0.795112
-0.758352
-0.721454
-0.684425
-0.647253
-0.609962
-0.562985
-0.539480
-0.502358
-0.465124
-0.427784
-0.393953
-0.398518
-0.368150
-0.320285
-0.299413
-0.261635
-0.223775
-0.185837
-0.147813
-0.109715
-0.071548
-0.033315
0.004992
0.043359
0.081785
0.120268
0.158812
0.197408
0.236053
0.274748
0.313495
0.352285
0.391118
0.429996
0.468916
0.507874
0.546869
0.585904
0.624974
0.670292
0.711695
0.750772
0.789880
0.829019
0.868188
0.907390
0.946620
0.985877
1.025161
1.064474
1.103811
1.143171
1.181439
1.214576
1.254080
1.293604
1.338869
1.372716
1.412299
1.451900
1.491521
1.531159
1.570812
1.610482
1.650170
1.689872
1.729589
1.769321
1.809068
1.848828
1.888601
1.927450
1.964694
1.990709
1.986815
1.972668
1.940498
1.956905
1.640559
1.605464
1.570572
1.536798
1.504496
1.469975
1.435698
1.416391
1.419582
1.450476
1.481702
1.478855
1.453400
1.453215
1.453369
1.453779
1.454445
1.455371
1.456663
1.436253
1.405905
1.375682
1.343540
1.311399
1.279260
1.247122
1.214986
1.185023
1.155746
1.125381
1.090240
1.057864
1.025774
0.994616
0.965737
0.933755
0.901720
0.869688
0.837660
0.805637
0.773618
0.743336
0.723728
0.760018
0.740183
0.708293
0.676410
0.644535
0.608547
0.574764
0.542843
0.510930
0.483699
0.478124
0.470237
0.438242
0.401057
0.364133
0.331651
0.304297
0.272535
0.240786
0.209048
0.178513
0.152843
0.121914
0.090342
0.058786
0.027248
-0.010527
-0.044343
-0.073601
-0.097193
-0.089831
-0.110684
-0.141947
-0.172226
-0.194978
-0.192110
-0.182732
-0.167197
-0.126439
-0.148348
-0.184773
-0.220124
-0.239953
-0.258703
-0.284653
-0.310263
-0.327395
-0.343315
-0.368694
-0.391602
-0.405644
-0.418460
-0.408191
-0.391732
-0.382873
-0.410135
-0.437206
-0.464118
-0.486119
-0.493993
-0.476259
-0.485564
-0.517575
-0.562387
-0.587709
-0.597993
-0.610275
-0.634462
-0.658304
-0.699215
-0.734190
-0.757578
-0.780596
-0.782962
-0.757345
-0.728255
-0.749860
-0.793826
-0.823936
-0.844760
-0.865184
-0.885001
-0.904360
-0.912676
-0.908900
-0.953459
-0.976565
-0.993162
-1.009189
-1.024498
-1.039039
-1.052934
-1.066165
-1.078641
-1.090161
-1.100941
-1.110966
-1.120221
-1.128328
-1.135613
-1.142067
-1.147678
-1.152145
-1.155643
-1.158261
-1.159995
-1.160639
-1.133036
-1.133968
-1.163898
-1.192677
-1.161551
-1.143853
-1.137779
-1.130857
-1.153530
-1.154159
-1.144118
-1.136141
-1.166232
-1.196191
-1.226021
-1.253738
-1.269419
-1.307962
-1.335710
-1.352704
-1.380679
-1.408272
-1.435538
-1.462450
-1.488973
-1.494952
-1.482360
-1.460653
-1.438272
-1.415065
-1.391271
-1.397985
-1.436652
-1.431432
-1.408833
-1.382282
-1.355376
-1.328097
-1.300443
-1.272530
-1.244373
-1.215981
-1.187303
-1.158443
-1.129411
-1.100217
-1.070822
-1.031621
-0.988885
-0.947711
-0.918580
-0.899709
-0.876398
-0.846523
-0.816538
-0.786440
-0.749609
-0.714202
-0.695280
-0.665237
-0.634743
-0.604187
-0.573162
-0.532404
-0.499138
-0.468575
-0.437959
-0.407278
-0.376542
-0.340945
-0.310026
-0.319678
-0.301350
-0.274093
-0.242969
-0.211812
-0.180613
-0.149386
-0.118131
-0.086851
-0.055535
-0.024194
0.007169
0.037827
0.062407
0.092561
0.124135
0.155725
0.187333
0.218960
0.250600
0.282254
0.313922
0.345607
0.377304
0.409013
0.440864
0.478385
0.511722
0.543391
0.575072
0.606768
0.638475
0.670193
0.701921
0.733661
0.770306
0.804541
0.836233
0.867937
0.899653
0.931379
0.964951
1.001977
1.008093
1.032184
1.061430
1.087623
1.119333
1.151052
1.182781
1.215444
1.252869
1.285391
1.314059
1.341555
1.373335
1.405123
1.394234
1.357414
1.321067
1.348591
1.376449
1.404632
1.433383
1.465433
1.470358
1.467394
1.459726
1.425179
1.418113
1.433556
1.456777
1.455482
1.484185
1.515709
1.547493
1.579535
1.579859
1.580283
1.580956
1.579524
1.547319
1.516090
1.514527
1.538768
1.506596
1.476126
1.463180
1.472720
1.507577
1.513483
1.495378
1.463326
1.431276
1.399230
1.367186
1.335146
1.303109
1.271076
1.241872
1.213815
1.190435
1.195020
1.169439
1.137582
1.104727
1.068124
1.031790
1.000730
0.971996
0.940119
0.908250
0.876389
0.844534
0.812686
0.780848
0.749019
0.717197
0.685383
0.653579
0.621786
0.592866
0.573210
0.579295
0.557664
0.533135
0.517730
0.525428
0.503471
0.501447
0.510362
0.517852
0.487065
0.456311
0.429899
0.408146
0.377656
0.356039
0.367077
0.394751
0.364655
0.334620
0.304635
0.274700
0.244819
0.215015
0.185267
0.160031
0.142973
0.113648
0.084398
0.055220
0.024603
-0.018312
-0.050190
-0.086095
-0.126468
-0.155609
-0.184643
-0.213587
-0.238662
-0.252795
-0.294229
-0.328307
-0.352631
-0.367975
-0.411280
-0.444151
-0.472829
-0.500028
-0.514756
-0.528976
-0.556932
-0.599698
-0.642295
-0.673469
-0.710211
-0.749496
-0.778941
-0.808236
-0.846013
-0.884378
-0.913692
-0.942823
-0.971811
-1.000651
-1.029336
-1.057799
-1.073294
-1.092512
-1.119811
-1.146812
-1.173477
-1.199846
-1.225904
-1.251597
-1.276793
-1.301583
-1.325943
-1.349848
-1.373026
-1.395635
-1.427037
-1.470598
-1.491943
-1.512435
-1.532102
-1.550893
-1.568521
-1.584849
-1.600032
-1.614006
-1.626555
-1.637245
-1.627121
-1.612837
-1.618498
-1.621934
-1.623792
-1.624066
-1.622751
-1.619320
-1.614185
-1.607544
-1.594942
-1.554626
-1.538832
-1.526832
-1.513669
-1.499264
-1.483510
-1.466808
-1.449204
-1.430730
-1.411142
-1.407163
-1.400960
-1.378545
-1.355367
-1.331636
-1.307433
-1.282783
-1.257624
-1.232022
-1.196215
-1.155197
-1.129194
-1.102809
-1.076154
-1.049244
-1.022083
-1.010445
-0.987766
-0.959432
-0.930929
-0.902214
-0.873345
-0.838205
-0.796911
-0.767996
-0.738935
-0.709759
-0.680471
-0.651062
-0.621526
-0.591899
-0.562183
-0.532379
-0.502464
-0.472476
-0.442416
-0.412288
-0.382071
-0.351790
-0.325863
-0.304501
-0.273828
-0.243103
-0.207458
-0.166920
-0.126161
-0.094466
-0.063892
-0.033275
-0.002614
0.037638
0.078431
0.108941
0.120853
0.162279
0.182012
0.201343
0.232649
0.274449
0.316384
0.343769
0.359434
0.389092
0.429822
0.457867
0.478428
0.508312
0.538261
0.568256
0.598295
0.628378
0.658520
0.688704
0.718926
0.749188
0.779497
0.809848
0.840232
0.870651
0.901109
0.922814
0.926327
0.916692
0.907353
0.927665
0.955453
0.963479
0.925131
0.948386
0.977350
1.008657
1.039981
1.071326
1.053486
1.018621
0.985207
0.978194
0.998679
1.030859
1.067326
1.098866
1.124555
1.153821
1.185476
1.217140
1.248818
1.276574
1.304885
1.336655
1.368434
1.396302
1.425430
1.457288
1.489153
1.521025
1.552902
1.583750
1.611205
1.609481
1.625368
1.625368
