1.496462
1.459896
1.423643
1.387712
1.387689
1.352672
1.353194
1.318991
1.284777
1.286147
1.253223
1.255170
1.258077
1.223248
1.190861
1.155347
1.119756
1.087836
1.052401
1.016860
0.981324
0.945793
0.910266
0.874745
0.843487
0.880749
0.848615
0.813204
0.777801
0.742405
0.707019
0.676839
0.636575
0.600910
0.565560
0.530218
0.494888
0.465080
0.430215
0.394990
0.359778
0.330740
0.296106
0.261024
0.225960
0.190915
0.155889
0.120883
0.085898
0.050935
0.015995
-0.018922
-0.053813
-0.088679
-0.123518
-0.158329
-0.185265
-0.219051
-0.245087
-0.238608
-0.258705
-0.291630
-0.325596
-0.359503
-0.393348
-0.416330
-0.448492
-0.481924
-0.503486
-0.534973
-0.567911
-0.587901
-0.618599
-0.637194
-0.652716
-0.666962
-0.695767
-0.726618
-0.740917
-0.768529
-0.798434
-0.810490
-0.768905
-0.743704
-0.746343
-0.751735
-0.775736
-0.802724
-0.808743
-0.809743
-0.831079
-0.855837
-0.857744
-0.877061
-0.900111
-0.899113
-0.916205
-0.961488
-0.987299
-1.007732
-1.002599
-0.990821
-0.977434
-0.988736
-1.004852
-1.020270
-1.034968
-1.048924
-1.089307
-1.108218
-1.120105
-1.131150
-1.141331
-1.150629
-1.159025
-1.166502
-1.173044
-1.178637
-1.154937
-1.151241
-1.153849
-1.155498
-1.184437
-1.191724
-1.190447
-1.188182
-1.184935
-1.180712
-1.175524
-1.169381
-1.162298
-1.127400
-1.110762
-1.127594
-1.098746
-1.079526
-1.067458
-1.054595
-1.040959
-1.026572
-1.011456
-0.995633
-0.979125
-0.961954
-0.944143
-0.925714
-0.884148
-0.857184
-0.859286
-0.846244
-0.803796
-0.774906
-0.753098
-0.730832
-0.728103
-0.692311
-0.661447
-0.618215
-0.584976
-0.579588
-0.599244
-0.606994
-0.625282
-0.650144
-0.674639
-0.679549
-0.675695
-0.690464
-0.712624
-0.734333
-0.734957
-0.746855
-0.745596
-0.707863
-0.706381
-0.746482
-0.774201
-0.792157
-0.787652
-0.794464
-0.810341
-0.847955
-0.850492
-0.822245
-0.779775
-0.732726
-0.707530
-0.712781
-0.704909
-0.676476
-0.643300
-0.610029
-0.576668
-0.543221
-0.509693
-0.476087
-0.442408
-0.408659
-0.367104
-0.336900
-0.307024
-0.273027
-0.238975
-0.211610
-0.181013
-0.140151
-0.102263
-0.067970
-0.033635
0.000741
0.035155
0.069607
0.110176
0.142165
0.173170
0.207757
0.242373
0.277019
0.311693
0.346395
0.381122
0.415875
0.455873
0.493877
0.523532
0.555122
0.589989
0.629735
0.667740
0.702579
0.737438
0.772317
0.807214
0.842131
0.877065
0.912016
0.946984
0.981969
1.016969
1.051985
1.087016
1.122061
1.157120
1.192192
1.227278
1.262377
1.297488
1.308710
1.322438
1.358495
1.392925
1.428945
1.466826
1.459025
1.457505
1.487356
1.497873
1.493058
1.508232
1.502580
1.464819
1.425367
1.405650
1.402368
1.418795
1.453179
1.487549
1.501784
1.519033
1.514954
1.516046
1.512855
1.495399
1.513962
1.549735
1.585576
1.621585
1.620320
1.584970
1.587158
1.623438
1.641533
1.624797
1.627408
1.627789
1.593291
1.560143
1.563231
1.566288
1.551972
1.538080
1.506717
1.471243
1.433520
1.400210
1.367010
1.331552
1.296099
1.260653
1.225212
1.189778
1.154351
1.116623
1.078652
1.043196
1.010099
0.977317
0.939550
0.903838
0.871189
0.835829
0.800479
0.765137
0.729805
0.694483
0.659170
0.623868
0.588577
0.556065
0.542929
0.549677
0.541300
0.529423
0.522154
0.492070
0.457370
0.426657
0.401378
0.391577
0.401785
0.412398
0.404092
0.370113
0.341115
0.314024
0.285517
0.259122
0.231136
0.205480
0.172333
0.139255
0.106248
0.073316
0.040461
0.001899
-0.045077
-0.086374
-0.124870
-0.171656
-0.212962
-0.246019
-0.278991
-0.311875
-0.344666
-0.377360
-0.409953
-0.436497
-0.452998
-0.474832
-0.506442
-0.544334
-0.586415
-0.617859
-0.649144
-0.663588
-0.672478
-0.720759
-0.762966
-0.794670
-0.809332
-0.816745
-0.858988
-0.896692
-0.938989
-0.971002
-1.002843
-1.034501
-1.065964
-1.097217
-1.128247
-1.159037
-1.189571
-1.219830
-1.249794
-1.279441
-1.308746
-1.337684
-1.366225
-1.394339
-1.414249
-1.425183
-1.451180
-1.476575
-1.501324
-1.525375
-1.539767
-1.542713
-1.563664
-1.583678
-1.602693
-1.620641
-1.637456
-1.653067
-1.667407
-1.680405
-1.691998
-1.702122
-1.710719
-1.717737
-1.723134
-1.726874
-1.728933
-1.729296
-1.727962
-1.724939
-1.720248
-1.713918
-1.705991
-1.696514
-1.685542
-1.673136
-1.659362
-1.652766
-1.651120
-1.610505
-1.591937
-1.572342
-1.551783
-1.530324
-1.508024
-1.484939
-1.467611
-1.462113
-1.442297
-1.433662
-1.406217
-1.372911
-1.322647
-1.277732
-1.249607
-1.221095
-1.192221
-1.163009
-1.133481
-1.108016
-1.096447
-1.075385
-1.030616
-0.999409
-0.971630
-0.949160
-0.908056
-0.888316
-0.852664
-0.805046
-0.760586
-0.725110
-0.680589
-0.651436
-0.630857
-0.598124
-0.565281
-0.532336
-0.499293
-0.463519
-0.423221
-0.405606
-0.370046
-0.323012
-0.287985
-0.296272
-0.263865
-0.231356
-0.196104
-0.148743
-0.112653
-0.120874
-0.088706
-0.056437
-0.024071
0.008388
0.043399
0.088346
0.120877
0.153493
0.186189
0.221220
0.263890
0.284733
0.317724
0.350782
0.383905
0.417092
0.450339
0.483644
0.510449
0.494865
0.461375
0.426197
0.389239
0.412257
0.445990
0.479771
0.513599
0.548928
0.585937
0.572499
0.616890
0.650461
0.682680
0.705887
0.739721
0.773596
0.806287
0.830439
0.864543
0.898682
0.932853
0.967057
1.001292
1.034574
1.052268
1.011489
1.005407
1.025503
0.990839
0.956198
0.921580
0.886987
0.852417
0.817874
0.782612
0.741517
0.729935
0.691816
0.718976
0.753844
0.788732
0.823638
0.858563
0.893505
0.928465
0.963441
0.998433
1.033440
1.068463
1.103501
1.138926
1.180809
1.215820
1.250845
1.285884
1.317591
1.278497
1.307041
1.336041
1.365687
1.400818
1.430924
1.466308
1.499461
1.461012
1.490859
1.486510
1.482479
1.478025
1.439694
1.436594
1.433819
1.430872
1.393035
1.355864
1.354364
1.353445
1.388374
1.424134
1.424134
1.595733
1.556765
1.517396
1.485458
1.513232
1.500496
1.469618
1.480087
1.487778
1.447752
1.406720
1.407306
1.400924
1.362563
1.322921
1.310797
1.280113
1.240642
1.269119
1.308865
1.348807
1.348091
1.318565
1.359501
1.399117
1.431213
1.445524
1.461318
1.424431
1.385405
1.346382
1.307364
1.268349
1.231931
1.194296
1.155336
1.113096
1.073337
1.038118
0.999550
0.960618
0.921980
0.887511
0.848654
0.809805
0.772370
0.737522
0.698765
0.660019
0.624091
0.588664
0.550031
0.511414
0.472811
0.434225
0.401002
0.364171
0.325733
0.287317
0.248922
0.210551
0.172205
0.134847
0.103905
0.065763
0.027653
-0.007468
-0.039094
-0.072714
-0.104550
-0.142153
-0.185737
-0.221245
-0.246924
-0.246212
-0.269898
-0.296111
-0.330397
-0.353989
-0.374668
-0.409707
-0.428625
-0.448346
-0.480115
-0.499961
-0.528980
-0.532510
-0.511877
-0.521154
-0.556009
-0.577820
-0.597562
-0.620028
-0.635847
-0.659103
-0.670658
-0.694844
-0.701794
-0.727049
-0.729059
-0.755512
-0.779975
-0.773373
-0.747484
-0.741282
-0.741837
-0.764647
-0.786864
-0.808464
-0.829424
-0.849719
-0.869325
-0.888216
-0.906367
-0.923753
-0.940348
-0.984630
-1.036083
-1.087235
-1.103786
-1.116959
-1.129121
-1.140261
-1.143727
-1.122912
-1.130630
-1.137265
-1.142799
-1.163337
-1.169729
-1.152683
-1.131908
-1.092606
-1.077767
-1.050963
-1.041834
-1.041537
-1.040187
-1.037789
-1.034345
-1.068186
-1.097994
-1.091080
-1.083115
-1.074118
-1.064108
-1.053105
-1.041132
-1.028213
-1.014372
-1.018063
-1.018011
-1.001186
-0.983535
-0.965085
-0.971257
-0.984154
-0.995120
-1.004113
-1.034042
-1.063837
-1.071079
-1.100488
-1.124379
-1.124952
-1.131531
-1.157677
-1.183175
-1.194824
-1.176412
-1.144655
-1.112517
-1.080024
-1.047199
-1.014065
-0.980642
-0.962570
-0.931131
-0.896559
-0.861778
-0.826012
-0.774962
-0.737498
-0.688145
-0.653122
-0.617934
-0.582590
-0.553182
-0.526611
-0.490579
-0.454430
-0.418171
-0.381807
-0.345343
-0.308784
-0.272136
-0.235402
-0.198586
-0.161693
-0.124725
-0.087684
-0.050575
-0.013403
0.023832
0.061124
0.101933
0.147228
0.184524
0.200671
0.176609
0.139150
0.101743
0.064390
0.019060
0.024084
0.059068
0.096758
0.134491
0.172267
0.210153
0.256356
0.267282
0.282565
0.320046
0.357573
0.395145
0.436561
0.480959
0.518522
0.556127
0.593771
0.631453
0.675963
0.717130
0.754801
0.792507
0.821773
0.858279
0.852478
0.880012
0.926813
0.963922
0.981218
0.934369
0.897416
0.889561
0.895516
0.927191
0.962163
0.978899
0.973017
0.967567
0.962552
0.957974
0.953834
0.950133
0.914620
0.872660
0.867139
0.865174
0.866201
0.904360
0.943020
0.982224
1.021375
1.060498
1.100049
1.139614
1.179255
1.180147
1.140960
1.101773
1.062586
1.023399
0.985296
0.947943
0.911080
0.874725
0.875044
0.837110
0.798064
0.759021
0.719982
0.680948
0.642959
0.606709
0.566278
0.524854
0.485842
0.446836
0.410191
0.372968
0.334035
0.295110
0.256193
0.217284
0.178383
0.144146
0.105700
0.067065
0.040141
0.075136
0.037779
0.015018
0.033183
0.079943
0.123746
0.161936
0.200155
0.238401
0.276675
0.314974
0.353298
0.391645
0.430015
0.468407
0.506820
0.545253
0.583706
0.622178
0.660668
0.699175
0.737700
0.776240
0.814796
0.853367
0.891952
0.930552
0.969165
1.004505
1.040331
1.079048
1.071331
1.039372
1.036829
1.075019
1.088894
1.131373
1.106366
1.068303
1.030163
0.992046
0.953954
0.915887
0.877846
0.839832
0.801846
0.763889
0.725961
0.688064
0.650200
0.612368
0.574571
0.536809
0.499085
0.461399
0.423753
0.386148
0.348586
0.311071
0.273603
0.236183
0.198815
0.161499
0.124238
0.087035
0.049891
0.018403
-0.011561
-0.055370
-0.098027
-0.134828
-0.171550
-0.208190
-0.244744
-0.269230
-0.303242
-0.339271
-0.375187
-0.410979
-0.446647
-0.484545
-0.533480
-0.569023
-0.604421
-0.639667
-0.667823
-0.692214
-0.726604
-0.760791
-0.786367
-0.826657
-0.867297
-0.901564
-0.935600
-0.969388
-1.020316
-1.055833
-1.089080
-1.077303
-1.099834
-1.152913
-1.202289
-1.232950
-1.250674
-1.279541
-1.318638
-1.336580
-1.370416
-1.422148
-1.464725
-1.500578
-1.536170
-1.571470
-1.606445
-1.641056
-1.675255
-1.708991
-1.721277
-1.752942
-1.786443
-1.833831
-1.837367
-1.843795
-1.869370
-1.896050
-1.936275
-1.977761
-1.984505
-1.970280
-1.972211
-1.962239
-1.960714
-1.968318
-1.942835
-1.937681
-1.936716
-1.933031
-1.926144
-1.881492
-1.870649
-1.857594
-1.842458
-1.833939
-1.838495
-1.817000
-1.793979
-1.769577
-1.743928
-1.731855
-1.714765
-1.685166
-1.654782
-1.606311
-1.569937
-1.538397
-1.506310
-1.473726
-1.440311
-1.387597
-1.354348
-1.320734
-1.286784
-1.252527
-1.217987
-1.183185
-1.148143
-1.112878
-1.069103
-1.026035
-0.990568
-0.954921
-0.919105
-0.883132
-0.847012
-0.822676
-0.787761
-0.750973
-0.713774
-0.664503
-0.627670
-0.590743
-0.553726
-0.516626
-0.479447
-0.442192
-0.404866
-0.362079
-0.318795
-0.274816
-0.225202
-0.199132
-0.211056
-0.189882
-0.153202
-0.104925
-0.066673
-0.017001
0.033403
0.069889
0.106454
0.143094
0.179807
0.216590
0.253439
0.290353
0.327328
0.364362
0.401453
0.438599
0.475798
0.513048
0.550346
0.596675
0.636442
0.673743
0.711089
0.748480
0.785914
0.823389
0.860904
0.898456
0.936046
0.973671
1.011331
1.053017
1.097037
1.134687
1.172370
1.210084
1.247829
1.285603
1.323406
1.361237
1.399095
1.436980
1.474890
1.512825
1.541653
1.579722
1.611504
1.602476
1.593804
1.585489
1.565028
1.533289
1.512768
1.474254
1.435754
1.397268
1.358796
1.320339
1.281898
1.243472
1.205063
1.166670
1.128295
1.089938
1.051251
1.011808
1.043637
1.082139
1.120656
1.159187
1.197732
1.236292
1.274864
1.313450
1.348591
1.384381
1.419274
1.455948
1.494708
1.533477
1.567751
1.568051
1.563154
