1.643493
1.609157
1.574823
1.540490
1.506160
1.471417
1.434354
1.434323
1.466477
1.500693
1.514279
1.479881
1.444286
1.410588
1.409341
1.408319
1.407570
1.378384
1.359040
1.393743
1.386605
1.352156
1.318469
1.284507
1.250069
1.215632
1.181383
1.148291
1.115507
1.083003
1.082226
1.084839
1.087835
1.114314
1.147859
1.113613
1.079370
1.045131
1.010897
0.975887
0.937951
0.902187
0.867907
0.837385
0.805588
0.771387
0.737193
0.702481
0.664255
0.628069
0.593823
0.563342
0.532147
0.497996
0.463853
0.429714
0.395587
0.363714
0.334813
0.334270
0.331055
0.291173
0.254732
0.220757
0.186802
0.152855
0.118923
0.085007
0.051100
0.017215
-0.016657
-0.050515
-0.084349
-0.116246
-0.142885
-0.174062
-0.207653
-0.241202
-0.274731
-0.308232
-0.341694
-0.375135
-0.408531
-0.441894
-0.475232
-0.499404
-0.526261
-0.559191
-0.584067
-0.606984
-0.639393
-0.671740
-0.704022
-0.736181
-0.768284
-0.800272
-0.823214
-0.840272
-0.825346
-0.822382
-0.836707
-0.849267
-0.864355
-0.893395
-0.922226
-0.950891
-0.959857
-0.973999
-1.001157
-1.027941
-1.054520
-1.080576
-1.106331
-1.131756
-1.135245
-1.140967
-1.164177
-1.169894
-1.165701
-1.186370
-1.206633
-1.226281
-1.221926
-1.215442
-1.232103
-1.230901
-1.215025
-1.196588
-1.197847
-1.242037
-1.262736
-1.270443
-1.246104
-1.252345
-1.293378
-1.275496
-1.254926
-1.258998
-1.283371
-1.320040
-1.286447
-1.265523
-1.264703
-1.262625
-1.259921
-1.255850
-1.269109
-1.297261
-1.261655
-1.230487
-1.221760
-1.212028
-1.201741
-1.190156
-1.177959
-1.165035
-1.151041
-1.136573
-1.121167
-1.105069
-1.088523
-1.070913
-1.052915
-1.034286
-1.014940
-0.995241
-0.974783
-0.967855
-0.973090
-0.952908
-0.930014
-0.906621
-0.866067
-0.818876
-0.794811
-0.770487
-0.745842
-0.720748
-0.695456
-0.669767
-0.643798
-0.617641
-0.591055
-0.564312
-0.537311
-0.525246
-0.515429
-0.487228
-0.458864
-0.430348
-0.401567
-0.367421
-0.319752
-0.296690
-0.285847
-0.273405
-0.260253
-0.246173
-0.218476
-0.190684
-0.174514
-0.141003
-0.095213
-0.079187
-0.053087
-0.006784
0.028051
0.053268
0.038171
0.039269
0.056290
0.086264
0.121603
0.166944
0.173641
0.160050
0.147063
0.131644
0.112905
0.072874
0.033889
0.021027
0.027160
0.047379
0.079353
0.108185
0.129973
0.159797
0.191610
0.214838
0.247661
0.290353
0.324590
0.357651
0.390753
0.430070
0.472827
0.515872
0.545559
0.556164
0.576071
0.598545
0.621831
0.626888
0.617796
0.577598
0.535763
0.494156
0.500922
0.527783
0.561504
0.595238
0.628985
0.662754
0.698260
0.738986
0.758682
0.766502
0.792698
0.824818
0.865803
0.895421
0.923137
0.956910
0.987173
1.014585
1.048081
1.082002
1.115934
1.154161
1.193666
1.227538
1.261418
1.295307
1.266163
1.242570
1.271135
1.303123
1.336975
1.332139
1.340818
1.370696
1.374555
1.370856
1.367578
1.345995
1.308858
1.303916
1.312370
1.344992
1.354168
1.355546
1.389236
1.423162
1.457365
1.462938
1.471110
1.506287
1.520724
1.521937
1.489425
1.482921
1.519498
1.502023
1.468055
1.436428
1.405110
1.374066
1.340077
1.305809
1.271545
1.239973
1.214103
1.252703
1.258705
1.224573
1.190449
1.157436
1.128461
1.096461
1.062440
1.028433
0.994432
0.960440
0.926459
0.892485
0.858524
0.824572
0.790628
0.756701
0.722780
0.688873
0.654978
0.621092
0.587225
0.553368
0.519523
0.485697
0.451881
0.418084
0.384302
0.350531
0.323943
0.309802
0.317829
0.350950
0.392953
0.435256
0.444260
0.420883
0.389010
0.356112
0.323258
0.290446
0.258131
0.236630
0.210479
0.178058
0.145707
0.113389
0.081145
0.048958
0.016811
-0.015236
-0.047241
-0.079174
-0.111021
-0.144313
-0.189314
-0.227803
-0.259670
-0.279152
-0.300484
-0.331740
-0.362887
-0.393971
-0.424881
-0.436234
-0.419970
-0.427754
-0.447288
-0.492321
-0.529893
-0.561740
-0.593442
-0.629626
-0.674789
-0.710336
-0.742071
-0.773648
-0.805132
-0.836517
-0.867718
-0.894820
-0.909848
-0.934488
-0.964629
-0.994460
-1.024149
-1.053630
-1.082807
-1.115063
-1.162661
-1.188993
-1.198247
-1.224768
-1.252231
-1.279291
-1.321447
-1.367930
-1.394469
-1.420633
-1.446379
-1.491785
-1.534736
-1.559627
-1.583826
-1.607598
-1.630110
-1.652051
-1.673109
-1.692880
-1.711979
-1.729497
-1.745862
-1.761260
-1.774468
-1.786695
-1.797133
-1.805619
-1.813014
-1.817664
-1.820888
-1.822450
-1.821369
-1.811301
-1.772707
-1.753482
-1.746460
-1.736828
-1.726255
-1.714165
-1.700350
-1.685698
-1.669297
-1.651911
-1.633659
-1.613891
-1.593543
-1.572165
-1.549896
-1.527137
-1.503304
-1.479013
-1.454164
-1.428566
-1.402646
-1.376107
-1.349146
-1.321907
-1.294055
-1.265990
-1.237578
-1.194530
-1.149325
-1.120661
-1.091772
-1.062678
-1.033233
-0.998620
-0.951351
-0.915962
-0.886347
-0.856434
-0.826395
-0.796195
-0.765779
-0.735267
-0.704564
-0.682324
-0.665940
-0.621014
-0.575262
-0.529355
-0.528735
-0.536048
-0.489352
-0.451005
-0.420686
-0.390179
-0.359597
-0.328874
-0.298031
-0.267118
-0.236045
-0.204903
-0.173672
-0.142321
-0.110914
-0.079397
-0.047805
-0.016158
0.015605
0.047412
0.079294
0.111254
0.143255
0.175344
0.207481
0.239666
0.271929
0.304226
0.336584
0.368995
0.401435
0.433949
0.466493
0.499078
0.531717
0.564381
0.597098
0.629850
0.662627
0.695460
0.728314
0.761204
0.794132
0.827080
0.860072
0.897938
0.940929
0.927091
0.918855
0.951569
0.984317
1.015382
0.972145
0.955864
0.978997
1.010025
1.043159
1.076328
1.067427
1.025123
1.014524
1.016984
1.042457
1.026090
0.991816
0.950594
0.925601
0.918460
0.940926
0.971381
1.011661
1.047885
1.081631
1.109280
1.139417
1.173364
1.207324
1.241289
1.275267
1.306338
1.334996
1.364264
1.395098
1.429258
1.460527
1.490885
1.525118
1.559355
1.593595
1.627839
1.645331
1.607516
1.607516
1.818277
1.780507
1.743032
1.707563
1.670366
1.634853
1.597835
1.561091
1.528029
1.527310
1.531146
1.566493
1.591942
1.556863
1.521537
1.486898
1.452584
1.433032
1.462559
1.456556
1.432029
1.425828
1.402826
1.406163
1.399675
1.368427
1.348520
1.341813
1.309946
1.274856
1.239773
1.204697
1.169628
1.134566
1.099512
1.064465
1.029427
0.996932
0.965048
0.932977
0.901272
0.866397
0.831534
0.796683
0.761845
0.727021
0.692209
0.657412
0.626736
0.594959
0.560284
0.525627
0.490987
0.456367
0.421765
0.387184
0.352624
0.323755
0.291835
0.257441
0.223073
0.188733
0.154420
0.127197
0.095211
0.053641
0.017475
-0.008780
-0.040974
-0.074923
-0.108831
-0.133475
-0.165681
-0.199300
-0.222435
-0.183775
-0.210001
-0.231313
-0.220197
-0.250492
-0.269607
-0.255998
-0.301897
-0.334140
-0.349273
-0.395509
-0.427394
-0.445070
-0.459613
-0.443720
-0.431728
-0.463017
-0.494174
-0.522944
-0.538492
-0.566129
-0.577526
-0.582656
-0.571922
-0.596856
-0.604643
-0.616157
-0.638674
-0.643416
-0.653075
-0.672902
-0.674466
-0.667488
-0.657527
-0.673671
-0.680172
-0.703623
-0.726698
-0.739213
-0.744119
-0.754468
-0.758317
-0.778642
-0.798500
-0.817876
-0.836754
-0.840904
-0.842432
-0.859416
-0.891607
-0.923100
-0.921819
-0.921596
-0.935622
-0.949008
-0.961738
-0.973799
-0.985173
-0.995848
-1.005809
-1.015042
-1.023535
-1.031277
-1.015009
-0.982259
-0.999557
-1.015257
-1.019778
-1.023518
-1.052581
-1.063621
-1.065020
-1.065605
-1.065375
-1.064329
-1.062471
-1.059802
-1.056327
-1.081763
-1.051552
-1.041124
-1.034489
-1.027087
-1.050066
-1.043807
-1.033962
-1.065319
-1.109020
-1.143366
-1.177294
-1.211147
-1.244917
-1.278292
-1.300392
-1.332899
-1.353328
-1.385881
-1.418267
-1.448926
-1.466769
-1.498115
-1.529207
-1.557301
-1.564233
-1.544567
-1.524097
-1.502868
-1.480923
-1.458303
-1.435046
-1.417306
-1.411667
-1.386208
-1.366718
-1.356714
-1.329397
-1.301688
-1.266644
-1.231256
-1.216449
-1.194472
-1.177256
-1.154270
-1.134853
-1.104036
-1.073018
-1.041812
-1.010428
-0.978877
-0.947169
-0.915311
-0.875775
-0.828347
-0.780775
-0.749846
-0.725142
-0.693039
-0.652434
-0.613964
-0.581760
-0.557954
-0.530883
-0.489585
-0.451925
-0.419233
-0.395128
-0.366434
-0.333312
-0.308551
-0.278694
-0.245206
-0.203161
-0.157860
-0.130473
-0.099671
-0.066069
-0.032416
-0.034577
-0.017312
-0.021427
-0.002077
0.023408
0.056651
0.091114
0.125603
0.160116
0.194653
0.229212
0.263794
0.305886
0.348612
0.391568
0.434744
0.469165
0.511782
0.521936
0.556104
0.590301
0.624525
0.658775
0.693051
0.727351
0.761676
0.796023
0.831625
0.873436
0.907764
0.942115
0.976488
1.010881
1.043536
1.071563
1.106092
1.140638
1.175200
1.209779
1.244375
1.278985
1.313611
1.345900
1.361796
1.354855
1.360651
1.389267
1.404992
1.399381
1.394077
1.403708
1.419141
1.414801
1.394829
1.372193
1.368750
1.348372
1.345557
1.360305
1.339568
1.340246
1.336063
1.299835
1.263146
1.247462
1.267977
1.281593
1.303610
1.339027
1.374428
1.409988
1.445496
1.481262
1.516857
1.527887
1.503489
1.495118
1.470510
1.463622
1.465839
1.495784
1.506101
1.480982
1.477769
1.452493
1.450780
1.418043
1.382235
1.350708
1.316016
1.280838
1.249909
1.215158
1.180039
1.140393
1.105031
1.069886
1.034748
0.999616
0.964490
0.929372
0.894464
0.864285
0.829239
0.794203
0.759175
0.724156
0.689146
0.654147
0.619971
0.596215
0.596043
0.561210
0.525181
0.485044
0.450180
0.415330
0.380495
0.347374
0.319710
0.301868
0.309876
0.318291
0.327111
0.336332
0.334836
0.322427
0.332945
0.323616
0.287207
0.277664
0.302548
0.342909
0.348063
0.314639
0.286765
0.260164
0.233146
0.213383
0.194378
0.176146
0.158703
0.133744
0.093447
0.054650
0.031743
0.006732
-0.024779
-0.056187
-0.087488
-0.118677
-0.149751
-0.180704
-0.211532
-0.242231
-0.272794
-0.303218
-0.333495
-0.363621
-0.393589
-0.437729
-0.472197
-0.501919
-0.515801
-0.540820
-0.569691
-0.598352
-0.626793
-0.655004
-0.682975
-0.710696
-0.738156
-0.765342
-0.792243
-0.818846
-0.867182
-0.894949
-0.920935
-0.922623
-0.946888
-0.996682
-1.021204
-1.045260
-1.068876
-1.092029
-1.114699
-1.136863
-1.158498
-1.179580
-1.200084
-1.219985
-1.243186
-1.287764
-1.306106
-1.323730
-1.340606
-1.356704
-1.371994
-1.386445
-1.400027
-1.412711
-1.424467
-1.435269
-1.445088
-1.453901
-1.461684
-1.468415
-1.474077
-1.478653
-1.482129
-1.484496
-1.485747
-1.485878
-1.484889
-1.482782
-1.479563
-1.475243
-1.469834
-1.463351
-1.455813
-1.447239
-1.437653
-1.427080
-1.415544
-1.403075
-1.389701
-1.375452
-1.360356
-1.344445
-1.327750
-1.310299
-1.292124
-1.273254
-1.253718
-1.233544
-1.212760
-1.191393
-1.169469
-1.147013
-1.124049
-1.100601
-1.076690
-1.052338
-1.027566
-1.002392
-0.976836
-0.950915
-0.924645
-0.898044
-0.871127
-0.843907
-0.816398
-0.788614
-0.760568
-0.732270
-0.703732
-0.674965
-0.645979
-0.616783
-0.587387
-0.557799
-0.528027
-0.498079
-0.467867
-0.419374
-0.389191
-0.358854
-0.328369
-0.297742
-0.265630
-0.218807
-0.188008
-0.157084
-0.126038
-0.094875
-0.063600
-0.032216
-0.000728
0.030861
0.062547
0.094327
0.126197
0.158154
0.190196
0.222320
0.254522
0.286800
0.319152
0.351575
0.384066
0.416625
0.449248
0.481933
0.514679
0.547484
0.580346
0.608105
0.633569
0.666719
0.694606
0.721197
0.754604
0.782625
0.810248
0.843886
0.872049
0.895193
0.882644
0.875760
0.900323
0.905900
0.917064
0.943116
0.948753
0.941100
0.955632
0.987818
1.022603
1.053018
1.090155
1.127033
1.161867
1.192185
1.225330
1.260255
1.290788
1.328792
1.365084
1.368093
1.390473
1.424489
1.459562
1.461257
1.486158
1.516910
1.551539
1.552212
1.548445
1.576898
1.609086
1.644199
1.679538
1.714878
1.750221
1.785565
