1.648482
1.610089
1.572640
1.537469
1.500633
1.462620
1.486928
1.519936
1.553417
1.554370
1.517823
1.508375
1.505858
1.470301
1.434922
1.399883
1.387635
1.388425
1.389704
1.382903
1.347637
1.313349
1.279983
1.247108
1.214105
1.178912
1.144948
1.112878
1.078704
1.043569
1.008440
0.974364
0.943106
0.909705
0.874653
0.843560
0.812441
0.777488
0.742540
0.707600
0.672669
0.637742
0.602828
0.567920
0.533021
0.498132
0.463248
0.428380
0.393517
0.358667
0.323827
0.288996
0.259124
0.230105
0.195447
0.160799
0.126168
0.091557
0.056956
0.022385
-0.012176
-0.046711
-0.076890
-0.103421
-0.071836
-0.038979
-0.073102
-0.107202
-0.141269
-0.175294
-0.209300
-0.243244
-0.274004
-0.297402
-0.326828
-0.360363
-0.383279
-0.398663
-0.385960
-0.400921
-0.446658
-0.482566
-0.514657
-0.533712
-0.562378
-0.608730
-0.646132
-0.678606
-0.710920
-0.743181
-0.775298
-0.799043
-0.815172
-0.829579
-0.840085
-0.822010
-0.823240
-0.853141
-0.868899
-0.878457
-0.885712
-0.892269
-0.897116
-0.885742
-0.862328
-0.902436
-0.948471
-0.974360
-0.988530
-0.988530
-0.969228
-0.943317
-0.916866
-0.906708
-0.929426
-0.968965
-1.018629
-1.042744
-1.058293
-1.050304
-1.056103
-1.075528
-1.094185
-1.112556
-1.129992
-1.134911
-1.119549
-1.102526
-1.084702
-1.096690
-1.109366
-1.121150
-1.113459
-1.090044
-1.064880
-1.047721
-1.082084
-1.119820
-1.161992
-1.178310
-1.184789
-1.189883
-1.194530
-1.198186
-1.200965
-1.203166
-1.204053
-1.204510
-1.203775
-1.202333
-1.200131
-1.169640
-1.130871
-1.091102
-1.076019
-1.104642
-1.087123
-1.045176
-1.034838
-1.025984
-1.016202
-1.005788
-0.994820
-1.010034
-1.026711
-1.013043
-0.998930
-0.984179
-0.968700
-0.952915
-0.936146
-0.919102
-0.901393
-0.883164
-0.864564
-0.845226
-0.825647
-0.805405
-0.784814
-0.763817
-0.742282
-0.720540
-0.698158
-0.675559
-0.652543
-0.660728
-0.686993
-0.689940
-0.679857
-0.629933
-0.592655
-0.567438
-0.542631
-0.515462
-0.465538
-0.425270
-0.400073
-0.374565
-0.348915
-0.322846
-0.302814
-0.299193
-0.282261
-0.254960
-0.227360
-0.199660
-0.171680
-0.143563
-0.115272
-0.086765
-0.058173
-0.029311
-0.006592
0.003043
0.036702
0.085563
0.116993
0.146643
0.176472
0.206404
0.236443
0.252693
0.266551
0.297290
0.328092
0.359001
0.390017
0.421087
0.468163
0.507769
0.522544
0.537975
0.553960
0.583221
0.613289
0.630818
0.660565
0.707177
0.710395
0.696342
0.715318
0.738417
0.771194
0.796607
0.816939
0.859508
0.900613
0.921495
0.948208
0.981486
1.014813
1.043765
0.998996
0.977814
1.000605
0.980484
0.936434
0.956186
0.980582
1.005664
1.035509
1.069740
1.069373
1.064815
1.091580
1.104824
1.097738
1.115088
1.143298
1.177968
1.201452
1.195649
1.210112
1.239801
1.239826
1.235263
1.231154
1.227289
1.223722
1.220560
1.217557
1.215081
1.224366
1.257702
1.269483
1.268126
1.267265
1.273874
1.308904
1.344070
1.379372
1.414879
1.444361
1.409063
1.373765
1.338468
1.303717
1.269234
1.303331
1.340078
1.377185
1.395174
1.397540
1.370700
1.343292
1.346752
1.350437
1.354423
1.358787
1.362712
1.327739
1.292769
1.257806
1.226010
1.196322
1.162014
1.128274
1.099419
1.087528
1.094067
1.127700
1.164367
1.129829
1.095299
1.060785
1.021526
0.979721
0.944734
0.911948
0.884952
0.849961
0.807868
0.778451
0.750887
0.716549
0.682225
0.647921
0.619863
0.594467
0.560453
0.526401
0.492383
0.458393
0.424424
0.390500
0.358317
0.334862
0.327233
0.338289
0.324908
0.304955
0.317507
0.319281
0.299877
0.272242
0.239776
0.207416
0.172020
0.125563
0.093654
0.075786
0.084401
0.095130
0.063478
0.031887
0.000393
-0.019583
-0.034149
-0.064517
-0.095264
-0.125862
-0.156340
-0.186723
-0.232442
-0.278203
-0.308513
-0.338715
-0.368780
-0.398652
-0.428446
-0.457966
-0.493626
-0.542542
-0.591406
-0.640236
-0.653652
-0.666966
-0.695655
-0.734407
-0.783711
-0.816724
-0.846722
-0.896119
-0.937727
-0.965892
-0.993743
-1.021432
-1.048629
-1.075662
-1.102269
-1.128545
-1.154536
-1.179968
-1.205195
-1.229779
-1.254028
-1.277810
-1.300970
-1.323872
-1.345822
-1.367464
-1.388373
-1.408614
-1.428390
-1.473697
-1.517069
-1.535087
-1.567085
-1.615009
-1.638494
-1.654182
-1.668213
-1.681592
-1.693739
-1.704603
-1.714743
-1.722904
-1.730424
-1.736224
-1.740839
-1.744350
-1.745967
-1.750546
-1.784589
-1.803645
-1.799887
-1.794444
-1.788242
-1.746301
-1.712643
-1.702504
-1.691224
-1.679076
-1.665307
-1.646181
-1.599033
-1.565550
-1.548993
-1.531356
-1.513294
-1.493930
-1.483247
-1.490559
-1.479378
-1.456783
-1.433261
-1.409462
-1.384930
-1.359984
-1.334620
-1.308660
-1.280577
-1.230744
-1.200187
-1.201654
-1.185211
-1.159893
-1.133927
-1.107780
-1.081172
-1.054256
-1.027084
-0.999477
-0.971725
-0.943560
-0.915210
-0.886609
-0.857720
-0.828713
-0.799342
-0.769866
-0.740154
-0.699073
-0.650339
-0.618425
-0.588526
-0.558392
-0.528130
-0.497729
-0.453546
-0.405222
-0.356789
-0.314790
-0.284480
-0.254021
-0.223480
-0.176303
-0.132199
-0.101601
-0.070896
-0.040096
-0.009139
0.021872
0.053042
0.084280
0.115619
0.147069
0.178567
0.210214
0.246305
0.293593
0.340965
0.388397
0.421975
0.453502
0.485144
0.516846
0.548619
0.569458
0.587249
0.619508
0.651802
0.684166
0.716592
0.749055
0.781606
0.814184
0.846833
0.879525
0.912260
0.945061
0.977885
1.010781
1.043706
1.076676
1.101507
1.122463
1.155387
1.185731
1.207835
1.230426
1.253406
1.228234
1.194512
1.160833
1.122582
1.078391
1.034385
0.991157
0.981498
0.982734
1.007815
1.038446
1.072677
1.106937
1.141208
1.175504
1.172558
1.130098
1.141616
1.168581
1.196273
1.226511
1.261199
1.295898
1.330605
1.359573
1.389732
1.424561
1.459396
1.494238
1.524692
1.554315
1.584509
1.614964
1.645785
1.645785
1.536995
1.502276
1.467558
1.432842
1.398126
1.363363
1.326780
1.315947
1.349372
1.333830
1.301891
1.336401
1.343634
1.308857
1.274079
1.239323
1.204821
1.199725
1.235313
1.218381
1.184859
1.150122
1.116272
1.083527
1.047647
1.011178
0.976444
0.942698
0.910061
0.875751
0.841490
0.809585
0.812423
0.850405
0.827499
0.792291
0.754254
0.719841
0.688732
0.654637
0.620078
0.585525
0.553390
0.523243
0.489264
0.454819
0.420384
0.389042
0.359990
0.326132
0.291843
0.257568
0.223307
0.189055
0.161042
0.131582
0.097525
0.063490
0.029466
-0.004522
-0.038498
-0.072447
-0.106370
-0.140279
-0.165758
-0.193936
-0.227539
-0.261101
-0.294641
-0.328116
-0.361564
-0.394967
-0.428314
-0.461137
-0.483534
-0.509980
-0.542813
-0.575560
-0.607345
-0.627112
-0.657429
-0.702692
-0.738150
-0.769049
-0.787103
-0.811053
-0.842520
-0.861248
-0.872436
-0.855388
-0.837905
-0.819923
-0.855105
-0.900224
-0.929751
-0.959089
-0.988231
-1.000010
-1.007840
-1.013422
-1.029722
-1.056024
-1.081778
-1.102280
-1.102280
-1.115004
-1.138433
-1.137065
-1.138254
-1.159117
-1.162795
-1.153454
-1.169023
-1.178902
-1.164776
-1.167927
-1.182845
-1.166179
-1.155881
-1.167576
-1.178393
-1.188674
-1.164930
-1.149622
-1.156590
-1.162585
-1.168047
-1.171991
-1.175401
-1.177766
-1.179072
-1.179340
-1.143807
-1.108554
-1.073807
-1.086006
-1.117032
-1.113274
-1.108954
-1.103723
-1.097446
-1.090676
-1.082590
-1.073944
-1.064488
-1.054039
-1.043142
-1.031089
-1.018505
-1.005231
-0.991052
-0.976480
-0.960930
-0.944894
-0.928290
-0.910885
-0.893148
-0.874603
-0.855627
-0.836193
-0.816067
-0.795664
-0.774607
-0.753173
-0.731377
-0.708990
-0.686375
-0.663237
-0.626129
-0.576994
-0.593387
-0.613157
-0.613157
-0.598859
-0.573472
-0.526585
-0.477446
-0.428304
-0.421847
-0.445165
-0.443048
-0.432727
-0.405571
-0.378186
-0.350657
-0.322794
-0.294818
-0.266613
-0.238212
-0.209701
-0.199563
-0.183366
-0.153900
-0.124274
-0.094714
-0.081990
-0.063035
-0.032536
0.009527
0.055591
0.069941
0.084833
0.100621
0.117410
0.136326
0.182250
0.222471
0.254221
0.286060
0.314020
0.300541
0.301241
0.320876
0.341436
0.363623
0.396508
0.429427
0.462385
0.495397
0.528433
0.561525
0.594646
0.627800
0.625396
0.620878
0.644928
0.673809
0.707412
0.741051
0.773131
0.798525
0.828420
0.862281
0.896169
0.930068
0.963989
0.997927
1.031876
1.065850
1.099832
1.133834
1.163840
1.190993
1.218845
1.248453
1.282721
1.271754
1.231769
1.224884
1.209744
1.170598
1.153660
1.149483
1.145845
1.142395
1.139322
1.159555
1.191751
1.226460
1.260525
1.293366
1.327512
1.362216
1.395662
1.416421
1.415643
1.440018
1.472666
1.472922
1.473380
1.474147
1.449633
1.416213
1.383312
1.379957
1.417003
1.399224
1.364544
1.329867
1.295192
1.260518
1.228237
1.205816
1.243953
1.247618
1.213050
1.178487
1.143926
1.109372
1.074821
1.040273
1.005733
0.972015
0.941943
0.948413
0.987829
1.022880
1.051194
1.056633
1.081256
1.121468
1.156338
1.184000
1.190342
1.173306
1.139172
1.105057
1.070950
1.036859
1.039961
1.067506
1.030919
0.992354
0.958074
0.923804
0.889541
0.855295
0.823098
0.795393
0.768250
0.741403
0.700136
0.658959
0.618037
0.581734
0.547594
0.513479
0.479373
0.445284
0.411215
0.377526
0.351076
0.321737
0.287893
0.260388
0.240271
0.283018
0.294021
0.260581
0.234924
0.210744
0.177638
0.144566
0.111534
0.078564
0.045622
0.012753
-0.020074
-0.052854
-0.085555
-0.118223
-0.150804
-0.183331
-0.215801
-0.248173
-0.282789
-0.327848
-0.359485
-0.378740
-0.408930
-0.440837
-0.472617
-0.477075
-0.458812
-0.496857
-0.541930
-0.586739
-0.624558
-0.657144
-0.689600
-0.716870
-0.729080
-0.760425
-0.804649
-0.838261
-0.871153
-0.903947
-0.936648
-0.969292
-1.001774
-1.034193
-1.066483
-1.089328
-1.107076
-1.138216
-1.169367
-1.200312
-1.231018
-1.261896
-1.309050
-1.350233
-1.380761
-1.410970
-1.441020
-1.470565
-1.499874
-1.528807
-1.557220
-1.585381
-1.612762
-1.639740
-1.666137
-1.691662
-1.716771
-1.740640
-1.763802
-1.786055
-1.783933
-1.772334
-1.742144
-1.733113
-1.748656
-1.762280
-1.775054
-1.785589
-1.794740
-1.802440
-1.807644
-1.811801
-1.813378
-1.813333
-1.811756
-1.836763
-1.858718
-1.850292
-1.840218
-1.828740
-1.814809
-1.799992
-1.783244
-1.765254
-1.746313
-1.700520
-1.658822
-1.637566
-1.615441
-1.592717
-1.568795
-1.544480
-1.519354
-1.493625
-1.467522
-1.440599
-1.413418
-1.385714
-1.344527
-1.295876
-1.267458
-1.232655
-1.184142
-1.154141
-1.133199
-1.105469
-1.077556
-1.049308
-1.020733
-0.991999
-0.962857
-0.933569
-0.904042
-0.874264
-0.844367
-0.814173
-0.783861
-0.753377
-0.722694
-0.691923
-0.660931
-0.623141
-0.576375
-0.541796
-0.510773
-0.479565
-0.448271
-0.416872
-0.396506
-0.376877
-0.344790
-0.306210
-0.260675
-0.226274
-0.194217
-0.162050
-0.129820
-0.097530
-0.065143
-0.034999
-0.014338
0.012848
0.045717
0.078659
0.109354
0.131969
0.160583
0.193905
0.236298
0.263634
0.241344
0.251439
0.284395
0.317418
0.350466
0.383564
0.416702
0.449866
0.483088
0.516330
0.549613
0.582931
0.616269
0.649658
0.683064
0.716503
0.749974
0.783461
0.816992
0.850537
0.884110
0.917711
0.951325
0.984977
1.018642
1.052330
1.086042
1.119767
1.153523
1.187291
1.221078
1.249105
1.275186
1.301970
1.302873
1.268802
1.229475
1.189294
1.155160
1.121035
1.086922
1.052827
1.019728
0.992986
0.962820
0.928898
0.888796
0.847386
0.806276
0.782560
0.776038
0.799028
0.828547
0.862891
0.897244
0.931603
0.961657
0.993183
1.032529
1.069131
1.103530
1.137940
1.172354
1.206777
1.241206
1.275639
1.305923
1.317750
1.279189
1.261878
1.258364
1.255358
1.262611
1.294883
1.328698
1.363411
1.398126
1.432842
1.467558
1.467558
