1.551691
1.517339
1.481993
1.445524
1.441751
1.426236
1.390641
1.385668
1.385117
1.384878
1.385030
1.395265
1.430399
1.413858
1.380370
1.345971
1.312767
1.280178
1.248045
1.238018
1.240805
1.244033
1.227951
1.197317
1.163126
1.131191
1.101405
1.067376
1.033272
0.999172
0.965083
0.933031
0.904167
0.870904
0.836925
0.802957
0.769000
0.735051
0.701114
0.671788
0.642840
0.609045
0.575265
0.541496
0.507747
0.474013
0.440291
0.406593
0.372911
0.339426
0.313502
0.283860
0.250399
0.216976
0.183572
0.150191
0.116850
0.083530
0.050238
0.016988
-0.016237
-0.049427
-0.082574
-0.115693
-0.148767
-0.174414
-0.199033
-0.231736
-0.264385
-0.296994
-0.329524
-0.361996
-0.393601
-0.413542
-0.439892
-0.471794
-0.503560
-0.528511
-0.545922
-0.532720
-0.536624
-0.567321
-0.583179
-0.596422
-0.608465
-0.595380
-0.576662
-0.557452
-0.574320
-0.602423
-0.630267
-0.657856
-0.681564
-0.686824
-0.705432
-0.728964
-0.731125
-0.746271
-0.769659
-0.768553
-0.766306
-0.762995
-0.736634
-0.731792
-0.752966
-0.747458
-0.761752
-0.809621
-0.807277
-0.806378
-0.824007
-0.840943
-0.857464
-0.873328
-0.888488
-0.903194
-0.917119
-0.930340
-0.943068
-0.954882
-0.966003
-0.976596
-0.986137
-1.013768
-1.054625
-1.062021
-1.068770
-1.074869
-1.079684
-1.068844
-1.037945
-1.036875
-1.038360
-1.039022
-1.038564
-1.037485
-1.035502
-1.032489
-1.028864
-1.024272
-1.018754
-1.012640
-1.005516
-0.997579
-0.989072
-0.979531
-0.969294
-0.958517
-0.946703
-0.951412
-0.969783
-0.955396
-0.925800
-0.879731
-0.862345
-0.846103
-0.829335
-0.837716
-0.838330
-0.819366
-0.855646
-0.897693
-0.926151
-0.954302
-0.977234
-0.983584
-1.004151
-1.030556
-1.056506
-1.082069
-1.107343
-1.132036
-1.141484
-1.141321
-1.163785
-1.199842
-1.248320
-1.269943
-1.277778
-1.269777
-1.242334
-1.220149
-1.207988
-1.180014
-1.149571
-1.118921
-1.075590
-1.033627
-1.002965
-0.972111
-0.941141
-0.909990
-0.878693
-0.847300
-0.815744
-0.812130
-0.822012
-0.801612
-0.774315
-0.741705
-0.708989
-0.676223
-0.643408
-0.610503
-0.577559
-0.544568
-0.511507
-0.478411
-0.445272
-0.412076
-0.378850
-0.345583
-0.312271
-0.278934
-0.245557
-0.212145
-0.178710
-0.145239
-0.111739
-0.078219
-0.044665
-0.011087
0.022507
0.056134
0.089779
0.123440
0.157131
0.190836
0.224556
0.258303
0.292062
0.325836
0.365723
0.403822
0.437520
0.471240
0.504972
0.538721
0.572488
0.606266
0.640061
0.673871
0.708880
0.749303
0.785389
0.819142
0.852914
0.886698
0.920491
0.954303
0.988125
1.021956
1.055805
1.089662
1.123528
1.157409
1.191298
1.225196
1.259107
1.295112
1.335092
1.370088
1.403951
1.437825
1.471710
1.505603
1.539506
1.569501
1.592341
1.587123
1.560644
1.525225
1.520841
1.516717
1.512806
1.509335
1.523575
1.554881
1.519457
1.498178
1.496088
1.462851
1.453648
1.486887
1.491050
1.501737
1.535934
1.570496
1.605091
1.639518
1.673945
1.694446
1.660690
1.627250
1.603884
1.639850
1.655010
1.654232
1.622361
1.589138
1.554817
1.520498
1.486181
1.451866
1.420526
1.389553
1.358904
1.321754
1.285212
1.250955
1.216703
1.183632
1.153216
1.119872
1.085691
1.051515
1.017345
0.984034
0.954477
0.918895
0.881308
0.851917
0.822954
0.798643
0.838452
0.860437
0.866728
0.839978
0.813602
0.787646
0.762464
0.733966
0.700652
0.659770
0.617974
0.576383
0.548276
0.520775
0.487467
0.461205
0.437408
0.414363
0.437596
0.468190
0.435496
0.395974
0.353685
0.320925
0.288201
0.256022
0.234798
0.214155
0.194061
0.162235
0.130265
0.098347
0.066526
0.034756
0.003053
-0.040200
-0.085227
-0.130101
-0.164591
-0.192760
-0.210841
-0.238747
-0.270074
-0.301284
-0.332387
-0.356345
-0.339637
-0.341669
-0.358022
-0.402913
-0.440569
-0.472468
-0.504234
-0.535928
-0.567549
-0.612287
-0.651606
-0.683278
-0.714800
-0.746237
-0.777561
-0.808719
-0.839777
-0.870687
-0.901411
-0.932018
-0.962430
-0.992636
-1.022702
-1.052511
-1.082091
-1.111502
-1.140576
-1.169393
-1.198006
-1.226173
-1.254055
-1.281685
-1.308727
-1.335451
-1.361827
-1.387498
-1.412782
-1.437578
-1.461543
-1.485028
-1.507835
-1.529669
-1.550908
-1.571216
-1.590398
-1.608851
-1.626049
-1.641976
-1.657025
-1.670433
-1.682459
-1.689713
-1.665050
-1.658227
-1.664155
-1.667821
-1.670220
-1.671448
-1.670246
-1.667899
-1.664233
-1.658355
-1.651392
-1.643047
-1.632806
-1.621584
-1.609001
-1.594878
-1.579900
-1.563648
-1.546196
-1.528019
-1.508693
-1.488459
-1.467622
-1.445773
-1.423253
-1.400237
-1.376342
-1.351958
-1.327168
-1.301621
-1.275722
-1.249472
-1.222608
-1.195474
-1.168022
-1.140103
-1.111961
-1.083530
-1.054744
-1.025772
-0.996541
-0.967037
-0.937378
-0.907486
-0.877385
-0.847155
-0.816713
-0.786112
-0.755400
-0.724499
-0.693475
-0.662357
-0.631067
-0.599683
-0.568219
-0.536599
-0.504908
-0.473142
-0.441246
-0.403865
-0.358974
-0.313855
-0.268624
-0.223245
-0.177690
-0.136375
-0.105045
-0.073614
-0.042122
-0.010536
0.021133
0.052856
0.084669
0.116550
0.148478
0.180493
0.212563
0.244676
0.276871
0.309110
0.341388
0.373744
0.406135
0.438566
0.481838
0.521175
0.553550
0.585985
0.618452
0.650963
0.683524
0.716115
0.748749
0.781425
0.814129
0.846874
0.879656
0.912462
0.945310
0.978188
1.011087
1.044029
1.033984
0.991561
0.958517
0.925496
0.892496
0.859540
0.826607
0.793700
0.770565
0.744334
0.711700
0.669743
0.647561
0.670042
0.693249
0.716878
0.741158
0.741550
0.740085
0.765890
0.796951
0.824871
0.817849
0.831823
0.859734
0.893625
0.930921
0.970896
1.004727
1.038566
1.072415
1.106280
1.140153
1.174036
1.207932
1.241836
1.275749
1.309674
1.343606
1.377548
1.380936
1.367227
1.328102
1.313590
1.315309
1.345369
1.378141
1.407747
1.404180
1.421188
1.452594
1.486909
1.486909
1.495626
1.457534
1.431099
1.429687
1.428633
1.427785
1.393253
1.357073
1.320893
1.284713
1.248533
1.212353
1.176104
1.139618
1.103464
1.067591
1.094479
1.131412
1.167576
1.203300
1.238575
1.274587
1.306135
1.307010
1.308147
1.309605
1.311508
1.310322
1.274214
1.239195
1.205795
1.170481
1.134553
1.101916
1.068086
1.032097
0.996112
0.960130
0.928364
0.896888
0.865975
0.857966
0.863593
0.869826
0.865118
0.829549
0.790221
0.748172
0.738640
0.740686
0.771388
0.764179
0.723824
0.687226
0.651286
0.615354
0.579427
0.543505
0.511499
0.480561
0.450464
0.417918
0.382258
0.351705
0.322865
0.295035
0.264278
0.229013
0.193778
0.160382
0.187799
0.190933
0.148356
0.110463
0.074932
0.046822
0.016651
-0.018629
-0.053881
-0.089116
-0.124305
-0.159477
-0.194609
-0.229709
-0.264784
-0.291145
-0.318367
-0.353039
-0.387666
-0.422250
-0.446974
-0.471644
-0.505682
-0.539656
-0.573560
-0.607347
-0.639474
-0.658892
-0.684154
-0.717116
-0.749912
-0.782635
-0.815130
-0.840873
-0.855822
-0.825558
-0.776785
-0.758075
-0.756008
-0.786507
-0.816749
-0.846855
-0.876540
-0.906076
-0.935277
-0.964159
-0.992838
-0.999096
-1.009031
-1.035733
-1.062026
-1.088000
-1.089698
-1.082971
-1.055501
-1.039029
-1.032875
-1.049325
-1.070118
-1.090002
-1.109346
-1.128079
-1.145840
-1.159752
-1.143078
-1.139435
-1.153585
-1.166663
-1.179277
-1.190458
-1.187821
-1.162259
-1.129979
-1.095646
-1.138469
-1.169144
-1.175091
-1.156638
-1.124885
-1.091264
-1.077558
-1.114529
-1.128803
-1.127981
-1.125654
-1.122809
-1.118725
-1.113754
-1.108071
-1.138352
-1.172410
-1.199984
-1.208704
-1.199112
-1.159956
-1.119283
-1.107116
-1.094300
-1.080727
-1.040573
-0.995946
-0.980362
-0.964292
-0.947532
-0.907031
-0.861820
-0.893149
-0.924344
-0.955307
-0.972124
-0.982347
-0.961110
-0.939577
-0.917414
-0.894700
-0.871675
-0.821885
-0.778297
-0.754380
-0.730047
-0.705427
-0.656667
-0.611391
-0.586102
-0.560496
-0.534625
-0.508286
-0.486044
-0.482715
-0.467120
-0.439189
-0.410910
-0.382498
-0.353740
-0.324814
-0.295685
-0.266287
-0.238527
-0.228682
-0.210448
-0.179901
-0.149159
-0.118333
-0.087264
-0.062426
-0.048732
-0.022722
0.009180
0.041275
0.073427
0.105705
0.128325
0.145265
0.177353
0.214265
0.262212
0.301386
0.334286
0.324408
0.317315
0.336994
0.364197
0.397899
0.421046
0.442604
0.465186
0.493575
0.528012
0.562504
0.595730
0.620032
0.648994
0.683813
0.718670
0.752828
0.778653
0.808165
0.843289
0.878440
0.913603
0.948800
0.984009
1.019240
1.054493
1.089756
1.125049
1.160352
1.195675
1.231016
1.266366
1.301742
1.337126
1.372528
1.403900
1.432284
1.467066
1.501302
1.530573
1.541353
1.535582
1.530266
1.525122
1.520430
1.516000
1.511853
1.536927
1.565228
1.562223
1.559454
1.556993
1.554942
1.553064
1.551694
1.564566
1.599925
1.635676
1.670759
1.671025
1.671473
1.672271
1.673419
1.674748
1.676596
1.667986
1.634289
1.623035
1.625996
1.592686
1.557541
1.525108
1.533679
1.573745
1.582500
1.578981
1.543133
1.507290
1.471452
1.440138
1.408041
1.366831
1.328174
1.292371
1.256577
1.220788
1.185010
1.151727
1.121812
1.092507
1.063019
1.027501
0.994799
0.966710
0.939256
0.911840
0.868373
0.827628
0.792353
0.762700
0.736073
0.744181
0.763548
0.808185
0.804917
0.770176
0.735484
0.700811
0.666182
0.631586
0.597017
0.613938
0.624990
0.580428
0.540795
0.505894
0.479473
0.454984
0.431497
0.403003
0.368714
0.334488
0.299118
0.253189
0.217143
0.194921
0.164096
0.130169
0.096342
0.057779
0.011164
-0.026702
-0.060600
-0.094385
-0.123648
-0.143461
-0.120010
-0.072370
-0.102067
-0.135011
-0.167837
-0.200559
-0.233210
-0.219967
-0.217346
-0.264926
-0.312350
-0.359646
-0.382442
-0.395138
-0.379808
-0.388448
-0.420918
-0.466467
-0.505820
-0.487978
-0.499824
-0.547257
-0.583808
-0.617140
-0.650304
-0.683385
-0.716347
-0.749148
-0.781877
-0.814372
-0.846770
-0.878995
-0.911017
-0.942943
-0.974539
-1.006018
-1.037244
-1.068211
-1.099026
-1.147916
-1.192599
-1.223232
-1.253555
-1.283660
-1.313223
-1.342578
-1.371402
-1.399807
-1.427854
-1.455140
-1.482121
-1.508264
-1.533832
-1.558810
-1.582706
-1.606153
-1.628269
-1.649608
-1.669983
-1.688847
-1.707064
-1.723235
-1.738416
-1.752106
-1.763840
-1.774699
-1.782710
-1.789619
-1.794503
-1.797213
-1.798854
-1.797251
-1.794617
-1.789733
-1.782897
-1.774885
-1.764095
-1.752425
-1.738735
-1.723612
-1.707441
-1.689276
-1.670458
-1.650084
-1.628785
-1.606669
-1.583257
-1.559392
-1.534415
-1.508873
-1.482731
-1.436556
-1.388307
-1.361266
-1.333862
-1.305990
-1.277561
-1.248905
-1.219644
-1.190157
-1.160317
-1.130112
-1.099744
-1.068929
-1.037973
-1.006747
-0.975276
-0.943681
-0.911762
-0.874776
-0.825839
-0.776768
-0.727614
-0.678286
-0.633422
-0.601933
-0.570287
-0.538521
-0.506530
-0.474463
-0.442209
-0.409842
-0.377373
-0.344735
-0.312037
-0.279183
-0.246248
-0.213223
-0.180073
-0.145288
-0.097648
-0.077951
-0.095511
-0.124190
-0.156635
-0.188902
-0.221091
-0.253154
-0.285063
-0.316901
-0.348507
-0.358920
-0.327314
-0.295553
-0.263710
-0.231654
-0.199532
-0.167265
-0.134883
-0.102425
-0.069803
-0.037128
-0.004327
0.028561
0.061517
0.094600
0.127728
0.160965
0.194267
0.227632
0.194086
0.157038
0.177897
0.204899
0.238929
0.273031
0.307161
0.341369
0.375611
0.409900
0.444246
0.478024
0.501794
0.525991
0.550903
0.582752
0.617703
0.652701
0.687713
0.722755
0.729669
0.721056
0.747117
0.776781
0.812196
0.847628
0.883072
0.918539
0.952459
0.981285
1.013861
1.049492
1.085139
1.121975
1.163982
1.202749
1.238330
1.268882
1.298453
1.328688
1.326410
1.285613
1.273030
1.265309
1.225467
1.215470
1.248229
1.283398
1.319464
1.355534
1.390679
1.424215
1.424215
