1.703079
1.670741
1.638407
1.606472
1.574547
1.543036
1.512481
1.511770
1.509822
1.479226
1.448643
1.418284
1.387941
1.357831
1.327759
1.298163
1.268505
1.238164
1.207944
1.178911
1.149937
1.121480
1.092600
1.060424
1.028478
0.998164
0.968114
0.939765
0.911137
0.880863
0.850995
0.823342
0.795264
0.765048
0.734832
0.704621
0.675042
0.648223
0.620754
0.590625
0.560498
0.530379
0.500262
0.470153
0.440047
0.409949
0.379853
0.349767
0.319684
0.289610
0.260741
0.235323
0.208690
0.178754
0.148824
0.118910
0.089001
0.059108
0.029223
-0.000646
-0.030507
-0.060350
-0.088199
-0.111822
-0.137430
-0.167046
-0.196647
-0.226221
-0.255778
-0.285307
-0.311995
-0.333681
-0.358161
-0.387351
-0.416514
-0.445631
-0.474716
-0.503753
-0.532755
-0.561704
-0.586444
-0.605221
-0.628081
-0.656484
-0.684826
-0.713089
-0.735870
-0.751810
-0.766831
-0.780750
-0.800660
-0.827445
-0.854099
-0.880607
-0.899142
-0.909253
-0.926885
-0.952144
-0.967957
-0.974581
-0.990040
-1.013744
-1.026399
-1.029162
-1.030439
-1.030439
-1.006911
-0.963998
-0.956482
-0.976934
-0.996957
-1.016655
-1.049690
-1.092410
-1.106483
-1.100620
-1.093059
-1.084365
-1.106398
-1.148049
-1.156281
-1.144091
-1.130189
-1.115285
-1.117088
-1.128232
-1.138515
-1.148339
-1.137777
-1.116809
-1.114420
-1.121082
-1.106259
-1.081452
-1.097268
-1.131071
-1.164019
-1.196608
-1.206505
-1.207303
-1.184990
-1.153873
-1.143944
-1.141674
-1.138291
-1.134527
-1.152112
-1.176620
-1.154500
-1.118099
-1.081091
-1.043908
-1.028903
-1.019928
-1.032498
-1.050570
-1.044480
-1.032609
-1.019796
-1.006773
-0.992851
-0.978742
-0.963778
-0.948648
-0.932705
-0.916618
-0.899762
-0.882780
-0.865072
-0.847255
-0.828754
-0.810160
-0.790922
-0.771605
-0.751682
-0.731693
-0.711136
-0.690523
-0.669378
-0.648186
-0.645726
-0.644653
-0.623177
-0.600430
-0.577258
-0.554064
-0.530474
-0.506867
-0.482889
-0.458900
-0.434563
-0.410220
-0.385551
-0.360937
-0.352695
-0.344212
-0.318545
-0.292488
-0.250639
-0.209882
-0.199672
-0.189390
-0.177597
-0.164971
-0.138071
-0.111160
-0.084088
-0.057986
-0.043699
-0.028258
-0.000581
0.028302
0.068470
0.103022
0.090659
0.081674
0.098132
0.116099
0.144386
0.171259
0.189294
0.208910
0.237602
0.264833
0.284309
0.305399
0.334430
0.361983
0.382775
0.405182
0.434493
0.463813
0.493168
0.521014
0.543194
0.567007
0.596583
0.626166
0.655772
0.685386
0.715021
0.744664
0.774327
0.803996
0.833685
0.863381
0.893094
0.922814
0.952550
0.982293
1.012052
1.041816
1.071596
1.099656
1.123955
1.150073
1.179982
1.209897
1.239821
1.271555
1.306727
1.338186
1.362905
1.389542
1.419507
1.436481
1.431883
1.439098
1.465088
1.479348
1.475759
1.472363
1.469248
1.466330
1.463690
1.474209
1.502345
1.530714
1.559382
1.561073
1.529562
1.526098
1.555742
1.557137
1.526545
1.525279
1.555871
1.586685
1.617730
1.618663
1.589486
1.591496
1.623430
1.639812
1.641877
1.628130
1.600419
1.573006
1.545846
1.519001
1.492414
1.463846
1.433733
1.406023
1.380107
1.351795
1.321767
1.291746
1.261729
1.231718
1.201713
1.171715
1.141721
1.114905
1.090002
1.065554
1.041370
1.013591
0.983833
0.954089
0.924352
0.898994
0.875835
0.848346
0.818780
0.789234
0.759698
0.725353
0.688913
0.652718
0.616624
0.589858
0.566769
0.538985
0.509441
0.485470
0.463478
0.436009
0.406698
0.383850
0.363059
0.335931
0.306901
0.285316
0.265840
0.239086
0.210394
0.181764
0.153150
0.133373
0.115665
0.089357
0.061170
0.043048
0.026974
0.001137
-0.026540
-0.054101
-0.081641
-0.109055
-0.136449
-0.163706
-0.190942
-0.218028
-0.245095
-0.271998
-0.298881
-0.338513
-0.379508
-0.407590
-0.434454
-0.449392
-0.463352
-0.502233
-0.542862
-0.557639
-0.570905
-0.610695
-0.651728
-0.692573
-0.733411
-0.760781
-0.787817
-0.814607
-0.841393
-0.867901
-0.894407
-0.920605
-0.946798
-0.972651
-0.998494
-1.023962
-1.049413
-1.074448
-1.099460
-1.124010
-1.148527
-1.172529
-1.196489
-1.219874
-1.243203
-1.265890
-1.288505
-1.310401
-1.332208
-1.353208
-1.374096
-1.394082
-1.413929
-1.432767
-1.451434
-1.468975
-1.486310
-1.502393
-1.518228
-1.532680
-1.546838
-1.559480
-1.571779
-1.582431
-1.592689
-1.601183
-1.609232
-1.615419
-1.621112
-1.624874
-1.628103
-1.629365
-1.630062
-1.628799
-1.626950
-1.623188
-1.618832
-1.612645
-1.605870
-1.597376
-1.588308
-1.577656
-1.566455
-1.553813
-1.540653
-1.526202
-1.511266
-1.495183
-1.478653
-1.461112
-1.443160
-1.424322
-1.405108
-1.385123
-1.357395
-1.314499
-1.279215
-1.258178
-1.236844
-1.214980
-1.192844
-1.170243
-1.147393
-1.124135
-1.100649
-1.076806
-1.052752
-1.028384
-1.003824
-0.978987
-0.953973
-0.928715
-0.903293
-0.877657
-0.851870
-0.825892
-0.799776
-0.773491
-0.753556
-0.741014
-0.721518
-0.694255
-0.666892
-0.639424
-0.605576
-0.565168
-0.524649
-0.484020
-0.450266
-0.423019
-0.395677
-0.368251
-0.333863
-0.293412
-0.260066
-0.232657
-0.197997
-0.157528
-0.124453
-0.097059
-0.062126
-0.021641
0.011162
0.038543
0.066006
0.093526
0.121125
0.148774
0.176499
0.204270
0.232113
0.259999
0.287952
0.315944
0.344002
0.372094
0.400249
0.428436
0.449552
0.467169
0.492225
0.520793
0.503000
0.464346
0.466370
0.485828
0.506003
0.526470
0.553258
0.582495
0.611765
0.641047
0.670359
0.699683
0.729036
0.758398
0.782282
0.804456
0.832340
0.861906
0.886456
0.909614
0.943005
0.979064
0.981072
0.974748
0.993156
1.017221
1.050687
1.086159
1.097126
1.103233
1.124197
1.147889
1.176820
1.206638
1.236471
1.266306
1.296157
1.326010
1.355877
1.385746
1.415628
1.445513
1.475410
1.505309
1.475709
1.440741
1.461817
1.487268
1.517040
1.547098
1.544863
1.540866
1.566246
1.592894
1.620088
1.647299
1.677472
1.707708
1.707708
1.881958
1.835967
1.789734
1.772420
1.749583
1.703531
1.657487
1.611453
1.565428
1.519414
1.472184
1.423105
1.374362
1.331053
1.285043
1.239043
1.193056
1.147079
1.101115
1.055163
1.009225
0.963299
0.917388
0.871491
0.825610
0.779744
0.733895
0.686702
0.637212
0.593038
0.550672
0.499668
0.453856
0.408065
0.362292
0.316543
0.270813
0.222067
0.233894
0.279767
0.325658
0.371566
0.417491
0.463432
0.509388
0.555359
0.601344
0.643793
0.689199
0.735278
0.777577
0.823725
0.871673
0.918695
0.899959
0.944609
0.952581
0.940004
0.982501
1.028054
1.051229
1.071378
1.069695
1.106350
1.079666
1.115070
1.107268
1.091085
1.045019
0.999588
0.954811
0.987348
0.959734
0.963110
1.000820
1.010561
0.964842
0.921188
0.875775
0.832254
0.791054
0.751440
0.706266
0.660311
0.619166
0.573306
0.532668
0.486917
0.446821
0.407189
0.361678
0.322654
0.277299
0.238927
0.193749
0.150241
0.111100
0.066172
0.027838
-0.015257
-0.052377
-0.091992
-0.130592
-0.170300
-0.198691
-0.236539
-0.263155
-0.306123
-0.348971
-0.391672
-0.432398
-0.455070
-0.489825
-0.509880
-0.509463
-0.561027
-0.596720
-0.639519
-0.660103
-0.674171
-0.720708
-0.749303
-0.748336
-0.721322
-0.776343
-0.793690
-0.829369
-0.844450
-0.878797
-0.891460
-0.908642
-0.885901
-0.882120
-0.876027
-0.908091
-0.906732
-0.939901
-0.943379
-0.968366
-0.978681
-1.015539
-1.010879
-1.004469
-1.040382
-1.067277
-1.060068
-1.047848
-1.062823
-1.105792
-1.118674
-1.130326
-1.140747
-1.149854
-1.157718
-1.151994
-1.139157
-1.142865
-1.115292
-1.115981
-1.115796
-1.096712
-1.081033
-1.076898
-1.071555
-1.064906
-1.063553
-1.077664
-1.067171
-1.055488
-1.042597
-1.028594
-1.013412
-0.997199
-0.979842
-0.961537
-0.907058
-0.907816
-0.887416
-0.866168
-0.843967
-0.820953
-0.814510
-0.797957
-0.772186
-0.739206
-0.713271
-0.690539
-0.641749
-0.618002
-0.581951
-0.549624
-0.519016
-0.476839
-0.411601
-0.392035
-0.369725
-0.336889
-0.303640
-0.283616
-0.256290
-0.221526
-0.181504
-0.115950
-0.124959
-0.102624
-0.073120
-0.048322
-0.000538
0.026197
0.046295
0.084447
0.113885
0.144830
0.183928
0.221324
0.246931
0.286836
0.326930
0.289616
0.287136
0.314334
0.353965
0.388025
0.420757
0.454757
0.466685
0.447232
0.455926
0.438009
0.421747
0.448188
0.495963
0.512820
0.530218
0.551385
0.542720
0.504678
0.509801
0.494206
0.479218
0.489838
0.524077
0.507044
0.505197
0.509306
0.527500
0.545439
0.523583
0.557065
0.548486
0.540505
0.553569
0.526492
0.520454
0.523029
0.564569
0.566856
0.563478
0.520657
0.473111
0.425108
0.378679
0.330388
0.283892
0.329925
0.376405
0.422885
0.469364
0.515751
0.562185
0.608766
0.587469
0.565093
0.590663
0.566352
0.520612
0.477307
0.494247
0.447933
0.401623
0.355338
0.311882
0.265444
0.218195
0.173154
0.126927
0.080709
0.036963
-0.008169
-0.054300
-0.100419
-0.143175
-0.152240
-0.164092
-0.155560
-0.146282
-0.095889
-0.050498
-0.005067
0.040716
0.092226
0.137654
0.183116
0.228608
0.274132
0.319683
0.365262
0.410867
0.461246
0.507961
0.553557
0.593529
0.639249
0.684990
0.730750
0.781889
0.827618
0.873367
0.919133
0.964918
1.015990
1.061745
1.107517
1.153306
1.199111
1.244931
1.290767
1.336617
1.380666
1.423608
1.471595
1.520154
1.566071
1.611897
1.653435
1.699785
1.749852
1.795824
1.841807
1.887799
1.890303
1.844309
1.798326
1.752353
1.706391
1.660439
1.614498
1.568570
1.522653
1.476749
1.430856
1.384978
1.339113
1.293262
1.247425
1.201604
1.155798
1.110009
1.064236
1.018480
0.972742
0.931674
0.887036
0.841428
0.795844
0.750282
0.707683
0.665587
0.626888
0.581609
0.536365
0.491154
0.445982
0.400846
0.355751
0.309031
0.263840
0.220719
0.175800
0.130932
0.086113
0.038128
-0.011593
-0.056374
-0.092749
-0.137103
-0.181555
-0.225927
-0.270228
-0.314443
-0.358576
-0.402616
-0.446563
-0.490407
-0.534144
-0.577769
-0.621271
-0.664649
-0.707885
-0.750984
-0.793918
-0.836701
-0.879292
-0.921712
-0.963910
-1.005911
-1.047663
-1.089179
-1.121684
-1.093672
-1.051773
-1.022117
-0.979477
-0.940163
-0.961605
-1.006720
-1.059915
-1.104360
-1.147502
-1.190436
-1.233181
-1.275679
-1.317952
-1.351240
-1.400032
-1.442431
-1.484557
-1.526360
-1.567822
-1.608898
-1.649543
-1.689723
-1.729354
-1.768417
-1.806772
-1.844427
-1.881163
-1.917030
-1.951691
-1.985232
-2.017252
-2.047788
-2.076412
-2.103082
-2.127371
-2.149131
-2.168003
-2.183714
-2.196068
-2.204683
-2.209636
-2.210477
-2.207632
-2.200628
-2.190216
-2.175926
-2.158670
-2.138140
-2.115110
-2.089480
-2.061804
-2.032126
-2.000807
-1.967966
-1.933821
-1.898524
-1.862188
-1.824977
-1.786934
-1.748222
-1.708838
-1.668937
-1.628488
-1.587632
-1.546333
-1.504701
-1.462716
-1.420451
-1.377902
-1.335116
-1.292100
-1.248881
-1.205473
-1.161890
-1.118152
-1.074261
-1.030241
-0.986088
-0.941828
-0.897449
-0.843910
-0.790468
-0.746215
-0.701856
-0.657411
-0.612876
-0.566693
-0.508827
-0.524584
-0.568680
-0.601108
-0.570358
-0.526483
-0.482509
-0.438432
-0.394269
-0.350011
-0.305679
-0.261261
-0.216775
-0.172214
-0.127591
-0.082901
-0.038154
-0.019368
-0.057813
-0.102681
-0.140909
-0.101271
-0.056128
-0.010942
0.027492
0.072869
0.118284
0.163730
0.209212
0.254720
0.300261
0.346425
0.364089
0.321060
0.275705
0.230385
0.185101
0.139855
0.100480
0.069049
0.099379
0.144344
0.189354
0.237736
0.286959
0.331993
0.377065
0.422182
0.467334
0.512526
0.557751
0.603013
0.648306
0.693631
0.738987
0.784371
0.829785
0.875224
0.920690
0.966181
1.011697
1.057234
1.102796
1.148378
1.190881
1.233935
1.279643
1.325367
1.371109
1.416867
1.462642
1.507201
1.549193
1.595065
1.640949
1.686846
1.732755
1.778676
1.824607
1.870550
