1.606217
1.575228
1.544240
1.513253
1.482265
1.451277
1.420145
1.388926
1.357897
1.326905
1.295914
1.264984
1.234234
1.203714
1.173464
1.142732
1.111757
1.080782
1.049911
1.020228
0.990177
0.959226
0.928274
0.897324
0.867714
0.838664
0.807912
0.777305
0.748921
0.719722
0.688860
0.656593
0.623114
0.593548
0.565318
0.537762
0.509714
0.478939
0.448168
0.417402
0.389043
0.362445
0.332656
0.301996
0.271350
0.241736
0.216200
0.188628
0.158126
0.127638
0.097158
0.066697
0.036242
0.005811
-0.024613
-0.055016
-0.085407
-0.115781
-0.146135
-0.176478
-0.200779
-0.224651
-0.254740
-0.284816
-0.314857
-0.344871
-0.374859
-0.404806
-0.434735
-0.464608
-0.493424
-0.514142
-0.537681
-0.567129
-0.596525
-0.625876
-0.647104
-0.665467
-0.693691
-0.720495
-0.736583
-0.751979
-0.766161
-0.787883
-0.815258
-0.830205
-0.841636
-0.867763
-0.890563
-0.898926
-0.914009
-0.939018
-0.951770
-0.956744
-0.921831
-0.880028
-0.903386
-0.921519
-0.922735
-0.942876
-0.986704
-1.016023
-1.037605
-1.058581
-1.077753
-1.073664
-1.075844
-1.094436
-1.099988
-1.091663
-1.100216
-1.116260
-1.106517
-1.096743
-1.110037
-1.122959
-1.135078
-1.146546
-1.157425
-1.167350
-1.176926
-1.156890
-1.139229
-1.145721
-1.151713
-1.156807
-1.161091
-1.164754
-1.143352
-1.114602
-1.114757
-1.115194
-1.114490
-1.125495
-1.154245
-1.163366
-1.159704
-1.154877
-1.149097
-1.112420
-1.089304
-1.111640
-1.120183
-1.111022
-1.101046
-1.090625
-1.079176
-1.067479
-1.054708
-1.041644
-1.027787
-1.000497
-0.958554
-0.934892
-0.919584
-0.903473
-0.887179
-0.870127
-0.852827
-0.834980
-0.829353
-0.835069
-0.822214
-0.802376
-0.781934
-0.761364
-0.740278
-0.718995
-0.697348
-0.675409
-0.653241
-0.630699
-0.608044
-0.584948
-0.561763
-0.538234
-0.506824
-0.463154
-0.431367
-0.407523
-0.383393
-0.359189
-0.334657
-0.310056
-0.285214
-0.260246
-0.235112
-0.209803
-0.184396
-0.173114
-0.164282
-0.154026
-0.139399
-0.112588
-0.085688
-0.058687
-0.041393
-0.028663
-0.002686
0.024973
0.052763
0.076637
0.091556
0.113342
0.141661
0.161474
0.177987
0.205885
0.234672
0.263537
0.288754
0.307035
0.331373
0.360609
0.382512
0.402111
0.431354
0.459360
0.480174
0.504456
0.534277
0.564124
0.593989
0.617647
0.639839
0.669922
0.700011
0.730126
0.757332
0.780609
0.808330
0.838621
0.868932
0.899248
0.929585
0.959928
0.990287
1.020656
1.051035
1.081428
1.111827
1.142242
1.172661
1.203096
1.233536
1.263988
1.294448
1.324917
1.355396
1.385880
1.383340
1.378079
1.373210
1.378890
1.405186
1.414977
1.411077
1.407519
1.404071
1.371346
1.342831
1.340258
1.337861
1.335753
1.333919
1.332278
1.355636
1.385444
1.416422
1.447257
1.477561
1.495066
1.494842
1.514338
1.545551
1.551243
1.550580
1.520724
1.506556
1.539066
1.543339
1.514416
1.484167
1.453259
1.424572
1.396247
1.368418
1.349735
1.353235
1.356963
1.360922
1.340338
1.309635
1.278941
1.247733
1.212905
1.179435
1.148695
1.120270
1.093815
1.064218
1.033564
1.002921
0.972280
0.941650
0.911024
0.880405
0.849795
0.819189
0.788595
0.758004
0.727427
0.696853
0.666291
0.638037
0.613061
0.584701
0.554279
0.523874
0.493474
0.463097
0.432726
0.402373
0.375096
0.351526
0.368296
0.405708
0.384460
0.355047
0.333165
0.320029
0.328756
0.323240
0.303124
0.276515
0.247147
0.217843
0.189820
0.171325
0.149432
0.120516
0.091649
0.062826
0.034077
0.005353
-0.023270
-0.051870
-0.080374
-0.108835
-0.137218
-0.165527
-0.193780
-0.231985
-0.272954
-0.301357
-0.329612
-0.357751
-0.391166
-0.432275
-0.457133
-0.471813
-0.485510
-0.499852
-0.540927
-0.581943
-0.622771
-0.658043
-0.686447
-0.714737
-0.742968
-0.771034
-0.799060
-0.826891
-0.854657
-0.882257
-0.909732
-0.937076
-0.964223
-0.991283
-1.018057
-1.044762
-1.071154
-1.097420
-1.123419
-1.149184
-1.174741
-1.199933
-1.224994
-1.249528
-1.273934
-1.297806
-1.320163
-1.339830
-1.373035
-1.416524
-1.445034
-1.469229
-1.492622
-1.515821
-1.538257
-1.560252
-1.581590
-1.602152
-1.622215
-1.620014
-1.613390
-1.629147
-1.644460
-1.658310
-1.671224
-1.682949
-1.693158
-1.702546
-1.709769
-1.716456
-1.720639
-1.724064
-1.725469
-1.725522
-1.724116
-1.720795
-1.716612
-1.710025
-1.702896
-1.693508
-1.683386
-1.671661
-1.658827
-1.644976
-1.629734
-1.613977
-1.596632
-1.578964
-1.560023
-1.540618
-1.520368
-1.486891
-1.443108
-1.416535
-1.395097
-1.372765
-1.350262
-1.327103
-1.303663
-1.279791
-1.266434
-1.260015
-1.223828
-1.181011
-1.155454
-1.129797
-1.103799
-1.077629
-1.051237
-1.024619
-0.997874
-0.970862
-0.943785
-0.916441
-0.885206
-0.843292
-0.808286
-0.780911
-0.753376
-0.725767
-0.697967
-0.668788
-0.627312
-0.590037
-0.562221
-0.527360
-0.485877
-0.444261
-0.402593
-0.386181
-0.369844
-0.342572
-0.315234
-0.287774
-0.260216
-0.232580
-0.214915
-0.200330
-0.159908
-0.121097
-0.093004
-0.064860
-0.036634
-0.008334
0.020016
0.038955
0.055755
0.084578
0.113422
0.142338
0.171291
0.200295
0.229351
0.258437
0.279063
0.298681
0.328113
0.360094
0.399294
0.433884
0.463254
0.492665
0.522096
0.551578
0.581960
0.621043
0.642589
0.623455
0.628934
0.658126
0.687364
0.716619
0.745931
0.775254
0.804627
0.834019
0.863446
0.892902
0.922382
0.951898
0.981427
1.011001
1.040585
1.070205
1.073777
1.035204
1.032027
1.053441
1.081650
1.111578
1.141539
1.171507
1.201499
1.228378
1.250997
1.235909
1.198716
1.167372
1.136838
1.099842
1.078399
1.102477
1.129489
1.159907
1.190336
1.220771
1.251221
1.281675
1.312143
1.341046
1.366210
1.391683
1.417460
1.446708
1.477364
1.508029
1.530340
1.495386
1.460544
1.425925
1.425000
1.452378
1.456964
1.454015
1.481159
1.509656
1.538579
1.567687
1.597102
1.608707
1.607616
1.607616
1.641028
1.604022
1.567134
1.530602
1.528448
1.561733
1.544833
1.510174
1.474688
1.439578
1.405758
1.371125
1.335600
1.325565
1.325276
1.325547
1.318482
1.284691
1.251190
1.218027
1.185330
1.152825
1.120981
1.088621
1.054084
1.018263
0.980851
0.945402
0.910821
0.879052
0.846922
0.812407
0.777895
0.743387
0.708884
0.674382
0.643535
0.612332
0.577928
0.543529
0.509138
0.474754
0.440375
0.406008
0.371644
0.337292
0.302947
0.268610
0.237799
0.208909
0.175300
0.141133
0.106988
0.072854
0.038737
0.004638
-0.029450
-0.063510
-0.097562
-0.131584
-0.165592
-0.199576
-0.233536
-0.267479
-0.294555
-0.321376
-0.354986
-0.388572
-0.422114
-0.455611
-0.489079
-0.522478
-0.554874
-0.577759
-0.604031
-0.636865
-0.669621
-0.702320
-0.724267
-0.745014
-0.776921
-0.808757
-0.840444
-0.863130
-0.879066
-0.920131
-0.964722
-0.978807
-0.991978
-1.003116
-1.012541
-1.020599
-1.026104
-1.031996
-1.057726
-1.075871
-1.075871
-1.074046
-1.070674
-1.086760
-1.107103
-1.098487
-1.088956
-1.077069
-1.046575
-0.999302
-1.001472
-1.018787
-1.065472
-1.095311
-1.078287
-1.076457
-1.089185
-1.100773
-1.111888
-1.087938
-1.071853
-1.079463
-1.069264
-1.040929
-1.036648
-1.040746
-1.077450
-1.097958
-1.064148
-1.062812
-1.096622
-1.078916
-1.041811
-1.036809
-1.032361
-1.026662
-1.020235
-1.012971
-1.004626
-0.995842
-0.985654
-0.975116
-0.963455
-0.951189
-0.938181
-0.924281
-0.909991
-0.894556
-0.878834
-0.862181
-0.845058
-0.827324
-0.789115
-0.741308
-0.746495
-0.750664
-0.730073
-0.709134
-0.687712
-0.665774
-0.643577
-0.620720
-0.597693
-0.574099
-0.550251
-0.526030
-0.501429
-0.476623
-0.451330
-0.429126
-0.425791
-0.413302
-0.386441
-0.359311
-0.332026
-0.304395
-0.276671
-0.248627
-0.220457
-0.192072
-0.163492
-0.134790
-0.105832
-0.076803
-0.047529
-0.018163
0.011370
0.030613
0.043136
0.070852
0.099704
0.114428
0.134777
0.165877
0.197073
0.228334
0.247857
0.266275
0.298127
0.325769
0.344798
0.371482
0.403837
0.446468
0.487512
0.475089
0.473138
0.494162
0.515858
0.538083
0.569103
0.602249
0.635454
0.665879
0.689753
0.718861
0.752356
0.779240
0.804683
0.838420
0.872168
0.905940
0.939730
0.973535
1.007364
1.041050
1.067818
1.096526
1.130541
1.164568
1.198605
1.232660
1.266719
1.300799
1.334883
1.368982
1.403091
1.437208
1.471339
1.505474
1.539626
1.572451
1.601005
1.632320
1.666588
1.672200
1.667185
1.696260
1.711026
1.672630
1.666756
1.697838
1.704661
1.701782
1.732649
1.757864
1.756055
1.738782
1.702828
1.667218
1.631757
1.662345
1.696856
1.731792
1.766612
1.801286
1.812769
1.813534
1.814772
1.810033
1.777200
1.744610
1.712354
1.678547
1.643970
1.612113
1.580612
1.549648
1.517259
1.482798
1.448341
1.413886
1.376078
1.338433
1.303931
1.270946
1.240312
1.232070
1.236517
1.233097
1.224219
1.185867
1.150480
1.119995
1.111374
1.115977
1.086742
1.053044
1.024126
0.993300
0.959103
0.924918
0.890739
0.856577
0.822420
0.788281
0.754149
0.720032
0.685928
0.651833
0.617758
0.584287
0.557255
0.527958
0.494089
0.464889
0.439105
0.469360
0.506315
0.472834
0.442430
0.418681
0.395607
0.373057
0.342174
0.309321
0.276547
0.243800
0.211116
0.178483
0.145894
0.113387
0.080905
0.048528
0.016185
-0.016074
-0.048265
-0.080397
-0.112422
-0.144413
-0.176260
-0.208065
-0.239752
-0.278703
-0.324447
-0.369971
-0.415305
-0.447264
-0.479177
-0.510959
-0.517469
-0.498860
-0.527636
-0.572399
-0.604917
-0.640279
-0.684877
-0.723616
-0.756166
-0.778897
-0.798044
-0.842916
-0.885324
-0.917310
-0.949185
-0.980936
-1.012495
-1.043979
-1.075171
-1.109531
-1.155871
-1.195308
-1.226508
-1.257436
-1.288248
-1.318631
-1.348887
-1.378715
-1.408267
-1.437470
-1.466163
-1.494624
-1.522259
-1.549644
-1.576160
-1.602134
-1.627375
-1.651583
-1.675287
-1.697290
-1.718777
-1.738405
-1.756947
-1.773929
-1.788874
-1.802754
-1.813426
-1.823165
-1.829544
-1.834255
-1.836414
-1.835804
-1.833645
-1.797784
-1.757359
-1.715026
-1.684429
-1.672985
-1.659804
-1.645586
-1.654773
-1.666656
-1.673124
-1.668586
-1.644882
-1.620240
-1.594999
-1.568665
-1.539849
-1.491079
-1.442291
-1.393472
-1.357608
-1.330535
-1.285286
-1.238479
-1.210856
-1.183015
-1.154739
-1.126129
-1.097279
-1.082453
-1.067984
-1.020711
-0.978887
-0.948685
-0.918285
-0.887730
-0.856920
-0.826034
-0.794882
-0.763653
-0.732247
-0.708102
-0.689895
-0.660478
-0.628189
-0.595746
-0.563261
-0.530672
-0.498013
-0.465292
-0.466563
-0.477328
-0.487081
-0.496540
-0.505222
-0.513332
-0.520915
-0.553800
-0.593989
-0.599491
-0.595772
-0.565586
-0.569587
-0.607157
-0.591895
-0.559094
-0.524443
-0.489378
-0.453044
-0.433126
-0.430339
-0.401437
-0.363147
-0.324059
-0.300345
-0.328746
-0.359832
-0.393896
-0.398296
-0.391181
-0.383062
-0.374693
-0.365524
-0.355901
-0.345741
-0.334902
-0.323779
-0.302376
-0.276156
-0.232499
-0.188666
-0.144610
-0.145001
-0.165364
-0.196805
-0.228976
-0.261030
-0.293017
-0.324917
-0.365964
-0.411421
-0.444446
-0.468700
-0.454565
-0.433232
-0.401683
-0.360628
-0.314668
-0.296670
-0.281378
-0.264952
-0.236751
-0.190752
-0.154106
-0.122621
-0.090990
-0.057400
-0.011559
0.028833
0.060447
0.092153
0.123912
0.155790
0.187700
0.219721
0.251786
0.283926
0.316135
0.348386
0.380726
0.413092
0.445545
0.473969
0.494992
0.523104
0.555964
0.552072
0.544538
0.567917
0.594676
0.628072
0.661498
0.694945
0.728431
0.761929
0.795468
0.829022
0.862604
0.896209
0.929831
0.963484
0.997146
1.030843
1.064550
1.098280
1.090366
1.048815
1.061879
1.088978
1.122993
1.157015
1.191053
1.225102
1.259162
1.288472
1.315458
1.309945
1.314096
1.343519
1.375532
1.409910
1.447917
1.486871
1.516558
1.537413
1.533313
1.547012
1.577977
1.577977
