1.637341
1.604118
1.571023
1.538278
1.505406
1.472422
1.439438
1.406507
1.374285
1.364409
1.398630
1.392304
1.359352
1.325278
1.291395
1.259732
1.227547
1.194598
1.162920
1.131861
1.099057
1.066662
1.036258
1.004684
0.971817
0.941302
0.911579
0.878776
0.845975
0.813179
0.780386
0.747597
0.714814
0.682352
0.653669
0.623604
0.590917
0.558237
0.525562
0.492898
0.460987
0.433430
0.403813
0.371284
0.338768
0.306258
0.273768
0.241284
0.208817
0.176361
0.143918
0.111494
0.079197
0.053502
0.025951
-0.006251
-0.038432
-0.070595
-0.102723
-0.134126
-0.158000
-0.184687
-0.216502
-0.248277
-0.280029
-0.303068
-0.326485
-0.357826
-0.389126
-0.420372
-0.451547
-0.482690
-0.502415
-0.524191
-0.554747
-0.585227
-0.615629
-0.635375
-0.652109
-0.681724
-0.706660
-0.720375
-0.717096
-0.700547
-0.683309
-0.670253
-0.697871
-0.725361
-0.752627
-0.791631
-0.837510
-0.848897
-0.859424
-0.885426
-0.901859
-0.905732
-0.923889
-0.948176
-0.971856
-0.989652
-0.988281
-0.998391
-1.019913
-1.040796
-1.061455
-1.081244
-1.092344
-1.083483
-1.089423
-1.106501
-1.122635
-1.135313
-1.120113
-1.103933
-1.086104
-1.086774
-1.097866
-1.136454
-1.172174
-1.180919
-1.174706
-1.149569
-1.146089
-1.151511
-1.155446
-1.158968
-1.161317
-1.162868
-1.163653
-1.188843
-1.219447
-1.216980
-1.214007
-1.209916
-1.204902
-1.199217
-1.192216
-1.184805
-1.176061
-1.166764
-1.156571
-1.145478
-1.133898
-1.121109
-1.107980
-1.093830
-1.079147
-1.063817
-1.047690
-1.031249
-0.986346
-0.947946
-0.930111
-0.911805
-0.893064
-0.873657
-0.854027
-0.833649
-0.813034
-0.791918
-0.770397
-0.748594
-0.705571
-0.667686
-0.691837
-0.715778
-0.739388
-0.746704
-0.745538
-0.742225
-0.730483
-0.684053
-0.647170
-0.621519
-0.595566
-0.569500
-0.523380
-0.483883
-0.463461
-0.450710
-0.444804
-0.422368
-0.395671
-0.368670
-0.341569
-0.314266
-0.297290
-0.287268
-0.261485
-0.235339
-0.222992
-0.203970
-0.174913
-0.145730
-0.116484
-0.100543
-0.082544
-0.052641
-0.022673
0.007371
0.028057
0.045420
0.075994
0.103444
0.122460
0.147929
0.178952
0.201560
0.222908
0.254309
0.285732
0.317199
0.348703
0.380231
0.411811
0.443405
0.475047
0.510532
0.551585
0.558576
0.549216
0.570505
0.595499
0.627445
0.659409
0.691393
0.723404
0.755425
0.787479
0.821739
0.861689
0.897287
0.929272
0.955098
0.980144
1.012319
1.044504
1.076705
1.108923
1.141150
1.173398
1.204674
1.230429
1.242922
1.236907
1.231238
1.225730
1.220710
1.215827
1.211346
1.223067
1.251888
1.256433
1.253058
1.250190
1.237980
1.202710
1.204306
1.235397
1.268018
1.300854
1.332538
1.364683
1.397655
1.409563
1.408814
1.437931
1.470708
1.503696
1.536683
1.569671
1.557060
1.524315
1.492050
1.467445
1.468675
1.453832
1.422625
1.391845
1.361130
1.328241
1.296206
1.266189
1.255030
1.258415
1.289453
1.325696
1.358432
1.391171
1.423916
1.454339
1.483421
1.489609
1.487153
1.454402
1.421654
1.388910
1.356171
1.323434
1.294984
1.265638
1.232987
1.200342
1.167702
1.135071
1.102260
1.064940
1.029040
0.996357
0.963680
0.931007
0.902506
0.874270
0.841708
0.811297
0.784466
0.778924
0.785220
0.756386
0.724079
0.691793
0.659519
0.627259
0.595019
0.562788
0.530585
0.498391
0.466221
0.430375
0.391046
0.362975
0.338115
0.314218
0.300640
0.309469
0.294707
0.263043
0.231429
0.201012
0.179561
0.150376
0.108803
0.073854
0.042445
0.021020
-0.001471
-0.032472
-0.063429
-0.094332
-0.125161
-0.155960
-0.174175
-0.198652
-0.241843
-0.278369
-0.308805
-0.339130
-0.369417
-0.399561
-0.429651
-0.459630
-0.489504
-0.519305
-0.535467
-0.553113
-0.596571
-0.634826
-0.665060
-0.703986
-0.747377
-0.778610
-0.811441
-0.854753
-0.892072
-0.922425
-0.952625
-0.982768
-1.012678
-1.042518
-1.072165
-1.101654
-1.131005
-1.160090
-1.189082
-1.217721
-1.240185
-1.250299
-1.270494
-1.297392
-1.317359
-1.339888
-1.385557
-1.416062
-1.424048
-1.443933
-1.469687
-1.494628
-1.519310
-1.543190
-1.566520
-1.589232
-1.610942
-1.632288
-1.652070
-1.671356
-1.689323
-1.706165
-1.722050
-1.736029
-1.749356
-1.760243
-1.770138
-1.778130
-1.784230
-1.789117
-1.791162
-1.792333
-1.790687
-1.787708
-1.782820
-1.775826
-1.767834
-1.757104
-1.745655
-1.732130
-1.717471
-1.701585
-1.684143
-1.666149
-1.646367
-1.626141
-1.604785
-1.582685
-1.559972
-1.536306
-1.512340
-1.487454
-1.462262
-1.436508
-1.410291
-1.383788
-1.356710
-1.329471
-1.301755
-1.273832
-1.245624
-1.217119
-1.188480
-1.144246
-1.102885
-1.074156
-1.045262
-1.016196
-0.986903
-0.957860
-0.941923
-0.921787
-0.891434
-0.860977
-0.830436
-0.789556
-0.749262
-0.735920
-0.716558
-0.686509
-0.656344
-0.626110
-0.584042
-0.542737
-0.512551
-0.476641
-0.433126
-0.398927
-0.368783
-0.338493
-0.308165
-0.277729
-0.240935
-0.197744
-0.200315
-0.215348
-0.185423
-0.155453
-0.125379
-0.102461
-0.084994
-0.056540
-0.025901
0.004835
0.035610
0.066448
0.104773
0.147371
0.135103
0.125306
0.155723
0.186187
0.216712
0.247310
0.277937
0.237230
0.209526
0.229212
0.249494
0.270356
0.299434
0.331320
0.372765
0.414297
0.456022
0.479990
0.490916
0.518830
0.549896
0.581027
0.612183
0.643382
0.668066
0.689176
0.653390
0.623674
0.646275
0.669297
0.692841
0.728262
0.768424
0.808886
0.833658
0.811154
0.821577
0.862821
0.896420
0.927913
0.959454
0.988091
1.010507
0.996058
0.955519
0.969810
0.985933
0.946183
0.906558
0.867130
0.870277
0.895884
0.922225
0.950894
0.989269
1.024926
1.057345
1.089778
1.122216
1.154671
1.185708
1.212672
1.242584
1.275157
1.303900
1.331939
1.364609
1.397284
1.429964
1.421238
1.384280
1.404186
1.429041
1.425808
1.435810
1.465965
1.496494
1.527213
1.559992
1.579533
1.544906
1.541181
1.572942
1.572942
1.741346
1.707744
1.670573
1.631709
1.593042
1.564459
1.536207
1.506276
1.472698
1.433498
1.417094
1.411945
1.407052
1.402540
1.398288
1.394296
1.390280
1.356425
1.320255
1.283090
1.246176
1.212256
1.176490
1.163515
1.195218
1.229197
1.238771
1.225207
1.190310
1.189273
1.211788
1.221525
1.187482
1.153234
1.165968
1.176310
1.142911
1.109943
1.076253
1.042236
1.008255
0.975785
0.942262
0.908997
0.876991
0.843026
0.809063
0.776035
0.744596
0.710674
0.676754
0.642836
0.608921
0.575010
0.543393
0.537663
0.572946
0.539141
0.505342
0.471547
0.437912
0.408611
0.376218
0.342518
0.308824
0.275142
0.241467
0.207801
0.174143
0.140497
0.106861
0.073235
0.039618
0.006015
-0.027576
-0.061156
-0.094725
-0.128277
-0.161815
-0.195341
-0.228554
-0.255567
-0.287096
-0.320425
-0.353734
-0.387015
-0.414734
-0.439836
-0.464700
-0.497516
-0.530292
-0.563030
-0.596227
-0.638271
-0.666713
-0.689373
-0.711807
-0.743970
-0.767425
-0.786965
-0.806330
-0.837548
-0.858164
-0.874111
-0.888948
-0.902172
-0.914104
-0.932334
-0.959721
-0.968591
-0.976057
-0.982225
-0.988555
-1.014329
-1.039776
-1.055402
-1.057972
-1.081775
-1.123444
-1.151334
-1.150778
-1.172790
-1.194303
-1.215345
-1.233886
-1.225590
-1.188505
-1.152526
-1.133799
-1.124995
-1.136239
-1.166141
-1.208374
-1.195612
-1.204005
-1.206557
-1.192620
-1.205958
-1.218549
-1.217082
-1.198527
-1.208414
-1.192756
-1.167813
-1.144564
-1.150702
-1.156023
-1.160610
-1.164458
-1.167285
-1.169263
-1.170487
-1.170954
-1.170387
-1.143312
-1.121562
-1.118729
-1.114910
-1.084812
-1.045992
-1.007280
-0.973772
-0.940241
-0.918377
-0.915215
-0.941244
-0.941144
-0.946512
-0.969822
-0.991746
-1.012428
-1.031987
-1.047340
-1.033372
-1.018756
-1.003592
-0.987888
-0.971484
-0.954506
-0.937042
-0.919104
-0.900553
-0.881498
-0.862020
-0.842128
-0.821704
-0.800842
-0.779612
-0.758025
-0.735979
-0.713554
-0.690811
-0.667760
-0.644315
-0.620542
-0.606956
-0.603410
-0.578367
-0.553046
-0.517501
-0.474570
-0.470821
-0.449368
-0.422875
-0.398596
-0.392092
-0.353307
-0.314825
-0.287357
-0.259680
-0.231825
-0.195062
-0.150055
-0.122032
-0.078764
-0.031421
0.011170
0.020261
0.044733
0.073320
0.102024
0.130875
0.174064
0.207751
0.226095
0.244784
0.271217
0.299702
0.328295
0.357026
0.385877
0.414826
0.443873
0.473040
0.465010
0.447944
0.435220
0.448719
0.475543
0.505674
0.535878
0.566174
0.596552
0.634204
0.677765
0.708164
0.738641
0.769179
0.797704
0.813895
0.842038
0.873010
0.902056
0.919547
0.937665
0.956290
0.970701
0.958555
0.972848
0.993480
1.016174
1.048447
1.080755
1.092332
1.081947
1.071891
1.062157
1.068684
1.092344
1.116547
1.141266
1.166394
1.186696
1.179422
1.200004
1.226796
1.253965
1.281599
1.309677
1.321450
1.316503
1.311885
1.335624
1.331833
1.299810
1.296383
1.267632
1.232201
1.200920
1.198230
1.224213
1.256143
1.276907
1.241470
1.263254
1.296777
1.319073
1.284433
1.307202
1.341143
1.375218
1.409455
1.443526
1.477857
1.500591
1.467525
1.492138
1.527676
1.550989
1.517001
1.484808
1.470566
1.473143
1.476034
1.450547
1.418274
1.385106
1.355032
1.321787
1.287984
1.254984
1.225514
1.196487
1.165084
1.132411
1.104071
1.071250
1.040741
1.011950
0.978465
0.944992
0.911529
0.879347
0.852539
0.854837
0.840680
0.806035
0.765554
0.731263
0.701923
0.676245
0.651123
0.655028
0.646346
0.622663
0.599576
0.577155
0.555258
0.546765
0.590119
0.567983
0.535950
0.503956
0.472009
0.440116
0.408267
0.379050
0.359895
0.318809
0.281379
0.249789
0.218260
0.186802
0.155400
0.124056
0.092783
0.073894
0.049269
0.015360
-0.029865
-0.062460
-0.093269
-0.124002
-0.154640
-0.171505
-0.194822
-0.224899
-0.254860
-0.299123
-0.336316
-0.366218
-0.395992
-0.425613
-0.464540
-0.503382
-0.515595
-0.526523
-0.547128
-0.566916
-0.556723
-0.597373
-0.634206
-0.650044
-0.621109
-0.607263
-0.627986
-0.670520
-0.700178
-0.744824
-0.781756
-0.811315
-0.840702
-0.869875
-0.898879
-0.931978
-0.978903
-1.009485
-1.038096
-1.066501
-1.094660
-1.140130
-1.176414
-1.199386
-1.206355
-1.211245
-1.227851
-1.253227
-1.278192
-1.302626
-1.326641
-1.350220
-1.373280
-1.395665
-1.417520
-1.438824
-1.459473
-1.479269
-1.498399
-1.516838
-1.534461
-1.551023
-1.566762
-1.581653
-1.595551
-1.608163
-1.619794
-1.630419
-1.639881
-1.647855
-1.654714
-1.660440
-1.664880
-1.667696
-1.669325
-1.669761
-1.668866
-1.666323
-1.662604
-1.657718
-1.651553
-1.643834
-1.635030
-1.625162
-1.614146
-1.601756
-1.588425
-1.574179
-1.558959
-1.542583
-1.508085
-1.469061
-1.451022
-1.432047
-1.412442
-1.392230
-1.371380
-1.349771
-1.327657
-1.305053
-1.281940
-1.258218
-1.234091
-1.209575
-1.184652
-1.159242
-1.133508
-1.107463
-1.081093
-1.054333
-1.027313
-1.000043
-0.972514
-0.944669
-0.916614
-0.888357
-0.859891
-0.831168
-0.802275
-0.773217
-0.743989
-0.714550
-0.684972
-0.655259
-0.625406
-0.595378
-0.565236
-0.534981
-0.504611
-0.459576
-0.432429
-0.412502
-0.382426
-0.337112
-0.309612
-0.293134
-0.276283
-0.247295
-0.207175
-0.165672
-0.136116
-0.106411
-0.076605
-0.046703
-0.016701
0.013431
0.053544
0.094794
0.124943
0.155211
0.185558
0.215983
0.246486
0.277093
0.307770
0.338514
0.369328
0.400233
0.431199
0.462224
0.493310
0.537897
0.545270
0.541252
0.559304
0.590465
0.622012
0.657531
0.701854
0.721459
0.699891
0.675918
0.696091
0.717030
0.745303
0.777588
0.809906
0.842268
0.868069
0.893588
0.926162
0.949430
0.984938
1.021114
1.044530
1.068590
1.098471
1.131441
1.164429
1.197441
1.230470
1.260968
1.286153
1.319252
1.352438
1.385638
1.418850
1.452080
1.485323
1.518578
1.551844
1.578231
1.609238
1.642616
1.676003
1.669667
1.685778
1.685778
