1.716045
1.681061
1.646265
1.611658
1.577377
1.564021
1.563087
1.562485
1.538647
1.514113
1.514317
1.514845
1.504297
1.472420
1.470073
1.471688
1.473536
1.441650
1.409993
1.379326
1.346509
1.315380
1.284972
1.252197
1.219425
1.186655
1.153888
1.123759
1.093346
1.060635
1.027928
0.995225
0.962526
0.933688
0.921241
0.924671
0.892111
0.856869
0.820168
0.787559
0.758142
0.729416
0.696901
0.664396
0.631898
0.599409
0.566932
0.536618
0.509925
0.483916
0.452094
0.413380
0.381071
0.348774
0.316489
0.284224
0.251974
0.219738
0.187522
0.160518
0.133728
0.101705
0.069709
0.037733
0.005782
-0.026135
-0.054303
-0.077543
-0.108980
-0.135602
-0.158112
-0.189444
-0.220735
-0.250379
-0.270593
-0.268848
-0.267025
-0.297638
-0.318227
-0.325996
-0.312521
-0.336326
-0.366085
-0.395758
-0.425287
-0.447192
-0.461118
-0.473575
-0.485132
-0.498014
-0.525659
-0.540723
-0.549008
-0.555954
-0.542537
-0.535550
-0.561082
-0.586317
-0.603029
-0.605710
-0.627933
-0.651672
-0.675172
-0.698209
-0.720976
-0.741205
-0.738302
-0.750534
-0.771403
-0.791781
-0.811705
-0.831278
-0.850359
-0.868874
-0.877173
-0.866632
-0.880094
-0.896126
-0.911698
-0.926435
-0.940690
-0.954458
-0.967355
-0.979665
-0.991444
-1.002367
-1.012570
-1.022201
-1.031009
-1.038957
-1.035911
-1.010095
-1.039216
-1.063365
-1.067595
-1.070690
-1.073129
-1.074911
-1.075521
-1.075425
-1.074669
-1.072843
-1.048483
-1.019287
-1.015205
-1.010268
-1.004717
-0.998374
-0.991112
-0.983263
-0.974748
-0.965270
-0.955239
-0.944657
-0.933101
-0.921023
-0.908434
-0.895018
-0.881043
-0.866599
-0.851464
-0.835748
-0.819604
-0.802894
-0.785592
-0.777408
-0.786344
-0.770065
-0.761788
-0.767681
-0.771667
-0.774585
-0.777978
-0.801500
-0.810092
-0.812561
-0.834522
-0.856077
-0.877306
-0.898061
-0.897602
-0.899350
-0.918224
-0.936453
-0.954261
-0.971604
-0.960688
-0.976476
-1.020958
-1.065235
-1.092056
-1.106150
-1.119341
-1.111215
-1.089863
-1.058825
-1.027691
-0.996490
-0.965208
-0.933837
-0.902414
-0.870932
-0.830456
-0.793841
-0.762468
-0.731008
-0.699505
-0.667958
-0.636344
-0.598799
-0.557831
-0.516547
-0.475010
-0.438862
-0.417722
-0.380231
-0.342446
-0.311105
-0.279702
-0.248264
-0.216788
-0.185252
-0.158312
-0.134910
-0.103083
-0.066059
-0.027051
0.004697
0.036476
0.068279
0.100115
0.131982
0.163871
0.195785
0.227730
0.259695
0.291679
0.323695
0.355727
0.387776
0.419853
0.451947
0.484055
0.516187
0.548335
0.580497
0.612678
0.644876
0.677086
0.709311
0.741555
0.773809
0.806075
0.838359
0.870653
0.903038
0.941769
0.973388
0.999949
1.032303
1.061007
1.088738
1.121200
1.153670
1.187628
1.225595
1.254656
1.281873
1.309456
1.337533
1.367660
1.400305
1.432956
1.446301
1.444716
1.473944
1.483352
1.475627
1.442839
1.408141
1.380671
1.378356
1.350554
1.337507
1.368904
1.343362
1.323201
1.322560
1.290826
1.290826
1.323973
1.357518
1.390688
1.415253
1.383403
1.396019
1.430051
1.462925
1.472294
1.484130
1.519212
1.499267
1.468093
1.435304
1.405446
1.376050
1.347917
1.384592
1.419022
1.448813
1.453150
1.430876
1.395530
1.367333
1.335937
1.304719
1.277137
1.245546
1.213053
1.180568
1.143414
1.108030
1.075497
1.042975
1.010459
0.977949
0.945450
0.912959
0.880474
0.848000
0.815535
0.783078
0.750631
0.718196
0.687754
0.661340
0.629778
0.597480
0.565194
0.532927
0.500673
0.468750
0.443579
0.437682
0.441160
0.417461
0.415661
0.424554
0.433857
0.419752
0.395302
0.364047
0.342018
0.334001
0.345367
0.328728
0.304443
0.273966
0.243574
0.206111
0.164409
0.133980
0.095457
0.054871
0.024401
0.003586
-0.017206
-0.047228
-0.077155
-0.112021
-0.155664
-0.186907
-0.210331
-0.225706
-0.254930
-0.292219
-0.334165
-0.348181
-0.371384
-0.402808
-0.447504
-0.492106
-0.532815
-0.561810
-0.590645
-0.624760
-0.669518
-0.700249
-0.711378
-0.698091
-0.740167
-0.784322
-0.828370
-0.872206
-0.907723
-0.937452
-0.967003
-0.996399
-1.025668
-1.054743
-1.070904
-1.087874
-1.115820
-1.143456
-1.170881
-1.198060
-1.224826
-1.251327
-1.277561
-1.303261
-1.328620
-1.353644
-1.378068
-1.402006
-1.425522
-1.448366
-1.470529
-1.492161
-1.513049
-1.532998
-1.552281
-1.570758
-1.587965
-1.604350
-1.619887
-1.633755
-1.646633
-1.658509
-1.668576
-1.677346
-1.684964
-1.690747
-1.694919
-1.697840
-1.699014
-1.698327
-1.685419
-1.649308
-1.640178
-1.633898
-1.626422
-1.617039
-1.606634
-1.595219
-1.582137
-1.568086
-1.553165
-1.536943
-1.519780
-1.501893
-1.483022
-1.463270
-1.442925
-1.421858
-1.399983
-1.377630
-1.354756
-1.351860
-1.348833
-1.343708
-1.317288
-1.290580
-1.263602
-1.236217
-1.208564
-1.180697
-1.152531
-1.124120
-1.095536
-1.066736
-1.037709
-1.008543
-0.979220
-0.949690
-0.920047
-0.890289
-0.860344
-0.830304
-0.800172
-0.769893
-0.739522
-0.709074
-0.678513
-0.647864
-0.617150
-0.586349
-0.546270
-0.514014
-0.501718
-0.473427
-0.442933
-0.412372
-0.381707
-0.350985
-0.320209
-0.289343
-0.258424
-0.227457
-0.196419
-0.165327
-0.131784
-0.089874
-0.071439
-0.050416
-0.007879
0.008833
0.033326
0.076409
0.107518
0.144026
0.186834
0.217135
0.254753
0.296496
0.326765
0.357092
0.387466
0.417908
0.448409
0.482424
0.525294
0.557938
0.588451
0.619012
0.649639
0.680303
0.711004
0.741771
0.733039
0.693317
0.682214
0.690971
0.715139
0.756773
0.783725
0.807388
0.838783
0.862666
0.884901
0.907630
0.938351
0.970137
1.001941
1.033774
1.061532
1.085450
1.109997
1.139078
1.170235
1.195540
1.230216
1.267666
1.299847
1.332043
1.364249
1.396467
1.428700
1.460942
1.493194
1.489098
1.498670
1.525310
1.557738
1.590174
1.622615
1.655066
1.662742
1.657534
1.652632
1.623793
1.596056
1.591875
1.615122
1.644233
1.673645
1.703481
1.703481
1.401502
1.365400
1.329872
1.295286
1.260125
1.224781
1.189438
1.154787
1.120782
1.150553
1.168434
1.135545
1.101106
1.065850
1.030597
0.995345
0.960096
0.927324
0.894676
0.859484
0.826392
0.795014
0.764306
0.732296
0.697263
0.659064
0.620053
0.589656
0.557204
0.522207
0.487221
0.452240
0.417270
0.382309
0.347353
0.318014
0.286939
0.252129
0.217334
0.182548
0.147783
0.113030
0.078289
0.043571
0.010607
-0.016777
-0.043485
-0.069777
-0.112397
-0.151960
-0.186378
-0.220764
-0.255132
-0.289460
-0.323762
-0.358039
-0.392268
-0.426475
-0.460640
-0.488312
-0.512810
-0.546584
-0.580323
-0.614010
-0.647624
-0.681201
-0.714693
-0.741389
-0.762473
-0.794513
-0.823085
-0.841843
-0.869793
-0.900928
-0.917082
-0.939943
-0.971206
-0.987648
-1.000442
-1.011416
-1.021019
-1.029636
-1.009409
-0.996927
-1.001781
-1.022196
-1.048634
-1.074565
-1.111984
-1.161972
-1.169133
-1.168496
-1.165798
-1.161455
-1.156082
-1.148095
-1.150352
-1.169808
-1.165490
-1.157196
-1.174078
-1.190412
-1.206222
-1.221028
-1.226486
-1.206963
-1.207766
-1.219533
-1.230078
-1.240092
-1.249334
-1.257517
-1.265185
-1.271700
-1.277445
-1.282546
-1.286318
-1.278821
-1.245696
-1.211529
-1.181160
-1.215812
-1.234248
-1.232131
-1.257652
-1.281916
-1.276814
-1.250848
-1.209689
-1.174718
-1.149250
-1.141934
-1.133716
-1.128247
-1.152185
-1.159357
-1.147977
-1.135591
-1.122769
-1.109079
-1.094725
-1.079950
-1.064148
-1.047971
-1.031172
-1.013669
-0.995815
-0.977185
-0.958126
-0.938650
-0.943757
-0.944023
-0.922438
-0.900394
-0.878082
-0.855118
-0.831901
-0.808309
-0.784255
-0.759983
-0.735247
-0.710228
-0.684970
-0.659262
-0.633376
-0.607169
-0.580669
-0.552660
-0.502797
-0.464553
-0.441205
-0.415260
-0.384142
-0.334260
-0.297643
-0.270797
-0.243616
-0.216308
-0.188779
-0.161024
-0.133152
-0.105009
-0.100039
-0.120999
-0.116686
-0.103187
-0.073767
-0.044204
-0.014549
0.015325
0.045280
0.075367
0.105604
0.138195
0.186706
0.235259
0.283851
0.316195
0.346471
0.376879
0.407396
0.436896
0.419530
0.414936
0.429364
0.457067
0.488518
0.520079
0.551709
0.583397
0.629496
0.672200
0.703886
0.735650
0.767458
0.799371
0.824951
0.842317
0.871877
0.904229
0.936656
0.961362
0.980316
1.000168
1.009355
0.996940
1.008610
1.027144
1.015880
1.020698
1.043715
1.038630
1.028635
1.019030
1.030519
1.055680
1.047705
1.052055
1.078654
1.111175
1.146670
1.188835
1.231149
1.273610
1.271590
1.263749
1.256270
1.249108
1.242134
1.235649
1.243286
1.272203
1.274421
1.263591
1.223651
1.183916
1.144361
1.105176
1.086920
1.118613
1.126961
1.124053
1.121647
1.119473
1.117600
1.116161
1.114925
1.114122
1.113624
1.113356
1.147164
1.182699
1.218054
1.253953
1.287042
1.288322
1.306301
1.343392
1.380862
1.417891
1.453164
1.488438
1.523713
1.492275
1.459900
1.427888
1.393523
1.358799
1.327439
1.313921
1.318244
1.287943
1.252887
1.217839
1.182796
1.147757
1.112728
1.077702
1.042682
1.007671
0.973491
0.943849
0.911400
0.876500
0.841613
0.808542
0.779867
0.751731
0.725644
0.733093
0.755564
0.797968
0.778248
0.745507
0.719869
0.689387
0.655212
0.621076
0.590134
0.565798
0.534736
0.501765
0.478636
0.471454
0.482732
0.466538
0.442604
0.409510
0.376467
0.343456
0.310532
0.277643
0.244814
0.222251
0.201734
0.169365
0.137054
0.104803
0.072662
0.036764
-0.010118
-0.047647
-0.079794
-0.111805
-0.143758
-0.175622
-0.207365
-0.239047
-0.270588
-0.302034
-0.333398
-0.364589
-0.395704
-0.426676
-0.457504
-0.488248
-0.518773
-0.556927
-0.605323
-0.624290
-0.639489
-0.669214
-0.709772
-0.758681
-0.789351
-0.818826
-0.848074
-0.877068
-0.905922
-0.934415
-0.962713
-0.990782
-0.999354
-1.014070
-1.063934
-1.113790
-1.163640
-1.190811
-1.217242
-1.243275
-1.268812
-1.294087
-1.318711
-1.342937
-1.366757
-1.389811
-1.419532
-1.469288
-1.483282
-1.476753
-1.496560
-1.515887
-1.534464
-1.552015
-1.569046
-1.584854
-1.599849
-1.614117
-1.626894
-1.639018
-1.649898
-1.659556
-1.668515
-1.675642
-1.681928
-1.687070
-1.690577
-1.693306
-1.694345
-1.694216
-1.693177
-1.690193
-1.686434
-1.681292
-1.674761
-1.667483
-1.658438
-1.648553
-1.637673
-1.625333
-1.612354
-1.598086
-1.582901
-1.567092
-1.549884
-1.532168
-1.513592
-1.494112
-1.474177
-1.453235
-1.431779
-1.409794
-1.386975
-1.363813
-1.339993
-1.315667
-1.291037
-1.265678
-1.240057
-1.214024
-1.187517
-1.160784
-1.133569
-1.106081
-1.078346
-1.050182
-1.021848
-0.993201
-0.964287
-0.935223
-0.905804
-0.876241
-0.846481
-0.801467
-0.752636
-0.703727
-0.665541
-0.635815
-0.588159
-0.551189
-0.539738
-0.502470
-0.455335
-0.424976
-0.394512
-0.363922
-0.333152
-0.302303
-0.271295
-0.240174
-0.208976
-0.177604
-0.146168
-0.114622
-0.082962
-0.051242
-0.019390
0.012532
0.044525
0.076633
0.108789
0.141040
0.173365
0.205735
0.238217
0.270739
0.303327
0.335991
0.368693
0.401477
0.434308
0.467182
0.488940
0.513054
0.546302
0.579597
0.612920
0.646308
0.684589
0.729669
0.765377
0.798720
0.832117
0.865547
0.899004
0.890787
0.872602
0.838973
0.805382
0.771813
0.738299
0.704812
0.671360
0.628433
0.597849
0.620703
0.650019
0.683827
0.717685
0.751561
0.785468
0.819410
0.852368
0.876991
0.906260
0.940443
0.974658
1.008886
1.043140
1.077415
1.111679
1.137796
1.167103
1.201569
1.236055
1.270551
1.305068
1.339597
1.374137
1.408697
1.443266
1.477851
1.466970
1.432387
1.397824
1.360205
1.318291
1.276622
1.247195
1.275523
1.304232
1.333248
1.330243
1.336012
1.366255
1.399837
1.429685
1.390349
1.351188
1.312240
1.273630
1.235179
1.197066
1.200660
1.233587
1.232941
1.231302
1.230003
1.254703
1.289359
1.324715
1.360070
1.395425
1.369585
1.351181
1.386788
1.386788
