1.680347
1.636196
1.628304
1.592873
1.555843
1.518824
1.481817
1.444821
1.402194
1.363690
1.326665
1.289652
1.252651
1.215662
1.178686
1.141723
1.104774
1.067839
1.026947
0.986508
0.949541
0.912589
0.875651
0.838728
0.801821
0.764929
0.728055
0.691197
0.654357
0.617535
0.580733
0.543949
0.507186
0.470444
0.433724
0.397026
0.360351
0.323365
0.279104
0.307849
0.344588
0.381463
0.411597
0.447903
0.484917
0.521945
0.558988
0.596045
0.633115
0.665531
0.700917
0.738093
0.775280
0.812477
0.849683
0.883699
0.918544
0.953193
0.985775
1.020794
1.058202
1.062053
1.035613
1.018096
0.990329
0.987491
0.996008
1.021574
1.028878
1.057256
1.049391
1.011219
0.978380
0.978619
0.976298
0.941618
0.942092
0.906294
0.908449
0.872008
0.834436
0.796865
0.761742
0.724573
0.689749
0.655864
0.622487
0.586094
0.552163
0.516217
0.482488
0.447067
0.409832
0.376170
0.341554
0.304427
0.267314
0.233533
0.200108
0.163128
0.126166
0.092158
0.060177
0.023380
-0.013394
-0.050143
-0.084675
-0.114567
-0.151105
-0.187611
-0.224082
-0.259344
-0.286650
-0.322155
-0.347833
-0.383640
-0.407705
-0.443143
-0.478700
-0.502088
-0.491970
-0.533084
-0.558282
-0.578380
-0.570099
-0.592861
-0.626914
-0.648766
-0.664924
-0.692126
-0.712989
-0.726093
-0.749873
-0.781532
-0.801659
-0.822090
-0.841907
-0.849070
-0.865028
-0.884170
-0.887598
-0.898535
-0.917138
-0.924679
-0.950560
-0.969269
-0.971682
-0.990342
-0.993571
-1.042444
-1.064975
-1.084544
-1.073543
-1.043876
-1.095836
-1.115657
-1.134707
-1.153072
-1.170727
-1.157435
-1.168627
-1.183647
-1.197870
-1.211274
-1.223835
-1.235534
-1.246347
-1.256257
-1.265243
-1.273289
-1.280378
-1.286496
-1.291631
-1.276407
-1.260345
-1.262415
-1.263497
-1.263589
-1.248307
-1.208868
-1.168589
-1.127535
-1.096043
-1.100059
-1.122781
-1.115669
-1.107696
-1.104037
-1.126429
-1.115705
-1.104162
-1.091817
-1.078690
-1.064784
-1.050128
-1.034747
-1.018662
-1.001892
-0.984459
-0.966381
-0.947680
-0.928374
-0.932757
-0.920170
-0.898792
-0.876885
-0.854469
-0.831562
-0.808182
-0.784346
-0.760071
-0.735373
-0.710268
-0.684772
-0.658898
-0.632662
-0.606076
-0.579155
-0.551910
-0.524354
-0.496498
-0.468354
-0.434184
-0.386179
-0.357544
-0.332303
-0.323674
-0.294012
-0.264129
-0.234033
-0.203731
-0.173230
-0.142534
-0.111654
-0.080597
-0.049368
-0.017975
0.031299
0.066209
0.097826
0.114075
0.156091
0.193544
0.225724
0.258033
0.290468
0.334768
0.363873
0.388482
0.421379
0.454381
0.487487
0.481901
0.460102
0.483372
0.517038
0.545020
0.567952
0.602045
0.636214
0.666680
0.689129
0.720840
0.735109
0.725855
0.747167
0.770275
0.802716
0.791218
0.814280
0.802435
0.826199
0.816868
0.839812
0.865991
0.860909
0.882590
0.880327
0.871885
0.892081
0.894030
0.913222
0.943506
0.949770
0.943827
0.938264
0.933083
0.928286
0.923874
0.919849
0.933968
0.968265
0.971451
0.931440
0.905563
0.903881
0.902591
0.901695
0.891465
0.853814
0.816163
0.778513
0.740830
0.703019
0.673129
0.711374
0.749017
0.786660
0.824304
0.861948
0.864209
0.900957
0.938700
0.977898
1.017603
1.057643
1.095693
1.135467
1.117213
1.079685
1.044482
1.008071
0.970586
0.933105
0.897920
0.906900
0.946260
0.983658
1.023236
1.065255
1.091439
1.111880
1.126595
1.121632
1.165121
1.204864
1.237212
1.274340
1.312858
1.355089
1.392186
1.429294
1.466412
1.503539
1.536690
1.508355
1.552087
1.589116
1.626156
1.669716
1.638770
1.601789
1.564821
1.527865
1.490921
1.453990
1.417072
1.380168
1.348804
1.314424
1.277637
1.240865
1.204111
1.167374
1.130655
1.093954
1.057272
1.024785
0.993098
0.956567
0.920060
0.883576
0.847117
0.810683
0.771562
0.728083
0.691624
0.655192
0.618787
0.582410
0.546062
0.509744
0.473458
0.437203
0.400982
0.364796
0.328647
0.292534
0.256460
0.220426
0.184433
0.148484
0.112579
0.076720
0.040910
0.005150
-0.030558
-0.066212
-0.109967
-0.149946
-0.177874
-0.208238
-0.243584
-0.278861
-0.314065
-0.349193
-0.384241
-0.419206
-0.454084
-0.488871
-0.523563
-0.558154
-0.592640
-0.627015
-0.661275
-0.695412
-0.732512
-0.780009
-0.816261
-0.864602
-0.898658
-0.932568
-0.966323
-0.999914
-1.033327
-1.066554
-1.081881
-1.112909
-1.145097
-1.177032
-1.208700
-1.240083
-1.271161
-1.301915
-1.332322
-1.362358
-1.391998
-1.421215
-1.449978
-1.478256
-1.506014
-1.533214
-1.559816
-1.585778
-1.611053
-1.635593
-1.659344
-1.682253
-1.704260
-1.725303
-1.745320
-1.764244
-1.782007
-1.798540
-1.813774
-1.827640
-1.840072
-1.851007
-1.860386
-1.868156
-1.874270
-1.878691
-1.881373
-1.882288
-1.881459
-1.878892
-1.874602
-1.868618
-1.860976
-1.851720
-1.840904
-1.828586
-1.814829
-1.799699
-1.783265
-1.765595
-1.746759
-1.726825
-1.705858
-1.683924
-1.661083
-1.637394
-1.612913
-1.587692
-1.561781
-1.535226
-1.508071
-1.480354
-1.452115
-1.423387
-1.394204
-1.364594
-1.334587
-1.304207
-1.273479
-1.242424
-1.211064
-1.179417
-1.147500
-1.115331
-1.082924
-1.050288
-1.017442
-0.984397
-0.951166
-0.917759
-0.884186
-0.850455
-0.816575
-0.782554
-0.736258
-0.697956
-0.663828
-0.629578
-0.595211
-0.560733
-0.526150
-0.491467
-0.456687
-0.421816
-0.386857
-0.351815
-0.316693
-0.281495
-0.246224
-0.210883
-0.175475
-0.140002
-0.104468
-0.068876
-0.035882
-0.009464
0.026450
0.062409
0.098414
0.135490
0.181744
0.217733
0.253764
0.289836
0.325947
0.362094
0.398278
0.434496
0.479832
0.517519
0.545379
0.579693
0.616068
0.652471
0.688901
0.725358
0.761840
0.798347
0.834878
0.871433
0.908010
0.944609
0.981229
1.017871
1.054532
1.091212
1.127911
1.164629
1.201365
1.240765
1.280947
1.311674
1.348476
1.385294
1.422127
1.458974
1.495836
1.532712
1.569601
1.606503
1.606503
1.561851
1.524158
1.498763
1.496543
1.494664
1.491598
1.456524
1.420960
1.384617
1.374372
1.376467
1.411317
1.446276
1.481381
1.489519
1.485603
1.451253
1.433532
1.434785
1.406478
1.371695
1.338428
1.304261
1.269217
1.234175
1.199620
1.167005
1.134730
1.102736
1.071320
1.048517
1.052667
1.036726
1.006674
1.009660
1.003754
0.969104
0.934463
0.899828
0.859772
0.821338
0.786642
0.751954
0.717272
0.682604
0.647942
0.613290
0.582954
0.554447
0.526762
0.496399
0.462041
0.422409
0.382342
0.355120
0.328327
0.302079
0.269662
0.234467
0.192088
0.153665
0.119503
0.092572
0.065662
0.031768
-0.002099
-0.035939
-0.069731
-0.103502
-0.137225
-0.170912
-0.204570
-0.238165
-0.271735
-0.305250
-0.338716
-0.372150
-0.405503
-0.435340
-0.456790
-0.485557
-0.518407
-0.551135
-0.579243
-0.598192
-0.626095
-0.658169
-0.690073
-0.716013
-0.732029
-0.758911
-0.789958
-0.820776
-0.844014
-0.856589
-0.867506
-0.879914
-0.908754
-0.927729
-0.934916
-0.940203
-0.948224
-0.974527
-0.988407
-0.989647
-1.010485
-1.029875
-1.027334
-1.038194
-1.060666
-1.082444
-1.097338
-1.089394
-1.097150
-1.116467
-1.106855
-1.102575
-1.119336
-1.135441
-1.151138
-1.134658
-1.116220
-1.096187
-1.096712
-1.108007
-1.118093
-1.127740
-1.136572
-1.120520
-1.095026
-1.101012
-1.106490
-1.111173
-1.114881
-1.118129
-1.120150
-1.136681
-1.172461
-1.179913
-1.174726
-1.137627
-1.116382
-1.113023
-1.108583
-1.109314
-1.137777
-1.130448
-1.088735
-1.075466
-1.066706
-1.056978
-1.046601
-1.035694
-1.023766
-1.011453
-0.998309
-0.984543
-0.970344
-0.955199
-0.939716
-0.923541
-0.906785
-0.889688
-0.871734
-0.853490
-0.834682
-0.815343
-0.795730
-0.775379
-0.754770
-0.733709
-0.712169
-0.690399
-0.668029
-0.645417
-0.622446
-0.599050
-0.575460
-0.551386
-0.527088
-0.502508
-0.477551
-0.452432
-0.426924
-0.401210
-0.375277
-0.349010
-0.322607
-0.295893
-0.268990
-0.241917
-0.214549
-0.187068
-0.159336
-0.131434
-0.103399
-0.093592
-0.075027
-0.026144
0.010626
0.039474
0.068554
0.097715
0.127037
0.156500
0.186041
0.215788
0.245603
0.275548
0.305621
0.335214
0.348217
0.367939
0.398706
0.429583
0.459369
0.474475
0.502991
0.550153
0.585207
0.616556
0.648017
0.679532
0.711112
0.742785
0.774496
0.806300
0.838155
0.870063
0.902055
0.934081
0.966183
0.973525
0.959663
0.917440
0.886753
0.906378
0.926558
0.947144
0.968594
0.993313
1.026588
1.059898
1.093228
1.126610
1.156768
1.179823
1.203424
1.227312
1.251999
1.264941
1.256304
1.271937
1.298047
1.324867
1.357525
1.399219
1.404679
1.397400
1.390564
1.398901
1.427132
1.455887
1.476108
1.436153
1.412825
1.408037
1.375082
1.341790
1.337942
1.352290
1.383921
1.355868
1.325387
1.323069
1.340430
1.373697
1.375890
1.383394
1.417732
1.431555
1.431304
1.464514
1.500004
1.535836
1.549750
1.550968
1.518315
1.485149
1.452353
1.419941
1.387728
1.356097
1.324693
1.293680
1.263127
1.232797
1.203096
1.171364
1.136674
1.101993
1.067317
1.032653
1.000657
0.971962
0.998551
1.028921
0.994466
0.963509
0.936234
0.903105
0.870251
0.843940
0.853917
0.896436
0.931545
0.952532
0.927412
0.892191
0.849266
0.822948
0.795839
0.762062
0.734441
0.710797
0.719868
0.717281
0.683947
0.650653
0.617381
0.584174
0.550990
0.517851
0.476787
0.432517
0.399316
0.366142
0.333014
0.299941
0.266895
0.233925
0.206350
0.186188
0.191759
0.198317
0.152426
0.112742
0.080304
0.047958
0.017885
0.000117
-0.032066
-0.078583
-0.112740
-0.144656
-0.176457
-0.216302
-0.262958
-0.296438
-0.324534
-0.340497
-0.374622
-0.421809
-0.438984
-0.458202
-0.488911
-0.519477
-0.549956
-0.580196
-0.610344
-0.640310
-0.642314
-0.630019
-0.615849
-0.623483
-0.670682
-0.706714
-0.737994
-0.769058
-0.800025
-0.830842
-0.861461
-0.891984
-0.922241
-0.952359
-0.982297
-1.011963
-1.041503
-1.070710
-1.109205
-1.157937
-1.190433
-1.215741
-1.222961
-1.240520
-1.267785
-1.294521
-1.321030
-1.347002
-1.372558
-1.397781
-1.422257
-1.439720
-1.436306
-1.447805
-1.469413
-1.489962
-1.518627
-1.567378
-1.597063
-1.615841
-1.633168
-1.649940
-1.665633
-1.680150
-1.694059
-1.706139
-1.729989
-1.773911
-1.792466
-1.800827
-1.806995
-1.812167
-1.815904
-1.791207
-1.760725
-1.759556
-1.757343
-1.753852
-1.775929
-1.799219
-1.790710
-1.764850
-1.720927
-1.703647
-1.691224
-1.677271
-1.662396
-1.646702
-1.629598
-1.611967
-1.593189
-1.573642
-1.553516
-1.532264
-1.510616
-1.488146
-1.465060
-1.441580
-1.417225
-1.392578
-1.367355
-1.341644
-1.315671
-1.289022
-1.254531
-1.205078
-1.171035
-1.143878
-1.116207
-1.088347
-1.060186
-1.046032
-1.035448
-1.005858
-0.976121
-0.946183
-0.915999
-0.883655
-0.835629
-0.795812
-0.765471
-0.720835
-0.672845
-0.624743
-0.585653
-0.555421
-0.510028
-0.473727
-0.485096
-0.506257
-0.535613
-0.521161
-0.499190
-0.470277
-0.441191
-0.411983
-0.399766
-0.378437
-0.330170
-0.293323
-0.263337
-0.233129
-0.202848
-0.172420
-0.141859
-0.111228
-0.080410
-0.043575
0.004040
0.006379
-0.008586
0.006879
0.028780
0.060404
0.103386
0.150270
0.197295
0.217106
0.202054
0.223184
0.254238
0.285423
0.316678
0.348007
0.379449
0.410937
0.442533
0.433495
0.386742
0.395592
0.413343
0.432009
0.458432
0.490980
0.523610
0.556270
0.588993
0.621766
0.654571
0.687449
0.720353
0.753308
0.736530
0.691652
0.712651
0.723772
0.713128
0.679989
0.637971
0.662132
0.686639
0.711729
0.743280
0.777357
0.811465
0.845587
0.879728
0.913892
0.948067
0.982268
1.016482
1.050711
1.079082
1.106094
1.133756
1.164795
1.199307
1.170658
1.130004
1.089644
1.086528
1.116051
1.150188
1.184958
1.219736
1.251988
1.282358
1.316858
1.351721
1.386589
1.421461
1.456336
1.491217
1.514273
1.510585
1.510585
