1.713808
1.675160
1.650911
1.646261
1.613406
1.575549
1.537942
1.547532
1.578335
1.612165
1.607805
1.571042
1.537073
1.502219
1.465804
1.484772
1.508749
1.507144
1.483477
1.448404
1.413734
1.413643
1.447382
1.418436
1.396838
1.397546
1.370795
1.336402
1.303158
1.291379
1.292614
1.294311
1.312161
1.348230
1.324173
1.291258
1.254709
1.220133
1.186705
1.155602
1.122893
1.089056
1.055222
1.022882
0.992486
0.959195
0.925427
0.891663
0.857904
0.824689
0.795153
0.766009
0.737181
0.698913
0.662344
0.628693
0.599245
0.569475
0.535938
0.502412
0.468893
0.435389
0.401894
0.368407
0.340786
0.311330
0.278002
0.244695
0.211398
0.178123
0.144867
0.111622
0.078407
0.045207
0.012024
-0.021127
-0.051621
-0.076673
-0.107615
-0.140497
-0.173338
-0.206146
-0.239125
-0.280686
-0.314353
-0.338189
-0.369640
-0.399198
-0.421390
-0.396809
-0.364132
-0.396137
-0.428085
-0.459988
-0.479416
-0.503627
-0.534974
-0.554516
-0.571261
-0.586742
-0.601021
-0.614545
-0.626429
-0.637318
-0.647315
-0.655471
-0.652824
-0.632281
-0.632098
-0.631054
-0.608822
-0.617193
-0.642389
-0.667158
-0.679746
-0.679746
-0.701013
-0.724056
-0.746725
-0.748871
-0.749290
-0.770184
-0.790660
-0.810844
-0.830326
-0.849457
-0.868170
-0.860405
-0.857493
-0.874040
-0.889938
-0.905452
-0.920171
-0.934329
-0.948070
-0.960794
-0.973067
-0.984726
-0.967994
-0.954342
-0.963433
-0.971736
-0.979553
-0.986333
-0.992470
-0.998055
-1.002468
-1.006359
-1.009491
-1.011614
-1.021097
-1.055701
-1.067186
-1.069113
-1.101027
-1.098235
-1.061113
-1.054177
-1.060863
-1.088410
-1.089014
-1.091135
-1.131722
-1.162847
-1.188085
-1.211287
-1.243435
-1.285784
-1.319455
-1.352019
-1.384490
-1.416848
-1.447180
-1.467188
-1.493783
-1.525055
-1.556017
-1.579896
-1.594452
-1.605658
-1.615139
-1.621624
-1.607850
-1.585341
-1.561839
-1.537787
-1.513283
-1.487918
-1.462220
-1.436049
-1.425562
-1.408735
-1.361436
-1.332255
-1.311488
-1.284217
-1.256677
-1.228881
-1.200644
-1.172224
-1.143534
-1.100613
-1.059618
-1.040923
-1.027621
-1.017340
-1.004808
-0.983919
-0.953908
-0.909551
-0.868794
-0.838754
-0.808537
-0.778223
-0.747730
-0.717117
-0.686680
-0.669367
-0.645817
-0.614412
-0.582886
-0.551304
-0.519631
-0.487873
-0.456065
-0.424163
-0.392202
-0.360197
-0.328098
-0.295962
-0.263773
-0.231515
-0.199223
-0.166874
-0.127432
-0.085681
-0.053412
-0.021105
0.011236
0.043641
0.076073
0.108545
0.141065
0.173610
0.206199
0.238822
0.271467
0.304160
0.341419
0.383450
0.416892
0.449528
0.482195
0.514898
0.547619
0.580376
0.613158
0.645957
0.678794
0.711648
0.744523
0.777429
0.810349
0.843293
0.876261
0.909242
0.942249
0.975273
1.008310
1.049328
1.087009
1.119985
1.152984
1.185996
1.219028
1.246880
1.273249
1.306437
1.339638
1.372848
1.335659
1.321117
1.347989
1.375384
1.388902
1.355409
1.321924
1.288013
1.248882
1.212551
1.179018
1.140568
1.125197
1.154025
1.186589
1.212915
1.208701
1.225660
1.255887
1.289691
1.290612
1.253622
1.247081
1.244534
1.242323
1.240472
1.238829
1.237599
1.256425
1.289662
1.323634
1.357605
1.391577
1.425350
1.459154
1.493129
1.479739
1.450231
1.450929
1.470431
1.505540
1.473669
1.439259
1.404134
1.369960
1.336290
1.303541
1.293662
1.292438
1.260730
1.227910
1.194025
1.162740
1.130659
1.096822
1.062987
1.029155
0.995326
0.961500
0.927676
0.893857
0.861751
0.831537
0.798144
0.765778
0.736320
0.703727
0.670067
0.636416
0.602772
0.569133
0.535506
0.504208
0.475876
0.477087
0.492700
0.532488
0.520353
0.488017
0.461942
0.436366
0.411186
0.451278
0.479541
0.488507
0.463005
0.430350
0.397731
0.365146
0.332582
0.300068
0.273031
0.251013
0.219372
0.191432
0.170776
0.176058
0.178712
0.147120
0.115589
0.084100
0.052707
0.021366
-0.009918
-0.041097
-0.067472
-0.084257
-0.111510
-0.142100
-0.172566
-0.202936
-0.233238
-0.263374
-0.293427
-0.323381
-0.353166
-0.382863
-0.412415
-0.441807
-0.471102
-0.500194
-0.529141
-0.557977
-0.586542
-0.614982
-0.643250
-0.687359
-0.724349
-0.732757
-0.767941
-0.813198
-0.840576
-0.867737
-0.894708
-0.921255
-0.947602
-0.973650
-0.999281
-1.024681
-1.049644
-1.074207
-1.098506
-1.122187
-1.145507
-1.168462
-1.190691
-1.212563
-1.233874
-1.254471
-1.274660
-1.294036
-1.312743
-1.330986
-1.348102
-1.364635
-1.380489
-1.395148
-1.409207
-1.422271
-1.434216
-1.445501
-1.455426
-1.464373
-1.472605
-1.479088
-1.484799
-1.489471
-1.492570
-1.494877
-1.495820
-1.495449
-1.494280
-1.491460
-1.487633
-1.482960
-1.476537
-1.482133
-1.506562
-1.476422
-1.441213
-1.429677
-1.417131
-1.403945
-1.389441
-1.374251
-1.358397
-1.314162
-1.278049
-1.260460
-1.242030
-1.223156
-1.203481
-1.183221
-1.162570
-1.141096
-1.119244
-1.096970
-1.074032
-1.050798
-1.027099
-1.002929
-0.978500
-0.953584
-0.928349
-0.902885
-0.876929
-0.850770
-0.824352
-0.797565
-0.770606
-0.743364
-0.715861
-0.688206
-0.660255
-0.632128
-0.603860
-0.557194
-0.517614
-0.489204
-0.460570
-0.436123
-0.424471
-0.400788
-0.371216
-0.341457
-0.311596
-0.281642
-0.236586
-0.196468
-0.166491
-0.136378
-0.106194
-0.075883
-0.035804
0.008056
0.023834
0.046498
0.076515
0.120960
0.166922
0.212962
0.259083
0.302323
0.332099
0.361964
0.391512
0.406131
0.421261
0.437020
0.465899
0.492695
0.509901
0.537194
0.566635
0.585199
0.611150
0.642776
0.674478
0.706211
0.737987
0.769822
0.798746
0.819338
0.847823
0.879977
0.912181
0.944414
0.976672
1.008978
1.041306
1.073665
1.098134
1.106158
1.064037
1.043303
1.036585
1.060923
1.085634
1.110729
1.143189
1.176315
1.209458
1.242618
1.275788
1.308976
1.342178
1.375389
1.408620
1.441860
1.475111
1.502538
1.531247
1.564622
1.593617
1.621924
1.655406
1.655406
1.571658
1.533849
1.496041
1.458897
1.422296
1.386053
1.356655
1.359119
1.399467
1.408434
1.381937
1.342751
1.306109
1.271595
1.237438
1.199811
1.165623
1.183510
1.184545
1.147019
1.110420
1.077828
1.040378
1.002935
0.965500
0.928073
0.892704
0.859978
0.822645
0.785324
0.748013
0.710713
0.670189
0.631213
0.598882
0.561628
0.524389
0.487164
0.449952
0.412755
0.378241
0.346887
0.309837
0.272809
0.235800
0.198811
0.161843
0.124897
0.087973
0.051072
0.014198
-0.022649
-0.059470
-0.091260
-0.122280
-0.158863
-0.195411
-0.231918
-0.268385
-0.304811
-0.341196
-0.377537
-0.411367
-0.437017
-0.473001
-0.508921
-0.544780
-0.580574
-0.616301
-0.651956
-0.687536
-0.723028
-0.746056
-0.777415
-0.803795
-0.829358
-0.859888
-0.878662
-0.912395
-0.929730
-0.944015
-0.938692
-0.947945
-0.995260
-1.025747
-1.036420
-1.065534
-1.079468
-1.086317
-1.101728
-1.124336
-1.129340
-1.156846
-1.159236
-1.178620
-1.187602
-1.195807
-1.219852
-1.240754
-1.233038
-1.223357
-1.211928
-1.218207
-1.236909
-1.254910
-1.269061
-1.251148
-1.263778
-1.278149
-1.291702
-1.304417
-1.306722
-1.284832
-1.294540
-1.303242
-1.311028
-1.317881
-1.307489
-1.284963
-1.288834
-1.291690
-1.258046
-1.250238
-1.250120
-1.232448
-1.203118
-1.200308
-1.196545
-1.191783
-1.186146
-1.156932
-1.129129
-1.121143
-1.112343
-1.102695
-1.092154
-1.080846
-1.068785
-1.071906
-1.083373
-1.068799
-1.053487
-1.037398
-1.020652
-1.003267
-0.985259
-0.966648
-0.947449
-0.927656
-0.907233
-0.910991
-0.881440
-0.838845
-0.810635
-0.788703
-0.766285
-0.743347
-0.719977
-0.696189
-0.671997
-0.647413
-0.622450
-0.597109
-0.571359
-0.523215
-0.504576
-0.492128
-0.465094
-0.437764
-0.410142
-0.406794
-0.382970
-0.338335
-0.296828
-0.267884
-0.238710
-0.209310
-0.179657
-0.149799
-0.104760
-0.062957
-0.040026
-0.028440
0.002353
0.054896
0.071874
0.109802
0.151829
0.176375
0.193977
0.246263
0.278106
0.310040
0.342102
0.374290
0.389221
0.375449
0.389372
0.422367
0.455466
0.476739
0.501403
0.535004
0.568693
0.602468
0.636342
0.627664
0.634737
0.661286
0.695750
0.730282
0.764880
0.799553
0.847077
0.876314
0.903939
0.933844
0.948143
0.934380
0.921003
0.938477
0.961626
0.966477
0.954732
0.950356
0.976143
1.023246
1.039403
1.050911
1.069346
1.080788
1.069762
1.060322
1.086479
1.081414
1.097718
1.130094
1.163604
1.184190
1.174440
1.129551
1.117332
1.136454
1.146574
1.140098
1.141905
1.173782
1.211198
1.244038
1.276636
1.309664
1.343113
1.368752
1.365332
1.362292
1.328505
1.288854
1.248654
1.238219
1.274534
1.312232
1.348591
1.351576
1.378357
1.415905
1.423694
1.394479
1.397151
1.435562
1.473432
1.484236
1.463995
1.442944
1.435907
1.400383
1.365281
1.330600
1.351976
1.391101
1.430281
1.462659
1.463610
1.426047
1.392717
1.360177
1.324850
1.287412
1.249982
1.213033
1.181352
1.144479
1.107145
1.073546
1.074066
1.097371
1.060200
1.023044
0.985901
0.954424
0.915937
0.874556
0.837469
0.800398
0.763342
0.733669
0.705077
0.671650
0.631113
0.590300
0.561395
0.524693
0.496937
0.498396
0.508698
0.519394
0.540299
0.578791
0.542791
0.506836
0.480381
0.449362
0.419470
0.393270
0.359442
0.337922
0.317267
0.274099
0.224736
0.191385
0.167538
0.121965
0.100407
0.065964
0.042553
0.065867
0.115715
0.141102
0.106678
0.072342
0.038107
0.003963
-0.030085
-0.064036
-0.097885
-0.131628
-0.165258
-0.198756
-0.232134
-0.265388
-0.298513
-0.331504
-0.364357
-0.397060
-0.429587
-0.461955
-0.494157
-0.526187
-0.558039
-0.589703
-0.621168
-0.652393
-0.649866
-0.659354
-0.694943
-0.740717
-0.772773
-0.804624
-0.856562
-0.892032
-0.909562
-0.918667
-0.933861
-0.967427
-1.020495
-1.073532
-1.107435
-1.136998
-1.166218
-1.195079
-1.223560
-1.251641
-1.279213
-1.306330
-1.332969
-1.359102
-1.384704
-1.409746
-1.434198
-1.457898
-1.480927
-1.503250
-1.524832
-1.545635
-1.565623
-1.584754
-1.602810
-1.619900
-1.635993
-1.651047
-1.665023
-1.677881
-1.689582
-1.699865
-1.708884
-1.716630
-1.723077
-1.728202
-1.731985
-1.734412
-1.735234
-1.734651
-1.732701
-1.729390
-1.724731
-1.718742
-1.711442
-1.702649
-1.692574
-1.681291
-1.668836
-1.655246
-1.640561
-1.624819
-1.607910
-1.590007
-1.571191
-1.551502
-1.530979
-1.509662
-1.487587
-1.464691
-1.441093
-1.416860
-1.392024
-1.366614
-1.340661
-1.314192
-1.287167
-1.259663
-1.231729
-1.203387
-1.174657
-1.145559
-1.116111
-1.086288
-1.056138
-1.025694
-0.994972
-0.963985
-0.932745
-0.901265
-0.869528
-0.837562
-0.790967
-0.750053
-0.717872
-0.685504
-0.652959
-0.620222
-0.587313
-0.540798
-0.499776
-0.466737
-0.433555
-0.400236
-0.366772
-0.317408
-0.315095
-0.340338
-0.373144
-0.390123
-0.357407
-0.324531
-0.291504
-0.244797
-0.203976
-0.170841
-0.137582
-0.104203
-0.070698
-0.037072
-0.003341
0.030493
0.064426
0.098453
0.132573
0.166791
0.154972
0.125101
0.090724
0.049669
0.017445
0.038126
0.072901
0.107758
0.142688
0.177688
0.212755
0.251591
0.293894
0.273560
0.286324
0.316402
0.351057
0.385782
0.420577
0.455438
0.490369
0.525370
0.560431
0.565770
0.552136
0.548735
0.571524
0.595040
0.630265
0.666203
0.702181
0.705889
0.669907
0.633964
0.598063
0.562210
0.516941
0.513986
0.522383
0.522080
0.548103
0.574799
0.610992
0.647629
0.684291
0.716909
0.749996
0.794420
0.831176
0.824204
0.845445
0.879431
0.920125
0.962640
0.999590
1.036558
1.030199
1.052703
1.087233
1.124411
1.161602
1.198804
1.236017
1.266981
1.303055
1.340369
1.377693
1.401509
1.390219
1.347337
1.341559
1.367443
1.376169
1.390371
1.425399
1.463046
1.500696
1.535088
1.569812
1.557000
1.518027
1.502433
1.526044
1.486507
1.522468
1.527915
1.527199
1.526808
1.526742
1.526742
