1.690253
1.657676
1.625100
1.592523
1.559408
1.568878
1.582722
1.582716
1.570149
1.558091
1.584279
1.585326
1.585105
1.554147
1.554736
1.528474
1.523979
1.526671
1.507818
1.477012
1.446320
1.413900
1.382422
1.352892
1.320514
1.288168
1.259723
1.227701
1.195377
1.163056
1.133652
1.103241
1.070981
1.038726
1.006478
0.974237
0.942711
0.915231
0.883064
0.850905
0.818754
0.786613
0.754480
0.722357
0.690243
0.658139
0.626046
0.595608
0.568404
0.536414
0.504437
0.472474
0.440526
0.408592
0.376673
0.344769
0.312882
0.281011
0.249158
0.219666
0.193438
0.161737
0.130059
0.098404
0.066775
0.035171
0.003593
-0.027958
-0.054075
-0.076588
-0.098408
-0.123349
-0.151349
-0.171592
-0.187758
-0.177094
-0.207422
-0.237684
-0.278196
-0.301936
-0.299096
-0.303483
-0.326462
-0.349972
-0.364714
-0.378529
-0.382586
-0.342098
-0.353798
-0.337314
-0.344518
-0.368446
-0.395521
-0.422432
-0.459449
-0.496173
-0.515583
-0.515053
-0.504636
-0.530348
-0.555217
-0.559556
-0.583104
-0.607569
-0.631776
-0.655715
-0.665717
-0.677715
-0.700445
-0.714697
-0.724698
-0.762594
-0.760977
-0.781631
-0.801862
-0.821686
-0.841089
-0.860054
-0.878567
-0.896610
-0.914167
-0.931222
-0.947756
-0.963754
-0.979196
-0.992953
-0.977659
-1.017916
-1.034902
-1.047234
-1.058902
-1.069888
-1.080177
-1.089751
-1.098595
-1.106697
-1.114040
-1.120613
-1.126403
-1.131326
-1.135445
-1.138754
-1.141246
-1.142916
-1.143762
-1.143782
-1.142975
-1.141344
-1.138891
-1.131364
-1.097915
-1.125280
-1.151512
-1.121192
-1.107021
-1.098956
-1.090146
-1.080606
-1.070351
-1.059398
-1.047762
-1.035460
-1.022510
-1.009093
-1.023912
-0.984713
-0.988059
-0.999808
-1.010157
-1.019076
-1.036101
-1.062299
-1.088218
-1.113840
-1.139148
-1.164124
-1.188734
-1.191384
-1.191610
-1.209305
-1.248380
-1.279367
-1.287348
-1.294034
-1.323284
-1.354396
-1.343178
-1.316033
-1.288602
-1.260883
-1.232917
-1.204722
-1.176314
-1.137285
-1.102140
-1.073535
-1.044754
-1.020368
-1.002111
-0.970548
-0.928068
-0.898548
-0.868897
-0.839133
-0.809260
-0.788051
-0.762408
-0.732008
-0.701527
-0.670971
-0.640344
-0.609648
-0.578887
-0.548065
-0.517180
-0.476530
-0.444100
-0.420872
-0.393108
-0.361969
-0.330787
-0.299562
-0.268298
-0.236995
-0.205655
-0.174279
-0.142870
-0.111425
-0.079949
-0.048444
-0.016910
0.014652
0.046240
0.077854
0.109492
0.141154
0.172839
0.204546
0.236274
0.268023
0.299793
0.331582
0.363389
0.395214
0.427057
0.458915
0.490790
0.522680
0.554585
0.586505
0.618439
0.650387
0.682349
0.714324
0.746311
0.778310
0.810321
0.842344
0.874377
0.906421
0.938475
0.970540
1.002614
1.034698
1.066792
1.098895
1.135899
1.169248
1.201323
1.233406
1.262681
1.291689
1.322115
1.349323
1.365942
1.334599
1.362787
1.359091
1.355549
1.352283
1.349294
1.346583
1.344150
1.326494
1.304760
1.303149
1.308876
1.331939
1.300013
1.299548
1.299379
1.327846
1.360824
1.393546
1.426128
1.458711
1.491293
1.523876
1.539471
1.513442
1.511553
1.480442
1.482069
1.513795
1.521458
1.548034
1.561830
1.544492
1.513534
1.482957
1.450533
1.418893
1.390007
1.361249
1.328905
1.300611
1.268826
1.236536
1.204252
1.171974
1.139701
1.107434
1.075172
1.042917
1.010668
0.978425
0.946189
0.913961
0.881739
0.849525
0.817318
0.785119
0.752928
0.723378
0.694416
0.662310
0.630215
0.598131
0.566057
0.533995
0.501945
0.469907
0.442891
0.440215
0.447118
0.433262
0.404948
0.392557
0.391905
0.374994
0.387196
0.427481
0.458722
0.440584
0.419391
0.422173
0.432783
0.419257
0.388596
0.357978
0.327405
0.296879
0.266400
0.235202
0.193142
0.174023
0.145013
0.114807
0.084660
0.054575
0.024553
-0.005402
-0.035289
-0.065105
-0.094847
-0.124513
-0.154099
-0.183596
-0.213005
-0.242324
-0.271548
-0.300676
-0.329701
-0.358621
-0.387431
-0.421293
-0.457721
-0.473151
-0.501471
-0.529652
-0.557679
-0.600690
-0.631776
-0.659621
-0.698322
-0.733682
-0.761321
-0.788779
-0.816046
-0.843113
-0.869969
-0.896604
-0.922992
-0.949122
-0.974992
-1.000585
-1.025889
-1.050886
-1.075559
-1.099892
-1.123865
-1.147457
-1.170649
-1.193418
-1.215736
-1.237538
-1.258836
-1.279603
-1.299809
-1.319423
-1.338415
-1.356752
-1.374398
-1.391321
-1.407483
-1.422849
-1.437381
-1.450998
-1.463660
-1.475372
-1.486098
-1.495804
-1.504458
-1.512032
-1.518498
-1.523833
-1.528016
-1.531032
-1.532869
-1.533518
-1.532866
-1.531025
-1.528004
-1.523816
-1.518476
-1.512006
-1.504427
-1.495768
-1.486058
-1.475328
-1.463613
-1.450947
-1.437330
-1.422794
-1.407425
-1.391259
-1.374334
-1.356684
-1.338345
-1.319350
-1.299733
-1.279525
-1.258756
-1.237456
-1.215652
-1.193334
-1.170563
-1.147370
-1.123775
-1.099801
-1.075467
-1.050792
-1.025794
-1.000489
-0.974894
-0.949024
-0.922892
-0.896505
-0.869869
-0.843012
-0.815944
-0.788676
-0.761218
-0.733578
-0.705765
-0.677788
-0.649654
-0.621370
-0.592944
-0.564381
-0.535679
-0.506851
-0.477905
-0.448846
-0.419680
-0.390410
-0.361041
-0.331577
-0.302023
-0.272381
-0.242655
-0.212849
-0.182964
-0.152999
-0.122964
-0.092861
-0.062692
-0.032460
0.004397
0.041216
0.071465
0.101771
0.129871
0.151388
0.193018
0.223540
0.254112
0.284730
0.315393
0.353549
0.388711
0.419372
0.450076
0.480821
0.511605
0.542427
0.573287
0.604183
0.625247
0.655294
0.686402
0.717540
0.748707
0.779902
0.811124
0.842373
0.873647
0.906817
0.946161
0.977417
1.008700
1.040007
1.071337
1.102690
1.134066
1.165462
1.196880
1.224765
1.250731
1.280290
1.304031
1.328184
1.352748
1.384519
1.410228
1.435647
1.461443
1.466875
1.443269
1.436149
1.465110
1.495860
1.523308
1.551099
1.579226
1.607699
1.639892
1.641144
1.663102
1.647503
1.651619
1.647775
1.641148
1.671646
1.693970
1.692475
1.692475
1.574967
1.539137
1.503646
1.468709
1.441667
1.441607
1.441857
1.442416
1.426915
1.430084
1.466404
1.456806
1.423337
1.443800
1.421778
1.389219
1.354609
1.320015
1.287821
1.253659
1.221433
1.187796
1.181150
1.189745
1.153261
1.116743
1.082092
1.050076
1.016672
0.982073
0.947479
0.912891
0.878308
0.848125
0.813601
0.779084
0.744575
0.711601
0.680551
0.646120
0.611700
0.577290
0.542890
0.508501
0.474124
0.439757
0.410467
0.376944
0.342687
0.308446
0.274220
0.240011
0.205819
0.173728
0.146996
0.117577
0.079966
0.042238
0.012994
-0.017974
-0.051792
-0.078822
-0.110853
-0.136035
-0.168847
-0.191919
-0.215363
-0.246362
-0.270207
-0.299309
-0.319122
-0.312095
-0.281149
-0.298482
-0.344322
-0.381328
-0.403387
-0.431672
-0.450919
-0.466466
-0.480914
-0.434903
-0.409162
-0.422384
-0.442783
-0.480259
-0.491430
-0.489849
-0.501754
-0.529591
-0.549743
-0.564619
-0.586060
-0.613520
-0.622660
-0.626551
-0.605178
-0.631565
-0.675668
-0.680864
-0.711191
-0.753451
-0.777817
-0.791444
-0.812982
-0.848609
-0.871381
-0.876391
-0.908874
-0.915914
-0.891758
-0.905626
-0.925255
-0.944314
-0.962801
-0.980700
-1.004831
-1.043553
-1.059889
-1.075543
-1.090493
-1.104715
-1.118187
-1.130885
-1.142789
-1.153875
-1.136944
-1.171109
-1.182030
-1.157473
-1.163968
-1.169558
-1.174233
-1.177982
-1.180798
-1.182673
-1.183605
-1.183591
-1.202625
-1.213465
-1.210547
-1.206673
-1.201850
-1.166319
-1.157269
-1.149821
-1.141487
-1.137670
-1.153537
-1.142427
-1.119530
-1.100078
-1.104285
-1.090041
-1.075070
-1.078816
-1.104516
-1.121748
-1.148252
-1.177824
-1.207126
-1.217407
-1.245649
-1.273541
-1.296178
-1.307025
-1.333206
-1.349280
-1.360902
-1.385013
-1.408525
-1.414390
-1.394146
-1.381668
-1.357114
-1.328149
-1.298862
-1.269264
-1.239386
-1.206508
-1.162636
-1.132415
-1.101972
-1.071324
-1.040481
-1.009458
-0.978265
-0.946912
-0.915409
-0.883766
-0.851989
-0.820088
-0.788069
-0.755935
-0.723694
-0.691354
-0.658921
-0.626399
-0.593793
-0.565668
-0.539227
-0.506211
-0.466825
-0.429641
-0.396612
-0.371420
-0.348246
-0.316152
-0.282612
-0.249030
-0.216256
-0.190024
-0.154377
-0.114326
-0.080565
-0.046773
-0.012950
0.025191
0.048583
0.067474
0.098464
0.132294
0.172924
0.207907
0.241716
0.275263
0.301831
0.335810
0.369810
0.403831
0.437871
0.471931
0.509345
0.543356
0.574220
0.608351
0.642498
0.676661
0.710838
0.745031
0.779238
0.813459
0.847694
0.881942
0.914893
0.944634
0.978977
1.015669
1.053363
1.087681
1.122009
1.160164
1.192299
1.220819
1.258599
1.288975
1.322926
1.357548
1.393337
1.387890
1.389962
1.410440
1.405957
1.401781
1.397914
1.394358
1.391113
1.388179
1.385558
1.383250
1.381255
1.409351
1.442840
1.441701
1.406175
1.371248
1.335999
1.319605
1.354571
1.389435
1.424493
1.459574
1.494434
1.508186
1.532692
1.567804
1.575980
1.547785
1.513100
1.480118
1.453660
1.480744
1.448187
1.413447
1.378708
1.343972
1.309238
1.274506
1.239777
1.205051
1.170327
1.138060
1.104059
1.069375
1.063163
1.026491
0.991753
0.957017
0.922284
0.888411
0.857079
0.852502
0.858973
0.824356
0.787485
0.751289
0.719441
0.739889
0.720706
0.682293
0.647294
0.612836
0.582561
0.548044
0.513535
0.479034
0.446252
0.415114
0.380702
0.349241
0.317531
0.287196
0.255078
0.226024
0.253057
0.265935
0.304769
0.338932
0.372840
0.406770
0.440723
0.474696
0.508691
0.520048
0.508922
0.534055
0.534337
0.506170
0.481934
0.458327
0.427098
0.402783
0.380673
0.348093
0.315167
0.282288
0.249460
0.216682
0.183958
0.151288
0.118677
0.086124
0.046690
0.009259
-0.023260
-0.046203
-0.075663
-0.107806
-0.139872
-0.171854
-0.203749
-0.237541
-0.280794
-0.312609
-0.344328
-0.375948
-0.407462
-0.446299
-0.484527
-0.515928
-0.536647
-0.563287
-0.580878
-0.623046
-0.670368
-0.701603
-0.732021
-0.762269
-0.792337
-0.817482
-0.834283
-0.856081
-0.882254
-0.921005
-0.949412
-0.990087
-1.025093
-1.053014
-1.080621
-1.107895
-1.134817
-1.161356
-1.187481
-1.213179
-1.238426
-1.263192
-1.287447
-1.311159
-1.334294
-1.356816
-1.378688
-1.399869
-1.420318
-1.439990
-1.458842
-1.476825
-1.493893
-1.509981
-1.525010
-1.538972
-1.551816
-1.563495
-1.573964
-1.583181
-1.591105
-1.597703
-1.602942
-1.606800
-1.609256
-1.610299
-1.609924
-1.608133
-1.604933
-1.600321
-1.594283
-1.586905
-1.578220
-1.568266
-1.557085
-1.544721
-1.531222
-1.516634
-1.501008
-1.484393
-1.466837
-1.448390
-1.429098
-1.409008
-1.388165
-1.366602
-1.344342
-1.321455
-1.297978
-1.273944
-1.249387
-1.224338
-1.198825
-1.172876
-1.146517
-1.119772
-1.092662
-1.065210
-1.037435
-1.009354
-0.980987
-0.952345
-0.923436
-0.894286
-0.864908
-0.835315
-0.805518
-0.775528
-0.745354
-0.715006
-0.684493
-0.653824
-0.623005
-0.592045
-0.560950
-0.529727
-0.498382
-0.466919
-0.435340
-0.403656
-0.371871
-0.339990
-0.308016
-0.275955
-0.238120
-0.198946
-0.159507
-0.132716
-0.116055
-0.087940
-0.055752
-0.023491
0.008841
0.041241
0.073709
0.106240
0.138830
0.171479
0.204184
0.236942
0.269753
0.302613
0.335522
0.368478
0.401478
0.434523
0.467609
0.500736
0.533902
0.567106
0.600349
0.633628
0.666941
0.700287
0.733665
0.767075
0.800515
0.833985
0.867483
0.901008
0.934561
0.968139
1.008968
1.044133
1.069525
1.102657
1.127630
1.154081
1.186534
1.214422
1.246174
1.272819
1.302753
1.336917
1.371094
1.360795
1.324226
1.285342
1.271070
1.241602
1.207294
1.172995
1.138709
1.103672
1.063136
1.039220
1.069613
1.104045
1.140775
1.178112
1.209632
1.241853
1.279788
1.287635
1.308998
1.342647
1.377182
1.407412
1.441996
1.476586
1.511180
1.528421
1.499941
1.496144
1.506980
1.522152
1.500856
1.504478
1.493338
1.457001
1.473501
1.506683
1.541331
