1.403571
1.366074
1.328578
1.289959
1.251359
1.213533
1.175640
1.212128
1.249477
1.240054
1.202059
1.164395
1.128161
1.128801
1.098573
1.110032
1.149222
1.170688
1.135438
1.097976
1.060515
1.023055
0.985598
0.948142
0.910688
0.873236
0.838372
0.853904
0.877484
0.881477
0.885830
0.890600
0.863234
0.856849
0.862791
0.856694
0.820291
0.790088
0.753939
0.717068
0.676720
0.632928
0.590708
0.560456
0.530819
0.501744
0.468906
0.432270
0.395653
0.359060
0.322491
0.285945
0.254203
0.223869
0.188822
0.162415
0.126933
0.083325
0.042484
0.006305
-0.028288
-0.053716
-0.099348
-0.138028
-0.174009
-0.205886
-0.230240
-0.253726
-0.242326
-0.276189
-0.324190
-0.367462
-0.400626
-0.422967
-0.457733
-0.481693
-0.481781
-0.491771
-0.535435
-0.554645
-0.572563
-0.602988
-0.636559
-0.662903
-0.671616
-0.653714
-0.704892
-0.725690
-0.750620
-0.782617
-0.814431
-0.846053
-0.877428
-0.908583
-0.925760
-0.908268
-0.869558
-0.877251
-0.906487
-0.935427
-0.948096
-0.950891
-0.945746
-0.919397
-0.892627
-0.865498
-0.872819
-0.898051
-0.930347
-0.979629
-0.975069
-0.968946
-0.981846
-1.003945
-1.025552
-1.046653
-1.067150
-1.087045
-1.106371
-1.108985
-1.103534
-1.120644
-1.137038
-1.152698
-1.167682
-1.199549
-1.237566
-1.250764
-1.263120
-1.274591
-1.259382
-1.251578
-1.260359
-1.268320
-1.275370
-1.281445
-1.286662
-1.291014
-1.294494
-1.297097
-1.298752
-1.299370
-1.299102
-1.277493
-1.238020
-1.203449
-1.199816
-1.195205
-1.189781
-1.183550
-1.176520
-1.168701
-1.160073
-1.150522
-1.140221
-1.108683
-1.065865
-1.040843
-1.064589
-1.086805
-1.053206
-1.024627
-1.023159
-1.035048
-1.018632
-1.001472
-0.983732
-0.965427
-0.946573
-0.927185
-0.907663
-0.918246
-0.877611
-0.844252
-0.822314
-0.799935
-0.777127
-0.753820
-0.730104
-0.706005
-0.681535
-0.656704
-0.631525
-0.605945
-0.580026
-0.570863
-0.558661
-0.531470
-0.504000
-0.476215
-0.426748
-0.390240
-0.362036
-0.333594
-0.303231
-0.250328
-0.239074
-0.217468
-0.187904
-0.164446
-0.154903
-0.124454
-0.074514
-0.037192
-0.006517
0.024317
0.055304
0.086458
0.117773
0.149226
0.180813
0.212530
0.244375
0.276355
0.290937
0.317979
0.350552
0.383229
0.416008
0.448894
0.481890
0.514978
0.548157
0.581422
0.612368
0.629014
0.661823
0.695623
0.729495
0.763437
0.797448
0.831528
0.865687
0.888344
0.907881
0.928043
0.948820
0.970222
0.957946
0.972671
0.995765
1.019429
1.043656
1.068443
1.093895
1.119874
1.146372
1.176967
1.213365
1.249442
1.204016
1.188301
1.179933
1.187071
1.217731
1.253706
1.246461
1.269914
1.277244
1.286903
1.309600
1.305339
1.337461
1.373860
1.408190
1.424589
1.420516
1.414974
1.374179
1.365517
1.338271
1.332571
1.348959
1.311348
1.271999
1.265443
1.289355
1.326066
1.363171
1.397821
1.397622
1.397773
1.372620
1.335882
1.321123
1.359936
1.397452
1.434969
1.421432
1.423405
1.463178
1.499268
1.502192
1.505469
1.482479
1.487459
1.503897
1.467142
1.434403
1.436460
1.414725
1.380107
1.344943
1.313806
1.283134
1.322183
1.311484
1.277900
1.241092
1.204297
1.167516
1.138272
1.165105
1.205372
1.241986
1.266606
1.229980
1.193372
1.163484
1.135960
1.108940
1.088871
1.098988
1.144830
1.126629
1.090642
1.054683
1.018753
0.982854
0.958349
0.924919
0.889255
0.853627
0.820601
0.797285
0.761927
0.726613
0.691344
0.656121
0.620945
0.585817
0.550750
0.504592
0.464552
0.429474
0.394449
0.359479
0.324578
0.289739
0.254961
0.220246
0.185597
0.151015
0.116515
0.095276
0.056014
0.013479
-0.016444
-0.036686
-0.086752
-0.122724
-0.156536
-0.190250
-0.223864
-0.257374
-0.290759
-0.324019
-0.357160
-0.390178
-0.423069
-0.455827
-0.488430
-0.520870
-0.553158
-0.585288
-0.617255
-0.649051
-0.680650
-0.712035
-0.743223
-0.785302
-0.830612
-0.861556
-0.892258
-0.922684
-0.952862
-0.982778
-1.012422
-1.041782
-1.070823
-1.099491
-1.127825
-1.155809
-1.192509
-1.241571
-1.268914
-1.295759
-1.322161
-1.332333
-1.339895
-1.364263
-1.388072
-1.411184
-1.433689
-1.455559
-1.476767
-1.497283
-1.517068
-1.535918
-1.553967
-1.571185
-1.573877
-1.561631
-1.575688
-1.588573
-1.629319
-1.654500
-1.664738
-1.673890
-1.681934
-1.688585
-1.694051
-1.698341
-1.701445
-1.703351
-1.704055
-1.703305
-1.701305
-1.721849
-1.738252
-1.732470
-1.723819
-1.678960
-1.664150
-1.653829
-1.642451
-1.630044
-1.616635
-1.602096
-1.586563
-1.570140
-1.552857
-1.534745
-1.515837
-1.496052
-1.475479
-1.454219
-1.432299
-1.409747
-1.386590
-1.362781
-1.338371
-1.313446
-1.288030
-1.262143
-1.235806
-1.208993
-1.181727
-1.154080
-1.126068
-1.097708
-1.069015
-1.039975
-1.010592
-0.997132
-0.977556
-0.946932
-0.916070
-0.884962
-0.853604
-0.822042
-0.779470
-0.734556
-0.702794
-0.670841
-0.638687
-0.620370
-0.595973
-0.556588
-0.505566
-0.454450
-0.421029
-0.388128
-0.355100
-0.321950
-0.288681
-0.255296
-0.221778
-0.188156
-0.154434
-0.120614
-0.086701
-0.052697
-0.018586
0.015608
0.049883
0.084235
0.118663
0.153163
0.187750
0.210976
0.240375
0.275346
0.310373
0.345163
0.367416
0.390381
0.421343
0.456963
0.492624
0.528325
0.564072
0.599857
0.635678
0.671534
0.707424
0.743347
0.779308
0.824560
0.864209
0.900136
0.933338
0.958905
0.985108
0.957019
0.920786
0.884579
0.848398
0.812243
0.776119
0.740027
0.703964
0.667932
0.631930
0.595960
0.560027
0.514356
0.467746
0.457867
0.487152
0.523447
0.559771
0.596124
0.632501
0.664296
0.694730
0.732364
0.777607
0.806799
0.847258
0.887790
0.921567
0.951038
0.987725
1.024432
1.061154
1.097890
1.106213
1.073268
1.103022
1.139634
1.176569
1.168268
1.138382
1.138521
1.169906
1.165690
1.189568
1.224776
1.260414
1.293478
1.326949
1.364267
1.339987
1.343636
1.363439
1.363439
1.757227
1.721409
1.685591
1.649773
1.613955
1.578138
1.542321
1.505889
1.496091
1.527683
1.527494
1.557454
1.593680
1.609342
1.574456
1.539958
1.504483
1.468037
1.431164
1.395348
1.360822
1.325478
1.290392
1.256182
1.220404
1.186555
1.151741
1.115993
1.080356
1.047376
1.014777
1.000280
0.995956
0.964457
0.929068
0.890610
0.852554
0.816948
0.781347
0.745750
0.710159
0.676060
0.644716
0.609200
0.573691
0.540864
0.509281
0.473863
0.438457
0.407211
0.378005
0.348149
0.312961
0.277790
0.247159
0.219564
0.192525
0.166211
0.140556
0.110198
0.075669
0.041171
0.006715
-0.027708
-0.062098
-0.094499
-0.118126
-0.151291
-0.185339
-0.219342
-0.252109
-0.273996
-0.305599
-0.331918
-0.352116
-0.370990
-0.356592
-0.317587
-0.307997
-0.340470
-0.372848
-0.390178
-0.384737
-0.393504
-0.439923
-0.471618
-0.503181
-0.534626
-0.560421
-0.574187
-0.604882
-0.620699
-0.631220
-0.645361
-0.674700
-0.723646
-0.759463
-0.788535
-0.814348
-0.820937
-0.846020
-0.873719
-0.893414
-0.895317
-0.871065
-0.886193
-0.898834
-0.898418
-0.896702
-0.919751
-0.943183
-0.966244
-0.984400
-0.978115
-0.996237
-1.017077
-1.027062
-1.015432
-0.985070
-1.018729
-1.051453
-1.069497
-1.087019
-1.103813
-1.096761
-1.094458
-1.109177
-1.123234
-1.136534
-1.149210
-1.161252
-1.172646
-1.183219
-1.164461
-1.177243
-1.210558
-1.218265
-1.224993
-1.230977
-1.236220
-1.233639
-1.201609
-1.166168
-1.179012
-1.203116
-1.204533
-1.205045
-1.204693
-1.203596
-1.201754
-1.199170
-1.195605
-1.164312
-1.158475
-1.180446
-1.173903
-1.166447
-1.158298
-1.149465
-1.135357
-1.090832
-1.104649
-1.106898
-1.094575
-1.081639
-1.067925
-1.053591
-1.022245
-0.989845
-1.006140
-0.990487
-0.973258
-0.955534
-0.937324
-0.918569
-0.925599
-0.917170
-0.896600
-0.873596
-0.823479
-0.796139
-0.774240
-0.751976
-0.729349
-0.706262
-0.682848
-0.659115
-0.635072
-0.610689
-0.585949
-0.560933
-0.535647
-0.510098
-0.484234
-0.458098
-0.431727
-0.405127
-0.378457
-0.374417
-0.369394
-0.343128
-0.297084
-0.268851
-0.240396
-0.211771
-0.182981
-0.151728
-0.101676
-0.069242
-0.040070
-0.010753
0.018704
0.048341
0.078114
0.117552
0.158847
0.169315
0.198489
0.228902
0.259423
0.290051
0.320802
0.351670
0.382634
0.413692
0.444842
0.476107
0.494281
0.517397
0.549121
0.580926
0.612828
0.644802
0.676845
0.706640
0.723360
0.753909
0.786413
0.791993
0.748890
0.767235
0.786208
0.805748
0.825847
0.846512
0.879883
0.904944
0.911891
0.900297
0.889032
0.908889
0.932685
0.956975
0.983366
1.027524
1.027878
1.018503
1.009420
1.000706
1.027217
1.054177
1.081577
1.102738
1.095832
1.121704
1.127944
1.135415
1.161525
1.156371
1.151555
1.147035
1.142811
1.138886
1.135361
1.132146
1.129230
1.126616
1.124329
1.122431
1.120836
1.119544
1.118555
1.117930
1.148286
1.142322
1.118034
1.118677
1.119718
1.121080
1.122745
1.124712
1.126999
1.163906
1.200470
1.236192
1.272348
1.311049
1.347122
1.363286
1.366747
1.372686
1.412372
1.396095
1.362703
1.327181
1.291664
1.261083
1.255998
1.243630
1.209231
1.179815
1.150890
1.118069
1.082865
1.047672
1.012493
0.977327
0.946078
0.916253
0.881210
0.854015
0.827305
0.797012
0.762239
0.727488
0.692762
0.658058
0.623375
0.588714
0.554082
0.519476
0.484895
0.450339
0.415985
0.391505
0.367617
0.376666
0.419523
0.453594
0.487709
0.521857
0.556038
0.590251
0.624501
0.609715
0.586731
0.564309
0.541986
0.508324
0.484476
0.464033
0.441065
0.407935
0.374877
0.341875
0.303130
0.258120
0.225114
0.192180
0.159309
0.126502
0.093762
0.061110
0.040589
0.015633
-0.016563
-0.048673
-0.080667
-0.112571
-0.137040
-0.154440
-0.185780
-0.216986
-0.248080
-0.279057
-0.309913
-0.340612
-0.386229
-0.425494
-0.461049
-0.510295
-0.540986
-0.571409
-0.601680
-0.631795
-0.661726
-0.691444
-0.733971
-0.776316
-0.805855
-0.835153
-0.864218
-0.893069
-0.921697
-0.950096
-0.978164
-0.988742
-1.003796
-1.030596
-1.057068
-1.083137
-1.108872
-1.134261
-1.159291
-1.183865
-1.207977
-1.231671
-1.254932
-1.277746
-1.299931
-1.321594
-1.342736
-1.363341
-1.383349
-1.402589
-1.421211
-1.439193
-1.456517
-1.473028
-1.488686
-1.503597
-1.517742
-1.531100
-1.543396
-1.581519
-1.608943
-1.618931
-1.627946
-1.635685
-1.642440
-1.648197
-1.652945
-1.656510
-1.658819
-1.660086
-1.660310
-1.659490
-1.657344
-1.654060
-1.649751
-1.644425
-1.638078
-1.630395
-1.621751
-1.612163
-1.601649
-1.590116
-1.577502
-1.564047
-1.549773
-1.534703
-1.518679
-1.501833
-1.484284
-1.466054
-1.447166
-1.427428
-1.407093
-1.386187
-1.364731
-1.342693
-1.320024
-1.296883
-1.273286
-1.249251
-1.224709
-1.199714
-1.174345
-1.148614
-1.122537
-1.096022
-1.069187
-1.042055
-1.014636
-0.986923
-0.958875
-0.930581
-0.902051
-0.873294
-0.844277
-0.797180
-0.759463
-0.730193
-0.700732
-0.671036
-0.641157
-0.611112
-0.580907
-0.550540
-0.519980
-0.489279
-0.458444
-0.427477
-0.396365
-0.365107
-0.333735
-0.307862
-0.291665
-0.259678
-0.214812
-0.175174
-0.143154
-0.111042
-0.078814
-0.046503
-0.014113
0.018354
0.050907
0.083549
0.116260
0.149039
0.181883
0.214806
0.247797
0.280846
0.313953
0.347116
0.380352
0.413639
0.446977
0.480364
0.513803
0.547301
0.580842
0.614427
0.648054
0.681732
0.715454
0.749214
0.783012
0.816847
0.850729
0.884646
0.918596
0.952579
0.986596
1.020653
1.054739
1.088855
1.123000
1.157177
1.191386
1.219588
1.246830
1.280798
1.305510
1.337835
1.367812
1.393383
1.419399
1.453870
1.483083
1.495340
1.482422
1.439906
1.397593
1.398111
1.428784
1.463616
1.492601
1.465882
1.443247
1.446673
1.476956
1.507716
1.541876
1.575559
1.606928
1.638676
1.670820
1.658595
1.645243
1.678258
1.711655
1.745381
1.740593
1.740593
