1.574967
1.539137
1.503646
1.468709
1.441667
1.441607
1.441857
1.442416
1.426915
1.430084
1.466404
1.456806
1.423337
1.443800
1.421778
1.389219
1.354609
1.320015
1.287821
1.253659
1.221433
1.187796
1.181150
1.189745
1.153261
1.116743
1.082092
1.050076
1.016672
0.982073
0.947479
0.912891
0.878308
0.848125
0.813601
0.779084
0.744575
0.711601
0.680551
0.646120
0.611700
0.577290
0.542890
0.508501
0.474124
0.439757
0.410467
0.376944
0.342687
0.308446
0.274220
0.240011
0.205819
0.173728
0.146996
0.117577
0.079966
0.042238
0.012994
-0.017974
-0.051792
-0.078822
-0.110853
-0.136035
-0.168847
-0.191919
-0.215363
-0.246362
-0.270207
-0.299309
-0.319122
-0.312095
-0.281149
-0.298482
-0.344322
-0.381328
-0.403387
-0.431672
-0.450919
-0.466466
-0.480914
-0.434903
-0.409162
-0.422384
-0.442783
-0.480259
-0.491430
-0.489849
-0.501754
-0.529591
-0.549743
-0.564619
-0.586060
-0.613520
-0.622660
-0.626551
-0.605178
-0.631565
-0.675668
-0.680864
-0.711191
-0.753451
-0.777817
-0.791444
-0.812982
-0.848609
-0.871381
-0.876391
-0.908874
-0.915914
-0.891758
-0.905626
-0.925255
-0.944314
-0.962801
-0.980700
-1.004831
-1.043553
-1.059889
-1.075543
-1.090493
-1.104715
-1.118187
-1.130885
-1.142789
-1.153875
-1.136944
-1.171109
-1.182030
-1.157473
-1.163968
-1.169558
-1.174233
-1.177982
-1.180798
-1.182673
-1.183605
-1.183591
-1.202625
-1.213465
-1.210547
-1.206673
-1.201850
-1.166319
-1.157269
-1.149821
-1.141487
-1.137670
-1.153537
-1.142427
-1.119530
-1.100078
-1.104285
-1.090041
-1.075070
-1.078816
-1.104516
-1.121748
-1.148252
-1.177824
-1.207126
-1.217407
-1.245649
-1.273541
-1.296178
-1.307025
-1.333206
-1.349280
-1.360902
-1.385013
-1.408525
-1.414390
-1.394146
-1.381668
-1.357114
-1.328149
-1.298862
-1.269264
-1.239386
-1.206508
-1.162636
-1.132415
-1.101972
-1.071324
-1.040481
-1.009458
-0.978265
-0.946912
-0.915409
-0.883766
-0.851989
-0.820088
-0.788069
-0.755935
-0.723694
-0.691354
-0.658921
-0.626399
-0.593793
-0.565668
-0.539227
-0.506211
-0.466825
-0.429641
-0.396612
-0.371420
-0.348246
-0.316152
-0.282612
-0.249030
-0.216256
-0.190024
-0.154377
-0.114326
-0.080565
-0.046773
-0.012950
0.025191
0.048583
0.067474
0.098464
0.132294
0.172924
0.207907
0.241716
0.275263
0.301831
0.335810
0.369810
0.403831
0.437871
0.471931
0.509345
0.543356
0.574220
0.608351
0.642498
0.676661
0.710838
0.745031
0.779238
0.813459
0.847694
0.881942
0.914893
0.944634
0.978977
1.015669
1.053363
1.087681
1.122009
1.160164
1.192299
1.220819
1.258599
1.288975
1.322926
1.357548
1.393337
1.387890
1.389962
1.410440
1.405957
1.401781
1.397914
1.394358
1.391113
1.388179
1.385558
1.383250
1.381255
1.409351
1.442840
1.441701
1.406175
1.371248
1.335999
1.319605
1.354571
1.389435
1.424493
1.459574
1.494434
1.508186
1.532692
1.567804
1.575980
1.547785
1.513100
1.480118
1.453660
1.480744
1.448187
1.413447
1.378708
1.343972
1.309238
1.274506
1.239777
1.205051
1.170327
1.138060
1.104059
1.069375
1.063163
1.026491
0.991753
0.957017
0.922284
0.888411
0.857079
0.852502
0.858973
0.824356
0.787485
0.751289
0.719441
0.739889
0.720706
0.682293
0.647294
0.612836
0.582561
0.548044
0.513535
0.479034
0.446252
0.415114
0.380702
0.349241
0.317531
0.287196
0.255078
0.226024
0.253057
0.265935
0.304769
0.338932
0.372840
0.406770
0.440723
0.474696
0.508691
0.520048
0.508922
0.534055
0.534337
0.506170
0.481934
0.458327
0.427098
0.402783
0.380673
0.348093
0.315167
0.282288
0.249460
0.216682
0.183958
0.151288
0.118677
0.086124
0.046690
0.009259
-0.023260
-0.046203
-0.075663
-0.107806
-0.139872
-0.171854
-0.203749
-0.237541
-0.280794
-0.312609
-0.344328
-0.375948
-0.407462
-0.446299
-0.484527
-0.515928
-0.536647
-0.563287
-0.580878
-0.623046
-0.670368
-0.701603
-0.732021
-0.762269
-0.792337
-0.817482
-0.834283
-0.856081
-0.882254
-0.921005
-0.949412
-0.990087
-1.025093
-1.053014
-1.080621
-1.107895
-1.134817
-1.161356
-1.187481
-1.213179
-1.238426
-1.263192
-1.287447
-1.311159
-1.334294
-1.356816
-1.378688
-1.399869
-1.420318
-1.439990
-1.458842
-1.476825
-1.493893
-1.509981
-1.525010
-1.538972
-1.551816
-1.563495
-1.573964
-1.583181
-1.591105
-1.597703
-1.602942
-1.606800
-1.609256
-1.610299
-1.609924
-1.608133
-1.604933
-1.600321
-1.594283
-1.586905
-1.578220
-1.568266
-1.557085
-1.544721
-1.531222
-1.516634
-1.501008
-1.484393
-1.466837
-1.448390
-1.429098
-1.409008
-1.388165
-1.366602
-1.344342
-1.321455
-1.297978
-1.273944
-1.249387
-1.224338
-1.198825
-1.172876
-1.146517
-1.119772
-1.092662
-1.065210
-1.037435
-1.009354
-0.980987
-0.952345
-0.923436
-0.894286
-0.864908
-0.835315
-0.805518
-0.775528
-0.745354
-0.715006
-0.684493
-0.653824
-0.623005
-0.592045
-0.560950
-0.529727
-0.498382
-0.466919
-0.435340
-0.403656
-0.371871
-0.339990
-0.308016
-0.275955
-0.238120
-0.198946
-0.159507
-0.132716
-0.116055
-0.087940
-0.055752
-0.023491
0.008841
0.041241
0.073709
0.106240
0.138830
0.171479
0.204184
0.236942
0.269753
0.302613
0.335522
0.368478
0.401478
0.434523
0.467609
0.500736
0.533902
0.567106
0.600349
0.633628
0.666941
0.700287
0.733665
0.767075
0.800515
0.833985
0.867483
0.901008
0.934561
0.968139
1.008968
1.044133
1.069525
1.102657
1.127630
1.154081
1.186534
1.214422
1.246174
1.272819
1.302753
1.336917
1.371094
1.360795
1.324226
1.285342
1.271070
1.241602
1.207294
1.172995
1.138709
1.103672
1.063136
1.039220
1.069613
1.104045
1.140775
1.178112
1.209632
1.241853
1.279788
1.287635
1.308998
1.342647
1.377182
1.407412
1.441996
1.476586
1.511180
1.528421
1.499941
1.496144
1.506980
1.522152
1.500856
1.504478
1.493338
1.457001
1.473501
1.506683
1.541331
1.606217
1.575228
1.544240
1.513253
1.482265
1.451277
1.420145
1.388926
1.357897
1.326905
1.295914
1.264984
1.234234
1.203714
1.173464
1.142732
1.111757
1.080782
1.049911
1.020228
0.990177
0.959226
0.928274
0.897324
0.867714
0.838664
0.807912
0.777305
0.748921
0.719722
0.688860
0.656593
0.623114
0.593548
0.565318
0.537762
0.509714
0.478939
0.448168
0.417402
0.389043
0.362445
0.332656
0.301996
0.271350
0.241736
0.216200
0.188628
0.158126
0.127638
0.097158
0.066697
0.036242
0.005811
-0.024613
-0.055016
-0.085407
-0.115781
-0.146135
-0.176478
-0.200779
-0.224651
-0.254740
-0.284816
-0.314857
-0.344871
-0.374859
-0.404806
-0.434735
-0.464608
-0.493424
-0.514142
-0.537681
-0.567129
-0.596525
-0.625876
-0.647104
-0.665467
-0.693691
-0.720495
-0.736583
-0.751979
-0.766161
-0.787883
-0.815258
-0.830205
-0.841636
-0.867763
-0.890563
-0.898926
-0.914009
-0.939018
-0.951770
-0.956744
-0.921831
-0.880028
-0.903386
-0.921519
-0.922735
-0.942876
-0.986704
-1.016023
-1.037605
-1.058581
-1.077753
-1.073664
-1.075844
-1.094436
-1.099988
-1.091663
-1.100216
-1.116260
-1.106517
-1.096743
-1.110037
-1.122959
-1.135078
-1.146546
-1.157425
-1.167350
-1.176926
-1.156890
-1.139229
-1.145721
-1.151713
-1.156807
-1.161091
-1.164754
-1.143352
-1.114602
-1.114757
-1.115194
-1.114490
-1.125495
-1.154245
-1.163366
-1.159704
-1.154877
-1.149097
-1.112420
-1.089304
-1.111640
-1.120183
-1.111022
-1.101046
-1.090625
-1.079176
-1.067479
-1.054708
-1.041644
-1.027787
-1.000497
-0.958554
-0.934892
-0.919584
-0.903473
-0.887179
-0.870127
-0.852827
-0.834980
-0.829353
-0.835069
-0.822214
-0.802376
-0.781934
-0.761364
-0.740278
-0.718995
-0.697348
-0.675409
-0.653241
-0.630699
-0.608044
-0.584948
-0.561763
-0.538234
-0.506824
-0.463154
-0.431367
-0.407523
-0.383393
-0.359189
-0.334657
-0.310056
-0.285214
-0.260246
-0.235112
-0.209803
-0.184396
-0.173114
-0.164282
-0.154026
-0.139399
-0.112588
-0.085688
-0.058687
-0.041393
-0.028663
-0.002686
0.024973
0.052763
0.076637
0.091556
0.113342
0.141661
0.161474
0.177987
0.205885
0.234672
0.263537
0.288754
0.307035
0.331373
0.360609
0.382512
0.402111
0.431354
0.459360
0.480174
0.504456
0.534277
0.564124
0.593989
0.617647
0.639839
0.669922
0.700011
0.730126
0.757332
0.780609
0.808330
0.838621
0.868932
0.899248
0.929585
0.959928
0.990287
1.020656
1.051035
1.081428
1.111827
1.142242
1.172661
1.203096
1.233536
1.263988
1.294448
1.324917
1.355396
1.385880
1.383340
1.378079
1.373210
1.378890
1.405186
1.414977
1.411077
1.407519
1.404071
1.371346
1.342831
1.340258
1.337861
1.335753
1.333919
1.332278
1.355636
1.385444
1.416422
1.447257
1.477561
1.495066
1.494842
1.514338
1.545551
1.551243
1.550580
1.520724
1.506556
1.539066
1.543339
1.514416
1.484167
1.453259
1.424572
1.396247
1.368418
1.349735
1.353235
1.356963
1.360922
1.340338
1.309635
1.278941
1.247733
1.212905
1.179435
1.148695
1.120270
1.093815
1.064218
1.033564
1.002921
0.972280
0.941650
0.911024
0.880405
0.849795
0.819189
0.788595
0.758004
0.727427
0.696853
0.666291
0.638037
0.613061
0.584701
0.554279
0.523874
0.493474
0.463097
0.432726
0.402373
0.375096
0.351526
0.368296
0.405708
0.384460
0.355047
0.333165
0.320029
0.328756
0.323240
0.303124
0.276515
0.247147
0.217843
0.189820
0.171325
0.149432
0.120516
0.091649
0.062826
0.034077
0.005353
-0.023270
-0.051870
-0.080374
-0.108835
-0.137218
-0.165527
-0.193780
-0.231985
-0.272954
-0.301357
-0.329612
-0.357751
-0.391166
-0.432275
-0.457133
-0.471813
-0.485510
-0.499852
-0.540927
-0.581943
-0.622771
-0.658043
-0.686447
-0.714737
-0.742968
-0.771034
-0.799060
-0.826891
-0.854657
-0.882257
-0.909732
-0.937076
-0.964223
-0.991283
-1.018057
-1.044762
-1.071154
-1.097420
-1.123419
-1.149184
-1.174741
-1.199933
-1.224994
-1.249528
-1.273934
-1.297806
-1.320163
-1.339830
-1.373035
-1.416524
-1.445034
-1.469229
-1.492622
-1.515821
-1.538257
-1.560252
-1.581590
-1.602152
-1.622215
-1.620014
-1.613390
-1.629147
-1.644460
-1.658310
-1.671224
-1.682949
-1.693158
-1.702546
-1.709769
-1.716456
-1.720639
-1.724064
-1.725469
-1.725522
-1.724116
-1.720795
-1.716612
-1.710025
-1.702896
-1.693508
-1.683386
-1.671661
-1.658827
-1.644976
-1.629734
-1.613977
-1.596632
-1.578964
-1.560023
-1.540618
-1.520368
-1.486891
-1.443108
-1.416535
-1.395097
-1.372765
-1.350262
-1.327103
-1.303663
-1.279791
-1.266434
-1.260015
-1.223828
-1.181011
-1.155454
-1.129797
-1.103799
-1.077629
-1.051237
-1.024619
-0.997874
-0.970862
-0.943785
-0.916441
-0.885206
-0.843292
-0.808286
-0.780911
-0.753376
-0.725767
-0.697967
-0.668788
-0.627312
-0.590037
-0.562221
-0.527360
-0.485877
-0.444261
-0.402593
-0.386181
-0.369844
-0.342572
-0.315234
-0.287774
-0.260216
-0.232580
-0.214915
-0.200330
-0.159908
-0.121097
-0.093004
-0.064860
-0.036634
-0.008334
0.020016
0.038955
0.055755
0.084578
0.113422
0.142338
0.171291
0.200295
0.229351
0.258437
0.279063
0.298681
0.328113
0.360094
0.399294
0.433884
0.463254
0.492665
0.522096
0.551578
0.581960
0.621043
0.642589
0.623455
0.628934
0.658126
0.687364
0.716619
0.745931
0.775254
0.804627
0.834019
0.863446
0.892902
0.922382
0.951898
0.981427
1.011001
1.040585
1.070205
1.073777
1.035204
1.032027
1.053441
1.081650
1.111578
1.141539
1.171507
1.201499
1.228378
1.250997
1.235909
1.198716
1.167372
1.136838
1.099842
1.078399
1.102477
1.129489
1.159907
1.190336
1.220771
1.251221
1.281675
1.312143
1.341046
1.366210
1.391683
1.417460
1.446708
1.477364
1.508029
1.530340
1.495386
1.460544
1.425925
1.425000
1.452378
1.456964
1.454015
1.481159
1.509656
1.538579
1.567687
1.597102
1.608707
1.607616
1.607616
1.641028
1.604022
1.567134
1.530602
1.528448
1.561733
1.544833
1.510174
1.474688
1.439578
1.405758
1.371125
1.335600
1.325565
1.325276
1.325547
1.318482
1.284691
1.251190
1.218027
1.185330
1.152825
1.120981
1.088621
1.054084
1.018263
0.980851
0.945402
0.910821
0.879052
0.846922
0.812407
0.777895
0.743387
0.708884
0.674382
0.643535
0.612332
0.577928
0.543529
0.509138
0.474754
0.440375
0.406008
0.371644
0.337292
0.302947
0.268610
0.237799
0.208909
0.175300
0.141133
0.106988
0.072854
0.038737
0.004638
-0.029450
-0.063510
-0.097562
-0.131584
-0.165592
-0.199576
-0.233536
-0.267479
-0.294555
-0.321376
-0.354986
-0.388572
-0.422114
-0.455611
-0.489079
-0.522478
-0.554874
-0.577759
-0.604031
-0.636865
-0.669621
-0.702320
-0.724267
-0.745014
-0.776921
-0.808757
-0.840444
-0.863130
-0.879066
-0.920131
-0.964722
-0.978807
-0.991978
-1.003116
-1.012541
-1.020599
-1.026104
-1.031996
-1.057726
-1.075871
-1.075871
-1.074046
-1.070674
-1.086760
-1.107103
-1.098487
-1.088956
-1.077069
-1.046575
-0.999302
-1.001472
-1.018787
-1.065472
-1.095311
-1.078287
-1.076457
-1.089185
-1.100773
-1.111888
-1.087938
-1.071853
-1.079463
-1.069264
-1.040929
-1.036648
-1.040746
-1.077450
-1.097958
-1.064148
-1.062812
-1.096622
-1.078916
-1.041811
-1.036809
-1.032361
-1.026662
-1.020235
-1.012971
-1.004626
-0.995842
-0.985654
-0.975116
-0.963455
-0.951189
-0.938181
-0.924281
-0.909991
-0.894556
-0.878834
-0.862181
-0.845058
-0.827324
-0.789115
-0.741308
-0.746495
-0.750664
-0.730073
-0.709134
-0.687712
-0.665774
-0.643577
-0.620720
-0.597693
-0.574099
-0.550251
-0.526030
-0.501429
-0.476623
-0.451330
-0.429126
-0.425791
-0.413302
-0.386441
-0.359311
-0.332026
-0.304395
-0.276671
-0.248627
-0.220457
-0.192072
-0.163492
-0.134790
-0.105832
-0.076803
-0.047529
-0.018163
0.011370
0.030613
0.043136
0.070852
0.099704
0.114428
0.134777
0.165877
0.197073
0.228334
0.247857
0.266275
0.298127
0.325769
0.344798
0.371482
0.403837
0.446468
0.487512
0.475089
0.473138
0.494162
0.515858
0.538083
0.569103
0.602249
0.635454
0.665879
0.689753
0.718861
0.752356
0.779240
0.804683
0.838420
0.872168
0.905940
0.939730
0.973535
1.007364
1.041050
1.067818
1.096526
1.130541
1.164568
1.198605
1.232660
1.266719
1.300799
1.334883
1.368982
1.403091
1.437208
1.471339
1.505474
1.539626
1.572451
1.601005
1.632320
1.666588
1.672200
1.667185
1.696260
1.711026
1.672630
1.666756
1.697838
1.704661
1.701782
1.732649
1.757864
1.756055
1.738782
1.702828
1.667218
1.631757
1.662345
1.696856
1.731792
1.766612
1.801286
1.812769
1.813534
1.814772
1.810033
1.777200
1.744610
1.712354
1.678547
1.643970
1.612113
1.580612
1.549648
1.517259
1.482798
1.448341
1.413886
1.376078
1.338433
1.303931
1.270946
1.240312
1.232070
1.236517
1.233097
1.224219
1.185867
1.150480
1.119995
1.111374
1.115977
1.086742
1.053044
1.024126
0.993300
0.959103
0.924918
0.890739
0.856577
0.822420
0.788281
0.754149
0.720032
0.685928
0.651833
0.617758
0.584287
0.557255
0.527958
0.494089
0.464889
0.439105
0.469360
0.506315
0.472834
0.442430
0.418681
0.395607
0.373057
0.342174
0.309321
0.276547
0.243800
0.211116
0.178483
0.145894
0.113387
0.080905
0.048528
0.016185
-0.016074
-0.048265
-0.080397
-0.112422
-0.144413
-0.176260
-0.208065
-0.239752
-0.278703
-0.324447
-0.369971
-0.415305
-0.447264
-0.479177
-0.510959
-0.517469
-0.498860
-0.527636
-0.572399
-0.604917
-0.640279
-0.684877
-0.723616
-0.756166
-0.778897
-0.798044
-0.842916
-0.885324
-0.917310
-0.949185
-0.980936
-1.012495
-1.043979
-1.075171
-1.109531
-1.155871
-1.195308
-1.226508
-1.257436
-1.288248
-1.318631
-1.348887
-1.378715
-1.408267
-1.437470
-1.466163
-1.494624
-1.522259
-1.549644
-1.576160
-1.602134
-1.627375
-1.651583
-1.675287
-1.697290
-1.718777
-1.738405
-1.756947
-1.773929
-1.788874
-1.802754
-1.813426
-1.823165
-1.829544
-1.834255
-1.836414
-1.835804
-1.833645
-1.797784
-1.757359
-1.715026
-1.684429
-1.672985
-1.659804
-1.645586
-1.654773
-1.666656
-1.673124
-1.668586
-1.644882
-1.620240
-1.594999
-1.568665
-1.539849
-1.491079
-1.442291
-1.393472
-1.357608
-1.330535
-1.285286
-1.238479
-1.210856
-1.183015
-1.154739
-1.126129
-1.097279
-1.082453
-1.067984
-1.020711
-0.978887
-0.948685
-0.918285
-0.887730
-0.856920
-0.826034
-0.794882
-0.763653
-0.732247
-0.708102
-0.689895
-0.660478
-0.628189
-0.595746
-0.563261
-0.530672
-0.498013
-0.465292
-0.466563
-0.477328
-0.487081
-0.496540
-0.505222
-0.513332
-0.520915
-0.553800
-0.593989
-0.599491
-0.595772
-0.565586
-0.569587
-0.607157
-0.591895
-0.559094
-0.524443
-0.489378
-0.453044
-0.433126
-0.430339
-0.401437
-0.363147
-0.324059
-0.300345
-0.328746
-0.359832
-0.393896
-0.398296
-0.391181
-0.383062
-0.374693
-0.365524
-0.355901
-0.345741
-0.334902
-0.323779
-0.302376
-0.276156
-0.232499
-0.188666
-0.144610
-0.145001
-0.165364
-0.196805
-0.228976
-0.261030
-0.293017
-0.324917
-0.365964
-0.411421
-0.444446
-0.468700
-0.454565
-0.433232
-0.401683
-0.360628
-0.314668
-0.296670
-0.281378
-0.264952
-0.236751
-0.190752
-0.154106
-0.122621
-0.090990
-0.057400
-0.011559
0.028833
0.060447
0.092153
0.123912
0.155790
0.187700
0.219721
0.251786
0.283926
0.316135
0.348386
0.380726
0.413092
0.445545
0.473969
0.494992
0.523104
0.555964
0.552072
0.544538
0.567917
0.594676
0.628072
0.661498
0.694945
0.728431
0.761929
0.795468
0.829022
0.862604
0.896209
0.929831
0.963484
0.997146
1.030843
1.064550
1.098280
1.090366
1.048815
1.061879
1.088978
1.122993
1.157015
1.191053
1.225102
1.259162
1.288472
1.315458
1.309945
1.314096
1.343519
1.375532
1.409910
1.447917
1.486871
1.516558
1.537413
1.533313
1.547012
1.577977
1.577977
1.667481
1.630561
1.593641
1.556723
1.518188
1.490491
1.489152
1.488202
1.493413
1.530123
1.523340
1.487547
1.488351
1.489399
1.490738
1.492551
1.481378
1.442562
1.405158
1.368217
1.331277
1.294337
1.257497
1.222578
1.187972
1.153702
1.120050
1.085349
1.048547
1.011748
0.974952
0.938161
0.901374
0.864897
0.832309
0.797643
0.760946
0.724259
0.687576
0.650899
0.618385
0.584482
0.542648
0.504271
0.467632
0.431004
0.394384
0.357771
0.326663
0.293577
0.257112
0.220666
0.184230
0.147811
0.116250
0.086034
0.049823
0.013632
-0.022543
-0.058681
-0.094802
-0.130899
-0.166959
-0.200465
-0.227504
-0.260754
-0.296473
-0.332136
-0.367758
-0.403231
-0.427837
-0.436296
-0.424449
-0.453428
-0.488202
-0.522890
-0.557480
-0.589575
-0.609764
-0.638186
-0.672016
-0.705659
-0.739202
-0.772631
-0.790527
-0.795359
-0.777350
-0.811594
-0.854691
-0.867676
-0.879104
-0.887693
-0.866140
-0.844176
-0.821788
-0.868026
-0.903344
-0.908677
-0.931703
-0.953675
-0.955050
-0.954632
-0.953026
-0.948911
-0.958715
-0.981558
-0.974802
-0.977358
-0.997705
-1.017231
-1.028327
-1.013966
-1.020509
-1.040588
-1.089732
-1.138671
-1.187436
-1.168542
-1.142066
-1.107226
-1.081478
-1.066552
-1.076217
-1.110252
-1.149708
-1.156806
-1.163036
-1.168598
-1.172597
-1.160048
-1.125510
-1.121386
-1.121704
-1.120934
-1.145782
-1.174247
-1.170252
-1.165334
-1.158952
-1.115686
-1.072008
-1.027833
-1.054608
-1.087300
-1.113073
-1.137051
-1.153747
-1.140423
-1.105529
-1.060146
-1.078011
-1.094582
-1.109742
-1.093887
-1.085060
-1.095601
-1.081172
-1.059274
-1.036626
-1.013415
-0.989827
-0.965480
-0.940750
-0.915643
-0.865137
-0.822562
-0.796734
-0.749762
-0.703439
-0.677002
-0.650196
-0.623154
-0.595642
-0.567874
-0.539878
-0.511447
-0.491643
-0.485288
-0.459655
-0.429797
-0.399673
-0.369321
-0.338828
-0.308062
-0.266001
-0.214759
-0.223124
-0.241005
-0.270868
-0.231538
-0.187981
-0.165503
-0.162925
-0.163504
-0.134986
-0.106264
-0.078048
-0.129966
-0.168924
-0.191402
-0.187035
-0.171986
-0.141502
-0.125535
-0.114477
-0.102005
-0.077775
-0.045717
-0.013455
0.027196
0.077509
0.111673
0.144040
0.176532
0.209160
0.241863
0.274702
0.297493
0.315209
0.348650
0.382156
0.415730
0.449420
0.488502
0.537437
0.534130
0.513161
0.480016
0.500663
0.545033
0.529556
0.547811
0.598013
0.631415
0.663909
0.696499
0.729207
0.761977
0.794854
0.827819
0.859143
0.876248
0.902174
0.935675
0.969281
0.996973
1.015867
1.047392
1.077752
1.097991
1.094756
1.076920
1.029334
1.021122
1.043533
1.031935
1.035463
1.059569
1.084477
1.099386
1.089581
1.080178
1.071017
1.062331
1.053979
1.045873
1.038332
1.031052
1.024092
1.049869
1.068693
1.063003
1.085154
1.117636
1.154315
1.190999
1.227503
1.259961
1.294469
1.331237
1.331345
1.327909
1.324838
1.322196
1.312266
1.273368
1.234800
1.196455
1.158616
1.139549
1.139256
1.173971
1.211130
1.248104
1.285746
1.323680
1.362020
1.376316
1.378296
1.380774
1.364224
1.330421
1.332418
1.336256
1.340431
1.314993
1.281891
1.245269
1.212429
1.180698
1.144185
1.107680
1.071181
1.034698
1.000898
0.970911
0.935554
0.899219
0.862900
0.826598
0.790305
0.754033
0.722191
0.693847
0.702186
0.726469
0.771252
0.785290
0.781119
0.745467
0.709850
0.674253
0.638699
0.603175
0.567675
0.532228
0.496808
0.461419
0.436244
0.408668
0.373625
0.338641
0.306112
0.283958
0.262598
0.243634
0.257965
0.248843
0.214957
0.181189
0.147479
0.113858
0.080350
0.050457
0.033670
0.006518
-0.026281
-0.058908
-0.091433
-0.123861
-0.156089
-0.188221
-0.220211
-0.252007
-0.283694
-0.315186
-0.346493
-0.375524
-0.385585
-0.417811
-0.469278
-0.500237
-0.521427
-0.528972
-0.573377
-0.625240
-0.677076
-0.713178
-0.742338
-0.771091
-0.812884
-0.864931
-0.893475
-0.921586
-0.949371
-0.976628
-1.003605
-1.030105
-1.056082
-1.081736
-1.106720
-1.131202
-1.155313
-1.178507
-1.201248
-1.223431
-1.244650
-1.265368
-1.285273
-1.304227
-1.322612
-1.339868
-1.356229
-1.371951
-1.386169
-1.399601
-1.412156
-1.423125
-1.433308
-1.442274
-1.449770
-1.456429
-1.461514
-1.465323
-1.468260
-1.469286
-1.469292
-1.468265
-1.465340
-1.461542
-1.456457
-1.449808
-1.442322
-1.433357
-1.423184
-1.415303
-1.437079
-1.422163
-1.373614
-1.356315
-1.339962
-1.322706
-1.345823
-1.372735
-1.384072
-1.372959
-1.351247
-1.328486
-1.305135
-1.281293
-1.304098
-1.327497
-1.350258
-1.372021
-1.393243
-1.413526
-1.432814
-1.456028
-1.506228
-1.556216
-1.605947
-1.620300
-1.619617
-1.599388
-1.577788
-1.555554
-1.532326
-1.508172
-1.483493
-1.457868
-1.431645
-1.404989
-1.377461
-1.338616
-1.286446
-1.255647
-1.227234
-1.198362
-1.169028
-1.139441
-1.109405
-1.079061
-1.048503
-1.017518
-0.976797
-0.925685
-0.892837
-0.854764
-0.803746
-0.768089
-0.736698
-0.705043
-0.661102
-0.612739
-0.593143
-0.567618
-0.536354
-0.486560
-0.435551
-0.384478
-0.364853
-0.348162
-0.316240
-0.271859
-0.221288
-0.170610
-0.136615
-0.117262
-0.097289
-0.072915
-0.041882
-0.010641
0.020704
0.052225
0.083900
0.115671
0.147625
0.179691
0.211845
0.244185
0.269382
0.284760
0.315171
0.352930
0.402614
0.440329
0.473352
0.506496
0.539720
0.572793
0.590774
0.615801
0.649591
0.683478
0.713034
0.732910
0.763511
0.797859
0.832280
0.866751
0.901259
0.935844
0.964581
0.986728
1.031520
1.074608
1.109411
1.144265
1.176811
1.199964
1.223696
1.245602
1.235029
1.242364
1.268001
1.302981
1.335451
1.362109
1.396093
1.432021
1.467973
1.503943
1.536080
1.527863
1.538711
1.567229
1.596440
1.628415
1.664779
1.641854
1.603863
1.560925
1.543027
1.541083
1.572121
1.606188
1.642799
1.674701
1.676784
1.635700
1.656754
1.669809
1.629637
1.589768
1.560120
1.594666
1.594666
1.600499
1.566831
1.529260
1.511704
1.521684
1.536665
1.502865
1.469070
1.432010
1.394550
1.388705
1.420297
1.453986
1.485184
1.458652
1.423055
1.403946
1.391493
1.359880
1.358573
1.326995
1.292285
1.275937
1.287379
1.321246
1.355275
1.389303
1.423332
1.417955
1.410687
1.431799
1.397782
1.364696
1.331934
1.341620
1.362916
1.373048
1.406352
1.372423
1.340901
1.307959
1.274068
1.241087
1.210239
1.176393
1.142551
1.106320
1.070773
1.036901
1.003032
0.969166
0.938647
0.905765
0.874199
0.843073
0.810076
0.780992
0.747461
0.713795
0.680137
0.646488
0.612846
0.579259
0.551154
0.518620
0.485096
0.451585
0.418085
0.384598
0.351127
0.323249
0.292069
0.258743
0.225434
0.191541
0.151331
0.117253
0.083912
0.050589
0.017286
-0.015046
-0.040765
-0.073376
-0.112245
-0.148888
-0.182049
-0.215185
-0.248291
-0.281363
-0.314403
-0.342262
-0.340215
-0.300092
-0.267684
-0.258028
-0.274382
-0.302838
-0.330047
-0.350456
-0.369937
-0.388294
-0.417676
-0.439218
-0.462568
-0.488788
-0.503655
-0.517273
-0.529624
-0.540811
-0.560665
-0.589019
-0.614586
-0.622627
-0.629190
-0.650651
-0.664798
-0.668335
-0.674580
-0.699261
-0.699821
-0.737598
-0.756146
-0.764105
-0.786467
-0.807974
-0.802562
-0.818442
-0.838481
-0.870423
-0.910750
-0.929698
-0.947998
-0.965676
-0.982750
-0.999199
-1.015001
-1.030136
-1.044496
-1.029592
-1.001864
-0.992757
-1.004292
-1.019463
-1.062069
-1.073273
-1.081781
-1.089448
-1.096262
-1.102209
-1.107256
-1.144444
-1.181507
-1.217752
-1.253105
-1.273013
-1.238330
-1.202504
-1.193853
-1.168623
-1.145231
-1.139731
-1.133325
-1.125884
-1.117507
-1.108278
-1.098214
-1.078045
-1.036797
-1.015702
-1.003841
-0.992268
-0.963527
-0.929580
-0.916241
-0.902198
-0.887407
-0.872001
-0.855996
-0.856634
-0.886136
-0.915441
-0.926457
-0.951140
-0.967284
-0.983165
-1.005561
-1.011272
-1.037107
-1.062557
-1.102468
-1.129500
-1.136441
-1.160170
-1.183323
-1.205899
-1.227909
-1.236010
-1.229013
-1.223073
-1.241218
-1.258523
-1.253255
-1.230503
-1.199867
-1.169049
-1.138051
-1.106873
-1.075554
-1.044103
-1.012528
-0.980839
-0.949040
-0.917120
-0.885108
-0.853009
-0.820830
-0.788574
-0.756245
-0.723836
-0.691362
-0.658828
-0.626239
-0.591070
-0.549346
-0.516806
-0.484210
-0.451566
-0.418876
-0.386141
-0.352374
-0.310340
-0.276855
-0.244125
-0.211356
-0.181446
-0.155877
-0.122846
-0.089782
-0.050506
-0.013980
0.019028
0.052064
0.085126
0.118220
0.145350
0.180127
0.217643
0.250829
0.284035
0.317265
0.350516
0.383785
0.420358
0.452173
0.459876
0.468013
0.490969
0.521559
0.554708
0.575563
0.571981
0.598456
0.631292
0.664699
0.701620
0.739323
0.773711
0.813887
0.822468
0.830006
0.837879
0.855474
0.888504
0.921553
0.962765
0.997363
1.030378
1.063412
1.096465
1.129251
1.154648
1.193069
1.228867
1.258581
1.284438
1.310731
1.337512
1.375916
1.406860
1.434059
1.440979
1.402401
1.368831
1.330216
1.316000
1.329283
1.358442
1.388578
1.422363
1.387335
1.375970
1.353040
1.316099
1.292598
1.324073
1.355974
1.334520
1.299482
1.292886
1.317710
1.316781
1.316214
1.344864
1.378827
1.381305
1.347413
1.313432
1.279980
1.246881
1.261453
1.296118
1.329705
1.362551
1.396561
1.400221
1.376794
1.381605
1.405808
1.402427
1.368497
1.337302
1.306544
1.274024
1.241614
1.218248
1.222065
1.184185
1.149627
1.115833
1.082042
1.048257
1.014675
0.985274
0.952192
0.918482
0.884778
0.851081
0.817391
0.783709
0.750035
0.716369
0.682710
0.649060
0.616092
0.587900
0.554719
0.521183
0.491027
0.461511
0.429213
0.402636
0.441192
0.476019
0.474754
0.449488
0.431451
0.439839
0.416342
0.385363
0.359046
0.336859
0.323079
0.332086
0.300046
0.268058
0.236120
0.204235
0.172403
0.140628
0.108919
0.066169
0.030791
-0.000922
-0.028408
-0.048628
-0.079921
-0.111123
-0.142245
-0.173281
-0.204230
-0.235088
-0.265847
-0.296485
-0.314886
-0.348125
-0.387747
-0.417935
-0.447997
-0.477898
-0.493674
-0.527714
-0.566729
-0.596028
-0.622959
-0.610911
-0.649162
-0.684324
-0.707725
-0.732700
-0.775726
-0.789062
-0.816847
-0.846054
-0.884285
-0.925287
-0.954297
-0.983067
-1.011556
-1.039785
-1.067739
-1.095401
-1.122752
-1.149765
-1.176345
-1.198673
-1.235641
-1.274938
-1.301651
-1.327945
-1.353681
-1.378901
-1.403578
-1.427671
-1.451138
-1.472387
-1.467601
-1.484406
-1.503826
-1.522318
-1.539824
-1.559259
-1.605090
-1.622512
-1.635784
-1.647679
-1.647265
-1.627594
-1.634453
-1.639508
-1.642984
-1.663913
-1.698156
-1.724681
-1.721297
-1.748513
-1.747772
-1.738230
-1.726997
-1.714155
-1.699792
-1.683729
-1.666344
-1.647766
-1.615983
-1.575280
-1.552898
-1.505049
-1.479736
-1.440119
-1.404282
-1.381132
-1.357363
-1.332957
-1.307962
-1.282483
-1.267581
-1.261569
-1.250973
-1.222661
-1.193998
-1.165060
-1.135866
-1.100131
-1.058757
-1.041015
-0.994400
-0.961906
-0.932969
-0.903816
-0.874458
-0.844908
-0.815141
-0.785200
-0.755101
-0.724851
-0.694457
-0.663928
-0.633251
-0.614619
-0.587932
-0.556617
-0.521314
-0.478133
-0.446799
-0.415366
-0.374520
-0.336957
-0.305523
-0.272156
-0.227755
-0.242559
-0.223152
-0.184202
-0.139243
-0.094156
-0.048948
-0.033962
-0.006532
0.024147
0.054914
0.082676
0.100620
0.145492
0.190483
0.226438
0.257485
0.292210
0.335213
0.352729
0.382386
0.422831
0.454449
0.476747
0.508315
0.539943
0.571630
0.603367
0.635153
0.666986
0.698866
0.730792
0.751902
0.781351
0.813547
0.829450
0.824943
0.847158
0.879666
0.852035
0.829858
0.834447
0.860415
0.893338
0.926287
0.959258
0.992249
1.025260
1.058291
1.091341
1.124411
1.157501
1.190608
1.223732
1.256872
1.290028
1.323201
1.356391
1.384341
1.410624
1.439516
1.472906
1.506308
1.539723
1.542668
1.536639
1.543805
1.543805
1.701304
1.667640
1.634068
1.600801
1.582320
1.581187
1.580367
1.579687
1.550434
1.518668
1.486705
1.454829
1.423096
1.391362
1.359629
1.328100
1.296647
1.265661
1.234833
1.204373
1.173257
1.141560
1.109864
1.078168
1.046474
1.014779
0.983086
0.952256
0.922475
0.891417
0.859760
0.830421
0.800957
0.769352
0.738941
0.710556
0.680276
0.648741
0.617211
0.585684
0.554163
0.522646
0.491134
0.459627
0.428124
0.399828
0.372593
0.341275
0.309884
0.278504
0.247131
0.215767
0.184413
0.153065
0.126650
0.100072
0.068887
0.037710
0.006551
-0.024593
-0.055724
-0.086832
-0.117932
-0.149001
-0.180061
-0.211096
-0.242112
-0.273110
-0.298518
-0.321987
-0.352493
-0.383186
-0.413833
-0.444452
-0.475034
-0.499410
-0.520625
-0.549819
-0.578635
-0.597886
-0.620790
-0.650394
-0.672669
-0.689699
-0.716383
-0.744673
-0.759195
-0.777405
-0.805436
-0.825254
-0.836959
-0.859835
-0.886777
-0.896017
-0.907873
-0.933482
-0.950406
-0.955499
-0.972946
-0.996946
-1.000908
-1.004586
-1.026685
-1.040259
-1.037545
-1.047806
-1.067711
-1.086918
-1.105025
-1.096501
-1.094560
-1.110989
-1.112938
-1.100049
-1.065572
-1.022863
-1.034435
-1.053766
-1.095899
-1.125723
-1.138132
-1.149724
-1.160863
-1.144212
-1.126555
-1.134593
-1.142166
-1.148813
-1.154652
-1.159868
-1.163919
-1.167633
-1.169893
-1.171770
-1.172525
-1.187910
-1.218851
-1.225982
-1.223609
-1.190095
-1.160028
-1.154812
-1.149017
-1.142370
-1.134839
-1.126801
-1.117602
-1.108098
-1.097427
-1.086356
-1.074452
-1.061897
-1.048820
-1.034870
-1.020665
-1.005425
-0.989943
-0.973714
-0.957044
-0.939886
-0.922114
-0.904086
-0.885296
-0.866327
-0.846723
-0.826839
-0.806526
-0.785799
-0.764824
-0.743321
-0.721681
-0.699515
-0.677181
-0.654481
-0.631510
-0.608312
-0.584755
-0.561092
-0.536999
-0.512811
-0.488317
-0.463647
-0.438777
-0.400207
-0.355662
-0.329113
-0.306836
-0.299882
-0.285515
-0.259378
-0.233077
-0.206674
-0.180060
-0.153389
-0.126502
-0.099548
-0.072442
-0.045225
-0.017913
-0.023588
-0.039290
-0.026343
-0.009842
0.018465
0.053326
0.095973
0.099566
0.085375
0.098211
0.115508
0.144506
0.168943
0.185851
0.217650
0.259075
0.290364
0.314921
0.273638
0.250117
0.268532
0.292986
0.322848
0.352766
0.382702
0.412708
0.442729
0.472802
0.498617
0.519183
0.546394
0.576764
0.599300
0.622267
0.652889
0.680643
0.703472
0.731091
0.761927
0.792789
0.823658
0.854555
0.885460
0.916386
0.947325
0.978277
1.009248
1.040226
1.071228
1.102235
1.133260
1.164295
1.195342
1.226404
1.257472
1.288559
1.318878
1.343993
1.369342
1.395109
1.402764
1.397778
1.393173
1.390221
1.417674
1.436478
1.432948
1.413562
1.378893
1.344514
1.310237
1.337764
1.361034
1.359353
1.371500
1.402018
1.433329
1.465048
1.496155
1.523445
1.523215
1.512050
1.480550
1.449329
1.418309
1.413368
1.414570
1.416225
1.426550
1.460324
1.462685
1.433634
1.402719
1.371114
1.342544
1.314212
1.286358
1.256978
1.225493
1.194013
1.162537
1.134923
1.114824
1.151029
1.164242
1.132920
1.101605
1.070297
1.034961
0.998633
0.962667
0.929104
0.902354
0.873352
0.842013
0.810685
0.779361
0.748051
0.716744
0.685451
0.656508
0.630934
0.605886
0.581133
0.550933
0.519929
0.488952
0.457984
0.427036
0.396107
0.365192
0.334304
0.303592
0.280604
0.265535
0.274027
0.268243
0.247091
0.269460
0.309462
0.283475
0.255265
0.236026
0.208169
0.167484
0.133650
0.103807
0.074037
0.044288
0.014621
-0.015013
-0.044581
-0.067322
-0.084525
-0.120821
-0.162123
-0.178505
-0.197893
-0.226681
-0.261769
-0.303894
-0.336667
-0.365479
-0.380907
-0.397585
-0.425686
-0.437291
-0.423381
-0.444463
-0.486746
-0.528838
-0.569806
-0.598677
-0.631661
-0.673680
-0.708580
-0.737487
-0.766244
-0.794955
-0.823453
-0.851896
-0.880156
-0.908296
-0.936295
-0.964092
-0.991800
-1.019210
-1.046540
-1.073564
-1.100434
-1.127055
-1.153399
-1.179568
-1.205309
-1.230928
-1.256017
-1.280910
-1.305354
-1.327500
-1.347638
-1.386407
-1.430938
-1.435071
-1.443219
-1.466146
-1.488608
-1.510514
-1.531618
-1.552353
-1.571863
-1.591038
-1.608906
-1.626125
-1.642260
-1.657215
-1.671397
-1.683764
-1.695616
-1.705229
-1.714081
-1.721107
-1.726695
-1.730978
-1.733116
-1.734555
-1.733160
-1.731109
-1.726826
-1.721323
-1.714297
-1.705524
-1.695911
-1.684132
-1.671832
-1.657650
-1.642755
-1.626621
-1.609454
-1.591586
-1.572458
-1.552989
-1.532254
-1.511185
-1.489280
-1.466849
-1.443923
-1.420331
-1.396513
-1.371936
-1.347199
-1.321921
-1.296382
-1.270506
-1.244281
-1.217879
-1.191063
-1.164147
-1.136873
-1.109470
-1.081832
-1.054005
-1.026044
-0.997848
-0.968934
-0.926237
-0.887525
-0.859264
-0.823701
-0.781014
-0.748940
-0.720669
-0.692188
-0.663659
-0.634971
-0.600495
-0.558232
-0.524894
-0.496226
-0.467405
-0.437021
-0.394927
-0.352760
-0.310458
-0.284368
-0.270177
-0.244605
-0.216301
-0.187837
-0.159330
-0.130710
-0.102017
-0.073251
-0.044386
-0.015484
0.013539
0.042591
0.071739
0.100934
0.130194
0.159522
0.188887
0.218338
0.247811
0.277368
0.306954
0.336597
0.366288
0.396014
0.425802
0.455608
0.485486
0.515381
0.545328
0.575307
0.605319
0.635377
0.665452
0.695583
0.724048
0.744806
0.769499
0.799902
0.830333
0.860782
0.899053
0.932606
0.911885
0.907873
0.938059
0.968273
0.998509
0.973610
0.935037
0.956601
0.980403
1.010975
1.041565
1.072174
1.102808
1.133453
1.164130
1.193515
1.216530
1.218073
1.187244
1.151745
1.113490
1.075482
1.043073
1.067603
1.094238
1.125365
1.153325
1.178684
1.208635
1.239940
1.276820
1.312340
1.343538
1.374744
1.405958
1.433428
1.459289
1.427380
1.401171
1.428096
1.456787
1.488242
1.478241
1.442792
1.461284
1.489363
1.517956
1.546715
1.575845
1.606338
1.637992
1.637992
1.684741
1.650196
1.614405
1.576314
1.538493
1.504571
1.536587
1.541550
1.506889
1.472229
1.437328
1.400442
1.363758
1.327312
1.347599
1.381275
1.416005
1.415013
1.380283
1.344900
1.309521
1.274526
1.239821
1.205336
1.171343
1.137544
1.104151
1.069940
1.035234
1.002407
0.969011
0.934338
0.901398
0.869212
0.834586
0.801187
0.769790
0.789379
0.821656
0.787150
0.750967
0.712600
0.680320
0.649171
0.614691
0.580215
0.545744
0.511282
0.476823
0.442373
0.407929
0.373490
0.339061
0.305903
0.276642
0.244373
0.210074
0.175792
0.141518
0.107256
0.077121
0.049175
0.015092
-0.018981
-0.053036
-0.081779
-0.108724
-0.142544
-0.172825
-0.197983
-0.229503
-0.263025
-0.296495
-0.329936
-0.363343
-0.388298
-0.412979
-0.445985
-0.478943
-0.511857
-0.544685
-0.577477
-0.610185
-0.635604
-0.655557
-0.686734
-0.714897
-0.732602
-0.749147
-0.764999
-0.749359
-0.748318
-0.778613
-0.808728
-0.838164
-0.849291
-0.859598
-0.868583
-0.875955
-0.884477
-0.911494
-0.928230
-0.931730
-0.933392
-0.934234
-0.933064
-0.943794
-0.966838
-0.966439
-0.961215
-0.954102
-0.945737
-0.936330
-0.924919
-0.920379
-0.937300
-0.953673
-0.969682
-0.954669
-0.947221
-0.960835
-0.973779
-0.986552
-1.030980
-1.051517
-1.029051
-1.029092
-1.038319
-1.046450
-1.068135
-1.109210
-1.123470
-1.129247
-1.133881
-1.137906
-1.141231
-1.143474
-1.139393
-1.105317
-1.088626
-1.087983
-1.086221
-1.076313
-1.038571
-1.020029
-1.015720
-0.978619
-0.948103
-0.941630
-0.913201
-0.871798
-0.862713
-0.853942
-0.844471
-0.856775
-0.878018
-0.866191
-0.853986
-0.841180
-0.827678
-0.813846
-0.799184
-0.797666
-0.812874
-0.778753
-0.735910
-0.718729
-0.701169
-0.683219
-0.664648
-0.645826
-0.626440
-0.606688
-0.586634
-0.566007
-0.545164
-0.523867
-0.502223
-0.480350
-0.457954
-0.435374
-0.412432
-0.372324
-0.323259
-0.274190
-0.243384
-0.245049
-0.228199
-0.203814
-0.179045
-0.154114
-0.128956
-0.121243
-0.118684
-0.114735
-0.089717
-0.040803
-0.009935
0.020735
0.069596
0.107095
0.134225
0.161596
0.189060
0.216728
0.244541
0.272459
0.300599
0.315280
0.295311
0.293953
0.303457
0.332334
0.355556
0.366846
0.390883
0.420768
0.450814
0.480921
0.511126
0.529213
0.543147
0.558121
0.573591
0.589684
0.606643
0.628013
0.673919
0.705870
0.723707
0.753570
0.785598
0.817694
0.849837
0.882016
0.914267
0.935128
0.922563
0.910294
0.898218
0.918085
0.939660
0.961854
0.984623
1.007805
1.041149
1.074510
1.107896
1.141312
1.174147
1.198580
1.226850
1.260479
1.294133
1.318704
1.276617
1.250626
1.242682
1.263117
1.277895
1.236934
1.232083
1.259810
1.288139
1.300991
1.261321
1.241830
1.236953
1.232545
1.238091
1.268785
1.277913
1.274607
1.271799
1.280863
1.313253
1.322129
1.319000
1.283013
1.260812
1.260046
1.285469
1.316729
1.316981
1.317457
1.318212
1.319368
1.315547
1.282623
1.248819
1.214136
1.177888
1.141735
1.107027
1.072320
1.037614
1.004654
0.980941
0.983417
1.007275
1.044886
1.082920
1.099624
1.069126
1.035995
1.001524
0.967061
0.934355
0.904696
0.871662
0.837676
0.808846
0.777741
0.743494
0.709260
0.675032
0.640820
0.606617
0.572423
0.538247
0.505273
0.477872
0.468849
0.476216
0.513828
0.538092
0.504331
0.475679
0.450684
0.426595
0.421800
0.465082
0.466461
0.443976
0.422513
0.397254
0.364602
0.340644
0.323363
0.368559
0.388651
0.370177
0.331425
0.287094
0.255177
0.223310
0.191504
0.171528
0.152350
0.121061
0.089843
0.058695
0.027673
-0.003295
-0.034139
-0.064890
-0.095567
-0.126084
-0.156537
-0.186851
-0.217043
-0.247157
-0.277068
-0.306900
-0.336578
-0.366095
-0.395528
-0.424710
-0.453790
-0.482698
-0.511396
-0.539989
-0.568293
-0.605134
-0.653627
-0.686328
-0.714379
-0.742110
-0.766556
-0.787401
-0.831180
-0.879694
-0.928161
-0.965830
-0.993979
-1.040151
-1.083866
-1.111737
-1.139325
-1.166712
-1.188377
-1.217544
-1.266156
-1.301386
-1.329089
-1.356221
-1.383130
-1.409620
-1.435617
-1.460219
-1.460219
-1.449980
-1.424200
-1.434487
-1.456787
-1.478173
-1.499057
-1.519330
-1.538628
-1.557482
-1.575215
-1.592221
-1.608516
-1.623480
-1.641751
-1.673413
-1.713054
-1.758965
-1.744670
-1.732442
-1.742421
-1.751117
-1.759008
-1.764792
-1.769786
-1.773241
-1.751931
-1.718321
-1.683577
-1.661359
-1.660338
-1.657848
-1.654647
-1.649595
-1.661245
-1.695428
-1.723422
-1.744987
-1.735008
-1.724080
-1.712125
-1.698628
-1.684504
-1.668972
-1.652589
-1.635466
-1.617048
-1.598147
-1.578228
-1.557593
-1.536458
-1.514286
-1.484244
-1.435225
-1.400689
-1.374200
-1.351633
-1.328792
-1.305386
-1.281430
-1.257199
-1.232280
-1.216209
-1.213406
-1.192529
-1.165617
-1.138229
-1.110622
-1.082752
-1.054524
-1.026147
-0.997430
-0.958791
-0.910566
-0.878954
-0.849975
-0.820733
-0.791316
-0.761764
-0.731951
-0.706491
-0.693131
-0.658955
-0.611865
-0.593844
-0.572577
-0.542412
-0.512094
-0.481696
-0.451091
-0.414335
-0.367297
-0.320157
-0.272968
-0.225662
-0.191149
-0.173694
-0.132673
-0.087350
-0.057524
-0.027602
0.002423
0.032603
0.065998
0.113351
0.151518
0.181771
0.212173
0.246619
0.293812
0.321443
0.335560
0.365477
0.396391
0.427401
0.458494
0.489634
0.520896
0.552200
0.583580
0.615038
0.646536
0.678134
0.704189
0.722025
0.750552
0.782572
0.814668
0.846803
0.878982
0.901066
0.922811
0.955332
0.965136
0.953241
0.941770
0.937567
0.959762
0.988152
1.021300
1.054492
1.076104
1.066170
1.077330
1.101418
1.134709
1.143757
1.101393
1.104797
1.130524
1.164365
1.198216
1.232083
1.271674
1.313419
1.355418
1.390360
1.416001
1.448075
1.481936
1.515818
1.549712
1.583617
1.617541
1.643710
1.636494
1.611098
1.570215
1.590555
1.610176
1.604312
1.598720
1.593313
1.620900
1.650555
1.680624
1.680624
1.648482
1.610089
1.572640
1.537469
1.500633
1.462620
1.486928
1.519936
1.553417
1.554370
1.517823
1.508375
1.505858
1.470301
1.434922
1.399883
1.387635
1.388425
1.389704
1.382903
1.347637
1.313349
1.279983
1.247108
1.214105
1.178912
1.144948
1.112878
1.078704
1.043569
1.008440
0.974364
0.943106
0.909705
0.874653
0.843560
0.812441
0.777488
0.742540
0.707600
0.672669
0.637742
0.602828
0.567920
0.533021
0.498132
0.463248
0.428380
0.393517
0.358667
0.323827
0.288996
0.259124
0.230105
0.195447
0.160799
0.126168
0.091557
0.056956
0.022385
-0.012176
-0.046711
-0.076890
-0.103421
-0.071836
-0.038979
-0.073102
-0.107202
-0.141269
-0.175294
-0.209300
-0.243244
-0.274004
-0.297402
-0.326828
-0.360363
-0.383279
-0.398663
-0.385960
-0.400921
-0.446658
-0.482566
-0.514657
-0.533712
-0.562378
-0.608730
-0.646132
-0.678606
-0.710920
-0.743181
-0.775298
-0.799043
-0.815172
-0.829579
-0.840085
-0.822010
-0.823240
-0.853141
-0.868899
-0.878457
-0.885712
-0.892269
-0.897116
-0.885742
-0.862328
-0.902436
-0.948471
-0.974360
-0.988530
-0.988530
-0.969228
-0.943317
-0.916866
-0.906708
-0.929426
-0.968965
-1.018629
-1.042744
-1.058293
-1.050304
-1.056103
-1.075528
-1.094185
-1.112556
-1.129992
-1.134911
-1.119549
-1.102526
-1.084702
-1.096690
-1.109366
-1.121150
-1.113459
-1.090044
-1.064880
-1.047721
-1.082084
-1.119820
-1.161992
-1.178310
-1.184789
-1.189883
-1.194530
-1.198186
-1.200965
-1.203166
-1.204053
-1.204510
-1.203775
-1.202333
-1.200131
-1.169640
-1.130871
-1.091102
-1.076019
-1.104642
-1.087123
-1.045176
-1.034838
-1.025984
-1.016202
-1.005788
-0.994820
-1.010034
-1.026711
-1.013043
-0.998930
-0.984179
-0.968700
-0.952915
-0.936146
-0.919102
-0.901393
-0.883164
-0.864564
-0.845226
-0.825647
-0.805405
-0.784814
-0.763817
-0.742282
-0.720540
-0.698158
-0.675559
-0.652543
-0.660728
-0.686993
-0.689940
-0.679857
-0.629933
-0.592655
-0.567438
-0.542631
-0.515462
-0.465538
-0.425270
-0.400073
-0.374565
-0.348915
-0.322846
-0.302814
-0.299193
-0.282261
-0.254960
-0.227360
-0.199660
-0.171680
-0.143563
-0.115272
-0.086765
-0.058173
-0.029311
-0.006592
0.003043
0.036702
0.085563
0.116993
0.146643
0.176472
0.206404
0.236443
0.252693
0.266551
0.297290
0.328092
0.359001
0.390017
0.421087
0.468163
0.507769
0.522544
0.537975
0.553960
0.583221
0.613289
0.630818
0.660565
0.707177
0.710395
0.696342
0.715318
0.738417
0.771194
0.796607
0.816939
0.859508
0.900613
0.921495
0.948208
0.981486
1.014813
1.043765
0.998996
0.977814
1.000605
0.980484
0.936434
0.956186
0.980582
1.005664
1.035509
1.069740
1.069373
1.064815
1.091580
1.104824
1.097738
1.115088
1.143298
1.177968
1.201452
1.195649
1.210112
1.239801
1.239826
1.235263
1.231154
1.227289
1.223722
1.220560
1.217557
1.215081
1.224366
1.257702
1.269483
1.268126
1.267265
1.273874
1.308904
1.344070
1.379372
1.414879
1.444361
1.409063
1.373765
1.338468
1.303717
1.269234
1.303331
1.340078
1.377185
1.395174
1.397540
1.370700
1.343292
1.346752
1.350437
1.354423
1.358787
1.362712
1.327739
1.292769
1.257806
1.226010
1.196322
1.162014
1.128274
1.099419
1.087528
1.094067
1.127700
1.164367
1.129829
1.095299
1.060785
1.021526
0.979721
0.944734
0.911948
0.884952
0.849961
0.807868
0.778451
0.750887
0.716549
0.682225
0.647921
0.619863
0.594467
0.560453
0.526401
0.492383
0.458393
0.424424
0.390500
0.358317
0.334862
0.327233
0.338289
0.324908
0.304955
0.317507
0.319281
0.299877
0.272242
0.239776
0.207416
0.172020
0.125563
0.093654
0.075786
0.084401
0.095130
0.063478
0.031887
0.000393
-0.019583
-0.034149
-0.064517
-0.095264
-0.125862
-0.156340
-0.186723
-0.232442
-0.278203
-0.308513
-0.338715
-0.368780
-0.398652
-0.428446
-0.457966
-0.493626
-0.542542
-0.591406
-0.640236
-0.653652
-0.666966
-0.695655
-0.734407
-0.783711
-0.816724
-0.846722
-0.896119
-0.937727
-0.965892
-0.993743
-1.021432
-1.048629
-1.075662
-1.102269
-1.128545
-1.154536
-1.179968
-1.205195
-1.229779
-1.254028
-1.277810
-1.300970
-1.323872
-1.345822
-1.367464
-1.388373
-1.408614
-1.428390
-1.473697
-1.517069
-1.535087
-1.567085
-1.615009
-1.638494
-1.654182
-1.668213
-1.681592
-1.693739
-1.704603
-1.714743
-1.722904
-1.730424
-1.736224
-1.740839
-1.744350
-1.745967
-1.750546
-1.784589
-1.803645
-1.799887
-1.794444
-1.788242
-1.746301
-1.712643
-1.702504
-1.691224
-1.679076
-1.665307
-1.646181
-1.599033
-1.565550
-1.548993
-1.531356
-1.513294
-1.493930
-1.483247
-1.490559
-1.479378
-1.456783
-1.433261
-1.409462
-1.384930
-1.359984
-1.334620
-1.308660
-1.280577
-1.230744
-1.200187
-1.201654
-1.185211
-1.159893
-1.133927
-1.107780
-1.081172
-1.054256
-1.027084
-0.999477
-0.971725
-0.943560
-0.915210
-0.886609
-0.857720
-0.828713
-0.799342
-0.769866
-0.740154
-0.699073
-0.650339
-0.618425
-0.588526
-0.558392
-0.528130
-0.497729
-0.453546
-0.405222
-0.356789
-0.314790
-0.284480
-0.254021
-0.223480
-0.176303
-0.132199
-0.101601
-0.070896
-0.040096
-0.009139
0.021872
0.053042
0.084280
0.115619
0.147069
0.178567
0.210214
0.246305
0.293593
0.340965
0.388397
0.421975
0.453502
0.485144
0.516846
0.548619
0.569458
0.587249
0.619508
0.651802
0.684166
0.716592
0.749055
0.781606
0.814184
0.846833
0.879525
0.912260
0.945061
0.977885
1.010781
1.043706
1.076676
1.101507
1.122463
1.155387
1.185731
1.207835
1.230426
1.253406
1.228234
1.194512
1.160833
1.122582
1.078391
1.034385
0.991157
0.981498
0.982734
1.007815
1.038446
1.072677
1.106937
1.141208
1.175504
1.172558
1.130098
1.141616
1.168581
1.196273
1.226511
1.261199
1.295898
1.330605
1.359573
1.389732
1.424561
1.459396
1.494238
1.524692
1.554315
1.584509
1.614964
1.645785
1.645785
1.536995
1.502276
1.467558
1.432842
1.398126
1.363363
1.326780
1.315947
1.349372
1.333830
1.301891
1.336401
1.343634
1.308857
1.274079
1.239323
1.204821
1.199725
1.235313
1.218381
1.184859
1.150122
1.116272
1.083527
1.047647
1.011178
0.976444
0.942698
0.910061
0.875751
0.841490
0.809585
0.812423
0.850405
0.827499
0.792291
0.754254
0.719841
0.688732
0.654637
0.620078
0.585525
0.553390
0.523243
0.489264
0.454819
0.420384
0.389042
0.359990
0.326132
0.291843
0.257568
0.223307
0.189055
0.161042
0.131582
0.097525
0.063490
0.029466
-0.004522
-0.038498
-0.072447
-0.106370
-0.140279
-0.165758
-0.193936
-0.227539
-0.261101
-0.294641
-0.328116
-0.361564
-0.394967
-0.428314
-0.461137
-0.483534
-0.509980
-0.542813
-0.575560
-0.607345
-0.627112
-0.657429
-0.702692
-0.738150
-0.769049
-0.787103
-0.811053
-0.842520
-0.861248
-0.872436
-0.855388
-0.837905
-0.819923
-0.855105
-0.900224
-0.929751
-0.959089
-0.988231
-1.000010
-1.007840
-1.013422
-1.029722
-1.056024
-1.081778
-1.102280
-1.102280
-1.115004
-1.138433
-1.137065
-1.138254
-1.159117
-1.162795
-1.153454
-1.169023
-1.178902
-1.164776
-1.167927
-1.182845
-1.166179
-1.155881
-1.167576
-1.178393
-1.188674
-1.164930
-1.149622
-1.156590
-1.162585
-1.168047
-1.171991
-1.175401
-1.177766
-1.179072
-1.179340
-1.143807
-1.108554
-1.073807
-1.086006
-1.117032
-1.113274
-1.108954
-1.103723
-1.097446
-1.090676
-1.082590
-1.073944
-1.064488
-1.054039
-1.043142
-1.031089
-1.018505
-1.005231
-0.991052
-0.976480
-0.960930
-0.944894
-0.928290
-0.910885
-0.893148
-0.874603
-0.855627
-0.836193
-0.816067
-0.795664
-0.774607
-0.753173
-0.731377
-0.708990
-0.686375
-0.663237
-0.626129
-0.576994
-0.593387
-0.613157
-0.613157
-0.598859
-0.573472
-0.526585
-0.477446
-0.428304
-0.421847
-0.445165
-0.443048
-0.432727
-0.405571
-0.378186
-0.350657
-0.322794
-0.294818
-0.266613
-0.238212
-0.209701
-0.199563
-0.183366
-0.153900
-0.124274
-0.094714
-0.081990
-0.063035
-0.032536
0.009527
0.055591
0.069941
0.084833
0.100621
0.117410
0.136326
0.182250
0.222471
0.254221
0.286060
0.314020
0.300541
0.301241
0.320876
0.341436
0.363623
0.396508
0.429427
0.462385
0.495397
0.528433
0.561525
0.594646
0.627800
0.625396
0.620878
0.644928
0.673809
0.707412
0.741051
0.773131
0.798525
0.828420
0.862281
0.896169
0.930068
0.963989
0.997927
1.031876
1.065850
1.099832
1.133834
1.163840
1.190993
1.218845
1.248453
1.282721
1.271754
1.231769
1.224884
1.209744
1.170598
1.153660
1.149483
1.145845
1.142395
1.139322
1.159555
1.191751
1.226460
1.260525
1.293366
1.327512
1.362216
1.395662
1.416421
1.415643
1.440018
1.472666
1.472922
1.473380
1.474147
1.449633
1.416213
1.383312
1.379957
1.417003
1.399224
1.364544
1.329867
1.295192
1.260518
1.228237
1.205816
1.243953
1.247618
1.213050
1.178487
1.143926
1.109372
1.074821
1.040273
1.005733
0.972015
0.941943
0.948413
0.987829
1.022880
1.051194
1.056633
1.081256
1.121468
1.156338
1.184000
1.190342
1.173306
1.139172
1.105057
1.070950
1.036859
1.039961
1.067506
1.030919
0.992354
0.958074
0.923804
0.889541
0.855295
0.823098
0.795393
0.768250
0.741403
0.700136
0.658959
0.618037
0.581734
0.547594
0.513479
0.479373
0.445284
0.411215
0.377526
0.351076
0.321737
0.287893
0.260388
0.240271
0.283018
0.294021
0.260581
0.234924
0.210744
0.177638
0.144566
0.111534
0.078564
0.045622
0.012753
-0.020074
-0.052854
-0.085555
-0.118223
-0.150804
-0.183331
-0.215801
-0.248173
-0.282789
-0.327848
-0.359485
-0.378740
-0.408930
-0.440837
-0.472617
-0.477075
-0.458812
-0.496857
-0.541930
-0.586739
-0.624558
-0.657144
-0.689600
-0.716870
-0.729080
-0.760425
-0.804649
-0.838261
-0.871153
-0.903947
-0.936648
-0.969292
-1.001774
-1.034193
-1.066483
-1.089328
-1.107076
-1.138216
-1.169367
-1.200312
-1.231018
-1.261896
-1.309050
-1.350233
-1.380761
-1.410970
-1.441020
-1.470565
-1.499874
-1.528807
-1.557220
-1.585381
-1.612762
-1.639740
-1.666137
-1.691662
-1.716771
-1.740640
-1.763802
-1.786055
-1.783933
-1.772334
-1.742144
-1.733113
-1.748656
-1.762280
-1.775054
-1.785589
-1.794740
-1.802440
-1.807644
-1.811801
-1.813378
-1.813333
-1.811756
-1.836763
-1.858718
-1.850292
-1.840218
-1.828740
-1.814809
-1.799992
-1.783244
-1.765254
-1.746313
-1.700520
-1.658822
-1.637566
-1.615441
-1.592717
-1.568795
-1.544480
-1.519354
-1.493625
-1.467522
-1.440599
-1.413418
-1.385714
-1.344527
-1.295876
-1.267458
-1.232655
-1.184142
-1.154141
-1.133199
-1.105469
-1.077556
-1.049308
-1.020733
-0.991999
-0.962857
-0.933569
-0.904042
-0.874264
-0.844367
-0.814173
-0.783861
-0.753377
-0.722694
-0.691923
-0.660931
-0.623141
-0.576375
-0.541796
-0.510773
-0.479565
-0.448271
-0.416872
-0.396506
-0.376877
-0.344790
-0.306210
-0.260675
-0.226274
-0.194217
-0.162050
-0.129820
-0.097530
-0.065143
-0.034999
-0.014338
0.012848
0.045717
0.078659
0.109354
0.131969
0.160583
0.193905
0.236298
0.263634
0.241344
0.251439
0.284395
0.317418
0.350466
0.383564
0.416702
0.449866
0.483088
0.516330
0.549613
0.582931
0.616269
0.649658
0.683064
0.716503
0.749974
0.783461
0.816992
0.850537
0.884110
0.917711
0.951325
0.984977
1.018642
1.052330
1.086042
1.119767
1.153523
1.187291
1.221078
1.249105
1.275186
1.301970
1.302873
1.268802
1.229475
1.189294
1.155160
1.121035
1.086922
1.052827
1.019728
0.992986
0.962820
0.928898
0.888796
0.847386
0.806276
0.782560
0.776038
0.799028
0.828547
0.862891
0.897244
0.931603
0.961657
0.993183
1.032529
1.069131
1.103530
1.137940
1.172354
1.206777
1.241206
1.275639
1.305923
1.317750
1.279189
1.261878
1.258364
1.255358
1.262611
1.294883
1.328698
1.363411
1.398126
1.432842
1.467558
1.467558
1.403571
1.366074
1.328578
1.289959
1.251359
1.213533
1.175640
1.212128
1.249477
1.240054
1.202059
1.164395
1.128161
1.128801
1.098573
1.110032
1.149222
1.170688
1.135438
1.097976
1.060515
1.023055
0.985598
0.948142
0.910688
0.873236
0.838372
0.853904
0.877484
0.881477
0.885830
0.890600
0.863234
0.856849
0.862791
0.856694
0.820291
0.790088
0.753939
0.717068
0.676720
0.632928
0.590708
0.560456
0.530819
0.501744
0.468906
0.432270
0.395653
0.359060
0.322491
0.285945
0.254203
0.223869
0.188822
0.162415
0.126933
0.083325
0.042484
0.006305
-0.028288
-0.053716
-0.099348
-0.138028
-0.174009
-0.205886
-0.230240
-0.253726
-0.242326
-0.276189
-0.324190
-0.367462
-0.400626
-0.422967
-0.457733
-0.481693
-0.481781
-0.491771
-0.535435
-0.554645
-0.572563
-0.602988
-0.636559
-0.662903
-0.671616
-0.653714
-0.704892
-0.725690
-0.750620
-0.782617
-0.814431
-0.846053
-0.877428
-0.908583
-0.925760
-0.908268
-0.869558
-0.877251
-0.906487
-0.935427
-0.948096
-0.950891
-0.945746
-0.919397
-0.892627
-0.865498
-0.872819
-0.898051
-0.930347
-0.979629
-0.975069
-0.968946
-0.981846
-1.003945
-1.025552
-1.046653
-1.067150
-1.087045
-1.106371
-1.108985
-1.103534
-1.120644
-1.137038
-1.152698
-1.167682
-1.199549
-1.237566
-1.250764
-1.263120
-1.274591
-1.259382
-1.251578
-1.260359
-1.268320
-1.275370
-1.281445
-1.286662
-1.291014
-1.294494
-1.297097
-1.298752
-1.299370
-1.299102
-1.277493
-1.238020
-1.203449
-1.199816
-1.195205
-1.189781
-1.183550
-1.176520
-1.168701
-1.160073
-1.150522
-1.140221
-1.108683
-1.065865
-1.040843
-1.064589
-1.086805
-1.053206
-1.024627
-1.023159
-1.035048
-1.018632
-1.001472
-0.983732
-0.965427
-0.946573
-0.927185
-0.907663
-0.918246
-0.877611
-0.844252
-0.822314
-0.799935
-0.777127
-0.753820
-0.730104
-0.706005
-0.681535
-0.656704
-0.631525
-0.605945
-0.580026
-0.570863
-0.558661
-0.531470
-0.504000
-0.476215
-0.426748
-0.390240
-0.362036
-0.333594
-0.303231
-0.250328
-0.239074
-0.217468
-0.187904
-0.164446
-0.154903
-0.124454
-0.074514
-0.037192
-0.006517
0.024317
0.055304
0.086458
0.117773
0.149226
0.180813
0.212530
0.244375
0.276355
0.290937
0.317979
0.350552
0.383229
0.416008
0.448894
0.481890
0.514978
0.548157
0.581422
0.612368
0.629014
0.661823
0.695623
0.729495
0.763437
0.797448
0.831528
0.865687
0.888344
0.907881
0.928043
0.948820
0.970222
0.957946
0.972671
0.995765
1.019429
1.043656
1.068443
1.093895
1.119874
1.146372
1.176967
1.213365
1.249442
1.204016
1.188301
1.179933
1.187071
1.217731
1.253706
1.246461
1.269914
1.277244
1.286903
1.309600
1.305339
1.337461
1.373860
1.408190
1.424589
1.420516
1.414974
1.374179
1.365517
1.338271
1.332571
1.348959
1.311348
1.271999
1.265443
1.289355
1.326066
1.363171
1.397821
1.397622
1.397773
1.372620
1.335882
1.321123
1.359936
1.397452
1.434969
1.421432
1.423405
1.463178
1.499268
1.502192
1.505469
1.482479
1.487459
1.503897
1.467142
1.434403
1.436460
1.414725
1.380107
1.344943
1.313806
1.283134
1.322183
1.311484
1.277900
1.241092
1.204297
1.167516
1.138272
1.165105
1.205372
1.241986
1.266606
1.229980
1.193372
1.163484
1.135960
1.108940
1.088871
1.098988
1.144830
1.126629
1.090642
1.054683
1.018753
0.982854
0.958349
0.924919
0.889255
0.853627
0.820601
0.797285
0.761927
0.726613
0.691344
0.656121
0.620945
0.585817
0.550750
0.504592
0.464552
0.429474
0.394449
0.359479
0.324578
0.289739
0.254961
0.220246
0.185597
0.151015
0.116515
0.095276
0.056014
0.013479
-0.016444
-0.036686
-0.086752
-0.122724
-0.156536
-0.190250
-0.223864
-0.257374
-0.290759
-0.324019
-0.357160
-0.390178
-0.423069
-0.455827
-0.488430
-0.520870
-0.553158
-0.585288
-0.617255
-0.649051
-0.680650
-0.712035
-0.743223
-0.785302
-0.830612
-0.861556
-0.892258
-0.922684
-0.952862
-0.982778
-1.012422
-1.041782
-1.070823
-1.099491
-1.127825
-1.155809
-1.192509
-1.241571
-1.268914
-1.295759
-1.322161
-1.332333
-1.339895
-1.364263
-1.388072
-1.411184
-1.433689
-1.455559
-1.476767
-1.497283
-1.517068
-1.535918
-1.553967
-1.571185
-1.573877
-1.561631
-1.575688
-1.588573
-1.629319
-1.654500
-1.664738
-1.673890
-1.681934
-1.688585
-1.694051
-1.698341
-1.701445
-1.703351
-1.704055
-1.703305
-1.701305
-1.721849
-1.738252
-1.732470
-1.723819
-1.678960
-1.664150
-1.653829
-1.642451
-1.630044
-1.616635
-1.602096
-1.586563
-1.570140
-1.552857
-1.534745
-1.515837
-1.496052
-1.475479
-1.454219
-1.432299
-1.409747
-1.386590
-1.362781
-1.338371
-1.313446
-1.288030
-1.262143
-1.235806
-1.208993
-1.181727
-1.154080
-1.126068
-1.097708
-1.069015
-1.039975
-1.010592
-0.997132
-0.977556
-0.946932
-0.916070
-0.884962
-0.853604
-0.822042
-0.779470
-0.734556
-0.702794
-0.670841
-0.638687
-0.620370
-0.595973
-0.556588
-0.505566
-0.454450
-0.421029
-0.388128
-0.355100
-0.321950
-0.288681
-0.255296
-0.221778
-0.188156
-0.154434
-0.120614
-0.086701
-0.052697
-0.018586
0.015608
0.049883
0.084235
0.118663
0.153163
0.187750
0.210976
0.240375
0.275346
0.310373
0.345163
0.367416
0.390381
0.421343
0.456963
0.492624
0.528325
0.564072
0.599857
0.635678
0.671534
0.707424
0.743347
0.779308
0.824560
0.864209
0.900136
0.933338
0.958905
0.985108
0.957019
0.920786
0.884579
0.848398
0.812243
0.776119
0.740027
0.703964
0.667932
0.631930
0.595960
0.560027
0.514356
0.467746
0.457867
0.487152
0.523447
0.559771
0.596124
0.632501
0.664296
0.694730
0.732364
0.777607
0.806799
0.847258
0.887790
0.921567
0.951038
0.987725
1.024432
1.061154
1.097890
1.106213
1.073268
1.103022
1.139634
1.176569
1.168268
1.138382
1.138521
1.169906
1.165690
1.189568
1.224776
1.260414
1.293478
1.326949
1.364267
1.339987
1.343636
1.363439
1.363439
1.757227
1.721409
1.685591
1.649773
1.613955
1.578138
1.542321
1.505889
1.496091
1.527683
1.527494
1.557454
1.593680
1.609342
1.574456
1.539958
1.504483
1.468037
1.431164
1.395348
1.360822
1.325478
1.290392
1.256182
1.220404
1.186555
1.151741
1.115993
1.080356
1.047376
1.014777
1.000280
0.995956
0.964457
0.929068
0.890610
0.852554
0.816948
0.781347
0.745750
0.710159
0.676060
0.644716
0.609200
0.573691
0.540864
0.509281
0.473863
0.438457
0.407211
0.378005
0.348149
0.312961
0.277790
0.247159
0.219564
0.192525
0.166211
0.140556
0.110198
0.075669
0.041171
0.006715
-0.027708
-0.062098
-0.094499
-0.118126
-0.151291
-0.185339
-0.219342
-0.252109
-0.273996
-0.305599
-0.331918
-0.352116
-0.370990
-0.356592
-0.317587
-0.307997
-0.340470
-0.372848
-0.390178
-0.384737
-0.393504
-0.439923
-0.471618
-0.503181
-0.534626
-0.560421
-0.574187
-0.604882
-0.620699
-0.631220
-0.645361
-0.674700
-0.723646
-0.759463
-0.788535
-0.814348
-0.820937
-0.846020
-0.873719
-0.893414
-0.895317
-0.871065
-0.886193
-0.898834
-0.898418
-0.896702
-0.919751
-0.943183
-0.966244
-0.984400
-0.978115
-0.996237
-1.017077
-1.027062
-1.015432
-0.985070
-1.018729
-1.051453
-1.069497
-1.087019
-1.103813
-1.096761
-1.094458
-1.109177
-1.123234
-1.136534
-1.149210
-1.161252
-1.172646
-1.183219
-1.164461
-1.177243
-1.210558
-1.218265
-1.224993
-1.230977
-1.236220
-1.233639
-1.201609
-1.166168
-1.179012
-1.203116
-1.204533
-1.205045
-1.204693
-1.203596
-1.201754
-1.199170
-1.195605
-1.164312
-1.158475
-1.180446
-1.173903
-1.166447
-1.158298
-1.149465
-1.135357
-1.090832
-1.104649
-1.106898
-1.094575
-1.081639
-1.067925
-1.053591
-1.022245
-0.989845
-1.006140
-0.990487
-0.973258
-0.955534
-0.937324
-0.918569
-0.925599
-0.917170
-0.896600
-0.873596
-0.823479
-0.796139
-0.774240
-0.751976
-0.729349
-0.706262
-0.682848
-0.659115
-0.635072
-0.610689
-0.585949
-0.560933
-0.535647
-0.510098
-0.484234
-0.458098
-0.431727
-0.405127
-0.378457
-0.374417
-0.369394
-0.343128
-0.297084
-0.268851
-0.240396
-0.211771
-0.182981
-0.151728
-0.101676
-0.069242
-0.040070
-0.010753
0.018704
0.048341
0.078114
0.117552
0.158847
0.169315
0.198489
0.228902
0.259423
0.290051
0.320802
0.351670
0.382634
0.413692
0.444842
0.476107
0.494281
0.517397
0.549121
0.580926
0.612828
0.644802
0.676845
0.706640
0.723360
0.753909
0.786413
0.791993
0.748890
0.767235
0.786208
0.805748
0.825847
0.846512
0.879883
0.904944
0.911891
0.900297
0.889032
0.908889
0.932685
0.956975
0.983366
1.027524
1.027878
1.018503
1.009420
1.000706
1.027217
1.054177
1.081577
1.102738
1.095832
1.121704
1.127944
1.135415
1.161525
1.156371
1.151555
1.147035
1.142811
1.138886
1.135361
1.132146
1.129230
1.126616
1.124329
1.122431
1.120836
1.119544
1.118555
1.117930
1.148286
1.142322
1.118034
1.118677
1.119718
1.121080
1.122745
1.124712
1.126999
1.163906
1.200470
1.236192
1.272348
1.311049
1.347122
1.363286
1.366747
1.372686
1.412372
1.396095
1.362703
1.327181
1.291664
1.261083
1.255998
1.243630
1.209231
1.179815
1.150890
1.118069
1.082865
1.047672
1.012493
0.977327
0.946078
0.916253
0.881210
0.854015
0.827305
0.797012
0.762239
0.727488
0.692762
0.658058
0.623375
0.588714
0.554082
0.519476
0.484895
0.450339
0.415985
0.391505
0.367617
0.376666
0.419523
0.453594
0.487709
0.521857
0.556038
0.590251
0.624501
0.609715
0.586731
0.564309
0.541986
0.508324
0.484476
0.464033
0.441065
0.407935
0.374877
0.341875
0.303130
0.258120
0.225114
0.192180
0.159309
0.126502
0.093762
0.061110
0.040589
0.015633
-0.016563
-0.048673
-0.080667
-0.112571
-0.137040
-0.154440
-0.185780
-0.216986
-0.248080
-0.279057
-0.309913
-0.340612
-0.386229
-0.425494
-0.461049
-0.510295
-0.540986
-0.571409
-0.601680
-0.631795
-0.661726
-0.691444
-0.733971
-0.776316
-0.805855
-0.835153
-0.864218
-0.893069
-0.921697
-0.950096
-0.978164
-0.988742
-1.003796
-1.030596
-1.057068
-1.083137
-1.108872
-1.134261
-1.159291
-1.183865
-1.207977
-1.231671
-1.254932
-1.277746
-1.299931
-1.321594
-1.342736
-1.363341
-1.383349
-1.402589
-1.421211
-1.439193
-1.456517
-1.473028
-1.488686
-1.503597
-1.517742
-1.531100
-1.543396
-1.581519
-1.608943
-1.618931
-1.627946
-1.635685
-1.642440
-1.648197
-1.652945
-1.656510
-1.658819
-1.660086
-1.660310
-1.659490
-1.657344
-1.654060
-1.649751
-1.644425
-1.638078
-1.630395
-1.621751
-1.612163
-1.601649
-1.590116
-1.577502
-1.564047
-1.549773
-1.534703
-1.518679
-1.501833
-1.484284
-1.466054
-1.447166
-1.427428
-1.407093
-1.386187
-1.364731
-1.342693
-1.320024
-1.296883
-1.273286
-1.249251
-1.224709
-1.199714
-1.174345
-1.148614
-1.122537
-1.096022
-1.069187
-1.042055
-1.014636
-0.986923
-0.958875
-0.930581
-0.902051
-0.873294
-0.844277
-0.797180
-0.759463
-0.730193
-0.700732
-0.671036
-0.641157
-0.611112
-0.580907
-0.550540
-0.519980
-0.489279
-0.458444
-0.427477
-0.396365
-0.365107
-0.333735
-0.307862
-0.291665
-0.259678
-0.214812
-0.175174
-0.143154
-0.111042
-0.078814
-0.046503
-0.014113
0.018354
0.050907
0.083549
0.116260
0.149039
0.181883
0.214806
0.247797
0.280846
0.313953
0.347116
0.380352
0.413639
0.446977
0.480364
0.513803
0.547301
0.580842
0.614427
0.648054
0.681732
0.715454
0.749214
0.783012
0.816847
0.850729
0.884646
0.918596
0.952579
0.986596
1.020653
1.054739
1.088855
1.123000
1.157177
1.191386
1.219588
1.246830
1.280798
1.305510
1.337835
1.367812
1.393383
1.419399
1.453870
1.483083
1.495340
1.482422
1.439906
1.397593
1.398111
1.428784
1.463616
1.492601
1.465882
1.443247
1.446673
1.476956
1.507716
1.541876
1.575559
1.606928
1.638676
1.670820
1.658595
1.645243
1.678258
1.711655
1.745381
1.740593
1.740593
1.753036
1.721734
1.690433
1.659366
1.628302
1.597482
1.566667
1.536356
1.506482
1.507734
1.508427
1.477397
1.446405
1.417186
1.387924
1.356927
1.325997
1.297406
1.270759
1.304596
1.336193
1.305289
1.274385
1.243486
1.212588
1.181695
1.150803
1.119916
1.089030
1.058150
1.027271
0.996398
0.965739
0.938726
0.911492
0.880709
0.849926
0.819154
0.788383
0.757622
0.726863
0.696115
0.665724
0.639885
0.613682
0.583065
0.552450
0.521853
0.491258
0.460682
0.430108
0.399554
0.369556
0.345188
0.320260
0.289899
0.259542
0.229215
0.198893
0.168603
0.138317
0.108066
0.077820
0.047611
0.017408
-0.012755
-0.042912
-0.073026
-0.103133
-0.133193
-0.163247
-0.193249
-0.223243
-0.253183
-0.283113
-0.312984
-0.341612
-0.362031
-0.383664
-0.413085
-0.442492
-0.471806
-0.501103
-0.530299
-0.559475
-0.588540
-0.617584
-0.646506
-0.675403
-0.704165
-0.732899
-0.761484
-0.787908
-0.802917
-0.819983
-0.847639
-0.875247
-0.902620
-0.929940
-0.956996
-0.981098
-0.991076
-1.003815
-1.029434
-1.051523
-1.057523
-1.066787
-1.090586
-1.110232
-1.111799
-1.117171
-1.138732
-1.160123
-1.180810
-1.196424
-1.191391
-1.190944
-1.208755
-1.220838
-1.210592
-1.199695
-1.186314
-1.166994
-1.125480
-1.095716
-1.108979
-1.115620
-1.098510
-1.087416
-1.097469
-1.113948
-1.152574
-1.177164
-1.154332
-1.138097
-1.143723
-1.148979
-1.153031
-1.156698
-1.159142
-1.161192
-1.162009
-1.162425
-1.161608
-1.160386
-1.157941
-1.147335
-1.112579
-1.085351
-1.079998
-1.074264
-1.067447
-1.060256
-1.052021
-1.043422
-1.033823
-1.023870
-1.012965
-1.001719
-0.989571
-0.977096
-0.963770
-0.950132
-0.935694
-0.920959
-0.905476
-0.889712
-0.873249
-0.856521
-0.839143
-0.828755
-0.835144
-0.826643
-0.782993
-0.746532
-0.726764
-0.706787
-0.686332
-0.665680
-0.644586
-0.630062
-0.630062
-0.622888
-0.600104
-0.577164
-0.553886
-0.530462
-0.506728
-0.482856
-0.458699
-0.448717
-0.467682
-0.477948
-0.470727
-0.451433
-0.408240
-0.370979
-0.345282
-0.325123
-0.315594
-0.300131
-0.273451
-0.246689
-0.219773
-0.197931
-0.185391
-0.167449
-0.139751
-0.116744
-0.102079
-0.077759
-0.036520
-0.004683
0.010921
0.027046
0.044056
0.065549
0.094555
0.119675
0.138380
0.146271
0.136564
0.127129
0.118131
0.121067
0.142862
0.170995
0.208998
0.235396
0.243980
0.261000
0.290786
0.320596
0.350439
0.377055
0.398927
0.427373
0.465346
0.500035
0.530030
0.560043
0.590082
0.620139
0.650219
0.680317
0.710437
0.740572
0.770729
0.800901
0.831093
0.861299
0.891524
0.921762
0.952018
0.985421
1.022837
1.057052
1.087240
1.114368
1.137702
1.161388
1.185503
1.196092
1.190367
1.184884
1.179688
1.174739
1.170077
1.165664
1.161541
1.172101
1.199412
1.227031
1.254997
1.268567
1.266164
1.278829
1.307984
1.337417
1.367151
1.397522
1.428571
1.444100
1.443336
1.442822
1.442568
1.427195
1.396387
1.365847
1.335574
1.321150
1.322465
1.339704
1.372540
1.404442
1.435441
1.435880
1.407204
1.394775
1.397611
1.416729
1.450935
1.453158
1.426151
1.397154
1.366365
1.333472
1.298708
1.268195
1.241409
1.212492
1.181732
1.150978
1.120230
1.089488
1.058751
1.028020
0.997295
0.966578
0.935866
0.907989
0.882398
0.854025
0.823440
0.796181
0.771529
0.747364
0.723576
0.696112
0.665847
0.635600
0.605368
0.575157
0.544960
0.514786
0.484627
0.459158
0.437065
0.415591
0.394555
0.368454
0.338808
0.303719
0.264874
0.237099
0.216856
0.197336
0.178302
0.194824
0.234845
0.233104
0.204157
0.175273
0.146429
0.117652
0.088918
0.060256
0.031640
0.003102
-0.025388
-0.053793
-0.082146
-0.110408
-0.138614
-0.166721
-0.194769
-0.222709
-0.250586
-0.278344
-0.306036
-0.333599
-0.361089
-0.388439
-0.415712
-0.442830
-0.469865
-0.471287
-0.458949
-0.482005
-0.523787
-0.565428
-0.606996
-0.639530
-0.667429
-0.685710
-0.699132
-0.730995
-0.772030
-0.804576
-0.832964
-0.861203
-0.889370
-0.907578
-0.921060
-0.943796
-0.970852
-0.997665
-1.024366
-1.050791
-1.077090
-1.103076
-1.128923
-1.154411
-1.179743
-1.204666
-1.229413
-1.253692
-1.277771
-1.301313
-1.324630
-1.331408
-1.331408
-1.345986
-1.366437
-1.386047
-1.405324
-1.441997
-1.485444
-1.510121
-1.527614
-1.543873
-1.559669
-1.574069
-1.587953
-1.600274
-1.612028
-1.622056
-1.631467
-1.639003
-1.645882
-1.650762
-1.654956
-1.657068
-1.658477
-1.657770
-1.656361
-1.652852
-1.648659
-1.642430
-1.635552
-1.626745
-1.617334
-1.606131
-1.594377
-1.580987
-1.567103
-1.551744
-1.535948
-1.518837
-1.501345
-1.482688
-1.463701
-1.443688
-1.423389
-1.402190
-1.380746
-1.341558
-1.297624
-1.270748
-1.248341
-1.225291
-1.202075
-1.178289
-1.154359
-1.129922
-1.105360
-1.080346
-1.055224
-1.029700
-1.004081
-0.991180
-0.981202
-0.957277
-0.930221
-0.890670
-0.848378
-0.818575
-0.791450
-0.764088
-0.736678
-0.709055
-0.681388
-0.641943
-0.600153
-0.570181
-0.542505
-0.514649
-0.486758
-0.447313
-0.405737
-0.375769
-0.347886
-0.319847
-0.291782
-0.252324
-0.210929
-0.180988
-0.152939
-0.124755
-0.096548
-0.068215
-0.039861
-0.011390
0.017100
0.045700
0.074317
0.103036
0.131770
0.150868
0.168637
0.196489
0.225685
0.254956
0.284238
0.313590
0.342952
0.372380
0.401816
0.431316
0.460822
0.482190
0.502651
0.531564
0.561384
0.591250
0.621121
0.651036
0.680955
0.710915
0.740879
0.770883
0.800890
0.830934
0.860982
0.891064
0.921150
0.944535
0.967396
0.991036
1.014734
1.044721
1.075151
1.100140
1.124766
1.154991
1.185565
1.221471
1.257690
1.288499
1.319012
1.349542
1.380074
1.405508
1.430701
1.461125
1.491776
1.517913
1.543871
1.574455
1.605204
1.635963
1.666722
1.693573
1.720314
1.747629
1.774958
1.772544
1.769500
1.766912
1.764332
1.762212
1.760099
1.758449
1.756804
1.724788
1.692560
1.692560
1.606692
1.568656
1.530983
1.493739
1.455782
1.418262
1.381596
1.342679
1.314328
1.313501
1.341359
1.363922
1.325883
1.287843
1.249837
1.212081
1.196416
1.197284
1.198703
1.218875
1.258832
1.263446
1.249736
1.211801
1.173868
1.135108
1.094552
1.055997
1.018654
0.983400
0.946315
0.908891
0.874392
0.840340
0.806347
0.768568
0.730794
0.693024
0.660093
0.627657
0.595702
0.553624
0.512239
0.474603
0.436979
0.399362
0.361757
0.328645
0.296247
0.258798
0.221363
0.183940
0.146539
0.109153
0.071778
0.034432
0.000713
-0.028746
-0.065225
-0.102324
-0.139396
-0.176431
-0.213446
-0.250426
-0.287369
-0.324288
-0.361164
-0.398002
-0.433590
-0.459961
-0.492109
-0.528146
-0.552608
-0.588643
-0.636758
-0.673539
-0.704441
-0.727609
-0.761434
-0.796934
-0.832331
-0.855929
-0.879465
-0.914073
-0.936796
-0.953842
-0.968949
-0.982628
-0.995222
-1.005521
-1.014518
-1.022305
-1.051480
-1.070058
-1.074080
-1.122357
-1.157899
-1.159314
-1.158452
-1.149918
-1.121336
-1.109365
-1.108873
-1.131695
-1.153936
-1.175754
-1.196685
-1.198994
-1.186118
-1.204279
-1.221908
-1.238917
-1.222616
-1.215928
-1.229926
-1.242839
-1.255142
-1.266486
-1.276780
-1.286425
-1.294920
-1.302430
-1.309256
-1.314744
-1.319338
-1.323224
-1.325596
-1.308476
-1.271229
-1.268615
-1.267238
-1.264960
-1.261381
-1.269165
-1.301434
-1.303142
-1.287090
-1.241647
-1.221047
-1.216687
-1.241918
-1.222457
-1.176294
-1.162783
-1.148638
-1.133910
-1.118041
-1.101660
-1.084651
-1.066692
-1.048266
-1.029183
-1.009325
-0.989042
-0.968091
-0.946518
-0.919096
-0.865968
-0.832126
-0.809236
-0.785686
-0.777619
-0.781939
-0.756494
-0.730766
-0.704714
-0.678135
-0.651307
-0.624145
-0.596560
-0.568751
-0.540605
-0.493250
-0.445388
-0.419729
-0.392471
-0.364360
-0.335878
-0.307165
-0.278270
-0.249012
-0.246007
-0.269824
-0.264091
-0.247219
-0.216418
-0.185357
-0.154165
-0.122782
-0.107283
-0.086375
-0.033861
0.004491
0.036668
0.069036
0.101536
0.135430
0.187619
0.222916
0.242873
0.274961
0.307369
0.339889
0.372582
0.405360
0.438255
0.471292
0.504406
0.537642
0.558086
0.576983
0.610803
0.644710
0.678680
0.712768
0.746925
0.781139
0.815471
0.849857
0.884304
0.933687
0.984331
1.035060
1.085896
1.116748
1.100203
1.110135
1.121536
1.106168
1.067685
1.026614
1.047304
1.047848
1.035430
1.057823
1.062790
1.050146
1.038005
1.026107
1.014525
1.003414
0.992554
0.982065
1.000853
1.019045
1.009820
0.975103
0.940943
0.969940
1.003986
1.040723
1.070698
1.104583
1.141980
1.179396
1.216821
1.254256
1.218562
1.188107
1.182130
1.176607
1.161142
1.118524
1.103731
1.099476
1.095691
1.092277
1.092884
1.128225
1.121658
1.082160
1.080698
1.079511
1.078633
1.113591
1.151560
1.189883
1.227964
1.254860
1.255699
1.285717
1.317102
1.319029
1.294177
1.256529
1.221106
1.208247
1.213002
1.254511
1.277351
1.281521
1.286216
1.273352
1.235646
1.197949
1.160257
1.122572
1.084895
1.047224
1.009561
0.975942
0.943160
0.905614
0.868077
0.830549
0.793035
0.759119
0.728399
0.735288
0.759441
0.804588
0.816700
0.808889
0.771895
0.734929
0.697979
0.661057
0.624162
0.587286
0.550443
0.513628
0.476832
0.440077
0.403349
0.366643
0.329986
0.293355
0.256751
0.230435
0.205348
0.180988
0.218116
0.262749
0.298646
0.334604
0.370597
0.406648
0.402584
0.383905
0.397104
0.431473
0.476817
0.441451
0.406133
0.370864
0.335693
0.300572
0.265514
0.230556
0.195652
0.160828
0.126106
0.091443
0.056882
0.011157
-0.034116
-0.052365
-0.080408
-0.114502
-0.148439
-0.182280
-0.216035
-0.249601
-0.283073
-0.316432
-0.349594
-0.382652
-0.415560
-0.448266
-0.480854
-0.513250
-0.545438
-0.577493
-0.609302
-0.654635
-0.707334
-0.759952
-0.800895
-0.832715
-0.864180
-0.895460
-0.926536
-0.957218
-0.984653
-1.007063
-1.055392
-1.108356
-1.161261
-1.214091
-1.262206
-1.293617
-1.324681
-1.355503
-1.385833
-1.415792
-1.445459
-1.474461
-1.503071
-1.531296
-1.558690
-1.585648
-1.612048
-1.637509
-1.662441
-1.686581
-1.709674
-1.732128
-1.753480
-1.750183
-1.741602
-1.758607
-1.774443
-1.786597
-1.763486
-1.758239
-1.768533
-1.739551
-1.725898
-1.731430
-1.734977
-1.737510
-1.738628
-1.737911
-1.736174
-1.732832
-1.727880
-1.721936
-1.714269
-1.705261
-1.695319
-1.683614
-1.670851
-1.657232
-1.641883
-1.625740
-1.608733
-1.590280
-1.571165
-1.551180
-1.530069
-1.508384
-1.485854
-1.462466
-1.438586
-1.413904
-1.407125
-1.401240
-1.347444
-1.309386
-1.282067
-1.254060
-1.225716
-1.197045
-1.167788
-1.138273
-1.108436
-1.097653
-1.074378
-1.021388
-0.985661
-0.954310
-0.922660
-0.890751
-0.858679
-0.826324
-0.781530
-0.731766
-0.711310
-0.684660
-0.652681
-0.620397
-0.579037
-0.526672
-0.492461
-0.459968
-0.427307
-0.394442
-0.361469
-0.328327
-0.295025
-0.261627
-0.228063
-0.194374
-0.160598
-0.126662
-0.092628
-0.058518
-0.024251
0.010089
0.044508
0.079060
0.113674
0.148370
0.183175
0.218036
0.252980
0.288011
0.323094
0.358260
0.393496
0.428779
0.464146
0.499567
0.535031
0.570578
0.599570
0.622282
0.657777
0.699044
0.747541
0.784887
0.820769
0.856697
0.854339
0.836122
0.800003
0.763930
0.727886
0.691897
0.655952
0.620039
0.584194
0.541503
0.492984
0.516847
0.546447
0.582700
0.575764
0.578411
0.604592
0.647865
0.684497
0.695248
0.725015
0.752141
0.741564
0.755489
0.784526
0.831038
0.877726
0.924008
0.950697
0.982286
1.019100
1.055949
1.089247
1.117179
1.152913
1.189973
1.227053
1.264153
1.290998
1.282952
1.275271
1.273141
1.303617
1.334535
1.365791
1.397720
1.393928
1.356277
1.313528
1.286960
1.282242
1.311500
1.332427
1.328860
1.325728
1.332594
1.368095
1.405365
1.443343
1.481323
1.518159
1.551114
1.549812
1.549812
1.802493
1.767508
1.731816
1.689906
1.648068
1.606510
1.575843
1.569883
1.578559
1.608479
1.605132
1.569807
1.534490
1.499176
1.463872
1.428571
1.393280
1.357992
1.322717
1.287443
1.252183
1.216272
1.175672
1.136251
1.100927
1.064008
1.023788
1.014113
1.045323
1.076949
1.108943
1.118925
1.116067
1.139815
1.173228
1.207219
1.241323
1.276894
1.311118
1.310211
1.304385
1.268701
1.233017
1.197333
1.161539
1.125536
1.105783
1.106101
1.087177
1.052466
1.018209
0.984194
0.950731
0.917449
0.882196
0.846610
0.814030
0.781403
0.745887
0.710373
0.674864
0.639357
0.603856
0.569872
0.538526
0.505289
0.469893
0.434504
0.399121
0.367247
0.337093
0.303011
0.267775
0.238046
0.209105
0.174201
0.139160
0.104147
0.070515
0.043135
0.013670
-0.021082
-0.055816
-0.090520
-0.125198
-0.159850
-0.188963
-0.214210
-0.245696
-0.279974
-0.314189
-0.348387
-0.372552
-0.395537
-0.416825
-0.439284
-0.472495
-0.502841
-0.521773
-0.544803
-0.577273
-0.603204
-0.619510
-0.634736
-0.648910
-0.673178
-0.703938
-0.720713
-0.731789
-0.757834
-0.787333
-0.796873
-0.804879
-0.832873
-0.858021
-0.861992
-0.870867
-0.897090
-0.914859
-0.914859
-0.913704
-0.910980
-0.921643
-0.944353
-0.948433
-0.941492
-0.954427
-0.974702
-0.994163
-1.013460
-1.031780
-1.049992
-1.067131
-1.084107
-1.100065
-1.115723
-1.130430
-1.144686
-1.158073
-1.170845
-1.182846
-1.175284
-1.151459
-1.148681
-1.157335
-1.164862
-1.172012
-1.177847
-1.183452
-1.187554
-1.191493
-1.193920
-1.196092
-1.196903
-1.197292
-1.196481
-1.195086
-1.192659
-1.173081
-1.133676
-1.113528
-1.108160
-1.101802
-1.094951
-1.086985
-1.078687
-1.069163
-1.059459
-1.048432
-1.037271
-1.024902
-1.012310
-0.998687
-0.984730
-0.969911
-0.954657
-0.938699
-0.922217
-0.905178
-0.887538
-0.869475
-0.830065
-0.780952
-0.755328
-0.735967
-0.715843
-0.695626
-0.674606
-0.653508
-0.631721
-0.609793
-0.587289
-0.564584
-0.541406
-0.528429
-0.530669
-0.519222
-0.494266
-0.468978
-0.443473
-0.417605
-0.391586
-0.345813
-0.295383
-0.266801
-0.240343
-0.213455
-0.186520
-0.159221
-0.131839
-0.104156
-0.076356
-0.048310
-0.020120
0.008268
0.036824
0.065533
0.094431
0.123443
0.138200
0.147603
0.174040
0.203992
0.234169
0.264988
0.314182
0.360825
0.391111
0.421448
0.451948
0.476504
0.489460
0.510465
0.541680
0.572989
0.604377
0.625393
0.640695
0.668460
0.700453
0.732563
0.764693
0.782834
0.798581
0.784314
0.775260
0.794720
0.814479
0.835104
0.856133
0.877884
0.900136
0.922974
0.927129
0.916751
0.929668
0.954348
0.953238
0.944271
0.966061
0.992512
0.985952
0.978430
0.971494
0.964670
0.958374
0.952255
0.946604
0.954586
0.984973
1.017768
1.053166
1.044861
1.005197
0.990198
0.986581
0.955498
0.916944
0.942192
0.975473
1.009481
1.043648
1.079314
1.114799
1.149527
1.173881
1.173568
1.173504
1.173817
1.156610
1.121881
1.086589
1.050922
1.016418
0.982403
0.947084
0.911451
0.877995
0.845119
0.848195
0.846605
0.807945
0.769945
0.734367
0.699821
0.667511
0.633868
0.598367
0.562870
0.527377
0.494523
0.463275
0.432726
0.402445
0.402010
0.407877
0.414446
0.422124
0.464353
0.505616
0.540508
0.575407
0.610331
0.645265
0.680219
0.715185
0.750168
0.785165
0.820175
0.855201
0.890236
0.925289
0.960348
0.995426
1.030508
1.071950
1.113411
1.148419
1.184499
1.226589
1.251145
1.224009
1.194168
1.159419
1.124686
1.089970
1.055274
1.020594
0.985939
0.951296
0.916682
0.882079
0.847510
0.812948
0.778428
0.743912
0.709440
0.674976
0.640552
0.606143
0.571772
0.537421
0.503105
0.468817
0.434560
0.400338
0.366143
0.331994
0.297865
0.263793
0.229735
0.195745
0.161764
0.117113
0.073273
0.039200
0.005143
-0.028848
-0.062814
-0.096718
-0.130584
-0.164394
-0.198153
-0.231862
-0.265504
-0.299103
-0.332618
-0.366098
-0.399474
-0.432825
-0.466049
-0.499259
-0.532317
-0.565358
-0.598250
-0.631103
-0.663813
-0.696461
-0.728972
-0.761392
-0.793683
-0.825850
-0.857900
-0.889786
-0.921570
-0.953142
-0.984631
-1.015852
-1.047014
-1.077840
-1.108628
-1.139022
-1.169357
-1.199296
-1.229119
-1.258551
-1.287792
-1.316653
-1.345234
-1.373451
-1.401278
-1.428769
-1.455737
-1.482407
-1.508389
-1.534130
-1.558984
-1.583672
-1.580928
-1.577731
-1.598781
-1.619606
-1.639130
-1.658230
-1.676057
-1.693225
-1.709178
-1.724199
-1.738097
-1.750756
-1.762423
-1.772515
-1.781787
-1.789132
-1.795867
-1.800321
-1.804409
-1.805878
-1.807068
-1.805697
-1.803871
-1.799783
-1.794981
-1.788246
-1.780567
-1.771295
-1.760888
-1.749220
-1.736269
-1.722370
-1.707079
-1.691126
-1.673712
-1.655884
-1.636561
-1.617037
-1.596012
-1.574844
-1.552425
-1.529777
-1.506135
-1.482178
-1.457447
-1.432335
-1.406631
-1.380500
-1.353931
-1.326902
-1.299560
-1.271738
-1.243708
-1.215184
-1.186538
-1.157394
-1.128194
-1.098500
-1.068760
-1.038622
-1.008401
-0.977862
-0.947211
-0.916310
-0.885275
-0.854046
-0.822666
-0.791141
-0.759450
-0.727655
-0.684239
-0.636239
-0.601505
-0.569701
-0.537686
-0.505986
-0.488389
-0.467106
-0.420026
-0.380201
-0.365081
-0.344336
-0.312114
-0.279813
-0.247409
-0.214915
-0.182343
-0.149671
-0.116941
-0.084105
-0.051230
-0.018242
0.014768
0.047897
0.081039
0.114293
0.147563
0.180928
0.214318
0.247785
0.281286
0.314850
0.348455
0.382110
0.415811
0.449551
0.483343
0.517162
0.551039
0.584934
0.618890
0.652855
0.686885
0.720922
0.755018
0.789123
0.823279
0.857450
0.891662
0.925893
0.960159
0.994448
1.028764
1.063108
1.097472
1.138395
1.182485
1.218970
1.253262
1.287596
1.321935
1.356317
1.390703
1.425128
1.457916
1.483455
1.511598
1.546239
1.580892
1.615565
1.650253
1.684957
1.673752
1.630921
1.636800
1.664149
1.697560
1.732524
1.732524
1.832818
1.796637
1.760462
1.724294
1.688137
1.651987
1.615845
1.579715
1.541992
1.499855
1.510095
1.534732
1.529803
1.547940
1.577149
1.573300
1.550337
1.510481
1.507015
1.504372
1.502021
1.467545
1.429268
1.391310
1.382932
1.373121
1.336204
1.351149
1.376755
1.340932
1.304618
1.268074
1.232852
1.197947
1.163341
1.126829
1.090256
1.053683
1.019470
0.985824
0.952646
0.948432
0.942033
0.901624
0.863928
0.827473
0.791023
0.757082
0.724676
0.688317
0.651963
0.615614
0.579277
0.542944
0.506618
0.474877
0.442274
0.406078
0.369897
0.333723
0.297565
0.261420
0.225284
0.189168
0.156985
0.127498
0.091578
0.055674
0.019787
-0.016067
-0.051905
-0.087719
-0.123500
-0.159262
-0.194993
-0.224042
-0.252571
-0.287980
-0.329464
-0.372145
-0.398069
-0.429190
-0.464238
-0.488243
-0.511462
-0.533782
-0.567068
-0.601260
-0.635363
-0.657358
-0.680675
-0.714017
-0.735210
-0.754850
-0.787252
-0.807746
-0.821269
-0.832642
-0.854311
-0.884602
-0.914468
-0.933925
-0.940684
-0.945020
-0.957245
-0.984171
-0.989296
-0.988562
-0.985765
-0.980985
-0.980032
-1.001793
-1.003868
-0.996160
-1.015324
-1.033927
-1.052029
-1.036720
-1.034308
-1.049525
-1.063651
-1.077201
-1.089902
-1.101539
-1.121287
-1.166661
-1.186503
-1.195153
-1.202496
-1.208877
-1.214538
-1.218675
-1.221969
-1.224462
-1.225352
-1.210176
-1.172733
-1.165837
-1.151149
-1.110838
-1.130131
-1.165149
-1.195719
-1.209325
-1.214859
-1.218996
-1.243755
-1.282747
-1.319351
-1.354522
-1.388238
-1.351044
-1.323992
-1.317677
-1.309885
-1.301327
-1.291612
-1.254267
-1.215487
-1.203164
-1.189890
-1.175980
-1.160878
-1.145039
-1.128621
-1.111021
-1.092874
-1.074132
-1.082623
-1.080733
-1.059226
-1.036930
-1.014229
-0.990910
-0.966987
-0.942707
-0.917825
-0.875399
-0.823588
-0.771776
-0.733917
-0.707147
-0.682123
-0.668705
-0.668705
-0.644177
-0.608165
-0.556385
-0.524826
-0.511750
-0.535730
-0.538308
-0.524540
-0.473098
-0.468522
-0.488126
-0.479777
-0.448326
-0.397319
-0.367024
-0.336703
-0.306211
-0.275460
-0.244585
-0.213535
-0.166802
-0.116295
-0.065723
-0.042684
-0.030454
-0.016891
0.019153
0.066733
0.085045
0.110376
0.142045
0.173908
0.198385
0.213134
0.229128
0.250975
0.283977
0.317090
0.350264
0.383538
0.416899
0.450315
0.483833
0.517418
0.551054
0.584790
0.618578
0.652416
0.686347
0.726043
0.773845
0.809565
0.847951
0.895809
0.891757
0.869358
0.835922
0.813194
0.793439
0.760471
0.718109
0.669785
0.636809
0.603898
0.571053
0.585058
0.608075
0.640649
0.673341
0.706092
0.738935
0.771873
0.804866
0.837953
0.871115
0.904329
0.937639
0.962620
0.981707
1.015437
1.042643
1.062701
1.051769
1.038713
1.025975
1.013677
1.011712
1.034888
1.032711
1.021853
1.011432
1.024330
1.050859
1.086288
1.097047
1.088027
1.079552
1.087867
1.115803
1.144481
1.160252
1.153672
1.177246
1.187776
1.146111
1.131158
1.132903
1.164997
1.199837
1.229701
1.189565
1.169366
1.166229
1.163654
1.161337
1.159336
1.157847
1.156618
1.155759
1.155361
1.155222
1.155508
1.182225
1.219799
1.257817
1.294966
1.329157
1.331069
1.314160
1.280072
1.246606
1.244699
1.284785
1.293163
1.285316
1.253691
1.222626
1.191889
1.161713
1.123179
1.081859
1.045686
1.009524
0.973712
0.943993
0.911083
0.875067
0.839072
0.803087
0.767115
0.731164
0.697659
0.669370
0.641808
0.630641
0.675140
0.695902
0.699522
0.664235
0.628978
0.593743
0.558558
0.518392
0.473055
0.437224
0.401982
0.366773
0.331612
0.299816
0.275742
0.252578
0.237128
0.249744
0.262801
0.272272
0.252503
0.224882
0.191302
0.157846
0.131923
0.114342
0.082589
0.049793
0.017099
-0.015451
-0.047918
-0.080253
-0.112443
-0.144540
-0.176468
-0.208252
-0.239933
-0.271398
-0.302722
-0.333931
-0.364868
-0.395671
-0.426317
-0.437395
-0.461877
-0.513027
-0.546586
-0.576118
-0.605368
-0.650631
-0.698037
-0.726995
-0.770132
-0.819696
-0.848311
-0.876649
-0.904746
-0.932289
-0.959555
-0.986481
-1.012814
-1.038827
-1.064370
-1.089286
-1.113830
-1.137740
-1.160996
-1.183822
-1.205806
-1.227125
-1.247946
-1.267673
-1.286741
-1.305203
-1.322341
-1.338821
-1.354465
-1.368744
-1.382287
-1.394731
-1.405809
-1.416080
-1.424965
-1.432541
-1.439251
-1.444290
-1.468085
-1.504668
-1.544467
-1.564784
-1.565928
-1.564882
-1.562804
-1.559386
-1.554036
-1.547694
-1.539866
-1.530430
-1.520069
-1.508161
-1.494982
-1.489141
-1.537103
-1.564498
-1.578267
-1.624119
-1.658896
-1.682051
-1.669987
-1.654884
-1.638502
-1.620491
-1.601662
-1.581614
-1.560385
-1.538479
-1.515459
-1.491611
-1.467209
-1.441813
-1.415853
-1.389444
-1.362161
-1.334505
-1.306430
-1.277700
-1.248678
-1.219262
-1.189376
-1.159250
-1.128759
-1.097932
-1.066907
-1.035549
-1.003951
-0.972189
-0.940122
-0.907889
-0.875517
-0.842869
-0.802637
-0.753349
-0.703861
-0.677312
-0.691240
-0.719384
-0.750667
-0.781708
-0.775806
-0.750260
-0.699308
-0.661303
-0.632523
-0.621282
-0.589147
-0.538742
-0.518623
-0.494034
-0.463225
-0.432152
-0.400952
-0.369573
-0.323094
-0.277556
-0.246091
-0.214457
-0.179849
-0.129787
-0.098841
-0.080426
-0.067451
-0.044645
-0.012671
0.019495
0.051746
0.084104
0.116616
0.149203
0.181902
0.214723
0.247613
0.280615
0.313713
0.346874
0.380148
0.413496
0.446901
0.480418
0.506901
0.526387
0.572973
0.620932
0.669005
0.692660
0.716852
0.750878
0.784971
0.816289
0.837686
0.813158
0.775100
0.798021
0.827855
0.862717
0.897635
0.927443
0.951831
0.986356
1.021565
1.056802
1.092076
1.127369
1.162691
1.198044
1.233414
1.268814
1.298316
1.325745
1.361346
1.396963
1.432594
1.468253
1.503925
1.539611
1.575322
1.581212
1.537467
1.523718
1.526463
1.555448
1.584948
1.617021
1.659432
1.697780
1.733854
1.769941
1.769941
