1.426429
1.389934
1.353360
1.317129
1.295407
1.314041
1.330562
1.307445
1.301277
1.303611
1.336504
1.300631
1.276880
1.280339
1.267638
1.235588
1.200907
1.164715
1.132586
1.096732
1.060603
1.024480
0.988365
0.952258
0.919023
0.885048
0.849019
0.812999
0.777038
0.746522
0.710597
0.674685
0.638786
0.606260
0.573226
0.537441
0.501674
0.472535
0.430192
0.394479
0.358786
0.323113
0.291179
0.259132
0.223619
0.188132
0.152672
0.117240
0.081839
0.046468
0.011129
-0.024177
-0.059449
-0.094685
-0.122695
-0.155974
-0.190954
-0.225884
-0.258431
-0.285496
-0.315284
-0.343782
-0.378092
-0.412329
-0.446489
-0.480569
-0.503405
-0.545931
-0.556212
-0.541463
-0.549059
-0.572920
-0.589044
-0.603909
-0.617487
-0.646971
-0.649377
-0.618987
-0.642373
-0.651558
-0.643747
-0.668262
-0.686799
-0.711559
-0.718006
-0.721229
-0.722969
-0.731494
-0.746006
-0.757820
-0.782142
-0.806031
-0.806801
-0.826523
-0.848603
-0.864529
-0.872640
-0.899935
-0.903663
-0.940683
-0.969503
-0.987524
-1.004876
-1.021497
-1.037375
-1.052512
-1.054936
-1.065068
-1.093237
-1.082834
-1.084716
-1.094695
-1.102657
-1.084283
-1.119116
-1.113765
-1.098106
-1.121156
-1.116276
-1.134069
-1.142577
-1.143049
-1.113237
-1.141066
-1.138588
-1.121030
-1.115663
-1.125387
-1.119095
-1.111877
-1.134729
-1.097073
-1.116226
-1.096074
-1.062162
-1.034108
-1.005784
-0.991995
-0.977461
-0.989972
-0.975592
-0.958568
-0.948198
-0.960955
-0.959169
-0.965521
-0.982399
-0.990020
-0.972885
-1.017692
-1.066524
-1.094857
-1.115534
-1.128318
-1.154986
-1.181186
-1.206891
-1.210899
-1.231940
-1.255448
-1.278309
-1.292453
-1.276349
-1.246160
-1.215646
-1.184829
-1.153730
-1.122367
-1.090748
-1.058891
-1.026820
-0.994551
-0.962094
-0.929461
-0.896663
-0.863710
-0.830611
-0.797371
-0.763994
-0.730494
-0.696880
-0.663157
-0.629331
-0.595408
-0.561392
-0.527289
-0.493103
-0.459843
-0.435263
-0.400667
-0.366010
-0.331293
-0.296519
-0.261691
-0.226812
-0.191884
-0.156906
-0.121881
-0.086814
-0.051706
-0.016559
0.018627
0.048001
0.080898
0.079707
0.104744
0.141343
0.177169
0.194073
0.229564
0.265081
0.305688
0.337845
0.371775
0.407385
0.443018
0.478671
0.514344
0.550035
0.585745
0.621473
0.652467
0.686674
0.716839
0.752539
0.788479
0.824431
0.862597
0.904899
0.943736
0.979613
1.020443
1.057367
1.093007
1.124076
1.163521
1.195124
1.231081
1.267048
1.303024
1.339010
1.375005
1.410992
1.441926
1.476956
1.509328
1.529390
1.524605
1.498933
1.483260
1.507705
1.508701
1.502998
1.469902
1.467404
1.478409
1.513777
1.508808
1.494689
1.493559
1.461878
1.492302
1.492193
1.483852
1.472132
1.493850
1.514228
1.505784
1.469335
1.434262
1.466350
1.502769
1.539190
1.576276
1.600483
1.583690
1.548987
1.515676
1.539903
1.576609
1.612919
1.636502
1.600191
1.563882
1.527577
1.491274
1.454975
1.418680
1.382387
1.346099
1.309814
1.273533
1.237256
1.200983
1.164714
1.128449
1.095240
1.056260
1.019681
0.983434
0.948128
0.914938
0.878750
0.842568
0.809354
0.774709
0.738597
0.702494
0.666399
0.630314
0.595829
0.563323
0.527328
0.494920
0.461071
0.430385
0.432582
0.440175
0.448214
0.447824
0.445920
0.486317
0.521613
0.556936
0.592286
0.568771
0.533687
0.506644
0.473674
0.445385
0.414779
0.385049
0.350240
0.315474
0.280752
0.246074
0.211448
0.176870
0.142344
0.107870
0.073452
0.039091
0.004789
-0.029451
-0.063627
-0.097731
-0.131763
-0.165721
-0.199602
-0.233403
-0.267121
-0.300750
-0.334288
-0.367731
-0.401069
-0.434296
-0.467412
-0.500412
-0.533289
-0.566037
-0.598651
-0.584738
-0.552071
-0.519342
-0.508456
-0.553716
-0.586969
-0.620103
-0.653111
-0.695245
-0.733150
-0.766012
-0.798728
-0.831277
-0.863658
-0.895864
-0.927883
-0.959705
-0.991317
-1.022706
-1.053858
-1.084757
-1.115375
-1.145689
-1.175693
-1.205365
-1.234682
-1.263620
-1.292151
-1.320246
-1.347875
-1.374995
-1.401533
-1.427488
-1.452815
-1.477469
-1.501401
-1.524559
-1.546885
-1.568322
-1.588807
-1.608197
-1.626476
-1.643591
-1.659471
-1.674047
-1.687247
-1.699007
-1.709260
-1.717950
-1.724946
-1.730206
-1.733765
-1.735599
-1.735697
-1.734058
-1.730693
-1.725625
-1.718885
-1.710487
-1.700405
-1.688810
-1.675768
-1.661344
-1.645608
-1.628629
-1.610480
-1.591228
-1.570943
-1.549616
-1.527385
-1.504318
-1.480470
-1.455895
-1.430641
-1.404757
-1.378284
-1.351262
-1.323706
-1.295661
-1.267177
-1.238283
-1.209007
-1.179374
-1.149407
-1.119128
-1.088555
-1.057702
-1.026578
-0.995215
-0.963627
-0.931828
-0.899830
-0.867645
-0.835284
-0.802756
-0.770071
-0.737225
-0.704240
-0.671123
-0.637882
-0.604521
-0.571049
-0.537470
-0.503789
-0.470012
-0.423782
-0.390018
-0.356166
-0.322230
-0.282212
-0.271993
-0.257211
-0.223471
-0.189648
-0.155743
-0.121758
-0.087701
-0.053574
-0.019381
0.014875
0.049193
0.083570
0.118004
0.152492
0.187037
0.221632
0.256275
0.290965
0.325699
0.360477
0.395296
0.430156
0.465054
0.499992
0.534967
0.569976
0.605020
0.640095
0.675202
0.710340
0.745507
0.780702
0.815926
0.851179
0.886456
0.921759
0.957087
0.992437
1.000175
1.017337
1.015620
0.982295
0.946702
0.911127
0.875571
0.840035
0.804520
0.769025
0.727724
0.712160
0.736107
0.765223
0.787035
0.764252
0.796130
0.832084
0.823903
0.806042
0.828146
0.863523
0.897548
0.898200
0.931087
0.967327
1.005450
1.007281
1.018647
1.054814
1.090989
1.057619
1.090145
1.126406
1.150132
1.161369
1.159149
1.122818
1.086491
1.050167
1.013845
0.977528
0.941214
0.904903
0.868596
0.830647
0.832837
0.868189
0.904558
0.940930
0.977304
1.013681
1.050059
1.086440
1.122823
1.159207
1.195594
1.231982
1.266371
1.302621
1.334160
1.340345
1.363476
1.362204
1.380054
1.416227
1.426518
1.426305
1.595022
1.560692
1.526363
1.492034
1.457705
1.422668
1.448590
1.453141
1.482045
1.460776
1.454362
1.455373
1.456685
1.433493
1.425146
1.427382
1.429921
1.411175
1.378135
1.343941
1.311651
1.279039
1.244885
1.212612
1.180503
1.146396
1.114100
1.082572
1.048522
1.014478
0.980440
0.947899
0.917340
0.883371
0.849411
0.815458
0.781513
0.747577
0.713650
0.680432
0.651604
0.617769
0.583945
0.550133
0.516333
0.482545
0.448771
0.415010
0.381263
0.353667
0.320736
0.287120
0.253522
0.219943
0.186383
0.152844
0.125198
0.093860
0.060494
0.027156
-0.006155
-0.039438
-0.072690
-0.100530
-0.124231
-0.152796
-0.185629
-0.218416
-0.251156
-0.278859
-0.300186
-0.294374
-0.262462
-0.266146
-0.298005
-0.325503
-0.343443
-0.364447
-0.391779
-0.407425
-0.422027
-0.430258
-0.413183
-0.399545
-0.407492
-0.391353
-0.401963
-0.430158
-0.458516
-0.506421
-0.534408
-0.562077
-0.589522
-0.596992
-0.621589
-0.647976
-0.674089
-0.680711
-0.662253
-0.657801
-0.676386
-0.700238
-0.705443
-0.686891
-0.660914
-0.634659
-0.638353
-0.663039
-0.702270
-0.738426
-0.776584
-0.797640
-0.805233
-0.825970
-0.846238
-0.866021
-0.889005
-0.924575
-0.962345
-0.971777
-0.969715
-0.995532
-1.026896
-1.027348
-1.067138
-1.082361
-1.091666
-1.078272
-1.091010
-1.102991
-1.111805
-1.092597
-1.135080
-1.176891
-1.151494
-1.124796
-1.129348
-1.134455
-1.138681
-1.142017
-1.144455
-1.145992
-1.146624
-1.146349
-1.145168
-1.143084
-1.164917
-1.171070
-1.166180
-1.182554
-1.188065
-1.180314
-1.171686
-1.162198
-1.151869
-1.157413
-1.145690
-1.116038
-1.102553
-1.075098
-1.054235
-1.057781
-1.041495
-1.024567
-1.007019
-0.997131
-1.006706
-1.019768
-1.047325
-1.074576
-1.101502
-1.124676
-1.131108
-1.156472
-1.181414
-1.205906
-1.229019
-1.227342
-1.249813
-1.271702
-1.292984
-1.313625
-1.359405
-1.356369
-1.329986
-1.300822
-1.271379
-1.241676
-1.211733
-1.181567
-1.151193
-1.120625
-1.089877
-1.058961
-1.027887
-0.996665
-0.965306
-0.933817
-0.902207
-0.870482
-0.838650
-0.806717
-0.780117
-0.754564
-0.717437
-0.678081
-0.645721
-0.613289
-0.580788
-0.548222
-0.515595
-0.482910
-0.450168
-0.417374
-0.384530
-0.351637
-0.318699
-0.285717
-0.252694
-0.219630
-0.186529
-0.153390
-0.120217
-0.087010
-0.053771
-0.020501
0.012798
0.046125
0.079480
0.112861
0.146267
0.179696
0.213150
0.246625
0.280122
0.313640
0.347177
0.380734
0.414310
0.447903
0.481514
0.515142
0.548786
0.582445
0.616120
0.649809
0.683512
0.717229
0.750960
0.784703
0.818459
0.852226
0.886006
0.919797
0.953599
0.987411
1.022669
1.059948
1.088910
1.123750
1.163505
1.202692
1.232503
1.229040
1.257481
1.291377
1.325244
1.353922
1.383004
1.412478
1.446258
1.445330
1.441420
1.437809
1.405574
1.396479
1.393747
1.391320
1.363360
1.327233
1.315665
1.314442
1.313531
1.312933
1.333778
1.368054
1.402484
1.436895
1.471236
1.505499
1.539761
1.558583
1.543873
1.509533
1.475372
1.466445
1.490023
1.491192
1.502693
1.520268
1.504934
1.526246
1.508367
1.545521
1.571844
1.537663
1.503485
1.469310
1.435137
1.401110
1.370586
1.340441
1.344496
1.311603
1.277560
1.247903
1.218985
1.181145
1.142258
1.107430
1.073423
1.039422
1.005427
0.971440
0.937460
0.903487
0.869521
0.835564
0.801614
0.770957
0.739364
0.705500
0.671648
0.637806
0.603975
0.570156
0.536349
0.502554
0.471312
0.444205
0.429304
0.447617
0.466296
0.435170
0.407929
0.376709
0.366245
0.406803
0.436010
0.439483
0.406531
0.374566
0.351872
0.331393
0.342457
0.353820
0.321534
0.289297
0.257113
0.213783
0.191545
0.160890
0.128933
0.097038
0.065207
0.033443
0.001749
-0.029873
-0.061419
-0.092888
-0.124275
-0.155577
-0.177479
-0.202734
-0.242431
-0.279866
-0.310687
-0.341400
-0.372000
-0.402480
-0.432836
-0.463062
-0.493153
-0.523101
-0.552900
-0.582542
-0.612021
-0.641328
-0.670455
-0.699393
-0.728131
-0.756661
-0.784971
-0.813050
-0.840886
-0.867749
-0.890306
-0.937090
-0.964888
-0.992406
-1.019625
-1.046528
-1.073098
-1.099317
-1.125164
-1.150616
-1.175649
-1.200239
-1.224359
-1.247980
-1.271072
-1.293604
-1.315541
-1.336850
-1.357492
-1.377430
-1.396623
-1.415030
-1.432608
-1.449313
-1.465101
-1.479927
-1.493746
-1.506514
-1.518187
-1.528725
-1.538086
-1.546236
-1.553140
-1.558771
-1.563102
-1.566116
-1.567798
-1.568141
-1.567144
-1.564810
-1.561151
-1.556182
-1.549925
-1.542406
-1.533658
-1.523714
-1.512612
-1.500394
-1.487098
-1.472752
-1.457423
-1.441155
-1.423994
-1.405983
-1.387165
-1.367584
-1.347279
-1.326290
-1.304654
-1.282408
-1.259586
-1.236220
-1.212341
-1.187979
-1.163160
-1.137911
-1.112256
-1.086218
-1.059819
-1.033078
-1.006016
-0.978649
-0.950994
-0.923067
-0.894883
-0.866455
-0.837796
-0.808919
-0.779835
-0.750554
-0.721086
-0.691442
-0.661628
-0.631655
-0.601530
-0.571259
-0.540851
-0.510311
-0.479646
-0.448861
-0.417961
-0.386537
-0.340840
-0.309846
-0.278750
-0.233670
-0.201654
-0.170482
-0.139220
-0.107872
-0.076441
-0.044930
-0.013343
0.018318
0.050050
0.081850
0.113715
0.145644
0.177633
0.217576
0.246866
0.281094
0.318462
0.350583
0.382756
0.414979
0.447252
0.474467
0.500440
0.532974
0.565548
0.598161
0.630812
0.663499
0.693280
0.721339
0.761767
0.794589
0.827442
0.860325
0.893237
0.926178
0.959146
0.992142
1.025164
1.056639
1.047506
1.038689
1.063225
1.088547
1.114351
1.085466
1.051965
1.018481
0.985013
0.945210
0.931363
0.924313
0.943260
0.975264
1.009019
1.042786
1.076564
1.110353
1.144153
1.177962
1.211782
1.245611
1.279449
1.316291
1.350336
1.381019
1.412508
1.443225
1.448551
1.434652
1.465514
1.499545
1.522060
1.517734
1.513701
1.517839
1.541488
1.532054
1.500513
1.502697
1.534942
1.565878
1.561571
1.528785
1.528785
1.680347
1.636196
1.628304
1.592873
1.555843
1.518824
1.481817
1.444821
1.402194
1.363690
1.326665
1.289652
1.252651
1.215662
1.178686
1.141723
1.104774
1.067839
1.026947
0.986508
0.949541
0.912589
0.875651
0.838728
0.801821
0.764929
0.728055
0.691197
0.654357
0.617535
0.580733
0.543949
0.507186
0.470444
0.433724
0.397026
0.360351
0.323365
0.279104
0.307849
0.344588
0.381463
0.411597
0.447903
0.484917
0.521945
0.558988
0.596045
0.633115
0.665531
0.700917
0.738093
0.775280
0.812477
0.849683
0.883699
0.918544
0.953193
0.985775
1.020794
1.058202
1.062053
1.035613
1.018096
0.990329
0.987491
0.996008
1.021574
1.028878
1.057256
1.049391
1.011219
0.978380
0.978619
0.976298
0.941618
0.942092
0.906294
0.908449
0.872008
0.834436
0.796865
0.761742
0.724573
0.689749
0.655864
0.622487
0.586094
0.552163
0.516217
0.482488
0.447067
0.409832
0.376170
0.341554
0.304427
0.267314
0.233533
0.200108
0.163128
0.126166
0.092158
0.060177
0.023380
-0.013394
-0.050143
-0.084675
-0.114567
-0.151105
-0.187611
-0.224082
-0.259344
-0.286650
-0.322155
-0.347833
-0.383640
-0.407705
-0.443143
-0.478700
-0.502088
-0.491970
-0.533084
-0.558282
-0.578380
-0.570099
-0.592861
-0.626914
-0.648766
-0.664924
-0.692126
-0.712989
-0.726093
-0.749873
-0.781532
-0.801659
-0.822090
-0.841907
-0.849070
-0.865028
-0.884170
-0.887598
-0.898535
-0.917138
-0.924679
-0.950560
-0.969269
-0.971682
-0.990342
-0.993571
-1.042444
-1.064975
-1.084544
-1.073543
-1.043876
-1.095836
-1.115657
-1.134707
-1.153072
-1.170727
-1.157435
-1.168627
-1.183647
-1.197870
-1.211274
-1.223835
-1.235534
-1.246347
-1.256257
-1.265243
-1.273289
-1.280378
-1.286496
-1.291631
-1.276407
-1.260345
-1.262415
-1.263497
-1.263589
-1.248307
-1.208868
-1.168589
-1.127535
-1.096043
-1.100059
-1.122781
-1.115669
-1.107696
-1.104037
-1.126429
-1.115705
-1.104162
-1.091817
-1.078690
-1.064784
-1.050128
-1.034747
-1.018662
-1.001892
-0.984459
-0.966381
-0.947680
-0.928374
-0.932757
-0.920170
-0.898792
-0.876885
-0.854469
-0.831562
-0.808182
-0.784346
-0.760071
-0.735373
-0.710268
-0.684772
-0.658898
-0.632662
-0.606076
-0.579155
-0.551910
-0.524354
-0.496498
-0.468354
-0.434184
-0.386179
-0.357544
-0.332303
-0.323674
-0.294012
-0.264129
-0.234033
-0.203731
-0.173230
-0.142534
-0.111654
-0.080597
-0.049368
-0.017975
0.031299
0.066209
0.097826
0.114075
0.156091
0.193544
0.225724
0.258033
0.290468
0.334768
0.363873
0.388482
0.421379
0.454381
0.487487
0.481901
0.460102
0.483372
0.517038
0.545020
0.567952
0.602045
0.636214
0.666680
0.689129
0.720840
0.735109
0.725855
0.747167
0.770275
0.802716
0.791218
0.814280
0.802435
0.826199
0.816868
0.839812
0.865991
0.860909
0.882590
0.880327
0.871885
0.892081
0.894030
0.913222
0.943506
0.949770
0.943827
0.938264
0.933083
0.928286
0.923874
0.919849
0.933968
0.968265
0.971451
0.931440
0.905563
0.903881
0.902591
0.901695
0.891465
0.853814
0.816163
0.778513
0.740830
0.703019
0.673129
0.711374
0.749017
0.786660
0.824304
0.861948
0.864209
0.900957
0.938700
0.977898
1.017603
1.057643
1.095693
1.135467
1.117213
1.079685
1.044482
1.008071
0.970586
0.933105
0.897920
0.906900
0.946260
0.983658
1.023236
1.065255
1.091439
1.111880
1.126595
1.121632
1.165121
1.204864
1.237212
1.274340
1.312858
1.355089
1.392186
1.429294
1.466412
1.503539
1.536690
1.508355
1.552087
1.589116
1.626156
1.669716
1.638770
1.601789
1.564821
1.527865
1.490921
1.453990
1.417072
1.380168
1.348804
1.314424
1.277637
1.240865
1.204111
1.167374
1.130655
1.093954
1.057272
1.024785
0.993098
0.956567
0.920060
0.883576
0.847117
0.810683
0.771562
0.728083
0.691624
0.655192
0.618787
0.582410
0.546062
0.509744
0.473458
0.437203
0.400982
0.364796
0.328647
0.292534
0.256460
0.220426
0.184433
0.148484
0.112579
0.076720
0.040910
0.005150
-0.030558
-0.066212
-0.109967
-0.149946
-0.177874
-0.208238
-0.243584
-0.278861
-0.314065
-0.349193
-0.384241
-0.419206
-0.454084
-0.488871
-0.523563
-0.558154
-0.592640
-0.627015
-0.661275
-0.695412
-0.732512
-0.780009
-0.816261
-0.864602
-0.898658
-0.932568
-0.966323
-0.999914
-1.033327
-1.066554
-1.081881
-1.112909
-1.145097
-1.177032
-1.208700
-1.240083
-1.271161
-1.301915
-1.332322
-1.362358
-1.391998
-1.421215
-1.449978
-1.478256
-1.506014
-1.533214
-1.559816
-1.585778
-1.611053
-1.635593
-1.659344
-1.682253
-1.704260
-1.725303
-1.745320
-1.764244
-1.782007
-1.798540
-1.813774
-1.827640
-1.840072
-1.851007
-1.860386
-1.868156
-1.874270
-1.878691
-1.881373
-1.882288
-1.881459
-1.878892
-1.874602
-1.868618
-1.860976
-1.851720
-1.840904
-1.828586
-1.814829
-1.799699
-1.783265
-1.765595
-1.746759
-1.726825
-1.705858
-1.683924
-1.661083
-1.637394
-1.612913
-1.587692
-1.561781
-1.535226
-1.508071
-1.480354
-1.452115
-1.423387
-1.394204
-1.364594
-1.334587
-1.304207
-1.273479
-1.242424
-1.211064
-1.179417
-1.147500
-1.115331
-1.082924
-1.050288
-1.017442
-0.984397
-0.951166
-0.917759
-0.884186
-0.850455
-0.816575
-0.782554
-0.736258
-0.697956
-0.663828
-0.629578
-0.595211
-0.560733
-0.526150
-0.491467
-0.456687
-0.421816
-0.386857
-0.351815
-0.316693
-0.281495
-0.246224
-0.210883
-0.175475
-0.140002
-0.104468
-0.068876
-0.035882
-0.009464
0.026450
0.062409
0.098414
0.135490
0.181744
0.217733
0.253764
0.289836
0.325947
0.362094
0.398278
0.434496
0.479832
0.517519
0.545379
0.579693
0.616068
0.652471
0.688901
0.725358
0.761840
0.798347
0.834878
0.871433
0.908010
0.944609
0.981229
1.017871
1.054532
1.091212
1.127911
1.164629
1.201365
1.240765
1.280947
1.311674
1.348476
1.385294
1.422127
1.458974
1.495836
1.532712
1.569601
1.606503
1.606503
1.561851
1.524158
1.498763
1.496543
1.494664
1.491598
1.456524
1.420960
1.384617
1.374372
1.376467
1.411317
1.446276
1.481381
1.489519
1.485603
1.451253
1.433532
1.434785
1.406478
1.371695
1.338428
1.304261
1.269217
1.234175
1.199620
1.167005
1.134730
1.102736
1.071320
1.048517
1.052667
1.036726
1.006674
1.009660
1.003754
0.969104
0.934463
0.899828
0.859772
0.821338
0.786642
0.751954
0.717272
0.682604
0.647942
0.613290
0.582954
0.554447
0.526762
0.496399
0.462041
0.422409
0.382342
0.355120
0.328327
0.302079
0.269662
0.234467
0.192088
0.153665
0.119503
0.092572
0.065662
0.031768
-0.002099
-0.035939
-0.069731
-0.103502
-0.137225
-0.170912
-0.204570
-0.238165
-0.271735
-0.305250
-0.338716
-0.372150
-0.405503
-0.435340
-0.456790
-0.485557
-0.518407
-0.551135
-0.579243
-0.598192
-0.626095
-0.658169
-0.690073
-0.716013
-0.732029
-0.758911
-0.789958
-0.820776
-0.844014
-0.856589
-0.867506
-0.879914
-0.908754
-0.927729
-0.934916
-0.940203
-0.948224
-0.974527
-0.988407
-0.989647
-1.010485
-1.029875
-1.027334
-1.038194
-1.060666
-1.082444
-1.097338
-1.089394
-1.097150
-1.116467
-1.106855
-1.102575
-1.119336
-1.135441
-1.151138
-1.134658
-1.116220
-1.096187
-1.096712
-1.108007
-1.118093
-1.127740
-1.136572
-1.120520
-1.095026
-1.101012
-1.106490
-1.111173
-1.114881
-1.118129
-1.120150
-1.136681
-1.172461
-1.179913
-1.174726
-1.137627
-1.116382
-1.113023
-1.108583
-1.109314
-1.137777
-1.130448
-1.088735
-1.075466
-1.066706
-1.056978
-1.046601
-1.035694
-1.023766
-1.011453
-0.998309
-0.984543
-0.970344
-0.955199
-0.939716
-0.923541
-0.906785
-0.889688
-0.871734
-0.853490
-0.834682
-0.815343
-0.795730
-0.775379
-0.754770
-0.733709
-0.712169
-0.690399
-0.668029
-0.645417
-0.622446
-0.599050
-0.575460
-0.551386
-0.527088
-0.502508
-0.477551
-0.452432
-0.426924
-0.401210
-0.375277
-0.349010
-0.322607
-0.295893
-0.268990
-0.241917
-0.214549
-0.187068
-0.159336
-0.131434
-0.103399
-0.093592
-0.075027
-0.026144
0.010626
0.039474
0.068554
0.097715
0.127037
0.156500
0.186041
0.215788
0.245603
0.275548
0.305621
0.335214
0.348217
0.367939
0.398706
0.429583
0.459369
0.474475
0.502991
0.550153
0.585207
0.616556
0.648017
0.679532
0.711112
0.742785
0.774496
0.806300
0.838155
0.870063
0.902055
0.934081
0.966183
0.973525
0.959663
0.917440
0.886753
0.906378
0.926558
0.947144
0.968594
0.993313
1.026588
1.059898
1.093228
1.126610
1.156768
1.179823
1.203424
1.227312
1.251999
1.264941
1.256304
1.271937
1.298047
1.324867
1.357525
1.399219
1.404679
1.397400
1.390564
1.398901
1.427132
1.455887
1.476108
1.436153
1.412825
1.408037
1.375082
1.341790
1.337942
1.352290
1.383921
1.355868
1.325387
1.323069
1.340430
1.373697
1.375890
1.383394
1.417732
1.431555
1.431304
1.464514
1.500004
1.535836
1.549750
1.550968
1.518315
1.485149
1.452353
1.419941
1.387728
1.356097
1.324693
1.293680
1.263127
1.232797
1.203096
1.171364
1.136674
1.101993
1.067317
1.032653
1.000657
0.971962
0.998551
1.028921
0.994466
0.963509
0.936234
0.903105
0.870251
0.843940
0.853917
0.896436
0.931545
0.952532
0.927412
0.892191
0.849266
0.822948
0.795839
0.762062
0.734441
0.710797
0.719868
0.717281
0.683947
0.650653
0.617381
0.584174
0.550990
0.517851
0.476787
0.432517
0.399316
0.366142
0.333014
0.299941
0.266895
0.233925
0.206350
0.186188
0.191759
0.198317
0.152426
0.112742
0.080304
0.047958
0.017885
0.000117
-0.032066
-0.078583
-0.112740
-0.144656
-0.176457
-0.216302
-0.262958
-0.296438
-0.324534
-0.340497
-0.374622
-0.421809
-0.438984
-0.458202
-0.488911
-0.519477
-0.549956
-0.580196
-0.610344
-0.640310
-0.642314
-0.630019
-0.615849
-0.623483
-0.670682
-0.706714
-0.737994
-0.769058
-0.800025
-0.830842
-0.861461
-0.891984
-0.922241
-0.952359
-0.982297
-1.011963
-1.041503
-1.070710
-1.109205
-1.157937
-1.190433
-1.215741
-1.222961
-1.240520
-1.267785
-1.294521
-1.321030
-1.347002
-1.372558
-1.397781
-1.422257
-1.439720
-1.436306
-1.447805
-1.469413
-1.489962
-1.518627
-1.567378
-1.597063
-1.615841
-1.633168
-1.649940
-1.665633
-1.680150
-1.694059
-1.706139
-1.729989
-1.773911
-1.792466
-1.800827
-1.806995
-1.812167
-1.815904
-1.791207
-1.760725
-1.759556
-1.757343
-1.753852
-1.775929
-1.799219
-1.790710
-1.764850
-1.720927
-1.703647
-1.691224
-1.677271
-1.662396
-1.646702
-1.629598
-1.611967
-1.593189
-1.573642
-1.553516
-1.532264
-1.510616
-1.488146
-1.465060
-1.441580
-1.417225
-1.392578
-1.367355
-1.341644
-1.315671
-1.289022
-1.254531
-1.205078
-1.171035
-1.143878
-1.116207
-1.088347
-1.060186
-1.046032
-1.035448
-1.005858
-0.976121
-0.946183
-0.915999
-0.883655
-0.835629
-0.795812
-0.765471
-0.720835
-0.672845
-0.624743
-0.585653
-0.555421
-0.510028
-0.473727
-0.485096
-0.506257
-0.535613
-0.521161
-0.499190
-0.470277
-0.441191
-0.411983
-0.399766
-0.378437
-0.330170
-0.293323
-0.263337
-0.233129
-0.202848
-0.172420
-0.141859
-0.111228
-0.080410
-0.043575
0.004040
0.006379
-0.008586
0.006879
0.028780
0.060404
0.103386
0.150270
0.197295
0.217106
0.202054
0.223184
0.254238
0.285423
0.316678
0.348007
0.379449
0.410937
0.442533
0.433495
0.386742
0.395592
0.413343
0.432009
0.458432
0.490980
0.523610
0.556270
0.588993
0.621766
0.654571
0.687449
0.720353
0.753308
0.736530
0.691652
0.712651
0.723772
0.713128
0.679989
0.637971
0.662132
0.686639
0.711729
0.743280
0.777357
0.811465
0.845587
0.879728
0.913892
0.948067
0.982268
1.016482
1.050711
1.079082
1.106094
1.133756
1.164795
1.199307
1.170658
1.130004
1.089644
1.086528
1.116051
1.150188
1.184958
1.219736
1.251988
1.282358
1.316858
1.351721
1.386589
1.421461
1.456336
1.491217
1.514273
1.510585
1.510585
1.869069
1.826356
1.784987
1.748917
1.712854
1.676801
1.640759
1.604725
1.568706
1.532690
1.496695
1.460704
1.424729
1.388764
1.352812
1.316873
1.280944
1.239172
1.196313
1.160313
1.124318
1.088341
1.052374
1.016420
0.980483
0.944554
0.902701
0.862395
0.892073
0.923307
0.959470
0.977160
0.971562
0.989831
1.021243
1.056861
1.093236
1.129620
1.146595
1.106058
1.098965
1.131960
1.141403
1.138568
1.106732
1.070167
1.033606
0.996429
0.957543
0.953167
0.988132
1.023566
1.059232
1.031536
0.997350
0.997678
0.998186
0.999168
0.982904
0.947939
0.913477
0.879250
0.842967
0.806417
0.769870
0.734257
0.700936
0.666062
0.629588
0.595958
0.563579
0.527614
0.491740
0.460397
0.427573
0.391329
0.355093
0.318866
0.282653
0.246445
0.210256
0.174794
0.145071
0.113376
0.077386
0.041412
0.005454
-0.030479
-0.066402
-0.094914
-0.123766
-0.159407
-0.195030
-0.230617
-0.261089
-0.287017
-0.319736
-0.354940
-0.379681
-0.403459
-0.425782
-0.452155
-0.486407
-0.512939
-0.532951
-0.563035
-0.596575
-0.614858
-0.634566
-0.667229
-0.693518
-0.708075
-0.721369
-0.733648
-0.759862
-0.790550
-0.800363
-0.808890
-0.815318
-0.820815
-0.824690
-0.841609
-0.868490
-0.894885
-0.921135
-0.920546
-0.923630
-0.947764
-0.960701
-0.955132
-0.965401
-0.987165
-1.008193
-1.029016
-1.017974
-1.011971
-1.030075
-1.047740
-1.064717
-1.080988
-1.096773
-1.111559
-1.126087
-1.139299
-1.152230
-1.164054
-1.175300
-1.185683
-1.195162
-1.204050
-1.211691
-1.219020
-1.224777
-1.222458
-1.190086
-1.172115
-1.174500
-1.175905
-1.176701
-1.176193
-1.175362
-1.172977
-1.170239
-1.166279
-1.161656
-1.156144
-1.149672
-1.142636
-1.134363
-1.125791
-1.115825
-1.105529
-1.094168
-1.082217
-1.069514
-1.055984
-1.041994
-0.998942
-0.952050
-0.936214
-0.920105
-0.903176
-0.885778
-0.867811
-0.849200
-0.830248
-0.810498
-0.790563
-0.769800
-0.748820
-0.727228
-0.705272
-0.682897
-0.660031
-0.636919
-0.613206
-0.589356
-0.564901
-0.540278
-0.515211
-0.489870
-0.464228
-0.438220
-0.412038
-0.385408
-0.358679
-0.331513
-0.304218
-0.276604
-0.248784
-0.220749
-0.192440
-0.164008
-0.135244
-0.104255
-0.052820
-0.008080
0.020971
0.039438
0.047385
0.056536
0.066193
0.077372
0.092970
0.143405
0.184249
0.203899
0.229317
0.260188
0.291226
0.322330
0.353636
0.384985
0.416516
0.448112
0.479841
0.511668
0.543583
0.563040
0.577865
0.625014
0.672249
0.704668
0.709564
0.660179
0.646359
0.662966
0.691825
0.724957
0.744066
0.762519
0.782009
0.801909
0.822575
0.843871
0.865677
0.888316
0.911226
0.945574
0.967603
0.921648
0.901251
0.926024
0.951369
0.977156
1.003691
1.030454
1.065863
1.087929
1.044120
1.013883
1.006382
0.999243
0.992370
0.985991
0.979753
1.009743
1.033890
1.029024
1.024406
1.020180
0.994840
0.954752
0.972947
1.006517
0.968082
0.943691
0.978656
1.014284
1.050915
1.064941
1.063977
1.092989
1.128868
1.092536
1.063989
1.064953
1.050458
1.013828
0.977199
0.940569
0.905324
0.870360
0.833765
0.797714
0.763582
0.760709
0.800357
0.792331
0.755843
0.716691
0.677087
0.640548
0.604011
0.567477
0.532437
0.499329
0.464086
0.427635
0.394850
0.364382
0.369510
0.365943
0.335742
0.338270
0.381029
0.419377
0.455363
0.497445
0.540167
0.576065
0.611970
0.647897
0.683837
0.719792
0.755764
0.791745
0.827747
0.863754
0.899783
0.935818
0.971869
1.007930
1.044002
1.060255
1.067010
1.105805
1.143272
1.115404
1.085319
1.049632
1.013962
0.978309
0.942681
0.907065
0.871482
0.835908
0.800370
0.764844
0.729348
0.693875
0.658425
0.623007
0.587604
0.552247
0.516899
0.481600
0.446318
0.411076
0.375864
0.340682
0.305545
0.270427
0.235372
0.200331
0.165354
0.126894
0.081064
0.040864
0.005794
-0.020907
-0.044447
-0.078283
-0.112900
-0.147428
-0.181919
-0.216337
-0.250690
-0.284989
-0.303301
-0.315948
-0.360506
-0.403598
-0.425921
-0.452369
-0.486620
-0.520793
-0.554900
-0.588890
-0.622841
-0.656629
-0.690380
-0.723973
-0.757493
-0.790881
-0.824143
-0.857306
-0.902367
-0.951119
-0.969020
-0.988439
-1.020778
-1.052993
-1.084997
-1.116787
-1.148417
-1.179724
-1.210938
-1.241696
-1.272350
-1.302576
-1.332577
-1.362217
-1.391469
-1.420448
-1.448839
-1.477072
-1.504470
-1.531676
-1.558112
-1.584120
-1.609474
-1.634096
-1.658225
-1.681245
-1.703983
-1.725161
-1.745977
-1.765394
-1.784008
-1.801456
-1.817570
-1.832832
-1.846142
-1.858963
-1.869218
-1.878866
-1.886335
-1.892574
-1.897116
-1.899778
-1.901303
-1.870148
-1.833037
-1.828839
-1.824014
-1.817097
-1.809051
-1.799529
-1.788443
-1.776460
-1.762558
-1.748198
-1.731814
-1.714963
-1.696654
-1.677569
-1.657518
-1.636451
-1.614832
-1.592018
-1.568927
-1.544648
-1.520082
-1.494683
-1.468826
-1.442429
-1.415444
-1.388157
-1.360186
-1.332060
-1.303273
-1.274316
-1.244896
-1.215209
-1.185222
-1.154894
-1.124399
-1.093504
-1.062520
-1.031157
-0.999689
-0.967954
-0.936056
-0.903985
-0.871705
-0.839329
-0.806706
-0.774030
-0.741125
-0.708151
-0.675015
-0.641775
-0.608428
-0.574946
-0.541406
-0.494533
-0.447710
-0.414216
-0.380672
-0.347010
-0.313268
-0.279450
-0.235566
-0.187576
-0.152572
-0.118794
-0.084893
-0.050950
-0.016919
0.017175
0.051327
0.085561
0.119826
0.154189
0.188573
0.223043
0.257544
0.292107
0.326717
0.361367
0.396078
0.430811
0.465616
0.500436
0.535319
0.574084
0.620299
0.654268
0.678022
0.710242
0.745319
0.780452
0.815596
0.850787
0.885996
0.921238
0.956508
0.991800
1.027128
1.062467
1.097848
1.133239
1.168664
1.204105
1.239571
1.275059
1.310563
1.346095
1.381636
1.417211
1.452793
1.488402
1.524023
1.559664
1.595322
1.630994
1.666688
1.702388
1.738115
1.773849
1.809603
1.845368
1.881148
1.869735
1.826203
1.826203
1.785229
1.744253
1.704105
1.669666
1.635231
1.600810
1.566396
1.531994
1.497602
1.463220
1.428852
1.394491
1.360147
1.325808
1.291489
1.257174
1.222882
1.188594
1.154328
1.120069
1.085830
1.051602
1.017391
0.983196
0.949015
0.909967
0.868253
0.853416
0.846482
0.871175
0.899570
0.934115
0.967846
0.997058
1.007091
0.967613
0.942458
0.938272
0.952999
0.984334
1.018011
1.052900
1.087793
1.122687
1.091351
1.055035
1.052850
1.056565
1.090011
1.113415
1.112493
1.111829
1.111522
1.092445
1.057727
1.023445
0.989376
0.955851
0.922464
0.889743
0.856959
0.822029
0.787101
0.752176
0.718210
0.686429
0.653321
0.618468
0.583619
0.548774
0.516723
0.485956
0.451962
0.417220
0.387188
0.357149
0.322544
0.287943
0.253358
0.218779
0.184214
0.152463
0.124224
0.092483
0.058117
0.023774
-0.010559
-0.044863
-0.079161
-0.105961
-0.132970
-0.166982
-0.199105
-0.223885
-0.251602
-0.285247
-0.313994
-0.336940
-0.365868
-0.399049
-0.423490
-0.444379
-0.475076
-0.507673
-0.526757
-0.546548
-0.578419
-0.606838
-0.622843
-0.643999
-0.674972
-0.697546
-0.710678
-0.733812
-0.763687
-0.779137
-0.789089
-0.814858
-0.843405
-0.871516
-0.897250
-0.902573
-0.907285
-0.909958
-0.911676
-0.911676
-0.923156
-0.946886
-0.953621
-0.949508
-0.964240
-0.985696
-1.006377
-1.026936
-1.046541
-1.066016
-1.084579
-1.102873
-1.120332
-1.125702
-1.110499
-1.110019
-1.124455
-1.138083
-1.151224
-1.163343
-1.175123
-1.185654
-1.196005
-1.204878
-1.209079
-1.181978
-1.163239
-1.168741
-1.173651
-1.177605
-1.180758
-1.183140
-1.184513
-1.185309
-1.184890
-1.184094
-1.181887
-1.179479
-1.175525
-1.171350
-1.165847
-1.159936
-1.152918
-1.131908
-1.089567
-1.064380
-1.054855
-1.044464
-1.033606
-1.021753
-1.009612
-0.996360
-0.982955
-0.968410
-0.953690
-0.938026
-0.922063
-0.905338
-0.888201
-0.870471
-0.852233
-0.833553
-0.814281
-0.794706
-0.774467
-0.754049
-0.732906
-0.711665
-0.689712
-0.667640
-0.644988
-0.622143
-0.598836
-0.575271
-0.551351
-0.527115
-0.502620
-0.477762
-0.452728
-0.466982
-0.490940
-0.489658
-0.483888
-0.434526
-0.389239
-0.362287
-0.328444
-0.279149
-0.241504
-0.218985
-0.194065
-0.167271
-0.140216
-0.113044
-0.125618
-0.147219
-0.141521
-0.132674
-0.103955
-0.075180
-0.046172
-0.017076
0.012204
0.041598
0.071134
0.111476
0.159817
0.195041
0.224677
0.254499
0.284360
0.314422
0.344511
0.374783
0.405094
0.435555
0.466075
0.496714
0.519944
0.534511
0.558888
0.590148
0.621509
0.652911
0.671954
0.688659
0.706541
0.721510
0.708087
0.702026
0.721953
0.742274
0.763334
0.790116
0.823246
0.849942
0.872359
0.871065
0.860879
0.880075
0.904299
0.929481
0.951121
0.943080
0.935182
0.927754
0.932960
0.960586
0.971803
0.965733
0.938786
0.898695
0.910360
0.940187
0.940528
0.936342
0.932788
0.925119
0.887277
0.858204
0.855895
0.866903
0.900259
0.933962
0.968014
1.002480
1.037192
1.045992
1.046305
1.016366
0.982301
0.948914
0.915623
0.882955
0.849701
0.814771
0.781033
0.749187
0.735604
0.739360
0.765748
0.804888
0.844404
0.884035
0.919214
0.953860
0.988519
1.023180
1.057852
1.092527
1.127211
1.161900
1.196597
1.231299
1.266006
1.300720
1.335438
1.370164
1.404892
1.439629
1.473393
1.478151
1.482996
1.488302
1.493762
1.499612
1.488830
1.454347
1.419873
1.385408
1.355416
1.327671
1.327657
1.334918
1.304086
1.269892
1.235723
1.201561
1.167422
1.133293
1.099186
1.065093
1.031019
0.996963
0.962924
0.928908
0.894905
0.860933
0.826968
0.793041
0.759119
0.725238
0.691365
0.657529
0.623708
0.589920
0.556155
0.522418
0.488712
0.455030
0.421387
0.387763
0.354188
0.320624
0.287123
0.253630
0.220201
0.186787
0.153433
0.116634
0.072668
0.033452
0.000008
-0.033389
-0.066752
-0.100056
-0.133333
-0.156742
-0.178147
-0.210447
-0.243216
-0.275873
-0.311192
-0.356461
-0.397498
-0.430233
-0.462904
-0.495502
-0.528011
-0.560459
-0.592790
-0.625074
-0.657208
-0.689314
-0.721230
-0.753120
-0.784815
-0.816457
-0.847916
-0.879282
-0.910479
-0.941539
-0.972446
-1.003160
-1.033747
-1.064074
-1.094304
-1.124192
-1.154024
-1.183419
-1.212751
-1.241639
-1.270394
-1.298721
-1.326819
-1.354515
-1.381861
-1.408845
-1.435331
-1.461509
-1.487008
-1.512274
-1.536640
-1.560872
-1.583937
-1.606835
-1.628571
-1.642558
-1.633298
-1.634116
-1.651614
-1.668187
-1.683846
-1.698234
-1.711876
-1.723861
-1.735313
-1.744689
-1.753766
-1.760377
-1.766633
-1.770646
-1.773957
-1.775302
-1.775599
-1.774254
-1.771532
-1.767519
-1.761836
-1.755226
-1.746698
-1.737597
-1.726390
-1.714888
-1.701246
-1.687303
-1.671644
-1.655478
-1.637979
-1.619811
-1.600647
-1.580691
-1.560029
-1.538486
-1.516481
-1.493537
-1.470333
-1.446155
-1.421846
-1.396617
-1.371250
-1.345171
-1.318874
-1.292037
-1.264919
-1.237406
-1.209565
-1.181448
-1.152968
-1.124308
-1.095263
-1.066118
-1.036570
-1.006969
-0.976994
-0.946957
-0.916627
-0.886199
-0.855548
-0.824771
-0.793828
-0.762739
-0.731531
-0.700158
-0.668709
-0.637082
-0.605413
-0.573556
-0.541674
-0.509618
-0.477531
-0.445307
-0.413033
-0.380652
-0.342352
-0.296565
-0.268787
-0.254696
-0.228182
-0.196211
-0.164113
-0.131989
-0.099728
-0.067451
-0.035050
-0.002624
0.029900
0.062463
0.095103
0.127792
0.160540
0.193348
0.226197
0.259113
0.292058
0.325076
0.358109
0.391223
0.424346
0.457541
0.490752
0.524021
0.557314
0.590652
0.624021
0.657426
0.690867
0.724333
0.765317
0.809214
0.835579
0.858788
0.892150
0.925787
0.959470
0.993163
1.026893
1.060638
1.094412
1.132697
1.175859
1.213279
1.246983
1.280720
1.314468
1.348252
1.382041
1.415869
1.449702
1.483568
1.517442
1.551344
1.585259
1.619195
1.649078
1.674801
1.679772
1.672032
1.690317
1.717426
1.717426
1.703079
1.670741
1.638407
1.606472
1.574547
1.543036
1.512481
1.511770
1.509822
1.479226
1.448643
1.418284
1.387941
1.357831
1.327759
1.298163
1.268505
1.238164
1.207944
1.178911
1.149937
1.121480
1.092600
1.060424
1.028478
0.998164
0.968114
0.939765
0.911137
0.880863
0.850995
0.823342
0.795264
0.765048
0.734832
0.704621
0.675042
0.648223
0.620754
0.590625
0.560498
0.530379
0.500262
0.470153
0.440047
0.409949
0.379853
0.349767
0.319684
0.289610
0.260741
0.235323
0.208690
0.178754
0.148824
0.118910
0.089001
0.059108
0.029223
-0.000646
-0.030507
-0.060350
-0.088199
-0.111822
-0.137430
-0.167046
-0.196647
-0.226221
-0.255778
-0.285307
-0.311995
-0.333681
-0.358161
-0.387351
-0.416514
-0.445631
-0.474716
-0.503753
-0.532755
-0.561704
-0.586444
-0.605221
-0.628081
-0.656484
-0.684826
-0.713089
-0.735870
-0.751810
-0.766831
-0.780750
-0.800660
-0.827445
-0.854099
-0.880607
-0.899142
-0.909253
-0.926885
-0.952144
-0.967957
-0.974581
-0.990040
-1.013744
-1.026399
-1.029162
-1.030439
-1.030439
-1.006911
-0.963998
-0.956482
-0.976934
-0.996957
-1.016655
-1.049690
-1.092410
-1.106483
-1.100620
-1.093059
-1.084365
-1.106398
-1.148049
-1.156281
-1.144091
-1.130189
-1.115285
-1.117088
-1.128232
-1.138515
-1.148339
-1.137777
-1.116809
-1.114420
-1.121082
-1.106259
-1.081452
-1.097268
-1.131071
-1.164019
-1.196608
-1.206505
-1.207303
-1.184990
-1.153873
-1.143944
-1.141674
-1.138291
-1.134527
-1.152112
-1.176620
-1.154500
-1.118099
-1.081091
-1.043908
-1.028903
-1.019928
-1.032498
-1.050570
-1.044480
-1.032609
-1.019796
-1.006773
-0.992851
-0.978742
-0.963778
-0.948648
-0.932705
-0.916618
-0.899762
-0.882780
-0.865072
-0.847255
-0.828754
-0.810160
-0.790922
-0.771605
-0.751682
-0.731693
-0.711136
-0.690523
-0.669378
-0.648186
-0.645726
-0.644653
-0.623177
-0.600430
-0.577258
-0.554064
-0.530474
-0.506867
-0.482889
-0.458900
-0.434563
-0.410220
-0.385551
-0.360937
-0.352695
-0.344212
-0.318545
-0.292488
-0.250639
-0.209882
-0.199672
-0.189390
-0.177597
-0.164971
-0.138071
-0.111160
-0.084088
-0.057986
-0.043699
-0.028258
-0.000581
0.028302
0.068470
0.103022
0.090659
0.081674
0.098132
0.116099
0.144386
0.171259
0.189294
0.208910
0.237602
0.264833
0.284309
0.305399
0.334430
0.361983
0.382775
0.405182
0.434493
0.463813
0.493168
0.521014
0.543194
0.567007
0.596583
0.626166
0.655772
0.685386
0.715021
0.744664
0.774327
0.803996
0.833685
0.863381
0.893094
0.922814
0.952550
0.982293
1.012052
1.041816
1.071596
1.099656
1.123955
1.150073
1.179982
1.209897
1.239821
1.271555
1.306727
1.338186
1.362905
1.389542
1.419507
1.436481
1.431883
1.439098
1.465088
1.479348
1.475759
1.472363
1.469248
1.466330
1.463690
1.474209
1.502345
1.530714
1.559382
1.561073
1.529562
1.526098
1.555742
1.557137
1.526545
1.525279
1.555871
1.586685
1.617730
1.618663
1.589486
1.591496
1.623430
1.639812
1.641877
1.628130
1.600419
1.573006
1.545846
1.519001
1.492414
1.463846
1.433733
1.406023
1.380107
1.351795
1.321767
1.291746
1.261729
1.231718
1.201713
1.171715
1.141721
1.114905
1.090002
1.065554
1.041370
1.013591
0.983833
0.954089
0.924352
0.898994
0.875835
0.848346
0.818780
0.789234
0.759698
0.725353
0.688913
0.652718
0.616624
0.589858
0.566769
0.538985
0.509441
0.485470
0.463478
0.436009
0.406698
0.383850
0.363059
0.335931
0.306901
0.285316
0.265840
0.239086
0.210394
0.181764
0.153150
0.133373
0.115665
0.089357
0.061170
0.043048
0.026974
0.001137
-0.026540
-0.054101
-0.081641
-0.109055
-0.136449
-0.163706
-0.190942
-0.218028
-0.245095
-0.271998
-0.298881
-0.338513
-0.379508
-0.407590
-0.434454
-0.449392
-0.463352
-0.502233
-0.542862
-0.557639
-0.570905
-0.610695
-0.651728
-0.692573
-0.733411
-0.760781
-0.787817
-0.814607
-0.841393
-0.867901
-0.894407
-0.920605
-0.946798
-0.972651
-0.998494
-1.023962
-1.049413
-1.074448
-1.099460
-1.124010
-1.148527
-1.172529
-1.196489
-1.219874
-1.243203
-1.265890
-1.288505
-1.310401
-1.332208
-1.353208
-1.374096
-1.394082
-1.413929
-1.432767
-1.451434
-1.468975
-1.486310
-1.502393
-1.518228
-1.532680
-1.546838
-1.559480
-1.571779
-1.582431
-1.592689
-1.601183
-1.609232
-1.615419
-1.621112
-1.624874
-1.628103
-1.629365
-1.630062
-1.628799
-1.626950
-1.623188
-1.618832
-1.612645
-1.605870
-1.597376
-1.588308
-1.577656
-1.566455
-1.553813
-1.540653
-1.526202
-1.511266
-1.495183
-1.478653
-1.461112
-1.443160
-1.424322
-1.405108
-1.385123
-1.357395
-1.314499
-1.279215
-1.258178
-1.236844
-1.214980
-1.192844
-1.170243
-1.147393
-1.124135
-1.100649
-1.076806
-1.052752
-1.028384
-1.003824
-0.978987
-0.953973
-0.928715
-0.903293
-0.877657
-0.851870
-0.825892
-0.799776
-0.773491
-0.753556
-0.741014
-0.721518
-0.694255
-0.666892
-0.639424
-0.605576
-0.565168
-0.524649
-0.484020
-0.450266
-0.423019
-0.395677
-0.368251
-0.333863
-0.293412
-0.260066
-0.232657
-0.197997
-0.157528
-0.124453
-0.097059
-0.062126
-0.021641
0.011162
0.038543
0.066006
0.093526
0.121125
0.148774
0.176499
0.204270
0.232113
0.259999
0.287952
0.315944
0.344002
0.372094
0.400249
0.428436
0.449552
0.467169
0.492225
0.520793
0.503000
0.464346
0.466370
0.485828
0.506003
0.526470
0.553258
0.582495
0.611765
0.641047
0.670359
0.699683
0.729036
0.758398
0.782282
0.804456
0.832340
0.861906
0.886456
0.909614
0.943005
0.979064
0.981072
0.974748
0.993156
1.017221
1.050687
1.086159
1.097126
1.103233
1.124197
1.147889
1.176820
1.206638
1.236471
1.266306
1.296157
1.326010
1.355877
1.385746
1.415628
1.445513
1.475410
1.505309
1.475709
1.440741
1.461817
1.487268
1.517040
1.547098
1.544863
1.540866
1.566246
1.592894
1.620088
1.647299
1.677472
1.707708
1.707708
1.881958
1.835967
1.789734
1.772420
1.749583
1.703531
1.657487
1.611453
1.565428
1.519414
1.472184
1.423105
1.374362
1.331053
1.285043
1.239043
1.193056
1.147079
1.101115
1.055163
1.009225
0.963299
0.917388
0.871491
0.825610
0.779744
0.733895
0.686702
0.637212
0.593038
0.550672
0.499668
0.453856
0.408065
0.362292
0.316543
0.270813
0.222067
0.233894
0.279767
0.325658
0.371566
0.417491
0.463432
0.509388
0.555359
0.601344
0.643793
0.689199
0.735278
0.777577
0.823725
0.871673
0.918695
0.899959
0.944609
0.952581
0.940004
0.982501
1.028054
1.051229
1.071378
1.069695
1.106350
1.079666
1.115070
1.107268
1.091085
1.045019
0.999588
0.954811
0.987348
0.959734
0.963110
1.000820
1.010561
0.964842
0.921188
0.875775
0.832254
0.791054
0.751440
0.706266
0.660311
0.619166
0.573306
0.532668
0.486917
0.446821
0.407189
0.361678
0.322654
0.277299
0.238927
0.193749
0.150241
0.111100
0.066172
0.027838
-0.015257
-0.052377
-0.091992
-0.130592
-0.170300
-0.198691
-0.236539
-0.263155
-0.306123
-0.348971
-0.391672
-0.432398
-0.455070
-0.489825
-0.509880
-0.509463
-0.561027
-0.596720
-0.639519
-0.660103
-0.674171
-0.720708
-0.749303
-0.748336
-0.721322
-0.776343
-0.793690
-0.829369
-0.844450
-0.878797
-0.891460
-0.908642
-0.885901
-0.882120
-0.876027
-0.908091
-0.906732
-0.939901
-0.943379
-0.968366
-0.978681
-1.015539
-1.010879
-1.004469
-1.040382
-1.067277
-1.060068
-1.047848
-1.062823
-1.105792
-1.118674
-1.130326
-1.140747
-1.149854
-1.157718
-1.151994
-1.139157
-1.142865
-1.115292
-1.115981
-1.115796
-1.096712
-1.081033
-1.076898
-1.071555
-1.064906
-1.063553
-1.077664
-1.067171
-1.055488
-1.042597
-1.028594
-1.013412
-0.997199
-0.979842
-0.961537
-0.907058
-0.907816
-0.887416
-0.866168
-0.843967
-0.820953
-0.814510
-0.797957
-0.772186
-0.739206
-0.713271
-0.690539
-0.641749
-0.618002
-0.581951
-0.549624
-0.519016
-0.476839
-0.411601
-0.392035
-0.369725
-0.336889
-0.303640
-0.283616
-0.256290
-0.221526
-0.181504
-0.115950
-0.124959
-0.102624
-0.073120
-0.048322
-0.000538
0.026197
0.046295
0.084447
0.113885
0.144830
0.183928
0.221324
0.246931
0.286836
0.326930
0.289616
0.287136
0.314334
0.353965
0.388025
0.420757
0.454757
0.466685
0.447232
0.455926
0.438009
0.421747
0.448188
0.495963
0.512820
0.530218
0.551385
0.542720
0.504678
0.509801
0.494206
0.479218
0.489838
0.524077
0.507044
0.505197
0.509306
0.527500
0.545439
0.523583
0.557065
0.548486
0.540505
0.553569
0.526492
0.520454
0.523029
0.564569
0.566856
0.563478
0.520657
0.473111
0.425108
0.378679
0.330388
0.283892
0.329925
0.376405
0.422885
0.469364
0.515751
0.562185
0.608766
0.587469
0.565093
0.590663
0.566352
0.520612
0.477307
0.494247
0.447933
0.401623
0.355338
0.311882
0.265444
0.218195
0.173154
0.126927
0.080709
0.036963
-0.008169
-0.054300
-0.100419
-0.143175
-0.152240
-0.164092
-0.155560
-0.146282
-0.095889
-0.050498
-0.005067
0.040716
0.092226
0.137654
0.183116
0.228608
0.274132
0.319683
0.365262
0.410867
0.461246
0.507961
0.553557
0.593529
0.639249
0.684990
0.730750
0.781889
0.827618
0.873367
0.919133
0.964918
1.015990
1.061745
1.107517
1.153306
1.199111
1.244931
1.290767
1.336617
1.380666
1.423608
1.471595
1.520154
1.566071
1.611897
1.653435
1.699785
1.749852
1.795824
1.841807
1.887799
1.890303
1.844309
1.798326
1.752353
1.706391
1.660439
1.614498
1.568570
1.522653
1.476749
1.430856
1.384978
1.339113
1.293262
1.247425
1.201604
1.155798
1.110009
1.064236
1.018480
0.972742
0.931674
0.887036
0.841428
0.795844
0.750282
0.707683
0.665587
0.626888
0.581609
0.536365
0.491154
0.445982
0.400846
0.355751
0.309031
0.263840
0.220719
0.175800
0.130932
0.086113
0.038128
-0.011593
-0.056374
-0.092749
-0.137103
-0.181555
-0.225927
-0.270228
-0.314443
-0.358576
-0.402616
-0.446563
-0.490407
-0.534144
-0.577769
-0.621271
-0.664649
-0.707885
-0.750984
-0.793918
-0.836701
-0.879292
-0.921712
-0.963910
-1.005911
-1.047663
-1.089179
-1.121684
-1.093672
-1.051773
-1.022117
-0.979477
-0.940163
-0.961605
-1.006720
-1.059915
-1.104360
-1.147502
-1.190436
-1.233181
-1.275679
-1.317952
-1.351240
-1.400032
-1.442431
-1.484557
-1.526360
-1.567822
-1.608898
-1.649543
-1.689723
-1.729354
-1.768417
-1.806772
-1.844427
-1.881163
-1.917030
-1.951691
-1.985232
-2.017252
-2.047788
-2.076412
-2.103082
-2.127371
-2.149131
-2.168003
-2.183714
-2.196068
-2.204683
-2.209636
-2.210477
-2.207632
-2.200628
-2.190216
-2.175926
-2.158670
-2.138140
-2.115110
-2.089480
-2.061804
-2.032126
-2.000807
-1.967966
-1.933821
-1.898524
-1.862188
-1.824977
-1.786934
-1.748222
-1.708838
-1.668937
-1.628488
-1.587632
-1.546333
-1.504701
-1.462716
-1.420451
-1.377902
-1.335116
-1.292100
-1.248881
-1.205473
-1.161890
-1.118152
-1.074261
-1.030241
-0.986088
-0.941828
-0.897449
-0.843910
-0.790468
-0.746215
-0.701856
-0.657411
-0.612876
-0.566693
-0.508827
-0.524584
-0.568680
-0.601108
-0.570358
-0.526483
-0.482509
-0.438432
-0.394269
-0.350011
-0.305679
-0.261261
-0.216775
-0.172214
-0.127591
-0.082901
-0.038154
-0.019368
-0.057813
-0.102681
-0.140909
-0.101271
-0.056128
-0.010942
0.027492
0.072869
0.118284
0.163730
0.209212
0.254720
0.300261
0.346425
0.364089
0.321060
0.275705
0.230385
0.185101
0.139855
0.100480
0.069049
0.099379
0.144344
0.189354
0.237736
0.286959
0.331993
0.377065
0.422182
0.467334
0.512526
0.557751
0.603013
0.648306
0.693631
0.738987
0.784371
0.829785
0.875224
0.920690
0.966181
1.011697
1.057234
1.102796
1.148378
1.190881
1.233935
1.279643
1.325367
1.371109
1.416867
1.462642
1.507201
1.549193
1.595065
1.640949
1.686846
1.732755
1.778676
1.824607
1.870550
1.496462
1.459896
1.423643
1.387712
1.387689
1.352672
1.353194
1.318991
1.284777
1.286147
1.253223
1.255170
1.258077
1.223248
1.190861
1.155347
1.119756
1.087836
1.052401
1.016860
0.981324
0.945793
0.910266
0.874745
0.843487
0.880749
0.848615
0.813204
0.777801
0.742405
0.707019
0.676839
0.636575
0.600910
0.565560
0.530218
0.494888
0.465080
0.430215
0.394990
0.359778
0.330740
0.296106
0.261024
0.225960
0.190915
0.155889
0.120883
0.085898
0.050935
0.015995
-0.018922
-0.053813
-0.088679
-0.123518
-0.158329
-0.185265
-0.219051
-0.245087
-0.238608
-0.258705
-0.291630
-0.325596
-0.359503
-0.393348
-0.416330
-0.448492
-0.481924
-0.503486
-0.534973
-0.567911
-0.587901
-0.618599
-0.637194
-0.652716
-0.666962
-0.695767
-0.726618
-0.740917
-0.768529
-0.798434
-0.810490
-0.768905
-0.743704
-0.746343
-0.751735
-0.775736
-0.802724
-0.808743
-0.809743
-0.831079
-0.855837
-0.857744
-0.877061
-0.900111
-0.899113
-0.916205
-0.961488
-0.987299
-1.007732
-1.002599
-0.990821
-0.977434
-0.988736
-1.004852
-1.020270
-1.034968
-1.048924
-1.089307
-1.108218
-1.120105
-1.131150
-1.141331
-1.150629
-1.159025
-1.166502
-1.173044
-1.178637
-1.154937
-1.151241
-1.153849
-1.155498
-1.184437
-1.191724
-1.190447
-1.188182
-1.184935
-1.180712
-1.175524
-1.169381
-1.162298
-1.127400
-1.110762
-1.127594
-1.098746
-1.079526
-1.067458
-1.054595
-1.040959
-1.026572
-1.011456
-0.995633
-0.979125
-0.961954
-0.944143
-0.925714
-0.884148
-0.857184
-0.859286
-0.846244
-0.803796
-0.774906
-0.753098
-0.730832
-0.728103
-0.692311
-0.661447
-0.618215
-0.584976
-0.579588
-0.599244
-0.606994
-0.625282
-0.650144
-0.674639
-0.679549
-0.675695
-0.690464
-0.712624
-0.734333
-0.734957
-0.746855
-0.745596
-0.707863
-0.706381
-0.746482
-0.774201
-0.792157
-0.787652
-0.794464
-0.810341
-0.847955
-0.850492
-0.822245
-0.779775
-0.732726
-0.707530
-0.712781
-0.704909
-0.676476
-0.643300
-0.610029
-0.576668
-0.543221
-0.509693
-0.476087
-0.442408
-0.408659
-0.367104
-0.336900
-0.307024
-0.273027
-0.238975
-0.211610
-0.181013
-0.140151
-0.102263
-0.067970
-0.033635
0.000741
0.035155
0.069607
0.110176
0.142165
0.173170
0.207757
0.242373
0.277019
0.311693
0.346395
0.381122
0.415875
0.455873
0.493877
0.523532
0.555122
0.589989
0.629735
0.667740
0.702579
0.737438
0.772317
0.807214
0.842131
0.877065
0.912016
0.946984
0.981969
1.016969
1.051985
1.087016
1.122061
1.157120
1.192192
1.227278
1.262377
1.297488
1.308710
1.322438
1.358495
1.392925
1.428945
1.466826
1.459025
1.457505
1.487356
1.497873
1.493058
1.508232
1.502580
1.464819
1.425367
1.405650
1.402368
1.418795
1.453179
1.487549
1.501784
1.519033
1.514954
1.516046
1.512855
1.495399
1.513962
1.549735
1.585576
1.621585
1.620320
1.584970
1.587158
1.623438
1.641533
1.624797
1.627408
1.627789
1.593291
1.560143
1.563231
1.566288
1.551972
1.538080
1.506717
1.471243
1.433520
1.400210
1.367010
1.331552
1.296099
1.260653
1.225212
1.189778
1.154351
1.116623
1.078652
1.043196
1.010099
0.977317
0.939550
0.903838
0.871189
0.835829
0.800479
0.765137
0.729805
0.694483
0.659170
0.623868
0.588577
0.556065
0.542929
0.549677
0.541300
0.529423
0.522154
0.492070
0.457370
0.426657
0.401378
0.391577
0.401785
0.412398
0.404092
0.370113
0.341115
0.314024
0.285517
0.259122
0.231136
0.205480
0.172333
0.139255
0.106248
0.073316
0.040461
0.001899
-0.045077
-0.086374
-0.124870
-0.171656
-0.212962
-0.246019
-0.278991
-0.311875
-0.344666
-0.377360
-0.409953
-0.436497
-0.452998
-0.474832
-0.506442
-0.544334
-0.586415
-0.617859
-0.649144
-0.663588
-0.672478
-0.720759
-0.762966
-0.794670
-0.809332
-0.816745
-0.858988
-0.896692
-0.938989
-0.971002
-1.002843
-1.034501
-1.065964
-1.097217
-1.128247
-1.159037
-1.189571
-1.219830
-1.249794
-1.279441
-1.308746
-1.337684
-1.366225
-1.394339
-1.414249
-1.425183
-1.451180
-1.476575
-1.501324
-1.525375
-1.539767
-1.542713
-1.563664
-1.583678
-1.602693
-1.620641
-1.637456
-1.653067
-1.667407
-1.680405
-1.691998
-1.702122
-1.710719
-1.717737
-1.723134
-1.726874
-1.728933
-1.729296
-1.727962
-1.724939
-1.720248
-1.713918
-1.705991
-1.696514
-1.685542
-1.673136
-1.659362
-1.652766
-1.651120
-1.610505
-1.591937
-1.572342
-1.551783
-1.530324
-1.508024
-1.484939
-1.467611
-1.462113
-1.442297
-1.433662
-1.406217
-1.372911
-1.322647
-1.277732
-1.249607
-1.221095
-1.192221
-1.163009
-1.133481
-1.108016
-1.096447
-1.075385
-1.030616
-0.999409
-0.971630
-0.949160
-0.908056
-0.888316
-0.852664
-0.805046
-0.760586
-0.725110
-0.680589
-0.651436
-0.630857
-0.598124
-0.565281
-0.532336
-0.499293
-0.463519
-0.423221
-0.405606
-0.370046
-0.323012
-0.287985
-0.296272
-0.263865
-0.231356
-0.196104
-0.148743
-0.112653
-0.120874
-0.088706
-0.056437
-0.024071
0.008388
0.043399
0.088346
0.120877
0.153493
0.186189
0.221220
0.263890
0.284733
0.317724
0.350782
0.383905
0.417092
0.450339
0.483644
0.510449
0.494865
0.461375
0.426197
0.389239
0.412257
0.445990
0.479771
0.513599
0.548928
0.585937
0.572499
0.616890
0.650461
0.682680
0.705887
0.739721
0.773596
0.806287
0.830439
0.864543
0.898682
0.932853
0.967057
1.001292
1.034574
1.052268
1.011489
1.005407
1.025503
0.990839
0.956198
0.921580
0.886987
0.852417
0.817874
0.782612
0.741517
0.729935
0.691816
0.718976
0.753844
0.788732
0.823638
0.858563
0.893505
0.928465
0.963441
0.998433
1.033440
1.068463
1.103501
1.138926
1.180809
1.215820
1.250845
1.285884
1.317591
1.278497
1.307041
1.336041
1.365687
1.400818
1.430924
1.466308
1.499461
1.461012
1.490859
1.486510
1.482479
1.478025
1.439694
1.436594
1.433819
1.430872
1.393035
1.355864
1.354364
1.353445
1.388374
1.424134
1.424134
1.595733
1.556765
1.517396
1.485458
1.513232
1.500496
1.469618
1.480087
1.487778
1.447752
1.406720
1.407306
1.400924
1.362563
1.322921
1.310797
1.280113
1.240642
1.269119
1.308865
1.348807
1.348091
1.318565
1.359501
1.399117
1.431213
1.445524
1.461318
1.424431
1.385405
1.346382
1.307364
1.268349
1.231931
1.194296
1.155336
1.113096
1.073337
1.038118
0.999550
0.960618
0.921980
0.887511
0.848654
0.809805
0.772370
0.737522
0.698765
0.660019
0.624091
0.588664
0.550031
0.511414
0.472811
0.434225
0.401002
0.364171
0.325733
0.287317
0.248922
0.210551
0.172205
0.134847
0.103905
0.065763
0.027653
-0.007468
-0.039094
-0.072714
-0.104550
-0.142153
-0.185737
-0.221245
-0.246924
-0.246212
-0.269898
-0.296111
-0.330397
-0.353989
-0.374668
-0.409707
-0.428625
-0.448346
-0.480115
-0.499961
-0.528980
-0.532510
-0.511877
-0.521154
-0.556009
-0.577820
-0.597562
-0.620028
-0.635847
-0.659103
-0.670658
-0.694844
-0.701794
-0.727049
-0.729059
-0.755512
-0.779975
-0.773373
-0.747484
-0.741282
-0.741837
-0.764647
-0.786864
-0.808464
-0.829424
-0.849719
-0.869325
-0.888216
-0.906367
-0.923753
-0.940348
-0.984630
-1.036083
-1.087235
-1.103786
-1.116959
-1.129121
-1.140261
-1.143727
-1.122912
-1.130630
-1.137265
-1.142799
-1.163337
-1.169729
-1.152683
-1.131908
-1.092606
-1.077767
-1.050963
-1.041834
-1.041537
-1.040187
-1.037789
-1.034345
-1.068186
-1.097994
-1.091080
-1.083115
-1.074118
-1.064108
-1.053105
-1.041132
-1.028213
-1.014372
-1.018063
-1.018011
-1.001186
-0.983535
-0.965085
-0.971257
-0.984154
-0.995120
-1.004113
-1.034042
-1.063837
-1.071079
-1.100488
-1.124379
-1.124952
-1.131531
-1.157677
-1.183175
-1.194824
-1.176412
-1.144655
-1.112517
-1.080024
-1.047199
-1.014065
-0.980642
-0.962570
-0.931131
-0.896559
-0.861778
-0.826012
-0.774962
-0.737498
-0.688145
-0.653122
-0.617934
-0.582590
-0.553182
-0.526611
-0.490579
-0.454430
-0.418171
-0.381807
-0.345343
-0.308784
-0.272136
-0.235402
-0.198586
-0.161693
-0.124725
-0.087684
-0.050575
-0.013403
0.023832
0.061124
0.101933
0.147228
0.184524
0.200671
0.176609
0.139150
0.101743
0.064390
0.019060
0.024084
0.059068
0.096758
0.134491
0.172267
0.210153
0.256356
0.267282
0.282565
0.320046
0.357573
0.395145
0.436561
0.480959
0.518522
0.556127
0.593771
0.631453
0.675963
0.717130
0.754801
0.792507
0.821773
0.858279
0.852478
0.880012
0.926813
0.963922
0.981218
0.934369
0.897416
0.889561
0.895516
0.927191
0.962163
0.978899
0.973017
0.967567
0.962552
0.957974
0.953834
0.950133
0.914620
0.872660
0.867139
0.865174
0.866201
0.904360
0.943020
0.982224
1.021375
1.060498
1.100049
1.139614
1.179255
1.180147
1.140960
1.101773
1.062586
1.023399
0.985296
0.947943
0.911080
0.874725
0.875044
0.837110
0.798064
0.759021
0.719982
0.680948
0.642959
0.606709
0.566278
0.524854
0.485842
0.446836
0.410191
0.372968
0.334035
0.295110
0.256193
0.217284
0.178383
0.144146
0.105700
0.067065
0.040141
0.075136
0.037779
0.015018
0.033183
0.079943
0.123746
0.161936
0.200155
0.238401
0.276675
0.314974
0.353298
0.391645
0.430015
0.468407
0.506820
0.545253
0.583706
0.622178
0.660668
0.699175
0.737700
0.776240
0.814796
0.853367
0.891952
0.930552
0.969165
1.004505
1.040331
1.079048
1.071331
1.039372
1.036829
1.075019
1.088894
1.131373
1.106366
1.068303
1.030163
0.992046
0.953954
0.915887
0.877846
0.839832
0.801846
0.763889
0.725961
0.688064
0.650200
0.612368
0.574571
0.536809
0.499085
0.461399
0.423753
0.386148
0.348586
0.311071
0.273603
0.236183
0.198815
0.161499
0.124238
0.087035
0.049891
0.018403
-0.011561
-0.055370
-0.098027
-0.134828
-0.171550
-0.208190
-0.244744
-0.269230
-0.303242
-0.339271
-0.375187
-0.410979
-0.446647
-0.484545
-0.533480
-0.569023
-0.604421
-0.639667
-0.667823
-0.692214
-0.726604
-0.760791
-0.786367
-0.826657
-0.867297
-0.901564
-0.935600
-0.969388
-1.020316
-1.055833
-1.089080
-1.077303
-1.099834
-1.152913
-1.202289
-1.232950
-1.250674
-1.279541
-1.318638
-1.336580
-1.370416
-1.422148
-1.464725
-1.500578
-1.536170
-1.571470
-1.606445
-1.641056
-1.675255
-1.708991
-1.721277
-1.752942
-1.786443
-1.833831
-1.837367
-1.843795
-1.869370
-1.896050
-1.936275
-1.977761
-1.984505
-1.970280
-1.972211
-1.962239
-1.960714
-1.968318
-1.942835
-1.937681
-1.936716
-1.933031
-1.926144
-1.881492
-1.870649
-1.857594
-1.842458
-1.833939
-1.838495
-1.817000
-1.793979
-1.769577
-1.743928
-1.731855
-1.714765
-1.685166
-1.654782
-1.606311
-1.569937
-1.538397
-1.506310
-1.473726
-1.440311
-1.387597
-1.354348
-1.320734
-1.286784
-1.252527
-1.217987
-1.183185
-1.148143
-1.112878
-1.069103
-1.026035
-0.990568
-0.954921
-0.919105
-0.883132
-0.847012
-0.822676
-0.787761
-0.750973
-0.713774
-0.664503
-0.627670
-0.590743
-0.553726
-0.516626
-0.479447
-0.442192
-0.404866
-0.362079
-0.318795
-0.274816
-0.225202
-0.199132
-0.211056
-0.189882
-0.153202
-0.104925
-0.066673
-0.017001
0.033403
0.069889
0.106454
0.143094
0.179807
0.216590
0.253439
0.290353
0.327328
0.364362
0.401453
0.438599
0.475798
0.513048
0.550346
0.596675
0.636442
0.673743
0.711089
0.748480
0.785914
0.823389
0.860904
0.898456
0.936046
0.973671
1.011331
1.053017
1.097037
1.134687
1.172370
1.210084
1.247829
1.285603
1.323406
1.361237
1.399095
1.436980
1.474890
1.512825
1.541653
1.579722
1.611504
1.602476
1.593804
1.585489
1.565028
1.533289
1.512768
1.474254
1.435754
1.397268
1.358796
1.320339
1.281898
1.243472
1.205063
1.166670
1.128295
1.089938
1.051251
1.011808
1.043637
1.082139
1.120656
1.159187
1.197732
1.236292
1.274864
1.313450
1.348591
1.384381
1.419274
1.455948
1.494708
1.533477
1.567751
1.568051
1.563154
1.701557
1.662882
1.625629
1.590847
1.553456
1.515445
1.480625
1.445807
1.410991
1.373504
1.348982
1.381136
1.375872
1.340978
1.303984
1.287142
1.320319
1.354657
1.389607
1.424558
1.432104
1.395922
1.360651
1.325595
1.289867
1.254501
1.219522
1.184323
1.149195
1.114478
1.100283
1.101078
1.068139
1.033595
0.999995
0.966798
0.933720
0.898809
0.864942
0.832607
0.798325
0.763462
0.728603
0.695402
0.663849
0.629488
0.594696
0.559910
0.527582
0.496908
0.462359
0.427666
0.392980
0.361767
0.331795
0.297227
0.262667
0.228116
0.193578
0.159998
0.131582
0.121518
0.128309
0.165956
0.190514
0.164549
0.128539
0.086309
0.052128
0.018099
-0.015903
-0.049875
-0.083831
-0.117745
-0.151638
-0.185504
-0.219328
-0.251434
-0.275528
-0.304696
-0.338167
-0.371571
-0.404946
-0.438264
-0.471527
-0.504758
-0.537898
-0.571000
-0.604040
-0.645447
-0.687596
-0.708901
-0.729419
-0.749027
-0.779071
-0.808332
-0.825581
-0.841744
-0.857057
-0.870500
-0.888653
-0.918599
-0.935675
-0.945987
-0.954118
-0.961363
-0.967209
-0.988789
-1.012622
-1.015031
-1.016274
-1.016274
-1.014226
-1.011301
-1.006499
-1.016785
-1.037966
-1.031039
-1.021787
-1.010931
-1.039870
-1.086483
-1.103631
-1.107559
-1.092302
-1.100148
-1.119112
-1.165044
-1.194305
-1.207178
-1.190091
-1.175950
-1.186000
-1.195301
-1.204102
-1.211660
-1.218738
-1.224934
-1.205980
-1.178159
-1.181507
-1.184284
-1.186298
-1.187248
-1.187707
-1.187035
-1.167378
-1.130481
-1.092602
-1.072010
-1.102290
-1.088864
-1.048696
-1.007735
-0.978467
-0.970817
-0.962373
-0.953527
-0.943689
-0.933380
-0.922492
-0.937307
-0.951964
-0.938675
-0.924858
-0.910600
-0.895493
-0.880056
-0.863971
-0.847338
-0.830393
-0.812635
-0.794587
-0.776048
-0.735523
-0.690079
-0.670561
-0.663891
-0.671861
-0.655450
-0.634026
-0.612115
-0.574795
-0.525550
-0.501087
-0.478358
-0.455259
-0.431832
-0.408223
-0.384153
-0.350155
-0.300691
-0.269465
-0.247303
-0.248127
-0.236399
-0.211460
-0.206404
-0.204431
-0.201194
-0.184183
-0.157343
-0.109236
-0.066955
-0.039864
-0.012571
0.014831
0.042503
0.070286
0.098227
0.126367
0.151772
0.160247
0.179130
0.208128
0.237313
0.262161
0.273036
0.295395
0.325302
0.355380
0.385520
0.415771
0.434305
0.447887
0.462569
0.484375
0.515600
0.534867
0.551247
0.568549
0.586415
0.604787
0.595031
0.590465
0.610613
0.631386
0.652537
0.641751
0.642636
0.665478
0.688988
0.714417
0.757691
0.801084
0.844623
0.879958
0.913450
0.946979
0.980533
1.014106
1.047718
1.081344
1.115000
1.148681
1.182376
1.216107
1.246546
1.271472
1.271784
1.263470
1.255585
1.264037
1.290890
1.289610
1.289827
1.317959
1.326895
1.321144
1.288562
1.252415
1.212473
1.218738
1.246552
1.207474
1.182252
1.178360
1.201313
1.233610
1.271740
1.310066
1.348599
1.350978
1.347360
1.344126
1.320721
1.283089
1.312352
1.322998
1.286302
1.273794
1.272552
1.271791
1.285709
1.320438
1.301057
1.266292
1.231314
1.196735
1.162540
1.127670
1.092704
1.057738
1.023600
0.990001
1.024831
1.038299
1.005837
1.022757
1.058248
1.061729
1.050392
1.019686
0.989520
0.959605
0.930278
0.898196
0.863668
0.829152
0.794643
0.760145
0.725657
0.691175
0.656710
0.622252
0.587806
0.558111
0.529680
0.495389
0.464472
0.437625
0.439331
0.453704
0.496181
0.496714
0.462872
0.437665
0.410685
0.377099
0.350237
0.327823
0.371939
0.411949
0.445168
0.437502
0.414444
0.381492
0.354422
0.333902
0.368632
0.400885
0.381951
0.355520
0.323418
0.291417
0.259456
0.227575
0.205812
0.188673
0.157315
0.119808
0.072948
0.037898
0.006555
-0.024658
-0.055793
-0.086848
-0.117759
-0.148607
-0.179317
-0.209916
-0.240437
-0.270767
-0.295159
-0.306958
-0.343705
-0.390949
-0.420588
-0.450120
-0.479501
-0.508667
-0.537730
-0.566542
-0.595192
-0.623690
-0.651892
-0.679966
-0.707768
-0.714289
-0.707151
-0.754496
-0.796351
-0.824780
-0.847460
-0.869748
-0.918384
-0.958341
-0.987080
-1.015501
-1.047278
-1.096175
-1.145038
-1.193871
-1.224202
-1.252299
-1.280024
-1.307400
-1.334570
-1.361131
-1.387446
-1.413327
-1.438667
-1.463727
-1.488037
-1.511931
-1.535329
-1.557899
-1.580082
-1.601361
-1.621964
-1.642020
-1.660843
-1.679138
-1.696379
-1.712580
-1.728195
-1.742098
-1.755294
-1.767331
-1.777886
-1.787701
-1.795646
-1.802545
-1.808293
-1.812132
-1.815132
-1.816297
-1.796152
-1.760078
-1.754770
-1.750859
-1.745461
-1.738677
-1.731137
-1.721670
-1.711443
-1.700076
-1.687336
-1.673955
-1.659113
-1.643494
-1.627087
-1.609433
-1.591276
-1.572088
-1.552175
-1.531762
-1.483970
-1.434944
-1.385879
-1.355485
-1.333496
-1.310672
-1.287508
-1.263873
-1.239651
-1.218723
-1.217350
-1.203091
-1.176724
-1.149865
-1.122813
-1.095374
-1.067648
-1.039738
-1.011406
-0.982928
-0.954189
-0.911358
-0.864172
-0.835235
-0.806153
-0.776884
-0.761909
-0.747209
-0.716900
-0.686460
-0.655904
-0.610023
-0.566973
-0.536372
-0.495075
-0.447541
-0.416852
-0.380096
-0.332594
-0.284999
-0.238967
-0.208446
-0.170088
-0.122490
-0.124476
-0.128944
-0.098914
-0.068772
-0.038542
0.007877
0.050674
0.080956
0.111355
0.142107
0.189754
0.224445
0.238217
0.264829
0.295786
0.326872
0.358023
0.389245
0.433784
0.477475
0.508700
0.531287
0.547490
0.578275
0.610016
0.641831
0.673714
0.705635
0.737650
0.751258
0.737513
0.749118
0.770167
0.802765
0.829338
0.849851
0.871168
0.892819
0.915166
0.918087
0.907780
0.930306
0.960489
1.003709
1.040290
1.073908
1.107564
1.137397
1.161997
1.187209
1.213905
1.247917
1.286218
1.328506
1.363426
1.397385
1.431365
1.465362
1.499369
1.525743
1.554706
1.588866
1.623041
1.656683
1.683805
1.714104
1.748415
1.749732
1.737295
1.696702
1.656274
1.615986
1.607251
1.611333
1.641090
1.641090
1.641011
1.607293
1.573666
1.540406
1.507432
1.474900
1.442217
1.409431
1.376842
1.344306
1.311769
1.279282
1.247012
1.214951
1.183233
1.151847
1.120706
1.088522
1.056028
1.025468
1.000445
1.003006
0.991945
0.956930
0.924833
0.895034
0.863268
0.830868
0.801673
0.772143
0.739818
0.707495
0.675177
0.642865
0.610556
0.581423
0.553401
0.521460
0.489260
0.457071
0.424888
0.392714
0.360549
0.328391
0.300209
0.273535
0.241952
0.209956
0.177981
0.146015
0.114067
0.082134
0.050215
0.018317
-0.013571
-0.038994
-0.064457
-0.096095
-0.127718
-0.159308
-0.190872
-0.222410
-0.253909
-0.285392
-0.316820
-0.348236
-0.379592
-0.410927
-0.442211
-0.473457
-0.504663
-0.528942
-0.549934
-0.579421
-0.610113
-0.640690
-0.671230
-0.701670
-0.726174
-0.743867
-0.769501
-0.799182
-0.828679
-0.858132
-0.887361
-0.912568
-0.925907
-0.925755
-0.909116
-0.909240
-0.918515
-0.942263
-0.968671
-0.994613
-1.020428
-1.045832
-1.070976
-1.095782
-1.120169
-1.144311
-1.148461
-1.149005
-1.170767
-1.192321
-1.213146
-1.222428
-1.215690
-1.206958
-1.196983
-1.184498
-1.171687
-1.185576
-1.199181
-1.211691
-1.211136
-1.191235
-1.164617
-1.133521
-1.134077
-1.142702
-1.149851
-1.156699
-1.162306
-1.167304
-1.171338
-1.155446
-1.125381
-1.093990
-1.062228
-1.092601
-1.118399
-1.116081
-1.101212
-1.065144
-1.046682
-1.041571
-1.035383
-1.028864
-1.021026
-1.012926
-1.003709
-0.994036
-0.983539
-0.972364
-0.960641
-0.948038
-0.935141
-0.921189
-0.907025
-0.891955
-0.876544
-0.860473
-0.843895
-0.826881
-0.809214
-0.791311
-0.772631
-0.750468
-0.704990
-0.676147
-0.681853
-0.673653
-0.652715
-0.631316
-0.609736
-0.608918
-0.604713
-0.558700
-0.519726
-0.496464
-0.472954
-0.449204
-0.425132
-0.400925
-0.357173
-0.315336
-0.311593
-0.307307
-0.301716
-0.286017
-0.259825
-0.233417
-0.206912
-0.180148
-0.153329
-0.126258
-0.099116
-0.071789
-0.052327
-0.041559
-0.019115
0.009033
0.037354
0.064717
0.078081
0.095555
0.124578
0.153672
0.182848
0.203156
0.218819
0.246484
0.275596
0.292931
0.313445
0.343654
0.373905
0.404209
0.434570
0.464964
0.460522
0.450405
0.470710
0.493480
0.524444
0.551407
0.573025
0.600669
0.631928
0.656257
0.679247
0.710756
0.742273
0.773819
0.805381
0.836963
0.868566
0.900182
0.931823
0.963472
0.995150
1.025441
1.050179
1.077740
1.109589
1.145457
1.184072
1.222935
1.261863
1.255297
1.254133
1.279411
1.307227
1.339161
1.371106
1.403058
1.430565
1.456781
1.452399
1.452652
1.480099
1.509296
1.541529
1.535127
1.498675
1.487072
1.483343
1.511067
1.530383
1.495239
1.482976
1.513204
1.543734
1.574515
1.581500
1.580287
1.610130
1.637529
1.637289
1.626332
1.594039
1.596565
1.629815
1.639726
1.640921
1.642558
1.644288
1.646436
1.638406
1.608621
1.579129
1.549913
1.567147
1.603124
1.577009
1.544706
1.512410
1.480116
1.447828
1.415543
1.383262
1.350987
1.318714
1.286449
1.254599
1.226907
1.199415
1.172417
1.140415
1.103085
1.072931
1.046135
1.014736
0.982699
0.950679
0.918664
0.886662
0.854669
0.822687
0.790719
0.758757
0.732473
0.706714
0.674923
0.643140
0.611379
0.583067
0.558917
0.529960
0.498415
0.466905
0.435403
0.403943
0.374633
0.352110
0.325803
0.294629
0.263494
0.232381
0.201322
0.170276
0.139297
0.110729
0.090466
0.065852
0.035275
0.004757
-0.025723
-0.056120
-0.086261
-0.097684
-0.115404
-0.156898
-0.194019
-0.224748
-0.248468
-0.267573
-0.305031
-0.347077
-0.388797
-0.428363
-0.458969
-0.489528
-0.520013
-0.550421
-0.580774
-0.620262
-0.662261
-0.692918
-0.723332
-0.753621
-0.783848
-0.813971
-0.843988
-0.873925
-0.903704
-0.933434
-0.962942
-0.992400
-1.021641
-1.050778
-1.079727
-1.108493
-1.137114
-1.165453
-1.193700
-1.221544
-1.249295
-1.276632
-1.303777
-1.330558
-1.356993
-1.383133
-1.408729
-1.434130
-1.458733
-1.483149
-1.506703
-1.529878
-1.552280
-1.573979
-1.595042
-1.614985
-1.634496
-1.652363
-1.669846
-1.685514
-1.700455
-1.713795
-1.725810
-1.736547
-1.745268
-1.753151
-1.758268
-1.762769
-1.764392
-1.765051
-1.763428
-1.760227
-1.755406
-1.748471
-1.740588
-1.730172
-1.719215
-1.705874
-1.691880
-1.676211
-1.659562
-1.641841
-1.622911
-1.603400
-1.582535
-1.561380
-1.538979
-1.516271
-1.492717
-1.468704
-1.444158
-1.419048
-1.393646
-1.367612
-1.341438
-1.314657
-1.287737
-1.260400
-1.232846
-1.205024
-1.176929
-1.148681
-1.120121
-1.091488
-1.062538
-1.033520
-1.004279
-0.974927
-0.945427
-0.915782
-0.886051
-0.845392
-0.803049
-0.788991
-0.774721
-0.759694
-0.744283
-0.728334
-0.704852
-0.676604
-0.635311
-0.591046
-0.562732
-0.543296
-0.558689
-0.561978
-0.547112
-0.515257
-0.471925
-0.439658
-0.410264
-0.380697
-0.348579
-0.305421
-0.284550
-0.299375
-0.288723
-0.259715
-0.230565
-0.201375
-0.172021
-0.142635
-0.113119
-0.083549
-0.053887
-0.065232
-0.108068
-0.104657
-0.086842
-0.056975
-0.024768
0.017311
0.055237
0.085553
0.115924
0.146340
0.176827
0.207337
0.237931
0.268541
0.299222
0.329929
0.360688
0.391485
0.422317
0.453198
0.484098
0.448379
0.408731
0.377695
0.346680
0.315708
0.290280
0.269995
0.234567
0.193121
0.180209
0.173528
0.195296
0.219986
0.251298
0.282636
0.314001
0.345400
0.376813
0.408269
0.439733
0.471237
0.502753
0.534298
0.565861
0.597445
0.580611
0.541447
0.558751
0.584209
0.616101
0.648000
0.679916
0.711843
0.743783
0.775737
0.807698
0.839678
0.871661
0.903663
0.934258
0.960837
0.989949
1.022080
1.054220
1.086364
1.118520
1.150678
1.182848
1.215021
1.247203
1.279390
1.311583
1.299868
1.263184
1.226829
1.192574
1.221447
1.251121
1.283503
1.315888
1.348275
1.380665
1.413057
1.443206
1.472903
1.505344
1.537787
1.570231
1.602677
1.635124
1.646598
1.644449
1.644449
1.606058
1.572028
1.538367
1.505980
1.473042
1.439429
1.406127
1.372975
1.369385
1.373186
1.405851
1.427414
1.428151
1.429168
1.430395
1.432013
1.432958
1.398856
1.365177
1.332793
1.300410
1.268027
1.234737
1.201049
1.168545
1.136338
1.105286
1.073745
1.041367
1.008990
0.976614
0.945865
0.915505
0.885763
0.855340
0.823052
0.792383
0.763385
0.732079
0.699862
0.667652
0.635444
0.603243
0.572679
0.544665
0.514137
0.482038
0.449949
0.417864
0.385791
0.355232
0.328391
0.298935
0.267006
0.235093
0.203186
0.171301
0.139421
0.107562
0.075713
0.043880
0.016357
-0.008709
-0.039412
-0.071017
-0.102584
-0.134138
-0.165662
-0.197160
-0.228636
-0.260073
-0.291498
-0.314279
-0.338686
-0.369750
-0.404782
-0.444992
-0.479251
-0.510422
-0.532883
-0.555202
-0.585904
-0.616570
-0.647160
-0.671138
-0.689856
-0.717345
-0.747285
-0.777052
-0.806774
-0.836348
-0.865825
-0.895185
-0.914174
-0.928282
-0.955234
-0.981278
-0.992075
-1.008596
-1.035568
-1.051030
-1.058105
-1.062933
-1.067756
-1.091741
-1.115552
-1.138845
-1.150302
-1.148775
-1.162983
-1.183886
-1.179631
-1.177052
-1.195213
-1.212950
-1.229982
-1.228985
-1.215968
-1.225097
-1.237376
-1.219522
-1.200945
-1.180451
-1.190109
-1.230105
-1.223619
-1.199331
-1.203355
-1.203112
-1.174866
-1.158748
-1.161057
-1.162411
-1.163182
-1.162648
-1.161768
-1.159459
-1.156700
-1.152869
-1.148259
-1.142931
-1.136513
-1.129722
-1.121555
-1.113077
-1.103494
-1.093359
-1.082457
-1.051516
-1.009452
-0.992737
-0.977096
-0.934011
-0.899987
-0.885491
-0.885663
-0.898254
-0.888209
-0.871256
-0.853426
-0.835409
-0.816739
-0.786346
-0.741032
-0.712789
-0.693161
-0.694944
-0.696440
-0.674938
-0.653234
-0.631134
-0.608721
-0.586064
-0.562996
-0.540078
-0.538043
-0.525651
-0.479901
-0.453472
-0.449585
-0.430932
-0.405525
-0.379792
-0.353983
-0.327884
-0.301674
-0.275264
-0.248684
-0.221983
-0.195062
-0.168080
-0.140851
-0.117887
-0.107158
-0.088063
-0.060017
-0.031831
-0.003586
0.024831
0.053289
0.081893
0.110560
0.139329
0.168190
0.197113
0.214589
0.226515
0.183557
0.157360
0.174258
0.197768
0.227767
0.257840
0.287939
0.318130
0.340905
0.329522
0.330769
0.350718
0.377472
0.408260
0.439104
0.469962
0.500876
0.529034
0.550806
0.577537
0.608732
0.633733
0.656678
0.687902
0.719342
0.750811
0.782293
0.813796
0.845319
0.876853
0.902242
0.927454
0.959166
0.990885
1.022620
1.054367
1.086125
1.117899
1.149678
1.181478
1.213281
1.245100
1.276927
1.308765
1.336768
1.362890
1.360923
1.355734
1.350974
1.346383
1.342115
1.338129
1.334356
1.330978
1.327711
1.324936
1.322282
1.320008
1.317970
1.316200
1.337212
1.368350
1.399973
1.431849
1.464990
1.497599
1.529289
1.522965
1.490307
1.458045
1.428484
1.461625
1.494886
1.528482
1.530624
1.499928
1.515774
1.550277
1.554853
1.562803
1.598138
1.607271
1.575020
1.542772
1.510527
1.481348
1.452546
1.420367
1.388189
1.356016
1.323848
1.291683
1.259525
1.227368
1.195220
1.163913
1.136321
1.109012
1.082111
1.055666
1.029486
0.998446
0.966606
0.934784
0.901099
0.863220
0.831824
0.806125
0.775842
0.744088
0.712357
0.680633
0.648929
0.617237
0.585561
0.553904
0.522257
0.497284
0.479869
0.519352
0.548671
0.557282
0.543873
0.512725
0.481618
0.450522
0.419479
0.386329
0.346029
0.314183
0.292573
0.292460
0.302606
0.266637
0.226919
0.196128
0.165363
0.134645
0.110329
0.090736
0.062573
0.032268
0.002061
-0.024997
-0.042572
-0.065888
-0.095579
-0.125175
-0.154731
-0.196564
-0.237461
-0.267048
-0.290475
-0.303516
-0.316098
-0.328372
-0.364980
-0.406860
-0.448429
-0.489899
-0.531103
-0.567105
-0.597808
-0.628429
-0.659019
-0.689493
-0.719936
-0.750267
-0.775595
-0.793223
-0.818240
-0.847814
-0.877208
-0.906552
-0.935676
-0.964722
-0.993582
-1.030077
-1.073708
-1.106375
-1.135221
-1.163749
-1.192196
-1.220341
-1.248310
-1.276033
-1.303445
-1.330684
-1.340629
-1.349464
-1.374592
-1.399470
-1.423803
-1.447645
-1.471067
-1.493692
-1.516070
-1.561572
-1.602096
-1.623084
-1.643395
-1.662837
-1.681098
-1.698755
-1.714599
-1.729954
-1.743246
-1.755669
-1.766368
-1.775474
-1.783328
-1.788788
-1.793562
-1.795179
-1.796039
-1.794423
-1.791345
-1.786541
-1.779654
-1.771800
-1.761364
-1.750322
-1.737030
-1.722910
-1.707298
-1.690497
-1.672840
-1.653744
-1.634255
-1.613268
-1.591940
-1.569619
-1.536006
-1.490159
-1.460113
-1.436691
-1.412423
-1.387968
-1.362840
-1.344482
-1.337244
-1.317945
-1.290706
-1.263067
-1.235323
-1.207178
-1.178929
-1.150412
-1.121730
-1.092885
-1.063828
-1.034693
-1.005312
-0.973517
-0.930432
-0.898782
-0.884286
-0.860811
-0.831940
-0.790552
-0.751104
-0.763849
-0.767786
-0.751024
-0.728568
-0.700921
-0.673053
-0.645111
-0.616907
-0.588646
-0.560186
-0.531631
-0.502943
-0.464506
-0.420729
-0.390074
-0.361348
-0.332444
-0.303483
-0.274398
-0.245221
-0.215968
-0.186595
-0.157185
-0.127631
-0.098046
-0.068355
-0.038607
-0.008789
0.021108
0.051044
0.081079
0.111138
0.141289
0.171474
0.201722
0.232022
0.262362
0.292770
0.323197
0.353704
0.384229
0.414812
0.445428
0.476083
0.506785
0.537507
0.568288
0.599084
0.629931
0.660799
0.691704
0.722641
0.753600
0.784601
0.812979
0.772708
0.734829
0.703704
0.672602
0.641525
0.603947
0.563722
0.582399
0.606528
0.637923
0.669333
0.700765
0.732220
0.763689
0.795185
0.826689
0.858223
0.889766
0.921331
0.952910
0.984503
0.964653
0.925997
0.887661
0.860985
0.886811
0.915113
0.947036
0.975664
1.002364
1.033633
1.066081
1.103205
1.138764
1.170749
1.202741
1.234740
1.263104
1.290282
1.286626
1.275851
1.239802
1.231526
1.260417
1.291515
1.323790
1.353672
1.383277
1.413396
1.444247
1.476607
1.508969
1.541331
1.541331
1.518072
1.481496
1.445403
1.409200
1.372632
1.336064
1.300530
1.264415
1.228428
1.193432
1.156902
1.122099
1.088044
1.062932
1.066132
1.034964
0.997196
0.958563
0.922659
0.890155
0.851018
0.812970
0.777797
0.746299
0.750903
0.755903
0.739219
0.698825
0.662587
0.626357
0.590136
0.553923
0.517718
0.481524
0.449973
0.416519
0.380450
0.344394
0.308355
0.272330
0.236319
0.201373
0.172376
0.137408
0.101595
0.065802
0.030031
-0.005710
-0.041426
-0.077117
-0.110917
-0.137860
-0.172753
-0.208140
-0.239641
-0.264830
-0.288921
-0.283250
-0.271164
-0.271761
-0.306023
-0.353088
-0.390891
-0.419079
-0.444409
-0.492001
-0.527381
-0.552304
-0.576466
-0.608744
-0.625958
-0.655339
-0.678844
-0.693269
-0.706284
-0.717473
-0.741687
-0.763030
-0.774071
-0.803142
-0.831869
-0.846515
-0.850243
-0.852388
-0.852388
-0.871095
-0.882737
-0.878939
-0.873350
-0.919972
-0.952309
-0.973781
-0.991941
-0.981104
-0.994273
-1.012513
-1.030079
-1.046934
-1.062799
-1.077904
-1.077538
-1.061997
-1.074137
-1.085263
-1.095530
-1.104921
-1.113423
-1.120723
-1.127032
-1.114458
-1.097545
-1.133908
-1.131660
-1.126088
-1.133389
-1.163434
-1.206899
-1.219515
-1.225209
-1.229877
-1.233510
-1.235700
-1.236828
-1.236900
-1.235913
-1.233723
-1.230231
-1.225702
-1.220146
-1.213572
-1.205714
-1.196791
-1.186914
-1.176103
-1.164330
-1.151384
-1.114554
-1.080293
-1.065359
-1.049511
-1.032801
-0.996939
-0.957704
-0.943240
-0.959124
-0.974278
-0.988708
-0.997131
-0.983236
-0.968406
-0.931732
-0.906788
-0.919740
-0.902026
-0.883615
-0.847981
-0.813613
-0.824377
-0.803964
-0.782562
-0.760666
-0.738291
-0.715380
-0.691939
-0.668080
-0.652461
-0.655587
-0.681697
-0.686879
-0.698558
-0.716869
-0.712824
-0.734186
-0.756674
-0.767031
-0.756222
-0.725946
-0.763377
-0.796703
-0.816155
-0.835047
-0.853135
-0.881304
-0.921332
-0.959633
-0.944340
-0.927155
-0.908506
-0.888436
-0.866183
-0.831649
-0.797024
-0.762322
-0.727545
-0.692694
-0.657757
-0.622760
-0.587705
-0.552595
-0.517424
-0.482195
-0.446920
-0.411602
-0.376243
-0.340830
-0.305380
-0.269894
-0.234375
-0.198820
-0.163227
-0.127604
-0.091955
-0.056278
-0.020570
0.015165
0.050923
0.086703
0.122505
0.158335
0.194183
0.230050
0.265936
0.301841
0.337766
0.373707
0.409663
0.445633
0.481623
0.517626
0.553643
0.589672
0.625715
0.667793
0.705914
0.741901
0.777901
0.813916
0.849944
0.885983
0.922033
0.958094
0.994169
1.030254
1.066348
1.102451
1.138565
1.180049
1.218354
1.254421
1.290497
1.326585
1.367530
1.384619
1.387444
1.417977
1.449067
1.455495
1.435988
1.405455
1.438041
1.471084
1.506149
1.541743
1.575496
1.611986
1.646736
1.681143
1.701462
1.664921
1.628380
1.590865
1.552969
1.515427
1.478858
1.441742
1.424568
1.424463
1.424686
1.425350
1.452378
1.489088
1.524731
1.561301
1.534268
1.521218
1.510848
1.480191
1.519095
1.529979
1.551225
1.574716
1.541982
1.544137
1.524222
1.488880
1.448514
1.412207
1.379908
1.345719
1.309488
1.273263
1.237046
1.200837
1.164634
1.128439
1.092252
1.056074
1.019905
0.983743
0.947590
0.911448
0.880119
0.846915
0.810888
0.774873
0.738875
0.702889
0.666916
0.630957
0.595014
0.559088
0.527482
0.510216
0.519318
0.563315
0.547133
0.511611
0.478006
0.451830
0.426490
0.447268
0.466858
0.441952
0.407219
0.372537
0.337901
0.306637
0.284520
0.331023
0.320078
0.285981
0.249778
0.202400
0.178847
0.150287
0.116546
0.082878
0.049310
0.015830
-0.017566
-0.050875
-0.084087
-0.117175
-0.150161
-0.183044
-0.215820
-0.248458
-0.280957
-0.285911
-0.288617
-0.337233
-0.370197
-0.414837
-0.456362
-0.489307
-0.522114
-0.509590
-0.533764
-0.576835
-0.610171
-0.643354
-0.676397
-0.717665
-0.762528
-0.795553
-0.828383
-0.861055
-0.893561
-0.925894
-0.958006
-0.989876
-1.021529
-1.058853
-1.108301
-1.139725
-1.170870
-1.201731
-1.227874
-1.236611
-1.264169
-1.292781
-1.320951
-1.348651
-1.375715
-1.423056
-1.460883
-1.486945
-1.512331
-1.508706
-1.523575
-1.545263
-1.566004
-1.585571
-1.603773
-1.620778
-1.636525
-1.650951
-1.663538
-1.674500
-1.683897
-1.691681
-1.697692
-1.701445
-1.703450
-1.703698
-1.702186
-1.698548
-1.692905
-1.685588
-1.676638
-1.666100
-1.653513
-1.639484
-1.609078
-1.566113
-1.548957
-1.530424
-1.510872
-1.490351
-1.468913
-1.446398
-1.423023
-1.398925
-1.374142
-1.348694
-1.322458
-1.295687
-1.278130
-1.266848
-1.215451
-1.164025
-1.126026
-1.097180
-1.067979
-1.038343
-1.008391
-0.978154
-0.947646
-0.916858
-0.885767
-0.854457
-0.822938
-0.791219
-0.759268
-0.727120
-0.703783
-0.683115
-0.650108
-0.616925
-0.583623
-0.550207
-0.516681
-0.483037
-0.436598
-0.405960
-0.376884
-0.331198
-0.316839
-0.301944
-0.277671
-0.240905
-0.192405
-0.143731
-0.139233
-0.136104
-0.103444
-0.070653
-0.024125
0.015622
0.048450
0.081374
0.114425
0.147567
0.180794
0.214104
0.247503
0.280999
0.314567
0.348207
0.381915
0.415708
0.449570
0.483494
0.517477
0.551520
0.585637
0.619806
0.654028
0.688299
0.722628
0.757012
0.791441
0.825914
0.860430
0.895000
0.929611
0.941790
0.937748
0.961693
0.995974
1.024350
1.026390
0.991203
0.956050
0.920930
0.885840
0.850779
0.815750
0.780765
0.745814
0.706088
0.662183
0.627185
0.582765
0.580705
0.609303
0.644603
0.679938
0.722770
0.757991
0.786104
0.821544
0.857014
0.892506
0.928021
0.962512
0.989792
1.024222
1.059932
1.095659
1.131401
1.167165
1.202944
1.238738
1.273190
1.301884
1.337189
1.368972
1.400780
1.436819
1.472871
1.445841
1.442365
1.454672
1.413341
1.376986
1.337369
1.327339
1.359967
1.396320
1.365928
1.369301
1.403417
1.439862
1.476311
1.510601
1.508766
1.469945
1.431428
1.393288
1.379558
1.392602
1.428573
1.465150
1.501726
1.497720
1.497720
1.400577
1.360796
1.321164
1.281834
1.242814
1.203958
1.165589
1.127392
1.089555
1.052069
1.014781
1.048341
1.073968
1.074262
1.074920
1.075800
1.077237
1.078865
1.080917
1.061441
1.027784
0.994772
0.971323
0.975245
0.955697
0.919535
0.887643
0.855057
0.818993
0.782936
0.746883
0.710843
0.674807
0.638781
0.602763
0.566752
0.530754
0.495993
0.465999
0.432883
0.397036
0.361209
0.325389
0.289588
0.253801
0.218026
0.188485
0.158873
0.123310
0.087766
0.052240
0.016747
-0.018732
-0.054176
-0.089598
-0.124996
-0.160355
-0.195698
-0.230996
-0.266268
-0.301510
-0.328840
-0.355225
-0.390088
-0.424914
-0.459694
-0.494405
-0.529086
-0.563680
-0.598229
-0.632718
-0.667122
-0.700391
-0.721611
-0.742048
-0.761364
-0.790888
-0.822916
-0.839552
-0.862321
-0.894515
-0.926509
-0.957483
-0.970269
-0.982135
-0.992479
-1.016437
-1.046095
-1.075304
-1.096003
-1.101536
-1.105176
-1.107546
-1.082147
-1.074122
-1.099521
-1.106054
-1.103276
-1.126369
-1.139718
-1.132637
-1.143665
-1.164351
-1.153533
-1.151114
-1.169099
-1.165609
-1.149763
-1.163716
-1.178481
-1.192379
-1.205488
-1.218108
-1.196493
-1.181909
-1.191426
-1.200112
-1.208244
-1.215056
-1.212175
-1.181287
-1.170505
-1.174127
-1.176437
-1.178272
-1.179000
-1.178905
-1.178177
-1.176153
-1.173655
-1.170032
-1.165629
-1.160582
-1.154307
-1.147579
-1.139757
-1.131225
-1.122064
-1.111788
-1.101093
-1.089374
-1.094328
-1.115107
-1.106153
-1.091369
-1.075637
-1.059367
-1.042550
-1.024883
-1.006887
-0.988060
-0.968791
-0.949038
-0.928582
-0.907846
-0.886395
-0.864586
-0.842358
-0.797317
-0.749408
-0.726321
-0.702945
-0.679205
-0.654989
-0.633139
-0.634211
-0.623744
-0.597734
-0.571345
-0.544793
-0.517805
-0.490636
-0.463204
-0.435463
-0.407588
-0.379344
-0.350955
-0.322341
-0.293476
-0.264499
-0.235209
-0.205804
-0.176205
-0.146402
-0.116504
-0.086340
-0.056083
-0.025660
0.004931
0.035602
0.066501
0.103923
0.154059
0.191426
0.222409
0.272384
0.316348
0.347408
0.378594
0.409848
0.441282
0.472774
0.504388
0.536107
0.567888
0.599821
0.636775
0.686186
0.735660
0.785172
0.805028
0.831624
0.881431
0.890612
0.872381
0.854584
0.836943
0.819662
0.821509
0.837225
0.868286
0.897293
0.914494
0.940633
0.973729
0.993930
1.015775
1.049289
1.075400
1.095329
1.116116
1.139676
1.173828
1.201631
1.223746
1.217034
1.211881
1.235584
1.259733
1.284312
1.280138
1.276312
1.302395
1.328878
1.355773
1.383312
1.405821
1.398525
1.391476
1.384700
1.378346
1.376862
1.407148
1.421223
1.416112
1.439819
1.467374
1.463382
1.459623
1.456158
1.480994
1.507707
1.471392
1.434046
1.395294
1.384208
1.379502
1.341749
1.333755
1.369335
1.405522
1.441914
1.478058
1.514407
1.551079
1.562054
1.562857
1.564156
1.565648
1.567466
1.544276
1.510310
1.476930
1.456580
1.460045
1.439238
1.407077
1.375577
1.342539
1.306467
1.270401
1.234338
1.203669
1.171347
1.135392
1.099447
1.063508
1.027583
0.991664
0.955755
0.919858
0.883967
0.848093
0.812225
0.776371
0.740528
0.704694
0.668879
0.633071
0.597279
0.561501
0.525733
0.496754
0.486268
0.529739
0.553044
0.561554
0.530441
0.497347
0.471576
0.485421
0.530467
0.514162
0.487782
0.453135
0.424941
0.402199
0.410077
0.422672
0.435766
0.424254
0.390447
0.345148
0.300270
0.266412
0.232606
0.198852
0.177201
0.155676
0.122435
0.089260
0.056153
0.023163
-0.009779
-0.042592
-0.075328
-0.107980
-0.140494
-0.175073
-0.224012
-0.265459
-0.297934
-0.330258
-0.364395
-0.413527
-0.455276
-0.487540
-0.532725
-0.580306
-0.612549
-0.651906
-0.701074
-0.737569
-0.771068
-0.820258
-0.855456
-0.869917
-0.896739
-0.928103
-0.959156
-0.990069
-1.020759
-1.051168
-1.081445
-1.111306
-1.140990
-1.170374
-1.199392
-1.228237
-1.256518
-1.284575
-1.312218
-1.339384
-1.366318
-1.392481
-1.418357
-1.443660
-1.468336
-1.492690
-1.516008
-1.538948
-1.561097
-1.582427
-1.603302
-1.622819
-1.641839
-1.659785
-1.676686
-1.692964
-1.707520
-1.721445
-1.733975
-1.745244
-1.755702
-1.764111
-1.771777
-1.777760
-1.782346
-1.785968
-1.787375
-1.787990
-1.786778
-1.784183
-1.780562
-1.774812
-1.768306
-1.760036
-1.750548
-1.740090
-1.727801
-1.714861
-1.700389
-1.684943
-1.668665
-1.650942
-1.632699
-1.613222
-1.593016
-1.572140
-1.550183
-1.527829
-1.504524
-1.480689
-1.456335
-1.431191
-1.401713
-1.350219
-1.311073
-1.284936
-1.258202
-1.231237
-1.203699
-1.175875
-1.147728
-1.119139
-1.090374
-1.061165
-1.031746
-1.002074
-0.972071
-0.941933
-0.911448
-0.872326
-0.821975
-0.786646
-0.754236
-0.703969
-0.661834
-0.631049
-0.585807
-0.537814
-0.517972
-0.493887
-0.463438
-0.446563
-0.433689
-0.402256
-0.363801
-0.314015
-0.277214
-0.245706
-0.213982
-0.182183
-0.150252
-0.118184
-0.086053
-0.053742
-0.015594
0.033497
0.071264
0.103589
0.136078
0.163440
0.180415
0.176327
0.161289
0.180047
0.208175
0.255774
0.294406
0.328005
0.375216
0.403278
0.384650
0.398311
0.431495
0.464792
0.498125
0.531538
0.565016
0.598536
0.632150
0.665795
0.699511
0.733281
0.767088
0.800975
0.834889
0.868866
0.902887
0.936942
0.971065
1.005211
1.039413
1.073653
1.107924
1.071107
1.039193
1.062221
1.085747
1.109705
1.082865
1.048023
1.013221
0.978447
0.943698
0.908996
0.874313
0.839677
0.805072
0.770498
0.735976
0.701476
0.667033
0.632624
0.598251
0.554177
0.507889
0.461832
0.448405
0.472271
0.504904
0.539815
0.574774
0.605439
0.630841
0.663875
0.690811
0.646598
0.633215
0.660385
0.693927
0.728853
0.757118
0.788481
0.824222
0.859979
0.895744
0.931528
0.950569
0.944190
0.964327
0.994844
1.030859
1.066880
1.102907
1.138944
1.174984
1.211036
1.247091
1.283153
1.319223
1.355296
1.391378
1.413435
1.408852
1.408852
