-0.521086
-0.521086
-0.521086
-0.521086
-0.521086
-0.521086
-0.521086
-0.521086
-0.521086
-0.521086
-0.521086
-0.521086
-0.521086
-0.521086
-0.521086
-0.521086
-0.521086
-0.521086
-0.521086
-0.521086
-0.521086
-0.521086
-0.521086
-0.521086
-0.521086
-0.521086
-0.521086
-0.521086
-0.521086
-0.521086
-0.521086
-0.521086
-0.521086
-0.521086
-0.521086
-0.521086
-0.521086
-0.521086
-0.521086
-0.521086
-0.521086
-0.521086
-0.521086
-0.521086
-0.521086
-0.521086
-0.521086
-0.521086
-0.521086
-0.521086
-0.521086
-0.521086
-0.521086
-0.521086
-0.521086
-0.521086
-0.521086
-0.521086
-0.521086
-0.521086
-0.521086
-0.521086
-0.521086
-0.521086
-0.521086
-0.521086
-0.521086
-0.521086
-0.521086
-0.521086
-0.521086
-0.521086
-0.521086
-0.521086
-0.521086
-0.521086
-0.521086
-0.521086
-0.521086
-0.521086
-0.521086
-0.521086
-0.521086
-0.521086
-0.521086
-0.521086
-0.521086
-0.521086
-0.521086
-0.521086
-0.521086
-0.521086
-0.521086
-0.521086
-0.521086
-0.521086
-0.521086
-0.521086
-0.521086
-0.521086
-0.521086
-0.521086
-0.521086
-0.521086
-0.521086
-0.521086
-0.521086
-0.521086
-0.521086
-0.521086
-0.521086
-0.521086
-0.521086
-0.521086
-0.521086
-0.521086
-0.521086
-0.521086
-0.521086
-0.521086
-0.521086
-0.519297
-0.512242
-0.502479
-0.458816
-0.440228
-0.408810
-0.441826
-0.467672
-0.449423
-0.420077
-0.455760
-0.447676
-0.460294
-0.464370
-0.425334
-0.434411
-0.425458
-0.452286
-0.446553
-0.426126
-0.436810
-0.438922
-0.443043
-0.450227
-0.437944
-0.434530
-0.449813
-0.434330
-0.448295
-0.429610
-0.447356
-0.462803
-0.450223
-0.447949
-0.453263
-0.434012
-0.436559
-0.405151
-0.429441
-0.441369
-0.436174
-0.465390
-0.441315
-0.422351
-0.452986
-0.431599
-0.417846
-0.401636
-0.388114
-0.452468
-0.410597
-0.469068
-0.451475
-0.398596
-0.430502
-0.430448
-0.427348
-0.458868
-0.402418
-0.385434
-0.434705
-0.414605
-0.460154
-0.450677
-0.446796
-0.452858
-0.424690
-0.408163
-0.390698
-0.424479
-0.449870
-0.449094
-0.441518
-0.446615
-0.415066
-0.458319
-0.437625
-0.428632
-0.457427
-0.404060
-0.431693
-0.448628
-0.415732
-0.435543
-0.434805
-0.424678
-0.440070
-0.443972
-0.462547
-0.456149
-0.449622
-0.453820
-0.461616
-0.472480
-0.459152
-0.457678
-0.457030
-0.443851
-0.459122
-0.466843
-0.427712
-0.445744
-0.434523
-0.443729
-0.459038
-0.466805
-0.457719
-0.448345
-0.441448
-0.422479
-0.392806
-0.428723
-0.442718
-0.414259
-0.457622
-0.419308
-0.449785
-0.445830
-0.452978
-0.458904
-0.437887
-0.385477
-0.416621
-0.453152
-0.438394
-0.437693
-0.436441
-0.459779
-0.442652
-0.442916
-0.406229
-0.403143
-0.448560
-0.407801
-0.427199
-0.451673
-0.436619
-0.451157
-0.423753
-0.407627
-0.446630
-0.418985
-0.445599
-0.451826
-0.379015
-0.405299
-0.410885
-0.455297
-0.426754
-0.414791
-0.459659
-0.431085
-0.444029
-0.464650
-0.448467
-0.442011
-0.430189
-0.412587
-0.450963
-0.442968
-0.455253
-0.444359
-0.413478
-0.440024
-0.439578
-0.445662
-0.462034
-0.417195
-0.409126
-0.413144
-0.418687
-0.443914
-0.383534
-0.371132
-0.427203
-0.406886
-0.446038
-0.417854
-0.405431
-0.455586
-0.438689
-0.456931
-0.444093
-0.421797
-0.402044
-0.418248
-0.428046
-0.427461
-0.398377
-0.428051
-0.445875
-0.455294
-0.432998
-0.410655
-0.448944
-0.421408
-0.415931
-0.448260
-0.462112
-0.454932
-0.455098
-0.449034
-0.440257
-0.408002
-0.446378
-0.454938
-0.431204
-0.356927
-0.401183
-0.447095
-0.465840
-0.439760
-0.463829
-0.410949
-0.445332
-0.467287
-0.463512
-0.464287
-0.446706
-0.386954
-0.439956
-0.458374
-0.431626
-0.419795
-0.425207
-0.435178
-0.392934
-0.436034
-0.459550
-0.401311
-0.408111
-0.375737
-0.415410
-0.453203
-0.427696
-0.363907
-0.376133
-0.392665
-0.425333
-0.420498
-0.425617
-0.431600
-0.428304
-0.430922
-0.412395
-0.441505
-0.445932
-0.385933
-0.380191
-0.394879
-0.370736
-0.414854
-0.452448
-0.452775
-0.430016
-0.369643
-0.431915
-0.424359
-0.426913
-0.464070
-0.416297
-0.405747
-0.429233
-0.448136
-0.464077
-0.382849
-0.384003
-0.428815
-0.406448
-0.434977
-0.417523
-0.406680
-0.461021
-0.436558
-0.429031
-0.442111
-0.438699
-0.450764
-0.459114
-0.438703
-0.454608
-0.412718
-0.427530
-0.460518
-0.424464
-0.414410
-0.422285
-0.438362
-0.432089
-0.416767
-0.457064
-0.418290
-0.424415
-0.440846
-0.450358
-0.462959
-0.432564
-0.392572
-0.377900
-0.407695
-0.449179
-0.459461
-0.409648
-0.401665
-0.430160
-0.467597
-0.458086
-0.423723
-0.414682
-0.415232
-0.387767
-0.410814
-0.380457
-0.372846
-0.382159
-0.355219
-0.311455
-0.018380
0.776868
-0.027553
-0.108090
-0.209100
-0.108408
0.155628
0.350733
0.628988
0.351124
0.813910
0.739451
0.820692
0.480619
0.995843
0.499943
0.893804
1.175960
1.029958
0.733586
2.087753
1.203845
1.095057
1.271196
1.092603
0.891818
0.756408
0.860134
1.967576
1.793008
1.572618
1.045878
1.456650
2.181398
1.851940
2.342157
2.695409
3.141413
2.453425
0.970869
1.037417
0.779071
1.007008
0.773910
1.127584
1.432899
1.169312
1.270753
1.102098
1.232965
1.088771
1.054785
1.825723
2.631556
2.243781
1.479477
2.589033
1.954881
3.104883
2.547496
2.893670
1.960884
1.245144
1.318740
3.189673
2.416364
1.500784
2.124230
2.487226
2.350038
4.319319
1.869594
1.613767
0.715199
1.767632
3.051198
3.031640
2.823617
1.605062
2.227782
3.344549
2.466219
2.273356
2.438125
2.613421
2.438604
3.343926
4.031381
5.027783
2.556343
2.823615
3.022149
1.614496
1.409174
2.484754
2.991702
1.719783
2.614784
2.111601
1.985234
1.380124
1.320369
2.606287
2.381008
2.002900
1.646361
2.607228
2.740334
3.922403
2.932431
1.799769
2.944172
2.552219
2.182303
1.206944
2.247784
2.600753
1.569897
2.360136
1.527131
0.998875
1.641039
2.179129
0.825895
1.523104
3.022171
2.384798
-0.074889
-0.373969
-0.314496
-0.332670
-0.374386
-0.401356
-0.375985
-0.399283
-0.366720
-0.327889
-0.398218
-0.272209
-0.266511
-0.329863
-0.372109
-0.417826
-0.362350
-0.376299
-0.406296
-0.372576
-0.401322
-0.353098
-0.408573
-0.413784
-0.383349
-0.386154
-0.391761
-0.396562
-0.422729
-0.429943
-0.444077
-0.396122
-0.366664
-0.389605
-0.374644
-0.437209
-0.412505
-0.438829
-0.449390
-0.425267
-0.399140
-0.371770
-0.410301
-0.437769
-0.433637
-0.440130
-0.394881
-0.403501
-0.448312
-0.439381
-0.462985
-0.436107
-0.408240
-0.440579
-0.409642
-0.446531
-0.445449
-0.435500
-0.423926
-0.394966
-0.423038
-0.406377
-0.411390
-0.454514
-0.442734
-0.431402
-0.440450
-0.452373
-0.497878
-0.517067
-0.521086
-0.521086
-0.671410
-0.671410
-0.671410
-0.671410
-0.671410
-0.671410
-0.671410
-0.671410
-0.671410
-0.671410
-0.671410
-0.671410
-0.671410
-0.671410
-0.671410
-0.671410
-0.671410
-0.671410
-0.671410
-0.671410
-0.671410
-0.671410
-0.671410
-0.671410
-0.671410
-0.671410
-0.671410
-0.671410
-0.671410
-0.671410
-0.671410
-0.671410
-0.671410
-0.671410
-0.671410
-0.671410
-0.671410
-0.671410
-0.671410
-0.671410
-0.671410
-0.671410
-0.671410
-0.671410
-0.671410
-0.671410
-0.671410
-0.671410
-0.671410
-0.671410
-0.671410
-0.671410
-0.671410
-0.671410
-0.671410
-0.671410
-0.671410
-0.671410
-0.671410
-0.671410
-0.671410
-0.671410
-0.671410
-0.671410
-0.671410
-0.671410
-0.671410
-0.671410
-0.671410
-0.671410
-0.671410
-0.671410
-0.671410
-0.671410
-0.671410
-0.671410
-0.671410
-0.671410
-0.671410
-0.671410
-0.671410
-0.671410
-0.671410
-0.671410
-0.671410
-0.671410
-0.671410
-0.671410
-0.671410
-0.671410
-0.671410
-0.671410
-0.671410
-0.671410
-0.671410
-0.671410
-0.671410
-0.671410
-0.671410
-0.671410
-0.671410
-0.671410
-0.671410
-0.671362
-0.664703
-0.647660
-0.625749
-0.618669
-0.620567
-0.562013
-0.613934
-0.604982
-0.610540
-0.557783
-0.586225
-0.559630
-0.541843
-0.542346
-0.547253
-0.497983
-0.486777
-0.431083
-0.425684
-0.501092
-0.494643
-0.534820
-0.496187
-0.525105
-0.481511
-0.482285
-0.454384
-0.498172
-0.520065
-0.474047
-0.451975
-0.431271
-0.479633
-0.459303
-0.461796
-0.476435
-0.260406
0.369118
0.408932
0.290386
0.403250
0.265973
-0.309252
-0.498466
-0.437118
-0.503217
-0.491977
-0.488481
-0.449619
-0.441109
-0.470829
-0.440026
-0.517707
-0.444934
-0.455515
-0.486272
-0.475903
-0.477803
-0.510090
-0.500411
-0.494107
-0.465694
-0.425681
-0.482674
-0.404639
-0.374952
-0.452558
-0.468618
-0.375396
-0.460248
-0.506416
-0.472827
-0.418896
-0.460823
-0.470702
-0.425170
-0.444660
-0.450378
-0.475166
-0.454330
-0.379716
-0.434341
-0.466060
-0.508875
-0.501427
-0.487675
-0.483668
-0.470466
-0.413526
-0.491862
-0.473345
-0.408828
-0.406961
-0.430946
-0.403011
-0.414206
-0.442556
-0.434800
-0.456233
-0.474863
-0.497972
-0.434905
-0.459958
-0.489064
-0.465208
-0.490375
-0.474450
-0.408652
-0.499975
-0.520929
-0.534116
-0.505366
-0.512672
-0.490680
-0.485774
-0.437206
-0.491123
-0.500034
-0.460907
-0.420446
-0.517660
-0.519530
-0.488190
-0.472187
-0.523314
-0.528506
-0.493806
-0.447430
-0.507541
-0.487008
-0.480438
-0.484136
-0.486776
-0.476423
-0.462152
-0.487389
-0.295730
0.253849
0.275033
0.309318
0.230916
0.348929
-0.260139
-0.467648
-0.429743
-0.492218
-0.493685
-0.458207
-0.499307
-0.462648
-0.463800
-0.479545
-0.484510
-0.511728
-0.370371
-0.411178
-0.391754
-0.464839
-0.449498
-0.511796
-0.438207
-0.435215
-0.467070
-0.482183
-0.405432
-0.490204
-0.542750
-0.488239
-0.465296
-0.420534
-0.457280
-0.515691
-0.508431
-0.499463
-0.496441
-0.411885
-0.412410
-0.512867
-0.487655
-0.526612
-0.501517
-0.446153
-0.474343
-0.509769
-0.470922
-0.481984
-0.520929
-0.401876
-0.467065
-0.411741
-0.497425
-0.468872
-0.477716
-0.474104
-0.458687
-0.421598
-0.482229
-0.473453
-0.491906
-0.442726
-0.438914
-0.412056
-0.463478
-0.526796
-0.466290
-0.440335
-0.496186
-0.454827
-0.491087
-0.470457
-0.508954
-0.515544
-0.523266
-0.537055
-0.453977
-0.454917
-0.428118
-0.466633
-0.454120
-0.441185
-0.409180
-0.412463
-0.384562
-0.428889
-0.441396
-0.467173
-0.461809
-0.473141
-0.473865
-0.391934
-0.436884
-0.445510
-0.369038
-0.440006
-0.442289
-0.478034
-0.209558
0.417811
0.373523
0.187715
0.258050
0.181088
-0.319101
-0.437042
-0.450043
-0.465697
-0.479770
-0.391422
-0.395134
-0.354098
-0.369913
-0.415845
-0.365771
-0.404776
-0.444134
-0.462840
-0.449337
-0.433075
-0.395830
-0.391942
-0.386656
-0.373400
-0.377805
-0.330317
-0.333252
-0.332536
-0.432275
-0.333849
-0.269185
-0.280167
-0.361436
-0.263760
-0.228752
-0.179394
-0.179018
-0.230790
-0.206934
-0.143344
-0.230936
-0.088490
-0.289087
-0.188157
-0.157078
-0.121136
-0.130619
-0.145299
0.012431
0.046575
0.146734
0.153360
0.275062
0.140701
0.231825
0.314154
-0.039325
0.086913
0.067109
-0.060242
0.090648
0.057813
0.325704
0.584127
0.602787
0.443291
0.156912
0.317738
0.475706
0.263615
0.388003
0.366722
0.291392
0.451140
0.389484
0.132518
0.554553
1.043748
0.723229
0.916183
1.073645
1.063637
0.750135
0.967849
1.160570
1.069628
1.045392
1.775939
1.867171
2.371968
1.971099
1.621152
1.687819
1.119927
1.988925
1.807292
0.915068
1.652114
1.680884
2.199121
3.132669
2.597608
2.693217
2.549858
2.107113
2.685948
1.875408
1.461328
1.295362
1.929145
2.166488
1.826396
1.832673
1.716622
2.122843
3.023843
3.172394
2.958072
3.348769
2.409992
3.419322
2.911493
3.522042
4.674654
3.936884
2.719337
3.162214
3.015543
3.412328
2.083127
3.593853
3.781890
2.523509
2.009634
1.899920
1.987284
2.071663
2.273319
2.685162
2.920330
2.248907
2.307636
2.657007
3.280237
2.134097
2.096546
1.869176
1.900576
2.149923
3.625973
3.626311
3.137141
3.621492
2.786855
2.347768
2.504001
2.535831
1.746869
1.531409
1.573585
1.788123
1.344632
1.373564
1.270072
1.187467
0.594227
0.841865
0.803935
0.828262
1.216726
0.945183
0.759276
0.811841
0.857898
1.042114
1.016297
0.793772
0.989479
0.487090
0.577356
0.624848
0.754354
0.344701
0.615544
0.769106
0.169295
0.286764
0.208171
0.340447
0.370189
0.262097
0.082980
0.333009
0.346773
0.218828
0.384513
0.191319
-0.093072
0.262094
0.838438
0.743224
0.588610
0.963917
0.931645
0.078808
0.200229
0.063741
-0.182152
-0.149049
-0.272390
-0.323330
-0.299837
-0.204736
-0.328257
-0.346015
-0.352001
-0.363826
-0.378184
-0.372364
-0.297208
-0.405250
-0.386956
-0.401209
-0.380395
-0.336588
-0.435123
-0.462988
-0.467317
-0.403633
-0.482409
-0.467713
-0.426157
-0.416027
-0.426872
-0.491213
-0.389476
-0.448574
-0.406902
-0.445219
-0.416281
-0.453096
-0.432720
-0.451444
-0.382160
-0.367215
-0.440852
-0.403515
-0.375506
-0.420347
-0.484629
-0.442153
-0.395550
-0.430429
-0.486879
-0.471927
-0.329395
-0.315792
-0.350336
-0.415789
-0.474957
-0.473276
-0.474502
-0.516243
-0.495707
-0.479628
-0.509446
-0.442061
-0.426993
-0.442724
-0.436535
-0.435997
-0.464473
-0.435078
-0.454593
-0.358497
-0.346749
-0.300845
-0.455912
-0.521359
-0.511112
-0.542743
-0.564983
-0.578462
-0.590491
-0.587976
-0.637189
-0.642220
-0.668094
-0.671410
-0.671410
-0.671410
-0.671410
-0.671410
-0.671410
-0.671410
-0.695741
-0.695741
-0.695741
-0.695741
-0.695741
-0.695741
-0.695741
-0.695741
-0.695741
-0.695741
-0.695741
-0.695741
-0.695741
-0.695741
-0.695741
-0.695741
-0.695741
-0.695741
-0.695741
-0.695741
-0.695741
-0.695741
-0.695741
-0.695741
-0.695741
-0.695741
-0.695741
-0.695741
-0.695741
-0.695741
-0.695741
-0.695741
-0.695741
-0.695741
-0.695741
-0.695741
-0.695741
-0.695741
-0.695741
-0.695741
-0.695741
-0.695741
-0.695741
-0.695741
-0.695741
-0.695741
-0.695741
-0.695741
-0.695741
-0.695741
-0.695741
-0.695741
-0.695741
-0.695741
-0.695741
-0.695741
-0.695741
-0.695741
-0.695741
-0.695741
-0.695741
-0.695741
-0.695741
-0.695741
-0.695741
-0.695741
-0.695741
-0.695741
-0.695741
-0.695741
-0.695741
-0.695741
-0.695741
-0.695741
-0.695741
-0.695741
-0.695741
-0.695741
-0.695741
-0.695741
-0.695741
-0.695741
-0.695741
-0.695741
-0.695741
-0.695741
-0.695741
-0.695741
-0.695741
-0.695741
-0.695741
-0.695741
-0.695741
-0.695741
-0.695741
-0.695741
-0.695741
-0.695741
-0.695741
-0.695741
-0.695741
-0.689169
-0.676894
-0.683100
-0.610574
-0.615504
-0.636947
-0.632089
-0.595255
-0.614384
-0.604208
-0.607337
-0.603454
-0.532194
-0.359001
-0.508009
-0.484423
-0.443127
-0.460308
-0.494796
-0.392609
-0.265937
-0.325742
-0.313597
-0.199453
-0.323517
-0.394643
-0.414947
-0.405392
-0.311602
-0.286464
-0.371733
-0.354497
-0.399815
-0.424507
-0.335444
-0.405539
-0.357783
-0.369687
-0.377938
-0.312367
-0.365466
-0.403352
-0.417918
-0.356966
-0.358938
-0.293361
-0.348935
-0.332664
-0.391831
-0.435503
-0.444222
-0.347983
-0.379714
-0.381492
-0.319531
-0.330926
-0.481712
-0.443070
-0.351008
-0.345932
-0.180964
-0.284382
-0.414753
-0.459267
-0.477831
-0.369483
-0.298926
-0.436357
-0.434126
-0.389677
-0.369796
-0.324330
-0.342912
-0.332437
-0.201457
-0.385587
-0.368448
-0.425707
-0.328217
-0.382224
-0.420678
-0.426378
-0.387541
-0.386750
-0.355117
-0.363036
-0.358839
-0.480774
-0.460569
-0.343470
-0.351621
-0.320618
-0.230569
-0.380393
-0.430034
-0.420848
-0.388818
-0.251603
-0.398374
-0.365497
-0.413810
-0.409019
-0.350991
-0.471031
-0.398099
-0.338087
-0.439081
-0.400809
-0.395055
-0.427526
-0.344093
-0.271803
-0.442197
-0.411859
-0.440729
-0.437814
-0.336457
-0.341431
-0.483047
-0.422517
-0.452480
-0.386194
-0.440061
-0.287878
-0.458228
-0.460715
-0.408881
-0.352547
-0.200317
-0.361842
-0.423532
-0.432587
-0.419690
-0.352611
-0.388760
-0.357326
-0.282989
-0.335505
-0.412902
-0.435699
-0.422559
-0.453533
-0.320893
-0.406240
-0.412352
-0.393162
-0.301559
-0.298028
-0.395183
-0.346791
-0.368281
-0.448887
-0.443827
-0.412196
-0.422257
-0.473442
-0.442757
-0.420920
-0.448181
-0.346061
-0.381578
-0.446678
-0.413245
-0.420696
-0.420107
-0.411425
-0.390762
-0.458933
-0.375607
-0.459956
-0.439905
-0.413460
-0.301456
-0.285070
-0.444745
-0.413287
-0.411198
-0.387224
-0.343124
-0.399159
-0.419404
-0.414055
-0.430087
-0.378650
-0.393972
-0.359689
-0.462845
-0.471930
-0.447941
-0.438593
-0.382681
-0.354125
-0.442898
-0.448584
-0.465042
-0.458682
-0.364908
-0.374547
-0.306880
-0.295336
-0.396777
-0.459591
-0.471321
-0.401011
-0.340274
-0.367619
-0.430781
-0.431272
-0.400885
-0.403561
-0.383167
-0.304453
-0.402585
-0.432053
-0.417906
-0.457517
-0.463400
-0.433257
-0.438222
-0.529630
-0.483705
-0.442970
-0.378151
-0.398508
-0.385167
-0.421475
-0.437434
-0.407799
-0.421101
-0.373257
-0.292837
-0.454284
-0.453691
-0.469022
-0.403868
-0.316745
-0.354919
-0.437251
-0.404842
-0.438669
-0.424630
-0.386948
-0.370130
-0.423006
-0.428387
-0.426120
-0.395604
-0.357020
-0.352458
-0.402549
-0.395917
-0.333065
-0.401442
-0.308427
-0.401894
-0.415182
-0.459436
-0.415869
-0.496745
-0.442211
-0.434043
-0.402009
-0.434740
-0.452573
-0.430262
-0.390579
-0.408559
-0.271905
-0.432019
-0.387493
-0.366094
-0.417461
-0.291665
-0.307795
-0.389763
-0.407381
-0.431962
-0.452884
-0.343897
-0.407527
-0.470265
-0.423695
-0.466853
-0.434023
-0.469152
-0.322029
-0.377205
-0.443555
-0.477238
-0.411461
-0.390299
-0.404552
-0.453269
-0.430602
-0.465387
-0.433033
-0.346937
-0.297914
-0.155502
-0.299035
-0.169969
-0.250517
-0.078685
-0.218823
-0.200635
0.126973
0.024495
0.036035
0.334482
0.536617
0.674579
0.539829
0.889070
1.310651
1.401807
1.567525
0.982369
1.449352
1.390128
1.476854
1.444420
2.121940
2.038904
1.494340
1.815566
1.928827
2.383276
2.160583
2.168613
3.224379
3.081955
3.465680
5.367146
3.417183
3.110107
3.710339
4.412457
4.739189
3.197476
3.023338
2.827115
2.236101
2.157415
2.530358
2.690298
3.628885
2.628448
2.858412
2.730510
1.839012
1.902782
3.541496
1.530371
2.364362
2.274373
2.096057
1.464605
2.049160
1.962381
1.427543
2.140062
2.743495
3.187840
2.786340
3.469977
1.992677
1.817696
2.011006
2.038609
2.378572
2.274420
1.849803
1.720194
2.375339
1.470618
1.725176
1.963503
1.851901
2.173107
2.503188
2.581779
1.716877
1.958720
2.682653
2.012897
1.640039
1.250200
1.394929
1.595656
1.894589
2.237343
1.560989
1.407119
1.490209
1.495136
2.107773
1.475393
1.550272
1.109641
1.233388
1.096887
1.069243
1.403431
0.979020
1.379991
1.690802
1.748282
1.939577
1.056934
1.784884
1.071085
0.530047
1.604441
1.284420
1.189022
1.052235
0.974621
0.661179
0.617132
0.778185
0.623801
0.383921
0.574042
0.654337
0.172454
0.178952
0.095641
0.404592
0.194836
0.314052
0.207759
-0.020168
-0.039930
0.032066
-0.086386
-0.011622
-0.056980
0.050067
-0.029730
0.020992
-0.179205
-0.298636
-0.238747
-0.266505
-0.217413
-0.255941
-0.238694
-0.261328
-0.281403
-0.324970
-0.311317
-0.241548
-0.140008
-0.156528
-0.273369
-0.199751
-0.233002
-0.194656
-0.050275
-0.192459
-0.161869
-0.193746
-0.134999
-0.251189
-0.260345
-0.314596
-0.141740
-0.313932
-0.299458
-0.311056
-0.256830
-0.211233
-0.269810
-0.269296
-0.278375
-0.336295
-0.320949
-0.347560
-0.281965
-0.278445
-0.306330
-0.343872
-0.404896
-0.336822
-0.293755
-0.324867
-0.279532
-0.355794
-0.405266
-0.379704
-0.309159
-0.286662
-0.346776
-0.312724
-0.354109
-0.378930
-0.367300
-0.285179
-0.298541
-0.299912
-0.275056
-0.241629
-0.270187
-0.355429
-0.333968
-0.237475
-0.246144
-0.150579
-0.232647
-0.259575
-0.264302
-0.344886
-0.382935
-0.252997
-0.334532
-0.236497
-0.421843
-0.344495
-0.398368
-0.415624
-0.450782
-0.445866
-0.468464
-0.556612
-0.534125
-0.616017
-0.656758
-0.692326
-0.695740
-0.695741
-0.695741
-0.695741
-0.695741
-0.695741
-0.695741
-0.695741
0.008019
0.050076
-0.522537
-0.852735
-0.947162
-0.967379
-0.967379
-0.967379
-0.967379
-0.967379
-0.967379
-0.967379
-0.967379
-0.967379
-0.967379
-0.967379
-0.967379
-0.967379
-0.967379
-0.967379
-0.967379
-0.967379
-0.967379
-0.967379
-0.967379
-0.967379
-0.967379
-0.967379
-0.967379
-0.967379
-0.967379
-0.967379
-0.967379
-0.967379
-0.967379
-0.967379
-0.967379
-0.967379
-0.967379
-0.967379
-0.967379
-0.967379
-0.967379
-0.967379
-0.967379
-0.967379
-0.967379
-0.967379
-0.967379
-0.967379
-0.967379
-0.967379
-0.967379
-0.967379
-0.967379
-0.967379
-0.967379
-0.967379
-0.967379
-0.967379
-0.967379
-0.967379
-0.967379
-0.967379
-0.967379
-0.967379
-0.967379
-0.967379
-0.967379
-0.967379
-0.967379
-0.967379
-0.967379
-0.967379
-0.967379
-0.967379
-0.967379
-0.967379
-0.967379
-0.967379
-0.967379
-0.967379
-0.967379
-0.967379
-0.967379
-0.967379
-0.967379
-0.967379
-0.967379
-0.967379
-0.967379
-0.967379
-0.967379
-0.967379
-0.967379
-0.967379
-0.967379
-0.967379
-0.967379
-0.967379
-0.967379
-0.967379
-0.967379
-0.967379
-0.967379
-0.967379
-0.967379
-0.967379
-0.967379
-0.967379
-0.967379
-0.967379
-0.967379
-0.967379
-0.967379
-0.967379
-0.967379
-0.967379
-0.967379
-0.967379
-0.967379
-0.967379
-0.967379
-0.967379
-0.967379
-0.967379
-0.967379
-0.967379
-0.967379
-0.779579
-0.552482
-0.452882
-0.463357
-0.549674
-0.560581
-0.562450
-0.477387
-0.569735
-0.589547
-0.571520
-0.589729
-0.529558
-0.462195
-0.460625
-0.477143
-0.466802
-0.480017
-0.432216
-0.422179
-0.581491
-0.541685
-0.347426
-0.602865
-0.531629
-0.543894
-0.633241
-0.536998
-0.482694
-0.671507
-0.369945
-0.501850
-0.486652
-0.308745
-0.333634
-0.434118
-0.478508
-0.564207
-0.372611
-0.498276
-0.548116
-0.488974
-0.566558
-0.511688
-0.506410
-0.490948
-0.442463
-0.381054
-0.498747
-0.483943
-0.420050
-0.567253
-0.626255
-0.457287
-0.617350
-0.661580
-0.630608
-0.662495
-0.577284
-0.631297
-0.612753
-0.443242
-0.472713
-0.452380
-0.438550
-0.576933
-0.505496
-0.643090
-0.583182
-0.260467
-0.430419
-0.529886
-0.525264
-0.554293
-0.475041
-0.426235
-0.483891
-0.277883
-0.479639
-0.574586
-0.552136
-0.466118
-0.371749
-0.532820
-0.573567
-0.498615
-0.585359
-0.591414
-0.451684
-0.522734
-0.594799
-0.524925
-0.581669
-0.556216
-0.396330
-0.544438
-0.398669
-0.500236
-0.577662
-0.477768
-0.291170
-0.482028
-0.379710
-0.515729
-0.395980
-0.484200
-0.500441
-0.504454
-0.298062
-0.406802
-0.482044
-0.430456
-0.447601
-0.384732
-0.599604
-0.544647
-0.513231
-0.588737
-0.563922
-0.482364
-0.548770
-0.596516
-0.601983
-0.653954
-0.463537
-0.419193
-0.607548
-0.446247
-0.513641
-0.529489
-0.459209
-0.511104
-0.470519
-0.515268
-0.571412
-0.486373
-0.535998
-0.537666
-0.460779
-0.479902
-0.423587
-0.481895
-0.627408
-0.488402
-0.526378
-0.608304
-0.514375
-0.463354
-0.532534
-0.508266
-0.568491
-0.510764
-0.518190
-0.589974
-0.661719
-0.536892
-0.507314
-0.594628
-0.521898
-0.575613
-0.569796
-0.592506
-0.583194
-0.500480
-0.617191
-0.570693
-0.504730
-0.650576
-0.537528
-0.570684
-0.601467
-0.441166
-0.485696
-0.583748
-0.425947
-0.469842
-0.625003
-0.565012
-0.508941
-0.462809
-0.587743
-0.576908
-0.507420
-0.497217
-0.607843
-0.594072
-0.625210
-0.477574
-0.536463
-0.463480
-0.540301
-0.468109
-0.597268
-0.562805
-0.538444
-0.515275
-0.538647
-0.494183
-0.572643
-0.557343
-0.521775
-0.471192
-0.442067
-0.459905
-0.483122
-0.545198
-0.491839
-0.452483
-0.503821
-0.493566
-0.563897
-0.462617
-0.487991
-0.316152
-0.507638
-0.563563
-0.569148
-0.566978
-0.478356
-0.514195
-0.495171
-0.559678
-0.618757
-0.602466
-0.473862
-0.551132
-0.535240
-0.532723
-0.612339
-0.506103
-0.616714
-0.559747
-0.552336
-0.481919
-0.465625
-0.438093
-0.536010
-0.380064
-0.405064
-0.533717
-0.425576
-0.478893
-0.371973
-0.461430
-0.417043
-0.525826
-0.464918
-0.577122
-0.574398
0.287423
2.276853
1.668452
1.525367
0.573033
0.636351
2.231241
2.913680
0.559858
1.207625
1.253931
1.108899
0.979001
0.440219
1.508428
0.856820
0.740319
1.037617
0.945178
0.984795
1.263501
0.706204
1.339426
1.195957
1.243290
1.601159
1.396351
1.485097
1.496323
1.026387
1.889209
1.245198
1.782176
1.799923
1.134810
2.240726
2.756013
2.907718
1.434877
1.572191
2.220060
1.806794
2.482008
2.964787
2.403237
2.274251
3.127115
3.500472
2.270454
2.483483
3.060163
3.437447
2.562516
1.714748
1.881664
2.746415
1.627146
2.023487
1.929253
2.850184
2.769520
2.439638
3.118531
2.305815
1.904246
1.829497
2.212609
1.641024
1.556704
2.155920
2.066971
1.784975
1.131791
3.364677
2.403966
2.275411
2.111746
1.566070
1.331342
1.377377
1.789055
1.966783
2.856678
2.086443
1.588793
2.460827
2.880390
2.316565
2.054225
1.289960
1.108062
1.873032
1.609617
0.970479
1.665056
2.048448
2.205894
1.372374
2.039304
1.805538
2.146972
2.169810
2.634634
1.791974
1.854631
1.409174
1.270531
0.887959
1.157315
0.664253
1.266873
0.895763
0.725410
0.882144
0.591244
0.747071
1.093659
0.434143
0.624624
0.612630
0.348988
0.687800
0.336986
0.686036
0.820242
0.534896
0.390246
0.665061
0.538743
0.669145
0.567967
0.288575
0.615610
0.703396
0.798673
0.477680
0.847147
0.518595
0.494257
0.461250
0.434349
0.468256
0.736836
0.564743
0.800090
0.228566
0.699892
0.409902
0.678232
0.814505
0.934157
1.099843
0.909371
1.218403
1.052172
0.820860
0.390820
0.249535
0.693198
0.494029
0.372654
0.550723
0.080609
0.065805
0.514223
0.630207
0.848173
0.517886
0.368382
0.288805
0.340485
0.287552
0.449971
0.250777
0.614961
0.620898
0.594375
0.519891
0.370079
0.295126
0.370913
0.236416
0.524942
0.370043
0.459647
0.384388
0.125571
0.174310
0.090894
-0.033901
0.097652
0.115024
0.282637
0.258294
0.455801
0.260306
0.269391
0.290550
0.470650
0.365846
0.329236
0.301830
0.114172
0.089369
0.153634
0.026171
-0.003317
-0.035077
0.499332
-0.017823
0.090475
0.103537
0.081872
0.259066
0.137862
0.118074
0.150472
0.321355
0.019866
0.068188
-0.072094
0.400196
0.292257
0.280298
0.218214
0.161873
-0.011839
0.080147
0.157559
0.228639
0.107646
0.157536
-0.030398
0.092517
-0.335129
-0.365207
0.008159
-0.120710
-0.259638
-0.044488
-0.243910
-0.058448
-0.027097
0.012580
0.126034
0.012371
0.033208
0.051005
-0.175136
0.000684
-0.030212
-0.028310
-0.080411
-0.064208
-0.190216
-0.091932
-0.015851
0.104167
-0.055047
-0.641289
-0.641289
-0.641289
-0.641289
-0.641289
-0.641289
-0.641289
-0.641289
-0.641289
-0.641289
-0.641289
-0.641289
-0.641289
-0.641289
-0.641289
-0.641289
-0.641289
-0.641289
-0.641289
-0.641289
-0.641289
-0.641289
-0.641289
-0.641289
-0.641289
-0.641289
-0.641289
-0.641289
-0.641289
-0.641289
-0.641289
-0.641289
-0.641289
-0.641289
-0.641289
-0.641289
-0.641289
-0.641289
-0.641289
-0.641289
-0.641289
-0.641289
-0.641289
-0.641289
-0.641289
-0.641289
-0.641289
-0.641289
-0.641289
-0.641289
-0.641289
-0.641289
-0.641289
-0.641289
-0.641289
-0.641289
-0.641289
-0.641289
-0.641289
-0.641289
-0.641289
-0.641289
-0.641289
-0.641289
-0.641289
-0.641289
-0.641289
-0.641289
-0.641289
-0.641289
-0.641289
-0.641289
-0.641289
-0.641289
-0.641289
-0.641289
-0.641289
-0.641289
-0.641289
-0.641289
-0.641289
-0.641289
-0.641289
-0.641289
-0.641289
-0.641289
-0.641289
-0.641289
-0.641289
-0.641289
-0.641289
-0.641289
-0.641289
-0.641289
-0.641289
-0.641289
-0.641289
-0.641289
-0.641289
-0.641078
-0.628300
-0.585899
-0.523337
-0.559588
-0.485669
-0.500659
-0.555291
-0.486222
-0.445356
-0.515226
-0.556880
-0.555495
-0.498854
-0.428142
-0.444290
-0.214526
-0.352369
-0.319538
-0.267746
-0.228234
-0.340536
-0.294996
-0.268471
-0.351383
-0.300028
-0.279229
-0.316798
-0.322444
-0.282474
-0.254280
-0.285956
-0.232287
-0.277759
-0.295122
-0.243217
-0.241865
-0.238038
-0.270208
-0.185458
-0.269103
-0.279937
-0.296700
-0.233745
-0.273976
-0.269389
-0.211107
-0.254715
-0.200479
-0.303615
-0.212613
-0.220849
-0.330526
-0.320392
-0.287886
-0.361812
-0.376914
-0.382550
-0.300490
-0.324590
-0.337171
-0.247203
-0.337811
-0.356024
-0.318678
-0.258589
-0.261177
-0.297773
-0.280930
-0.291492
-0.317196
-0.317713
-0.320612
-0.430088
-0.376912
-0.296426
-0.354126
-0.327427
-0.310831
-0.285682
-0.373203
-0.325664
-0.281616
-0.269804
-0.318904
-0.314747
-0.305358
-0.326760
-0.347110
-0.283454
-0.360433
-0.343178
-0.301377
-0.296072
-0.314002
-0.202886
-0.299095
-0.363837
-0.317523
-0.283158
-0.002625
0.412112
0.354800
0.368257
0.248736
-0.224494
-0.298454
-0.277012
-0.171254
-0.277994
-0.269498
-0.237108
-0.295124
-0.326374
-0.331839
-0.236256
-0.248378
-0.341988
-0.313555
-0.380597
-0.379858
-0.378861
-0.325270
-0.309901
-0.240535
-0.357189
-0.251112
-0.291345
-0.354517
-0.364584
-0.334463
-0.282296
-0.333285
-0.358654
-0.295153
-0.288890
-0.368180
-0.376773
-0.386817
-0.361409
-0.303598
-0.256243
-0.324717
-0.291843
-0.276726
-0.330420
-0.327677
-0.215589
-0.333364
-0.323756
-0.294284
-0.351751
-0.380178
-0.382074
-0.332168
-0.276450
-0.260058
-0.200404
-0.274198
-0.275264
-0.331948
-0.338130
-0.321154
-0.322753
-0.289347
-0.375161
-0.310132
-0.355819
-0.354995
-0.410010
-0.299431
-0.276661
-0.299206
-0.252619
-0.328427
-0.354010
-0.313375
-0.209366
-0.201703
-0.301640
-0.346161
-0.352063
-0.377943
-0.342649
-0.298065
-0.344079
-0.270931
-0.242385
-0.337706
-0.293785
-0.277580
-0.324639
-0.357787
-0.378439
-0.389483
-0.324538
-0.375972
-0.318175
-0.313406
-0.249653
0.266410
0.178811
0.243140
0.280124
-0.022958
-0.203579
-0.292661
-0.324478
-0.206949
-0.192001
-0.249037
-0.342590
-0.334355
-0.390064
-0.351154
-0.354719
-0.280588
-0.231974
-0.171880
-0.274848
-0.196714
-0.237782
-0.299260
-0.204870
-0.248483
-0.341266
-0.289529
-0.364307
-0.347584
-0.302031
-0.343180
-0.364036
-0.277840
-0.296856
-0.317740
-0.326079
-0.336573
-0.283579
-0.251523
-0.228162
-0.214189
-0.228886
-0.340430
-0.332919
-0.358144
-0.290595
-0.306888
-0.289364
-0.304693
-0.304828
-0.344689
-0.332492
-0.276626
-0.291002
-0.140853
-0.220456
-0.320802
-0.322052
-0.261791
-0.288784
-0.348535
-0.306351
-0.329024
-0.317096
-0.308740
-0.291116
-0.213004
-0.258939
-0.304850
-0.325173
-0.252383
-0.253994
-0.257403
-0.264821
-0.359623
-0.241222
-0.246030
-0.234220
-0.143782
-0.009708
-0.141107
-0.061189
-0.127807
-0.261189
-0.290222
-0.293794
-0.344450
-0.299168
-0.347139
-0.269309
-0.346694
-0.262692
-0.292271
-0.285252
-0.298779
-0.292836
-0.194691
-0.184819
-0.214385
-0.176719
0.028649
0.478066
0.492355
0.628836
0.384268
-0.051635
-0.116747
-0.307016
-0.295490
-0.220748
-0.257376
-0.211580
-0.157730
-0.085361
0.171637
0.366953
0.141084
0.765354
0.935446
0.344682
0.750311
0.826677
0.878797
0.817315
0.503436
0.553533
0.447998
0.702455
0.866978
0.577191
0.918222
0.816750
0.647566
1.043589
1.308330
1.747705
2.307591
5.725055
5.471162
6.780370
10.049621
5.829116
2.988358
2.204385
1.989063
2.258523
1.905080
1.452910
1.358662
0.903805
0.943827
1.326577
1.465788
0.605836
0.568036
0.556809
0.545844
0.175403
0.522382
1.162764
1.042909
0.706656
1.041144
1.093428
1.860179
2.822290
3.602477
4.428832
6.631244
5.066497
4.154164
4.104331
2.873528
2.976197
2.295025
2.173029
2.819358
1.918143
1.351538
1.188702
1.562856
1.126333
0.628524
0.630985
0.337784
0.629103
0.539377
0.413322
0.345892
0.448028
0.567246
1.013905
1.611284
1.808952
2.487809
2.538369
2.013049
1.594474
1.374068
0.770842
1.425618
1.391084
1.140532
1.087476
0.735315
0.456646
0.460209
0.222877
0.149782
0.279213
0.267853
0.193041
0.040174
-0.050391
-0.023378
0.223123
0.387275
0.344313
0.449596
0.528675
0.196081
0.233224
0.183904
0.067403
0.163664
0.039506
0.088264
0.436461
1.105940
1.158477
1.393984
1.527665
1.184495
1.533156
0.928712
0.789921
0.672960
0.492869
0.208494
0.136325
0.121671
-0.041833
0.112778
-0.043616
0.114880
0.354702
-0.002748
-0.138318
-0.093168
0.023163
-0.000421
-0.107638
-0.057667
-0.182496
-0.149920
-0.194310
-0.168493
-0.226379
-0.169231
-0.150009
-0.198779
-0.220535
-0.198661
-0.225537
-0.318191
-0.251429
-0.281557
-0.160742
-0.106820
-0.201955
-0.204014
-0.086708
-0.125556
-0.178519
-0.308040
-0.345559
-0.275586
-0.254135
-0.190093
-0.199730
-0.291313
-0.204021
-0.147553
-0.131316
-0.181881
-0.295080
-0.325166
-0.279468
-0.289977
-0.221335
-0.301143
-0.273586
-0.241318
-0.257492
-0.316849
-0.280493
-0.353581
-0.378344
-0.242735
-0.205625
-0.077967
0.580742
0.428397
0.416209
0.333783
-0.235684
-0.297420
-0.300972
-0.337323
-0.349698
-0.360189
-0.241293
-0.276917
-0.341054
-0.358138
-0.333747
-0.335451
-0.418366
-0.357823
-0.398211
-0.405486
-0.464888
-0.425851
-0.461982
-0.546726
-0.535716
-0.554825
-0.582977
-0.602157
-0.640532
-0.641289
-0.641289
-0.641289
-0.641289
-0.641289
-0.641289
-0.641289
-0.641289
-0.891611
-0.891611
-0.891611
-0.891611
-0.891611
-0.891611
-0.891611
-0.891611
-0.891611
-0.891611
-0.891611
-0.891611
-0.891611
-0.891611
-0.891611
-0.891611
-0.891611
-0.891611
-0.891611
-0.891611
-0.891611
-0.891611
-0.891611
-0.891611
-0.891611
-0.891611
-0.891611
-0.891611
-0.891611
-0.891611
-0.891611
-0.891611
-0.891611
-0.891611
-0.891611
-0.891611
-0.891611
-0.891611
-0.891611
-0.891611
-0.891611
-0.891611
-0.891611
-0.891611
-0.891611
-0.891611
-0.891611
-0.891611
-0.891611
-0.891611
-0.891611
-0.891611
-0.891611
-0.891611
-0.891611
-0.891611
-0.891611
-0.891611
-0.891611
-0.891611
-0.891611
-0.891611
-0.891611
-0.891611
-0.891611
-0.891611
-0.891611
-0.891611
-0.891611
-0.891611
-0.891611
-0.891611
-0.891611
-0.891611
-0.891611
-0.891611
-0.891611
-0.891611
-0.891611
-0.891611
-0.891611
-0.891611
-0.891611
-0.891611
-0.891611
-0.891611
-0.891611
-0.891611
-0.891611
-0.891611
-0.891611
-0.891611
-0.891611
-0.891611
-0.891611
-0.891611
-0.891611
-0.891611
-0.891611
-0.891611
-0.891611
-0.891611
-0.891611
-0.891611
-0.891611
-0.891611
-0.891611
-0.891611
-0.891611
-0.891611
-0.891611
-0.888431
-0.809299
-0.790184
-0.792120
-0.814001
-0.772991
-0.782956
-0.786146
-0.745580
-0.759104
-0.711635
-0.503312
-0.517517
-0.494536
-0.567222
-0.552970
-0.521477
-0.512801
-0.636359
-0.497313
-0.574257
-0.609540
-0.582367
-0.551613
-0.551737
-0.510838
-0.645526
-0.519552
-0.587039
-0.546029
-0.593423
-0.550267
-0.598154
-0.511894
-0.493490
-0.588612
-0.504318
-0.568183
-0.674945
-0.609252
-0.664028
-0.561271
-0.550736
-0.511784
-0.492689
-0.571617
-0.566425
-0.517336
-0.567635
-0.565568
-0.546356
-0.516278
-0.563330
-0.542322
-0.529939
-0.531258
-0.499895
-0.601018
-0.508798
-0.580519
-0.478942
-0.561727
-0.557615
-0.560818
-0.475468
-0.540675
-0.547355
-0.563013
-0.485317
-0.532347
-0.572889
-0.592278
-0.512711
-0.544822
-0.401911
-0.470235
-0.506042
-0.544083
-0.364311
-0.542924
-0.539094
-0.566165
-0.451073
-0.483652
-0.598515
-0.540129
-0.488313
-0.435362
-0.519466
-0.570890
-0.551978
-0.579908
-0.553644
-0.587844
-0.578985
-0.509174
-0.537830
-0.548049
-0.516819
-0.461628
-0.501573
-0.520815
-0.493777
-0.508324
-0.543223
-0.561327
-0.466669
-0.465878
-0.597868
-0.389912
-0.469739
-0.445374
-0.439113
-0.518025
-0.539114
-0.513521
-0.575818
-0.477478
-0.526816
-0.548353
-0.614805
-0.591520
-0.526537
-0.555063
-0.555210
-0.595946
-0.482099
-0.547252
-0.511406
-0.585723
-0.553975
-0.500105
-0.507213
-0.617247
-0.609917
-0.487458
-0.443847
-0.523309
-0.570031
-0.519648
-0.397168
-0.367895
-0.479658
-0.324777
-0.510341
-0.514357
-0.483927
-0.586112
-0.501416
-0.385848
-0.409355
-0.452262
-0.530260
-0.466534
-0.387492
-0.353172
-0.558955
-0.488266
-0.501978
-0.529546
-0.514382
-0.416451
-0.534417
-0.484703
-0.484686
-0.435365
-0.495939
-0.464819
-0.406178
-0.344985
-0.486316
-0.431606
-0.314595
-0.448721
-0.456584
-0.503713
-0.318475
-0.366408
-0.427724
-0.264456
-0.354610
-0.107729
-0.281229
-0.452209
-0.409059
-0.294879
-0.427688
-0.496368
-0.381877
-0.458193
-0.473706
-0.498817
-0.600816
-0.504985
-0.465779
-0.429438
-0.522604
-0.297654
-0.274880
-0.360843
-0.262687
-0.359550
-0.210929
-0.188247
-0.347487
-0.375327
-0.263524
-0.396068
-0.428880
-0.438406
-0.420459
-0.361991
-0.297261
-0.304478
-0.409509
-0.465534
-0.326829
-0.296545
-0.368213
-0.402108
-0.166475
-0.405336
-0.430228
-0.309388
-0.407611
-0.395739
-0.384234
-0.426676
-0.389424
-0.500804
-0.236823
-0.370592
-0.322803
-0.420068
-0.293552
-0.389062
-0.544585
-0.425494
-0.323888
-0.395227
-0.475393
-0.424956
-0.303330
-0.302634
-0.315760
-0.270810
-0.400113
-0.472350
-0.381486
-0.461795
-0.242482
-0.435323
-0.417051
-0.258447
-0.469752
-0.522916
-0.485149
-0.315604
-0.060094
-0.060124
-0.084029
0.026389
0.009560
-0.080689
-0.332310
-0.197801
0.200255
-0.294672
-0.149090
0.344602
1.007346
0.146623
0.143837
0.222599
1.354493
0.620166
0.207287
0.417446
0.004498
0.090738
0.954172
0.694204
0.831596
1.005544
1.159659
0.726139
1.513111
1.484368
1.326878
1.561007
1.181536
1.655763
2.118538
0.908414
1.159490
0.567811
0.344824
0.365681
0.717168
0.926636
0.968067
1.751296
2.055746
1.600765
0.921761
1.262750
0.974996
1.703419
1.514481
2.750152
3.125715
1.783665
0.985579
0.861639
1.397768
2.481196
1.582402
1.935013
1.928699
1.087507
1.237190
1.987828
3.146333
2.310654
2.697021
2.209125
2.070304
3.140325
3.299434
3.062725
2.327698
3.135370
2.752749
3.449882
2.366491
2.289029
1.892864
2.309601
2.640392
3.989961
4.420070
2.897738
3.526869
2.855089
3.227035
2.265222
3.401138
2.094719
1.613946
2.902083
1.736298
1.575956
2.369951
1.670010
1.654956
1.821138
1.941654
1.673565
2.864947
2.432268
2.177852
2.288901
1.988366
2.780031
2.082395
1.969505
1.683502
1.497946
1.574074
1.018772
1.633610
1.934477
1.851157
1.279274
0.913092
0.395648
0.510957
0.676130
1.199657
1.450289
2.580385
2.084940
1.025880
1.146294
0.873186
1.385156
0.676836
0.992130
0.837944
1.109069
0.832300
0.163819
0.815476
1.052670
0.886589
0.636338
0.449105
0.835411
1.013653
0.655613
0.612165
0.195921
0.425555
0.903058
0.642371
0.591905
0.538878
1.617278
1.592090
0.474882
0.146320
0.807104
0.816268
0.332290
0.515208
0.485123
0.429428
-0.023670
0.768809
0.825045
0.654052
0.529880
0.354429
0.250591
0.192723
0.418941
0.173330
1.097979
1.974175
0.716365
0.501278
0.955612
0.685437
0.265353
0.670958
0.755635
0.210440
0.106115
-0.010537
0.415519
0.101759
0.090770
0.231866
0.610478
0.422310
-0.077271
0.131497
0.019889
0.314519
0.273993
-0.030647
-0.221220
-0.174843
0.172993
0.135442
0.456741
0.039848
-0.209102
-0.165629
0.062834
0.135783
-0.230082
-0.211761
-0.242375
-0.307768
-0.089323
-0.065003
-0.174667
-0.212742
-0.057518
0.233458
0.389140
0.496704
1.223246
0.672345
0.746011
0.341400
0.040482
-0.138158
-0.021570
-0.072125
-0.197278
-0.158664
0.000404
-0.298279
-0.235673
-0.246831
-0.203028
-0.252548
-0.291459
-0.253833
-0.404640
-0.261168
-0.377259
-0.149236
-0.175259
0.084358
0.409423
0.227097
0.279597
0.362730
0.517743
-0.000673
-0.311071
-0.384697
-0.194110
-0.326612
-0.209620
-0.306553
-0.377251
-0.378324
-0.245885
-0.345591
-0.309694
-0.403280
-0.447208
-0.529661
-0.513435
-0.722077
-0.820088
-0.878286
-0.891611
-0.891611
-0.891611
-0.891611
-0.891611
-0.814823
-0.814823
-0.814823
-0.814823
-0.814823
-0.814823
-0.814823
-0.814823
-0.814823
-0.814823
-0.814823
-0.814823
-0.814823
-0.814823
-0.814823
-0.814823
-0.814823
-0.814823
-0.814823
-0.814823
-0.814823
-0.814823
-0.814823
-0.814823
-0.814823
-0.814823
-0.814823
-0.814823
-0.814823
-0.814823
-0.814823
-0.814823
-0.814823
-0.814823
-0.814823
-0.814823
-0.814823
-0.814823
-0.814823
-0.814823
-0.814823
-0.814823
-0.814823
-0.814823
-0.814823
-0.814823
-0.814823
-0.814823
-0.814823
-0.814823
-0.814823
-0.814823
-0.814823
-0.814823
-0.814823
-0.814823
-0.814823
-0.814823
-0.814823
-0.814823
-0.814823
-0.814823
-0.814823
-0.814823
-0.814823
-0.814823
-0.814823
-0.814823
-0.814823
-0.814823
-0.814823
-0.814823
-0.814823
-0.814823
-0.814823
-0.814823
-0.814823
-0.814823
-0.814823
-0.814823
-0.814823
-0.814823
-0.814823
-0.814823
-0.814823
-0.814823
-0.814823
-0.814823
-0.814823
-0.814823
-0.814823
-0.814823
-0.814823
-0.814823
-0.814823
-0.814823
-0.814823
-0.814823
-0.814823
-0.814823
-0.814823
-0.814823
-0.814823
-0.814485
-0.798482
-0.772375
-0.771964
-0.746790
-0.734639
-0.734758
-0.637317
-0.607746
-0.696866
-0.616156
-0.692700
-0.669796
-0.619579
-0.533669
-0.183482
-0.322429
-0.133229
-0.081333
-0.175554
-0.232654
-0.231259
-0.303252
-0.324673
-0.296112
-0.253434
-0.203055
-0.210000
-0.379343
-0.339022
-0.270231
-0.291442
-0.281329
-0.284071
-0.280659
-0.372429
-0.343697
-0.188959
-0.109717
-0.269904
-0.263021
-0.235849
-0.226555
-0.343204
-0.209650
-0.234356
-0.162826
-0.129708
-0.165537
-0.059091
-0.162914
-0.158512
0.028036
-0.221753
-0.306967
-0.447402
-0.187407
-0.182062
-0.189850
-0.346057
-0.302079
-0.235075
-0.218642
-0.279789
-0.311341
-0.306251
-0.334929
-0.312891
-0.285390
-0.145633
-0.293927
-0.252641
-0.278508
-0.292012
-0.437096
-0.315201
-0.343074
-0.208421
-0.067722
-0.154148
-0.217522
-0.161273
-0.145981
-0.145580
-0.259965
-0.385574
-0.402102
-0.322172
-0.284681
-0.252760
-0.285580
-0.267700
-0.403165
-0.239633
-0.279383
-0.323067
-0.410059
-0.363514
-0.284727
-0.214894
-0.229091
-0.286302
-0.204741
-0.175339
-0.139334
-0.336473
-0.333739
-0.209909
-0.256789
-0.143022
-0.287270
-0.218224
-0.191615
-0.093538
-0.151427
-0.105613
-0.342411
-0.425609
-0.346268
-0.267452
-0.319507
-0.422364
-0.335814
-0.307134
-0.280015
-0.084798
-0.302986
-0.130850
-0.251820
-0.249917
-0.320659
-0.392641
-0.165870
-0.296300
-0.128753
-0.066115
-0.232323
-0.285568
-0.329390
-0.289155
-0.085716
-0.101603
-0.157337
-0.297544
0.005698
-0.183370
-0.201473
-0.360549
-0.391461
-0.372095
-0.377927
-0.254006
-0.244362
-0.277925
-0.304484
-0.144155
-0.201649
-0.341830
-0.267901
-0.226886
-0.235848
-0.310844
-0.348471
-0.309505
-0.295014
-0.191496
-0.076311
-0.174151
-0.333671
-0.328550
-0.227533
-0.191924
-0.168203
-0.344064
-0.286714
-0.102396
-0.242146
-0.174675
-0.346236
-0.241702
-0.452428
-0.336336
-0.290285
-0.273662
-0.276721
-0.176881
-0.103706
-0.200419
-0.200999
-0.264470
-0.281485
-0.310881
-0.221724
-0.315702
-0.304489
-0.318662
-0.286957
-0.057595
-0.218653
-0.212689
-0.264978
-0.203814
-0.210920
-0.131971
-0.281635
-0.287722
-0.299748
-0.257775
-0.173286
-0.374254
-0.211765
-0.328823
-0.268718
-0.341227
-0.240872
-0.168287
-0.246680
-0.177859
-0.088094
-0.087114
-0.264983
-0.235523
-0.348379
-0.307214
-0.297692
-0.130925
-0.221080
-0.236378
-0.171230
-0.116680
-0.208483
-0.341307
-0.283301
-0.155346
-0.139799
-0.231851
-0.304266
-0.221537
-0.091749
-0.230639
-0.243001
-0.238190
-0.364572
-0.428701
-0.353660
-0.180534
-0.156875
-0.220225
-0.222041
-0.331497
-0.181588
-0.280083
-0.248380
-0.345384
-0.277346
-0.291280
-0.234972
-0.328968
-0.196188
-0.229331
-0.198730
-0.055566
-0.243517
-0.355981
-0.184666
-0.139199
-0.146906
-0.288162
-0.280000
-0.113685
-0.152191
-0.266378
-0.224464
-0.212150
-0.396253
-0.242627
-0.165076
-0.247508
-0.152002
-0.154606
-0.188582
-0.262346
-0.290297
-0.311221
-0.232013
-0.181738
-0.121274
-0.086070
-0.087703
0.072052
0.058337
0.086029
0.106943
0.287732
0.570130
0.602160
0.754384
0.549970
0.340518
0.322328
0.484919
0.729599
1.517558
1.702188
2.144753
1.240814
1.166410
1.541003
1.908164
1.682198
2.176090
2.686833
1.872866
2.431495
3.335838
3.387654
2.983971
3.363861
3.557685
3.252309
3.995609
3.546836
2.843021
3.797621
3.420884
3.949500
5.962419
5.515015
3.033540
1.981705
3.440707
4.193217
4.961326
2.913366
2.923254
3.064379
2.312411
3.354831
4.379791
3.343865
3.158948
2.595383
4.982041
5.831380
3.230522
2.299410
1.062677
0.851867
1.148740
2.722006
2.462381
1.954258
2.354619
2.060266
1.224016
1.906058
1.102015
0.753872
0.551353
0.370471
0.586778
1.110329
0.436744
0.428726
0.768698
0.934273
0.516795
0.287177
0.320737
0.463931
0.479298
0.809546
0.204946
0.212097
0.499151
0.245959
0.263695
0.047275
0.124660
0.163167
0.205099
-0.078527
-0.019083
0.140421
0.322825
-0.013605
-0.033954
-0.058128
0.179214
0.201263
0.131055
0.296272
0.178571
0.111918
0.375603
0.310715
0.131677
0.323133
0.396872
-0.201962
0.300434
0.424084
0.169033
-0.040454
0.092796
0.171862
0.033438
-0.184371
-0.024288
0.135624
0.338639
-0.062506
-0.136076
-0.101051
-0.025943
-0.039639
0.054389
-0.077209
0.128184
0.082228
0.006508
0.177261
0.069818
-0.172800
0.057086
-0.142916
-0.061382
-0.105446
0.329237
0.194744
0.309535
-0.079376
-0.121043
-0.035867
-0.002439
-0.109282
-0.138740
-0.158208
-0.104234
-0.009011
-0.136242
0.305059
0.183238
0.065299
-0.241507
-0.276553
-0.143232
-0.167478
-0.176623
-0.171317
-0.109830
-0.222597
-0.171305
-0.151058
0.001250
-0.042732
-0.157077
-0.103880
-0.205869
-0.026012
0.131708
0.064013
-0.117035
-0.076899
-0.201875
-0.063577
0.057694
-0.076542
0.153354
-0.102695
-0.054375
-0.067248
-0.043056
0.136272
0.033262
-0.245388
-0.055505
0.114946
-0.012600
-0.167269
-0.238148
0.279588
-0.030551
0.125939
0.006950
0.056670
-0.127631
-0.093276
0.042328
0.117519
-0.186048
-0.202277
-0.163979
-0.138482
0.042021
-0.178773
-0.070995
0.305919
-0.094599
0.066804
-0.086372
-0.139179
-0.032732
-0.122319
-0.073759
-0.226027
-0.089998
0.173236
0.396248
0.111203
0.082367
-0.096140
0.205296
-0.304033
-0.186138
-0.203618
-0.216314
-0.292199
-0.159915
-0.251483
-0.475438
-0.494295
-0.463293
-0.573915
-0.566930
-0.557136
-0.810656
-0.814823
-0.814823
-0.814823
-0.814823
-0.814823
-0.814823
-0.814823
-0.377661
-0.377661
-0.377661
-0.377661
-0.377661
-0.377661
-0.377661
-0.377661
-0.377661
-0.377661
-0.377661
-0.377661
-0.377661
-0.377661
-0.377661
-0.377661
-0.377661
-0.377661
-0.377661
-0.377661
-0.377661
-0.377661
-0.377661
-0.377661
-0.377661
-0.377661
-0.377661
-0.377661
-0.377661
-0.377661
-0.377661
-0.377661
-0.377661
-0.377661
-0.377661
-0.377661
-0.377661
-0.377661
-0.377661
-0.377661
-0.377661
-0.377661
-0.377661
-0.377661
-0.377661
-0.377661
-0.377661
-0.377661
-0.377661
-0.377661
-0.377661
-0.377661
-0.377661
-0.377661
-0.377661
-0.377661
-0.377658
-0.376845
-0.373961
-0.369731
-0.369533
-0.371424
-0.370575
-0.368317
-0.363388
-0.355154
-0.356722
-0.351348
-0.336686
-0.342092
-0.347718
-0.343734
-0.349255
-0.350188
-0.342113
-0.336115
-0.317893
-0.319819
-0.318561
-0.325441
-0.324299
-0.306660
-0.296868
-0.271543
-0.269775
-0.292464
-0.313103
-0.305183
-0.289616
-0.287212
-0.285229
-0.284372
-0.262295
-0.275032
-0.225591
-0.224295
-0.182333
-0.230325
-0.209722
-0.172163
-0.148175
-0.149697
-0.099388
-0.125670
-0.118440
-0.132086
-0.112466
-0.119319
-0.091196
-0.046479
-0.080593
-0.092819
-0.099862
-0.097002
-0.065196
-0.099426
-0.111062
-0.111356
-0.128943
-0.081053
-0.055577
-0.028929
-0.120302
-0.114658
-0.105945
-0.098465
-0.101480
-0.018949
0.000401
-0.087037
-0.027284
-0.008338
-0.075693
-0.131020
-0.116280
-0.137956
-0.136021
-0.149366
-0.115230
-0.132060
-0.134573
-0.104176
-0.103299
-0.081692
-0.140093
-0.146003
-0.137933
-0.150975
-0.038911
-0.099032
-0.117171
-0.080363
-0.114578
-0.118863
-0.084901
-0.130423
-0.154996
-0.097922
-0.128274
-0.136024
-0.051917
-0.049901
-0.136927
-0.115820
-0.019467
0.036734
-0.106467
-0.066379
-0.070637
-0.076341
-0.060090
-0.054454
-0.112951
-0.026211
-0.115357
-0.077648
-0.099164
-0.065815
-0.155728
-0.131085
-0.057590
-0.018181
-0.097358
-0.027067
0.169337
0.497491
0.701387
1.222146
2.589242
4.662014
7.351828
9.579196
15.598782
10.781751
4.583237
2.842575
1.732197
1.358545
0.999089
0.786345
0.412570
0.647263
0.544584
0.607079
0.339290
0.150239
0.064268
0.093986
-0.055129
-0.046746
0.044548
0.095721
0.033356
0.016215
0.075051
0.013573
0.049066
0.115884
0.292152
0.332277
0.313059
0.206740
0.061480
0.051207
-0.011597
0.022186
0.109404
0.616676
1.016815
1.625800
2.490916
3.796596
3.375384
1.590428
0.957985
0.497330
0.393928
0.539302
0.416827
0.335745
0.359205
0.292779
0.317116
0.158282
0.082649
0.028911
0.009536
0.031683
-0.052125
-0.022711
-0.004682
-0.063448
-0.027047
-0.095231
-0.042020
-0.029748
-0.087426
-0.085470
-0.092572
-0.034196
-0.032011
-0.067435
-0.011746
-0.077632
0.020919
0.001180
-0.085803
-0.088499
-0.036957
-0.003687
-0.007620
-0.040486
-0.084232
-0.026971
0.043915
-0.050797
-0.031968
-0.095844
-0.110116
-0.029273
-0.053520
-0.103822
-0.117940
-0.025356
-0.050926
-0.087789
-0.154894
-0.105435
-0.192067
-0.187095
-0.114693
-0.041132
-0.061499
-0.065282
-0.115141
-0.125224
-0.126685
-0.097820
-0.075355
-0.113134
-0.071124
-0.057528
-0.107890
-0.135767
-0.083097
-0.057367
-0.112550
-0.069313
-0.085642
-0.139435
-0.122783
-0.125703
-0.090300
-0.042238
-0.029198
0.002202
0.068396
0.055160
-0.097407
-0.075460
-0.009689
-0.043729
0.002004
-0.084051
-0.050799
-0.032571
-0.120118
-0.080143
-0.067393
-0.015076
-0.085665
-0.032747
-0.117642
-0.075631
-0.139343
-0.129778
-0.129823
-0.115303
-0.113557
-0.121844
-0.166736
-0.129886
-0.147832
-0.074081
-0.078320
-0.065658
-0.034655
-0.080369
-0.086260
-0.061755
-0.050040
-0.106769
-0.102203
-0.128197
-0.139982
-0.027145
-0.171375
-0.172573
-0.078207
-0.025369
-0.126382
-0.117944
-0.112263
-0.093003
-0.097471
-0.114053
-0.042630
-0.108768
-0.049749
-0.027635
0.016113
-0.069857
-0.077825
-0.077130
-0.040407
-0.038805
-0.075571
-0.086963
-0.075085
-0.078139
-0.034698
-0.141558
-0.087977
-0.139212
-0.142470
-0.179451
-0.165276
-0.160854
-0.121816
-0.142322
-0.133765
-0.097362
-0.051062
-0.077648
-0.060305
-0.070523
-0.065472
-0.049695
-0.098451
-0.109893
-0.156974
-0.085834
-0.157097
-0.144619
-0.137880
-0.108528
-0.101232
-0.123420
-0.121662
-0.137408
-0.105508
-0.100640
-0.085865
-0.095098
-0.100385
-0.050317
-0.100417
-0.087918
-0.101752
-0.083786
-0.058688
-0.088993
-0.072869
-0.115136
-0.087246
-0.054801
-0.099543
-0.142342
-0.016980
-0.078491
-0.114880
-0.115430
-0.081344
-0.110333
-0.134062
-0.182002
-0.175084
-0.125002
-0.090855
-0.079774
-0.099142
-0.066161
-0.051585
-0.081411
-0.074289
-0.066244
-0.051065
-0.085492
-0.081971
-0.070758
-0.109889
-0.047906
-0.134753
-0.131157
-0.106880
-0.150887
-0.073109
-0.144268
-0.067941
-0.127850
-0.114959
-0.102735
-0.081135
-0.134521
-0.074484
-0.119885
-0.075007
-0.151434
-0.137482
-0.079310
-0.078242
-0.060245
-0.143235
-0.086325
-0.008468
-0.096321
-0.074733
-0.026151
-0.091858
-0.133871
-0.065182
-0.050277
-0.099024
-0.125092
-0.072627
-0.077482
-0.128871
0.002766
-0.040790
-0.002082
-0.087232
-0.102641
-0.080636
-0.098044
-0.078901
-0.084645
-0.131143
-0.144136
-0.106308
-0.077107
-0.149171
-0.121941
-0.101126
-0.109242
-0.148155
-0.125025
-0.074911
-0.137736
-0.126915
-0.065098
-0.129177
-0.125829
-0.039406
-0.099313
-0.098183
-0.105318
-0.116468
-0.058890
-0.070842
-0.026048
-0.056019
-0.091878
-0.078220
-0.094153
-0.100538
-0.091159
-0.071926
-0.109862
-0.091084
-0.150617
-0.080011
-0.035921
-0.093144
-0.143637
-0.148662
-0.139292
-0.124136
-0.134720
-0.142316
-0.120969
-0.112481
-0.095812
-0.096401
-0.144635
-0.132859
-0.070391
-0.084573
-0.050217
-0.093250
-0.101590
-0.092761
-0.123273
-0.127822
-0.113520
-0.068568
-0.061821
-0.123136
-0.142028
-0.086456
-0.101105
-0.136993
-0.103244
-0.132126
-0.098378
-0.099189
-0.065311
-0.120833
-0.045415
-0.093098
-0.065685
-0.071753
-0.067045
-0.098602
-0.042645
-0.113852
-0.146349
-0.124135
-0.113219
-0.121167
-0.117977
-0.169251
-0.171924
-0.142845
-0.180787
-0.125373
-0.172006
-0.142984
-0.147744
-0.190253
-0.225234
-0.252086
-0.205975
-0.183763
-0.235151
-0.217438
-0.199792
-0.237188
-0.234105
-0.213982
-0.213095
-0.215978
-0.184039
-0.248941
-0.250228
-0.271004
-0.268676
-0.322182
-0.319112
-0.297789
-0.318667
-0.330803
-0.313168
-0.316097
-0.333246
-0.361726
-0.369052
-0.377326
-0.377573
-0.377661
-0.377661
-0.377661
-0.377661
-0.377661
-0.377661
-0.377661
-0.377661
-0.377661
-0.377661
-0.377661
-0.377661
-0.377661
-0.377661
-0.377661
-0.377661
-0.377661
-0.377661
-0.377661
-0.758169
-0.758169
-0.758169
-0.758169
-0.758169
-0.758169
-0.758169
-0.758169
-0.758169
-0.758169
-0.758169
-0.758169
-0.758169
-0.758169
-0.758169
-0.758169
-0.758169
-0.758169
-0.758169
-0.758169
-0.758169
-0.758169
-0.758169
-0.758169
-0.758169
-0.758169
-0.758169
-0.758169
-0.758169
-0.758169
-0.758169
-0.758169
-0.758169
-0.758169
-0.758169
-0.758169
-0.758169
-0.758169
-0.758169
-0.758169
-0.758169
-0.758169
-0.758169
-0.758169
-0.758169
-0.758169
-0.758169
-0.758169
-0.758169
-0.758169
-0.758169
-0.758169
-0.758169
-0.758169
-0.758169
-0.758169
-0.758169
-0.758169
-0.758169
-0.758169
-0.758169
-0.758169
-0.758169
-0.758169
-0.758169
-0.758169
-0.758169
-0.758169
-0.758169
-0.758169
-0.758169
-0.758169
-0.758169
-0.758169
-0.758169
-0.758169
-0.758169
-0.758169
-0.758169
-0.758169
-0.758169
-0.758169
-0.758169
-0.758169
-0.758169
-0.758169
-0.758169
-0.758169
-0.758169
-0.758169
-0.758169
-0.758169
-0.758169
-0.758169
-0.758169
-0.758169
-0.758169
-0.749567
-0.748794
-0.723895
-0.705338
-0.719317
-0.696842
-0.697003
-0.660962
-0.575261
-0.556130
-0.498273
-0.458301
-0.450584
-0.519927
-0.403890
-0.454233
-0.387453
-0.329566
-0.388043
-0.228779
-0.134274
-0.189136
-0.252527
-0.154367
-0.179629
-0.303911
-0.228420
-0.209856
-0.213278
-0.138576
-0.226621
-0.127607
-0.172265
0.018444
0.020861
-0.154262
-0.113461
-0.021424
-0.154680
-0.177482
-0.055421
-0.136153
-0.209881
-0.166607
0.004827
-0.023500
0.025803
0.097443
-0.069497
0.043138
-0.054974
-0.127043
-0.223956
-0.121497
-0.000082
-0.058836
-0.173265
-0.124656
-0.214960
-0.228693
-0.099122
-0.276932
-0.155281
-0.184844
-0.284166
-0.255992
-0.126507
-0.103790
-0.182429
-0.139483
-0.114456
-0.041302
-0.036040
-0.167607
-0.091252
0.048992
-0.054912
-0.247179
-0.265786
-0.347149
-0.327774
-0.187946
-0.049666
-0.293022
-0.150052
-0.160632
-0.170447
0.000718
-0.231555
-0.264645
-0.079577
-0.017688
-0.078388
-0.178090
0.015387
-0.013386
-0.160403
-0.340699
-0.098697
0.003026
-0.177310
-0.154552
-0.260735
-0.313145
-0.225787
-0.155719
-0.003163
-0.023940
-0.081071
-0.209656
-0.060820
-0.052874
-0.040507
0.142383
0.029992
0.059531
0.071120
-0.031638
-0.101905
-0.110679
0.151934
0.224575
0.010063
0.088086
-0.230691
-0.313414
-0.153315
-0.018976
-0.018570
-0.118240
-0.147978
-0.113850
0.054792
0.021278
-0.080196
0.089686
0.177503
0.205736
0.174166
-0.114786
-0.214416
-0.022623
0.056705
0.167306
0.077944
0.026775
-0.116382
-0.072332
-0.121275
-0.091369
0.053169
-0.068678
-0.094490
-0.011021
-0.183092
-0.389193
-0.104673
0.148319
-0.088623
-0.136159
-0.166384
-0.190402
-0.236227
0.016664
-0.092622
-0.142187
-0.033531
0.183052
0.292628
0.081705
0.042974
0.067571
0.233901
0.020938
-0.191556
-0.081676
-0.010300
-0.063717
0.053348
-0.017720
0.003704
0.088914
0.015794
0.151265
0.043545
0.005192
-0.180783
0.070186
-0.029930
-0.081545
0.036360
0.160530
-0.114963
-0.119310
-0.122328
0.040121
-0.152686
-0.176726
-0.010855
0.177707
0.366223
-0.023528
0.140600
0.291737
0.277250
-0.086142
0.079967
0.236333
0.202821
0.032055
-0.131144
-0.123220
-0.257342
-0.312004
0.049894
0.007559
-0.170226
-0.112002
0.243148
0.221910
-0.005196
0.201413
0.629219
0.163141
0.408300
0.118445
0.056460
0.003872
0.135408
-0.083627
-0.101416
-0.192190
0.209620
0.116157
0.125715
0.061938
0.193777
0.701887
0.309071
0.566566
0.369297
0.247354
0.030021
-0.157381
-0.095636
-0.124952
-0.120553
-0.156783
-0.118583
0.094703
0.222755
-0.038031
0.021423
0.426214
0.464119
0.530696
0.669451
0.345365
0.372047
0.224136
0.368732
0.781736
0.558239
0.456132
0.265526
0.207542
0.303749
-0.013605
0.144009
0.174638
0.097619
0.201621
0.475722
0.649404
1.273245
0.560609
0.673332
0.916169
0.574077
0.376574
0.535263
0.534164
0.325924
0.030840
0.141687
0.262337
0.532548
1.279122
0.747695
1.032282
0.782667
0.486913
0.761222
0.552508
0.890474
0.386359
0.268640
0.701499
0.627860
0.454810
0.913845
0.741458
0.562159
0.499988
0.422913
0.563029
0.645281
0.801294
0.135933
0.271772
0.439748
0.295102
0.543492
0.544897
0.354825
0.934492
2.665017
2.997746
1.261768
1.065755
1.534807
1.119875
0.220221
0.106158
0.354153
0.678638
0.640987
1.242259
2.329959
2.077559
1.273302
0.631042
0.368615
0.435212
0.509925
1.007222
1.826143
1.276421
1.043946
3.104372
7.042054
3.755741
0.981189
1.053809
1.560245
1.466793
1.641548
2.097051
1.611262
8.119028
16.071150
4.319294
2.533426
3.066324
1.325661
1.126766
0.814179
2.099477
1.608977
1.580173
1.494384
1.053646
0.955964
0.743180
0.654618
0.775524
1.069450
0.809850
0.824962
0.527745
0.757102
0.592754
0.809915
0.519812
0.844982
0.758056
0.605927
0.819526
0.581111
0.209755
0.359447
0.459282
0.376759
0.435866
0.147224
0.030524
0.010194
0.023376
0.411622
0.030655
0.065250
0.050851
0.067711
0.053907
0.084504
0.286006
-0.035408
0.002669
0.130298
0.163989
-0.019501
0.023347
0.134414
0.091249
-0.047371
0.131173
0.092815
-0.076457
0.054398
-0.001498
0.024649
0.043849
0.362862
0.208825
0.253222
0.132972
-0.088250
-0.012380
-0.174877
-0.070242
-0.184372
0.010234
-0.017084
-0.091068
-0.215973
-0.131020
-0.179028
0.123209
-0.084110
-0.137495
-0.310530
-0.206087
-0.262741
-0.317899
-0.312364
-0.376776
-0.366157
-0.354717
-0.135381
-0.123963
-0.235723
-0.328102
-0.176062
-0.355360
-0.289615
-0.441584
-0.439799
-0.459413
-0.457744
-0.306948
-0.377803
-0.424618
-0.363249
-0.396805
-0.386135
-0.360682
-0.449186
-0.425612
-0.436013
-0.442926
-0.353962
-0.386191
-0.343412
-0.410301
-0.398740
-0.506422
-0.436712
-0.437219
-0.414389
-0.413114
-0.413540
-0.390200
-0.431699
-0.418661
-0.501023
-0.336868
-0.452593
-0.439698
-0.433536
-0.455281
-0.508947
-0.511022
-0.532678
-0.459718
-0.397125
-0.413421
-0.511425
-0.432777
-0.500016
-0.487035
-0.492058
-0.486409
-0.448609
-0.398299
-0.499391
-0.514964
-0.472482
-0.462847
-0.426325
-0.450314
-0.418753
-0.266274
-0.366339
-0.374442
-0.408876
-0.450668
-0.434470
-0.370439
-0.440135
-0.462091
-0.463591
-0.469058
-0.473112
-0.500619
-0.507983
-0.391442
-0.441595
-0.472244
-0.529183
-0.537953
-0.478809
-0.567622
-0.569597
-0.586421
-0.543949
-0.609632
-0.621796
-0.580651
-0.689127
-0.712934
-0.750503
-0.758169
-0.758169
-0.758169
-0.758169
-0.758169
-0.758169
-0.758169
-0.758169
-0.758169
-0.934036
-0.934036
-0.934036
-0.934036
-0.934036
-0.934036
-0.934036
-0.934036
-0.934036
-0.934036
-0.934036
-0.934036
-0.934036
-0.934036
-0.934036
-0.934036
-0.934036
-0.934036
-0.934036
-0.934036
-0.934036
-0.934036
-0.934036
-0.934036
-0.934036
-0.934036
-0.934036
-0.934036
-0.934036
-0.934036
-0.934036
-0.934036
-0.934036
-0.934036
-0.934036
-0.934036
-0.934036
-0.934036
-0.934036
-0.934036
-0.934036
-0.934036
-0.934036
-0.934036
-0.934036
-0.934036
-0.934036
-0.934036
-0.934036
-0.934036
-0.934036
-0.934036
-0.934036
-0.934036
-0.934036
-0.934036
-0.934036
-0.934036
-0.934036
-0.934036
-0.934036
-0.934036
-0.934036
-0.934035
-0.934020
-0.933813
-0.933495
-0.932917
-0.930593
-0.927462
-0.925571
-0.928561
-0.929864
-0.927356
-0.927653
-0.926824
-0.921062
-0.923707
-0.925632
-0.925246
-0.925089
-0.920143
-0.922814
-0.924344
-0.922556
-0.920124
-0.920572
-0.921989
-0.919880
-0.918775
-0.911846
-0.913399
-0.910164
-0.891144
-0.900939
-0.904268
-0.891351
-0.898516
-0.905866
-0.896499
-0.900134
-0.901548
-0.884976
-0.889181
-0.877376
-0.884726
-0.819219
-0.739812
-0.740045
-0.754361
-0.757892
-0.782536
-0.771683
-0.767439
-0.801426
-0.816822
-0.816819
-0.811995
-0.820692
-0.816494
-0.822677
-0.833911
-0.806945
-0.814882
-0.831932
-0.841431
-0.837490
-0.816305
-0.786739
-0.806195
-0.796857
-0.797605
-0.789580
-0.817820
-0.803648
-0.792997
-0.785780
-0.813865
-0.796005
-0.827203
-0.830058
-0.807547
-0.815094
-0.804528
-0.805381
-0.803707
-0.791923
-0.796685
-0.790023
-0.780984
-0.768280
-0.765995
-0.757716
-0.744655
-0.770576
-0.775803
-0.806402
-0.770567
-0.798425
-0.763691
-0.772199
-0.763990
-0.753335
-0.776888
-0.791922
-0.773523
-0.778540
-0.788599
-0.783699
-0.789600
-0.775529
-0.748270
-0.744323
-0.776875
-0.769755
-0.786908
-0.782202
-0.817964
-0.847041
-0.830981
-0.756692
-0.768854
-0.805766
-0.792605
-0.761117
-0.772153
-0.825958
-0.831698
-0.841034
-0.833974
-0.829487
-0.838904
-0.820968
-0.813102
-0.813555
-0.821183
-0.781739
-0.775368
-0.767467
-0.773877
-0.784001
-0.793498
-0.798096
-0.794691
-0.763686
-0.799075
-0.801017
-0.800862
-0.795266
-0.773743
-0.717680
-0.712666
-0.725047
-0.758256
-0.697553
-0.756170
-0.752721
-0.763291
-0.728353
-0.309339
1.403075
2.826428
2.521947
2.336511
6.097120
7.748891
2.501502
0.409253
0.827198
0.545332
0.120969
0.046506
0.097091
0.305871
0.263015
0.287153
0.480606
0.494081
0.622950
1.037745
1.310705
1.689789
1.534013
1.964498
2.176207
1.857547
1.884327
1.856516
1.132700
1.981709
2.198395
1.544626
1.920029
2.475814
3.008160
2.972324
2.554997
3.247185
3.310867
2.462453
2.359343
1.404269
2.004045
1.933929
1.532125
1.550420
1.170650
1.460802
1.953092
2.433610
2.377653
2.739016
2.045758
2.036388
2.700829
2.411387
1.620160
1.391243
1.700395
1.636594
1.432860
1.105072
1.207807
1.148227
1.342145
1.098970
1.045769
1.209205
0.952925
0.590587
0.753248
1.031163
0.885418
1.242979
1.429078
1.041542
0.961214
1.093247
1.024368
0.973154
0.872233
0.642118
0.765870
0.882388
0.910316
1.090823
0.976734
1.311735
1.217138
1.063920
1.699285
1.338305
1.614566
1.795790
0.925950
0.645052
0.863905
1.176124
1.352847
1.597968
1.570982
1.168622
0.618605
0.713321
0.720466
0.518432
0.666533
1.165950
0.849790
0.860699
1.055669
0.771081
0.790897
1.073585
0.741355
0.624636
0.973528
0.897168
0.543185
1.238979
1.530197
0.755315
0.703487
0.785562
0.819333
0.381559
0.864376
0.673593
0.557721
0.601838
1.005854
0.622431
0.428914
0.352362
0.764255
0.451204
0.530557
0.522552
0.634983
0.420869
0.308904
0.698777
0.868860
0.917556
0.734673
0.634233
0.792110
1.114241
1.292083
1.021705
0.946702
0.586696
0.896205
0.765011
0.930900
0.475756
0.696396
0.948986
1.446729
0.821614
0.794950
1.113854
0.929114
1.020465
1.306110
1.198304
0.761613
0.558886
1.029322
0.817769
0.515186
0.688726
0.730155
0.457542
0.436674
0.951305
0.846430
0.850051
0.527456
0.400648
0.454219
0.404878
0.509506
0.172790
0.034103
0.407896
0.232561
0.349997
0.137002
0.273754
0.397549
0.375063
0.334404
0.196917
-0.055965
-0.076896
-0.091860
-0.055220
0.211218
0.231023
0.437016
0.345746
0.650173
0.555893
0.346179
0.203135
0.114261
0.080919
0.079752
0.038762
0.237767
0.032357
0.042164
0.184367
0.280306
0.230289
0.226440
0.079865
0.306869
0.345051
0.442194
0.532433
0.441824
0.272880
0.327682
0.176829
-0.018704
0.296084
0.221999
0.807392
0.917381
0.754742
0.526958
0.898183
1.080692
0.592508
0.555422
0.632351
0.909763
0.915585
1.570572
1.183687
1.148262
0.866798
0.589029
0.311648
0.521941
0.353387
0.226822
0.103740
0.254262
0.247382
0.153239
0.043773
0.348323
0.088386
-0.078970
-0.025063
0.196722
0.446683
0.269427
0.133776
0.138746
0.118754
0.216443
0.222436
0.145131
0.011380
-0.056032
-0.205419
-0.264761
-0.227874
-0.306965
-0.416247
-0.448781
-0.271165
-0.168999
-0.219250
-0.345931
-0.447668
-0.295818
-0.304895
-0.234043
-0.282192
-0.291558
-0.266757
-0.284790
-0.352245
-0.317839
-0.285217
-0.097093
-0.241442
-0.114836
-0.253462
-0.085564
-0.057457
0.056855
-0.184780
-0.183261
-0.101240
-0.232431
-0.186671
-0.038386
-0.102210
-0.123437
-0.233959
-0.175994
-0.003073
-0.279478
-0.340132
-0.253452
-0.044393
-0.192500
-0.236286
-0.089103
-0.177233
-0.237641
-0.129678
0.032504
0.397727
0.136232
-0.060675
-0.051604
-0.064592
-0.115835
-0.196740
-0.302639
-0.326708
-0.354062
-0.327883
-0.350879
-0.417444
-0.406440
-0.329728
-0.284615
-0.380451
-0.310377
-0.367538
-0.360569
-0.156888
-0.292584
-0.313810
-0.326478
-0.244524
-0.393883
-0.313729
-0.347569
-0.317085
-0.318371
-0.306747
-0.304072
-0.318366
-0.190663
-0.391724
-0.400953
-0.357173
-0.418315
-0.355569
-0.364999
-0.457208
-0.423204
-0.528783
-0.401956
-0.448441
-0.451311
-0.427458
-0.375881
-0.440817
-0.144517
-0.196319
-0.549670
-0.568398
-0.514427
-0.564787
-0.558715
-0.497496
-0.472233
-0.605758
-0.588798
-0.731682
-0.789760
-0.720924
-0.695635
-0.712076
-0.666579
-0.655933
-0.761994
-0.766844
-0.745558
-0.787638
-0.815247
-0.817065
-0.797879
-0.827406
-0.839180
-0.864405
-0.898733
-0.921523
-0.932677
-0.933955
-0.934036
-0.934036
-0.934036
-0.934036
-0.934036
-0.934036
-0.934036
-0.934036
-0.934036
-0.934036
-0.934036
-0.934036
-0.934036
-0.934036
-0.934036
-0.934036
-0.934036
-0.576703
-0.576703
-0.576703
-0.576703
-0.576703
-0.576703
-0.576703
-0.576703
-0.576703
-0.576703
-0.576703
-0.576703
-0.576703
-0.576703
-0.576703
-0.576703
-0.576703
-0.576703
-0.576703
-0.576703
-0.576703
-0.576703
-0.576703
-0.576703
-0.576703
-0.576703
-0.576703
-0.576703
-0.576703
-0.576703
-0.576703
-0.576703
-0.576703
-0.576703
-0.576703
-0.576703
-0.576703
-0.576703
-0.576703
-0.576703
-0.576703
-0.576703
-0.576703
-0.576703
-0.576703
-0.576703
-0.576703
-0.576703
-0.576703
-0.576703
-0.576703
-0.576703
-0.576703
-0.576703
-0.576703
-0.576703
-0.576703
-0.576703
-0.576703
-0.576703
-0.576703
-0.576703
-0.576703
-0.576703
-0.576703
-0.576703
-0.576703
-0.576703
-0.576703
-0.576703
-0.576703
-0.576703
-0.576703
-0.576703
-0.576703
-0.576703
-0.576703
-0.576703
-0.576703
-0.576703
-0.576703
-0.576703
-0.576703
-0.576703
-0.576703
-0.576703
-0.576703
-0.576703
-0.576703
-0.576703
-0.576703
-0.576703
-0.576703
-0.576621
-0.573220
-0.563915
-0.568033
-0.548746
-0.515320
-0.528302
-0.526183
-0.467733
-0.523813
-0.543430
-0.501530
-0.472629
-0.521058
-0.536850
-0.507204
-0.483437
-0.496893
-0.478820
-0.442310
-0.443916
-0.436132
-0.417839
-0.413869
-0.416798
-0.387117
-0.361254
-0.355485
-0.377305
-0.336851
-0.347642
-0.320278
-0.353792
-0.315500
-0.356569
-0.389774
-0.383100
-0.358255
-0.347015
-0.334194
-0.241037
-0.294579
-0.310767
-0.318574
-0.361521
-0.364739
-0.384138
-0.413459
-0.375136
-0.340956
-0.366910
-0.361631
-0.351078
-0.385349
-0.348256
-0.386326
-0.368112
-0.325525
-0.366008
-0.387937
-0.366727
-0.384536
-0.391124
-0.364559
-0.368792
-0.407312
-0.411487
-0.354310
-0.343004
-0.321260
-0.296540
-0.340090
-0.442371
-0.347662
-0.296032
-0.363295
-0.386912
-0.339214
-0.345978
-0.401028
-0.357860
-0.334114
-0.348590
-0.349253
-0.368728
-0.353764
-0.383550
-0.380513
-0.373759
-0.330172
-0.371020
-0.361923
-0.379551
-0.402218
-0.377767
-0.330416
-0.270528
-0.364721
-0.366947
-0.363028
-0.359194
-0.354411
-0.348115
-0.311703
-0.321063
-0.343242
-0.386015
-0.376867
-0.368617
-0.353075
-0.386504
-0.381443
-0.373165
-0.368523
-0.348482
-0.360439
-0.307992
-0.340645
-0.367834
-0.371948
-0.373558
-0.412170
-0.375770
-0.377513
-0.401095
-0.337194
-0.364413
-0.362624
-0.414887
-0.327398
-0.309296
-0.348417
-0.327623
-0.289574
-0.360638
-0.394057
-0.351120
-0.291045
-0.340746
-0.384671
-0.340590
-0.367506
-0.372845
-0.359142
-0.381601
-0.335195
-0.397648
-0.346034
-0.310833
-0.383900
-0.397458
-0.348624
-0.383778
-0.428401
-0.403956
-0.433843
-0.424039
-0.412801
-0.439228
-0.347961
-0.332193
-0.371585
-0.418498
-0.317402
-0.368473
-0.400665
-0.321248
-0.338677
-0.382632
-0.363272
-0.353514
-0.391682
-0.406231
-0.365272
-0.392736
-0.381163
-0.372948
-0.356885
-0.310613
-0.332154
-0.401184
-0.384529
-0.350275
-0.331066
-0.367168
-0.335667
-0.357958
-0.381275
-0.332149
-0.363770
-0.368388
-0.339140
-0.357201
-0.400197
-0.363631
-0.354890
-0.344963
-0.391330
-0.359758
-0.328407
-0.316421
-0.372271
-0.378200
-0.336388
-0.398186
-0.373179
-0.377474
-0.357148
-0.396841
-0.422176
-0.326919
-0.420038
-0.400048
-0.390389
-0.370637
-0.389213
-0.402512
-0.389158
-0.409343
-0.396213
-0.378350
-0.383661
-0.314390
-0.355141
-0.415542
-0.339013
-0.409102
-0.361340
-0.298649
-0.385583
-0.397943
-0.371858
-0.380438
-0.397868
-0.360180
-0.346766
-0.381134
-0.394430
-0.372223
-0.372642
-0.275446
-0.316918
-0.380462
-0.418170
-0.348200
-0.384109
-0.375996
-0.359731
-0.349278
-0.350518
-0.403319
-0.345570
-0.362198
-0.388179
-0.374521
-0.398574
-0.372216
-0.397019
-0.369344
-0.394253
-0.404897
-0.368555
-0.350561
-0.377784
-0.377771
-0.341242
-0.332585
-0.372640
-0.378173
-0.331300
-0.382123
-0.425407
-0.373943
-0.373873
-0.393825
-0.401870
-0.397110
-0.430797
-0.384620
-0.359717
-0.402886
-0.404167
-0.384785
-0.387693
-0.367952
-0.322239
-0.370485
-0.354778
-0.337547
-0.400373
-0.388219
-0.363721
-0.354795
-0.390756
-0.382886
-0.390305
-0.349364
-0.327145
-0.362955
-0.346737
-0.253296
-0.209100
-0.205762
-0.261387
-0.266190
-0.306766
-0.310574
-0.311563
-0.354249
-0.369860
-0.329316
-0.355647
-0.271055
-0.274994
-0.321162
-0.348473
-0.311114
-0.300463
-0.271133
-0.297013
-0.222087
-0.125089
0.135408
0.221129
0.542495
0.584129
0.863379
0.954484
0.666663
1.072400
1.325635
0.921539
1.619794
1.228002
1.481175
1.359723
1.437204
2.053519
3.089940
2.565318
2.737164
3.162987
2.729769
2.206118
3.041678
2.965803
3.931217
3.892423
3.212650
3.914401
3.528031
4.144119
3.977769
4.190101
5.047147
6.217729
4.222604
4.953136
3.872335
4.687180
4.840532
4.626462
3.230936
2.824674
3.033811
2.677072
2.630839
2.345156
3.394693
3.993686
3.032271
3.177634
3.597672
2.849110
2.460977
2.130425
0.960856
0.472387
0.727872
0.737203
1.105354
0.847265
0.995926
1.796076
1.842914
1.522181
0.550091
0.673187
0.933396
0.727660
0.781577
0.497307
0.375371
0.336368
0.703183
0.482186
0.719892
0.831466
1.241734
1.143689
1.081214
1.661847
0.995596
0.555436
0.362777
0.467091
0.434366
0.214827
0.052071
0.160996
0.460525
0.221366
0.255510
0.317128
0.234518
0.035394
0.209875
0.295220
0.185637
0.242822
0.353153
0.165692
0.284976
0.367977
0.275756
0.197463
0.115683
0.568790
0.882704
0.371193
0.149223
0.590461
0.958286
0.402869
0.240760
0.094970
0.211542
0.260680
0.255231
0.091135
0.556813
0.467017
0.319813
0.247233
0.001863
0.232524
0.382986
0.388098
0.227436
0.310634
0.158840
0.089991
0.007439
0.296287
0.217123
0.252543
0.106557
0.269559
0.298641
0.301128
0.229372
0.098347
0.213163
0.083786
0.374355
0.227230
0.094188
0.106487
-0.019427
-0.146829
-0.054447
0.006568
0.029649
-0.081722
-0.036362
-0.184854
-0.216556
-0.254782
-0.320824
-0.182730
-0.156973
-0.208247
-0.222858
-0.188525
-0.255621
-0.181891
-0.175528
-0.234435
-0.113355
-0.048839
-0.126098
-0.159773
-0.166936
-0.202554
-0.253177
-0.245701
-0.070630
-0.110193
-0.163737
-0.213512
-0.118431
-0.087477
-0.136833
-0.119458
-0.176001
-0.063026
0.017399
-0.033190
0.079260
-0.006086
-0.182316
-0.305025
-0.280187
-0.137771
-0.170550
-0.344807
-0.300735
-0.259073
-0.279746
-0.129061
-0.325022
-0.308336
-0.228554
-0.406323
-0.294185
-0.356088
-0.362612
-0.445124
-0.416233
-0.434691
-0.519285
-0.509976
-0.549547
-0.570682
-0.576675
-0.576703
-0.576703
-0.576703
-0.576703
-0.576703
-0.576703
-0.576703
-0.576703
-0.576703
-0.316775
-0.316775
-0.316775
-0.316775
-0.316775
-0.316775
-0.316775
-0.316775
-0.316775
-0.316775
-0.316775
-0.316775
-0.316775
-0.316775
-0.316775
-0.316775
-0.316775
-0.316775
-0.316775
-0.316775
-0.316775
-0.316775
-0.316775
-0.316775
-0.316775
-0.316775
-0.316775
-0.316775
-0.316775
-0.316775
-0.316775
-0.316775
-0.316775
-0.316775
-0.316775
-0.316775
-0.316775
-0.316775
-0.316775
-0.316775
-0.316775
-0.316775
-0.316775
-0.316775
-0.316775
-0.316775
-0.316775
-0.316775
-0.316775
-0.316775
-0.316775
-0.316775
-0.316775
-0.316775
-0.316775
-0.316775
-0.316775
-0.316775
-0.316775
-0.316775
-0.316775
-0.316775
-0.316775
-0.316775
-0.316775
-0.316775
-0.316775
-0.316775
-0.316775
-0.316775
-0.316775
-0.316775
-0.316775
-0.316775
-0.316775
-0.316775
-0.316775
-0.316775
-0.316775
-0.316775
-0.316775
-0.316775
-0.316775
-0.316775
-0.316775
-0.316775
-0.316775
-0.316775
-0.316775
-0.316775
-0.316775
-0.316775
-0.316775
-0.316775
-0.316775
-0.316775
-0.316775
-0.316775
-0.316775
-0.316775
-0.316775
-0.316775
-0.316775
-0.316775
-0.316775
-0.316775
-0.316775
-0.316775
-0.316775
-0.316775
-0.316775
-0.316775
-0.316775
-0.316775
-0.316775
-0.316775
-0.316775
-0.316775
-0.316775
-0.316775
-0.316775
-0.316775
-0.296058
-0.281679
-0.209176
-0.077388
-0.048888
-0.043462
-0.085254
-0.093938
-0.077833
-0.056391
-0.060618
-0.080205
-0.034981
-0.049147
-0.081596
-0.049417
-0.047545
-0.079056
-0.037001
-0.094505
-0.092491
-0.081599
-0.103678
-0.050613
-0.071330
-0.052180
-0.067490
-0.014830
-0.019157
-0.063804
-0.049521
-0.070766
-0.091042
-0.094420
-0.055308
-0.059187
-0.104538
-0.096279
-0.057662
-0.004484
-0.034368
-0.087108
-0.045800
-0.075995
-0.111717
-0.003688
-0.064577
-0.031997
0.106257
-0.038983
-0.132577
-0.097786
-0.096606
-0.111220
-0.085264
-0.119003
-0.108723
-0.079192
0.004518
-0.054570
-0.132552
-0.114815
-0.085229
-0.045215
-0.071736
-0.047513
-0.046652
-0.070970
-0.094912
-0.085258
-0.063896
-0.053663
-0.084620
-0.040354
-0.045821
0.035005
-0.046864
-0.069041
-0.057324
-0.032868
-0.048183
-0.035450
-0.077707
-0.030476
-0.083767
-0.118836
-0.108033
-0.065397
-0.019598
-0.030509
-0.026936
-0.018763
-0.095954
-0.037930
-0.053293
-0.023139
0.025597
-0.069893
-0.059567
0.003983
-0.090955
-0.049762
-0.026404
-0.013580
-0.046739
-0.014173
-0.062682
-0.025881
-0.093712
-0.052086
-0.087041
-0.089079
-0.053268
-0.105939
-0.070108
-0.066114
-0.070267
0.033824
0.068697
-0.016866
-0.051270
-0.086576
-0.065271
-0.088862
-0.048138
-0.024007
-0.079634
-0.078635
-0.106058
-0.074386
-0.061627
0.011791
-0.050725
-0.069919
-0.046813
-0.089073
-0.051151
-0.006998
-0.057749
-0.052831
-0.075162
-0.045574
-0.074049
-0.026138
-0.055276
-0.073741
0.024656
-0.018624
-0.057253
-0.072794
-0.030928
-0.009949
-0.094472
-0.057503
-0.098419
-0.014028
-0.002031
-0.085106
-0.066182
-0.088158
-0.015066
-0.081621
-0.053870
-0.012245
-0.020745
-0.092753
0.064387
-0.011350
0.013899
-0.000852
-0.037445
-0.035576
-0.016510
-0.098348
-0.085852
-0.084882
-0.055313
-0.039784
-0.055195
-0.064669
-0.083009
-0.098774
-0.086440
-0.063840
-0.034490
-0.082785
-0.076374
-0.047189
-0.064150
-0.070772
-0.084696
-0.055825
-0.080000
-0.116189
-0.029886
-0.067544
-0.091056
-0.125621
-0.077344
-0.089456
-0.044868
-0.081973
-0.062280
-0.059719
-0.052524
-0.097132
-0.022586
-0.097478
-0.076139
-0.039783
-0.083173
-0.076704
-0.023086
-0.033394
-0.038823
-0.079750
-0.096867
-0.021290
-0.052139
-0.095264
-0.072477
-0.086242
-0.080827
-0.052907
-0.080602
-0.028397
-0.038444
-0.062302
-0.044629
-0.078458
0.004085
-0.035452
-0.082477
-0.070310
-0.055480
-0.056571
-0.075232
-0.059190
-0.046329
-0.053472
-0.071631
-0.049298
0.001859
-0.049620
-0.075424
-0.059400
-0.085057
-0.035874
-0.058693
-0.043423
-0.031852
-0.073802
-0.059245
-0.111167
-0.060931
0.479123
3.087903
0.605147
-0.118821
-0.060848
-0.025675
-0.107371
-0.098119
0.044128
-0.085190
-0.030710
-0.079412
-0.093129
-0.010594
-0.071654
-0.084500
-0.050062
-0.072973
-0.087031
-0.102531
-0.024203
-0.020767
-0.088575
-0.063555
-0.106882
0.011374
0.001230
-0.054978
-0.089520
-0.132313
-0.082266
-0.106810
-0.112811
0.015737
-0.062114
-0.058529
-0.044605
0.027301
-0.072226
-0.056620
-0.067500
-0.073845
-0.070643
-0.058384
-0.062322
-0.063671
-0.004582
-0.031375
-0.013048
-0.046470
0.091107
-0.025903
-0.087740
-0.066536
-0.055542
-0.021254
0.009591
0.008594
-0.044796
-0.083797
-0.111710
-0.100583
-0.092273
0.010038
0.033851
0.037537
0.006212
-0.077893
-0.105485
-0.014947
0.178342
7.454375
6.104013
0.640180
0.015254
-0.061824
0.019628
-0.050926
0.051400
0.004473
0.020195
0.020130
-0.052175
-0.020921
-0.026926
-0.001741
-0.020117
-0.032193
-0.041776
-0.031450
0.003886
-0.063779
-0.037716
-0.002685
-0.020413
-0.024760
0.048263
0.037896
0.238472
-0.005377
0.013033
-0.037768
-0.004896
-0.057718
0.001880
-0.023801
-0.021886
0.024743
0.016677
-0.058918
-0.023774
-0.021211
-0.008264
0.015213
0.126773
0.027830
0.000247
-0.085466
-0.027328
0.462450
4.982210
1.121090
0.010813
-0.038879
-0.102815
-0.106151
-0.088621
0.008360
-0.051735
0.047048
-0.081462
0.008366
-0.014852
-0.057979
-0.027953
-0.015332
-0.001062
-0.095322
-0.010310
-0.020836
-0.001820
-0.016582
-0.022398
-0.052169
-0.061587
-0.051430
-0.077678
0.109734
-0.042081
-0.032743
-0.017175
0.060385
-0.046076
-0.054018
-0.036854
-0.025979
-0.038139
-0.072254
-0.054416
-0.041151
-0.036288
-0.084999
-0.052392
-0.064114
-0.097544
-0.021586
-0.051976
-0.012670
-0.053270
0.010554
-0.056245
0.001540
0.007407
0.004503
-0.011875
-0.049137
-0.027353
-0.000752
-0.098458
-0.084845
0.008374
0.235315
3.032274
1.130114
0.101428
-0.050040
-0.004836
-0.054252
-0.067224
-0.085569
-0.044529
-0.023247
-0.036327
-0.059549
-0.063476
-0.072209
-0.094089
-0.064304
0.014662
-0.051435
0.006450
5.399279
20.654383
4.983470
0.349527
0.004340
0.022887
0.005319
0.017354
0.201000
0.094031
0.040604
-0.001156
-0.058426
-0.010549
0.015022
0.023149
-0.037345
0.098871
0.045374
-0.053064
-0.004806
0.062413
-0.041311
0.016073
-0.037440
-0.013849
0.012147
-0.062665
-0.031402
-0.023652
0.029751
0.061449
-0.037782
-0.065369
-0.071867
-0.042986
-0.005108
-0.009059
0.023002
-0.049758
-0.052019
-0.080626
0.017439
-0.066602
0.035057
-0.026149
-0.036333
-0.034592
-0.096801
0.008586
0.383831
0.451473
0.017877
-0.071102
-0.136296
-0.166176
-0.254826
-0.316775
-0.316775
