-0.639893
-0.639893
-0.639893
-0.639893
-0.639893
-0.639893
-0.639893
-0.639893
-0.639893
-0.639893
-0.639893
-0.639893
-0.639893
-0.639893
-0.639893
-0.639893
-0.639893
-0.639893
-0.639893
-0.639893
-0.639893
-0.639893
-0.639893
-0.639893
-0.639893
-0.639893
-0.639893
-0.639893
-0.639893
-0.639893
-0.639893
-0.639893
-0.639893
-0.639893
-0.639893
-0.639893
-0.639893
-0.639893
-0.639893
-0.639893
-0.639893
-0.639893
-0.639893
-0.639893
-0.639893
-0.639893
-0.639893
-0.639893
-0.639893
-0.639893
-0.639893
-0.639893
-0.639893
-0.639893
-0.639893
-0.639893
-0.639893
-0.639893
-0.639893
-0.639893
-0.639893
-0.639893
-0.639893
-0.639893
-0.639893
-0.639893
-0.639893
-0.639893
-0.639893
-0.639893
-0.639893
-0.639893
-0.639893
-0.639893
-0.639893
-0.639893
-0.639893
-0.639893
-0.639893
-0.639893
-0.639893
-0.639893
-0.639893
-0.639893
-0.639893
-0.639893
-0.639893
-0.639893
-0.639893
-0.639893
-0.639893
-0.639893
-0.639893
-0.639893
-0.639893
-0.639893
-0.639893
-0.639893
-0.639893
-0.639893
-0.637582
-0.633505
-0.607046
-0.564484
-0.539926
-0.554617
-0.492193
-0.553725
-0.569881
-0.552161
-0.585315
-0.550177
-0.452942
-0.465501
-0.455436
-0.389223
-0.367903
-0.384373
-0.360984
-0.384940
-0.329530
-0.362243
-0.323201
-0.337652
-0.330809
-0.178174
-0.243838
-0.232340
-0.227908
-0.288433
-0.374922
-0.360058
-0.333894
-0.292724
-0.276044
-0.328667
-0.429333
-0.386124
-0.294513
-0.283974
-0.267328
-0.288744
-0.339463
-0.401900
-0.318917
-0.345834
-0.372460
-0.301661
-0.356780
-0.364141
-0.330268
-0.346368
-0.415762
-0.416134
-0.325611
-0.372514
-0.252638
-0.186218
-0.278973
-0.221902
-0.303800
-0.333057
-0.389654
-0.368263
-0.367802
-0.252595
-0.308530
-0.339199
-0.342841
-0.293843
-0.318919
-0.377366
-0.329590
-0.379868
-0.299373
-0.266495
-0.336758
-0.365236
-0.089948
-0.273811
-0.375526
-0.351240
-0.344987
-0.381598
-0.275025
-0.219571
-0.270838
-0.302394
-0.304260
-0.283086
-0.229441
-0.305916
-0.311673
-0.249375
-0.374479
-0.301264
-0.290398
-0.308101
-0.277677
-0.338909
-0.360585
-0.268685
-0.225308
-0.275947
-0.335515
-0.275258
-0.293348
-0.386866
-0.367813
-0.408752
-0.295892
-0.361399
-0.340985
-0.313948
-0.349551
-0.320416
-0.260965
-0.322686
-0.336876
-0.282959
-0.270514
-0.338009
-0.344822
-0.343976
-0.384652
-0.376619
-0.310108
-0.353159
-0.227290
-0.293946
-0.332101
-0.398268
-0.372376
-0.364946
-0.305716
-0.322076
-0.275720
-0.217630
-0.334796
-0.351994
-0.285794
-0.328876
-0.392528
-0.356727
-0.294114
-0.336321
-0.346988
-0.210378
-0.374739
-0.349476
-0.266504
-0.262474
-0.264973
-0.256198
-0.259366
-0.304449
-0.360382
-0.388517
-0.351192
-0.336481
-0.270270
-0.319147
-0.301634
-0.312246
-0.278529
-0.291039
-0.322205
-0.350947
-0.362395
-0.303296
-0.301624
-0.339241
-0.308392
-0.330127
-0.332598
-0.328139
-0.377230
-0.360759
-0.366591
-0.374932
-0.297870
-0.207334
-0.317587
-0.305781
-0.284893
-0.332014
-0.437311
-0.370681
-0.324071
-0.379457
-0.346209
-0.239061
-0.330163
-0.378800
-0.260928
-0.331334
-0.349075
-0.299897
-0.330333
-0.336313
-0.306678
-0.316774
-0.319672
-0.293574
-0.336762
-0.330366
-0.405483
-0.358670
-0.227901
-0.278593
-0.301663
-0.239098
-0.290993
-0.350611
-0.348026
-0.174975
-0.233151
-0.407425
-0.340719
-0.395102
-0.408696
-0.332586
-0.330534
-0.330938
-0.365121
-0.298784
-0.302803
-0.263550
-0.266958
-0.330586
-0.314981
-0.300905
-0.279759
-0.358696
-0.338918
-0.369117
-0.268676
-0.379222
-0.318237
-0.367600
-0.361739
-0.318091
-0.388555
-0.407050
-0.340348
-0.335216
-0.330265
-0.286467
-0.340197
-0.346098
-0.373187
-0.360763
-0.345776
-0.323402
-0.361752
-0.376101
-0.280558
-0.382492
-0.331169
-0.248632
-0.286359
-0.345351
-0.258151
-0.358260
-0.441418
-0.337741
-0.340974
-0.390676
-0.386810
-0.278103
-0.279139
-0.295781
-0.285767
-0.396604
-0.373431
-0.357623
-0.305639
-0.301348
-0.252547
-0.381900
-0.360365
-0.384907
-0.389059
-0.314182
-0.279788
-0.253274
-0.145463
-0.175374
-0.110651
-0.076325
0.007640
-0.092068
-0.074059
0.258604
0.024912
-0.055732
-0.011816
-0.153459
0.024797
-0.117134
0.025372
0.027218
0.062343
0.290939
0.358791
0.232004
0.188268
0.652175
0.665754
0.578147
0.930571
0.617035
0.869420
0.923328
0.737144
0.868805
0.750320
0.961349
1.164755
0.964817
0.958207
1.247126
1.674524
1.457010
1.307466
1.278466
0.801697
1.612376
1.903507
2.888350
2.363963
2.114086
1.405159
1.435367
2.432964
3.368283
2.243068
2.580446
2.360837
2.192480
3.233442
3.811993
3.665265
2.043220
2.364641
3.553086
3.071389
2.429307
1.721737
2.933383
2.851470
2.667984
2.849036
2.143283
3.806096
2.806443
3.213541
4.263915
4.222874
2.945526
2.830251
2.645197
2.419016
2.876916
3.662646
5.115107
2.258020
4.147603
4.347754
2.830422
2.466522
1.571064
1.424588
1.246402
0.989262
1.556878
1.103489
1.059952
0.841828
0.769994
0.797552
1.384070
0.807681
1.233497
1.206745
1.290459
1.668602
1.025516
0.909962
0.777648
0.760399
0.959142
1.208000
1.277637
1.393243
1.917386
1.750035
1.161853
1.319693
1.996378
3.001346
4.008853
3.075837
2.453995
4.481543
3.732044
3.855786
1.147723
-0.140110
-0.329009
-0.229355
-0.299262
-0.332099
-0.333219
-0.348583
-0.319378
-0.269957
-0.287561
-0.309489
-0.360355
-0.356684
-0.251384
-0.208840
-0.279771
-0.406484
-0.329159
-0.271936
-0.303552
-0.203775
-0.298951
-0.250101
-0.342853
-0.313974
-0.349469
-0.331234
-0.318405
-0.271583
-0.245911
-0.377815
-0.360442
-0.304443
-0.352137
-0.353512
-0.281867
-0.400399
-0.263196
-0.285759
-0.331502
-0.288169
-0.221182
-0.325812
-0.318620
-0.229207
-0.211942
-0.289135
-0.390516
-0.433328
-0.397401
-0.304057
-0.284270
-0.241897
-0.335745
-0.393647
-0.355443
-0.377708
-0.316385
-0.366361
-0.316107
-0.325215
-0.380453
-0.345944
-0.381846
-0.333544
-0.211178
-0.242911
-0.350667
-0.411660
-0.412916
-0.338384
-0.322141
-0.267005
-0.331769
-0.297030
-0.304065
-0.354208
-0.360117
-0.373961
-0.390609
-0.375934
-0.368546
-0.361979
-0.357710
-0.343490
-0.337026
-0.379408
-0.416529
-0.358900
-0.286825
-0.352263
-0.314414
-0.281358
-0.335726
-0.364606
-0.264988
-0.339479
-0.250252
-0.238332
-0.275823
-0.279661
-0.352183
-0.360271
-0.361643
-0.384064
-0.443738
-0.364156
-0.362921
-0.451299
-0.390811
-0.449156
-0.479116
-0.441687
-0.478648
-0.450236
-0.505714
-0.529206
-0.512468
-0.566412
-0.589849
-0.631663
-0.639893
-0.639893
-0.639893
-0.639893
-0.639893
-0.639893
-0.639893
-0.639893
-0.548115
-0.548115
-0.548115
-0.548115
-0.548115
-0.548115
-0.548115
-0.548115
-0.548115
-0.548115
-0.548115
-0.548115
-0.548115
-0.548115
-0.548115
-0.548115
-0.548115
-0.548115
-0.548115
-0.548115
-0.548115
-0.548115
-0.548115
-0.548115
-0.548115
-0.548115
-0.548115
-0.548115
-0.548115
-0.548115
-0.548115
-0.548115
-0.548115
-0.548115
-0.548115
-0.548115
-0.548115
-0.548115
-0.548115
-0.548115
-0.548115
-0.548115
-0.548115
-0.548115
-0.548115
-0.548115
-0.548115
-0.548115
-0.548115
-0.548115
-0.548115
-0.548115
-0.548115
-0.548115
-0.548115
-0.548115
-0.548115
-0.548115
-0.548115
-0.548115
-0.548115
-0.548115
-0.548115
-0.548115
-0.548115
-0.548115
-0.548115
-0.548115
-0.548115
-0.548115
-0.548115
-0.548115
-0.548115
-0.548115
-0.548115
-0.548115
-0.548115
-0.548115
-0.548115
-0.548115
-0.548115
-0.548115
-0.548115
-0.548115
-0.548115
-0.548115
-0.548115
-0.548115
-0.548115
-0.548115
-0.548115
-0.548115
-0.548115
-0.548115
-0.548115
-0.548115
-0.548115
-0.548115
-0.548115
-0.548115
-0.548115
-0.548115
-0.548115
-0.548115
-0.548115
-0.548115
-0.548115
-0.548105
-0.540157
-0.524440
-0.526655
-0.533264
-0.534612
-0.533726
-0.512950
-0.493416
-0.507701
-0.499424
-0.460824
-0.445002
-0.464594
-0.462895
-0.455451
-0.443532
-0.463902
-0.463925
-0.448477
-0.424209
-0.443149
-0.445922
-0.418781
-0.427439
-0.451118
-0.440703
-0.432374
-0.452236
-0.450699
-0.472160
-0.438192
-0.436364
-0.455024
-0.420649
-0.414109
-0.439575
-0.471744
-0.390191
-0.359003
-0.388433
-0.395410
-0.444970
-0.452783
-0.454378
-0.456529
-0.444631
-0.443430
-0.453944
-0.423538
-0.472668
-0.460247
-0.453739
-0.447339
-0.443144
-0.457054
-0.457533
-0.473510
-0.436624
-0.439427
-0.457671
-0.447677
-0.448885
-0.459016
-0.466951
-0.450850
-0.423604
-0.433961
-0.465260
-0.483952
-0.459023
-0.473799
-0.444264
-0.368903
-0.414850
-0.446058
-0.403295
-0.433214
-0.475243
-0.456558
-0.443762
-0.450025
-0.464697
-0.454767
-0.437794
-0.454567
-0.422995
-0.437253
-0.419635
-0.454598
-0.454986
-0.437759
-0.452867
-0.438299
-0.441915
-0.416982
-0.427138
-0.378484
-0.404045
-0.438923
-0.445789
-0.406638
-0.391105
-0.358176
-0.403744
-0.419477
-0.459414
-0.395577
-0.379297
-0.423956
-0.388399
-0.372930
-0.417168
-0.442144
-0.414788
-0.417318
-0.411058
-0.410597
-0.424337
-0.463321
-0.450377
-0.441783
-0.428384
-0.403540
-0.432714
-0.438477
-0.457538
-0.450080
-0.410187
-0.439593
-0.429991
-0.457067
-0.459890
-0.460476
-0.447588
-0.420060
-0.353133
-0.448566
-0.431809
-0.405053
-0.436988
-0.434205
-0.443684
-0.439255
-0.447282
-0.441947
-0.419407
-0.427945
-0.424200
-0.405411
-0.418578
-0.425913
-0.455351
-0.441547
-0.426308
-0.438390
-0.411703
-0.409162
-0.438357
-0.431835
-0.426898
-0.427191
-0.438792
-0.424914
-0.393532
-0.397867
-0.377538
-0.422541
-0.455541
-0.480965
-0.447061
-0.398174
-0.424317
-0.426041
-0.415211
-0.418524
-0.399353
-0.407867
-0.433757
-0.438909
-0.462684
-0.462361
-0.417478
-0.402051
-0.445165
-0.429016
-0.429286
-0.414264
-0.452264
-0.460426
-0.411330
-0.382898
-0.444912
-0.432700
-0.435112
-0.455275
-0.417710
-0.427795
-0.353924
-0.417772
-0.437691
-0.426931
-0.437069
-0.443099
-0.455936
-0.442486
-0.409899
-0.457607
-0.461715
-0.399649
-0.408849
-0.427153
-0.457661
-0.449724
-0.424446
-0.465288
-0.432530
-0.394069
-0.427753
-0.426594
-0.440454
-0.458064
-0.419411
-0.444581
-0.397024
-0.422742
-0.412060
-0.396991
-0.436698
-0.393333
-0.446824
-0.426579
-0.424219
-0.439111
-0.446660
-0.462271
-0.429093
-0.439188
-0.449475
-0.450847
-0.445397
-0.440821
-0.437847
-0.469471
-0.425025
-0.432137
-0.441318
-0.446896
-0.444891
-0.425017
-0.407804
-0.410147
-0.447054
-0.458693
-0.444989
-0.458544
-0.455484
-0.443686
-0.425812
-0.423858
-0.421467
-0.390471
-0.462928
-0.405181
-0.410899
-0.438832
-0.417223
-0.431102
-0.415166
-0.448640
-0.438069
-0.448179
-0.425597
-0.426299
-0.390933
-0.436371
-0.395858
-0.390463
-0.415366
-0.400954
-0.398844
-0.401333
-0.413606
-0.420632
-0.375649
-0.400367
-0.412228
-0.384486
-0.380770
-0.328574
-0.286228
-0.262939
-0.142668
-0.279712
-0.291006
-0.282326
-0.301319
-0.182265
-0.209447
-0.119808
-0.185729
-0.182850
-0.162041
0.076610
-0.135011
-0.218290
-0.271199
-0.199186
-0.205349
-0.250815
0.178517
0.133862
0.128911
0.109286
0.195124
0.286736
0.531443
0.337443
0.616487
0.290182
0.282688
0.214946
0.339043
0.449098
0.445905
0.821603
0.021795
0.009192
0.189701
0.735137
1.007972
1.417173
1.844807
1.025003
1.014373
2.488480
3.716161
2.383073
2.779842
1.368027
0.967954
0.545523
0.928999
2.410956
2.066972
1.912047
1.057806
0.990236
2.053766
1.538244
2.100214
1.346420
1.022846
1.626208
1.886790
2.273687
1.975890
3.269707
4.336997
3.203889
3.449574
2.970190
2.343521
3.866286
3.019818
2.023025
1.340124
0.606837
0.318459
0.467532
0.497754
0.430709
1.112656
1.264818
1.151826
2.183894
2.278356
1.929191
2.346323
1.645703
1.389420
0.753311
0.959669
2.261933
2.498684
2.098482
3.064726
4.555550
4.101435
2.350660
3.381654
3.696154
1.757224
2.327579
3.900463
3.995570
3.016680
1.578030
1.087177
0.588149
0.579093
0.630650
0.917385
0.740008
1.188055
1.172138
0.523514
0.722471
1.501131
1.621628
1.583868
1.703444
2.817365
2.691145
2.623015
3.084646
4.411294
3.368317
2.428451
2.589441
3.693139
4.227740
1.568102
1.265649
0.613053
0.292160
0.316939
0.315480
0.167293
0.648720
0.711861
0.836178
0.899698
0.972121
0.933489
1.050954
0.922647
0.168232
0.571290
0.977675
1.014248
1.325792
1.112151
2.314290
2.961806
3.016346
1.956166
0.978414
0.754761
0.072683
-0.098275
-0.240760
-0.317839
-0.348220
-0.326457
-0.332879
-0.307700
-0.367089
-0.396938
-0.352390
-0.342473
-0.363848
-0.431254
-0.413119
-0.418637
-0.401495
-0.352044
-0.378673
-0.140733
0.140341
0.004476
-0.312117
-0.416175
-0.410658
-0.401751
-0.438398
-0.403147
-0.398159
-0.440483
-0.370714
-0.372564
-0.399864
-0.390827
-0.398599
-0.410013
-0.400720
-0.409439
-0.412024
-0.411785
-0.424866
-0.432569
-0.407475
-0.395802
-0.433494
-0.447781
-0.449021
-0.450914
-0.404619
-0.387666
-0.421148
-0.409761
-0.415045
-0.423001
-0.417242
-0.438050
-0.421252
-0.442299
-0.440287
-0.420650
-0.391964
-0.423069
-0.465016
-0.463353
-0.465519
-0.458321
-0.467380
-0.480315
-0.470747
-0.464119
-0.492709
-0.496193
-0.478786
-0.521853
-0.546004
-0.548115
-0.548115
-0.548115
-0.548115
-0.548115
-0.548115
-0.412070
-0.412070
-0.412070
-0.412070
-0.412070
-0.412070
-0.412070
-0.412070
-0.412070
-0.412070
-0.412070
-0.412070
-0.412070
-0.412070
-0.412070
-0.412070
-0.412070
-0.412070
-0.412070
-0.412070
-0.412070
-0.412070
-0.412070
-0.412070
-0.412070
-0.412070
-0.412070
-0.412070
-0.412070
-0.412070
-0.412070
-0.412070
-0.412070
-0.412070
-0.412070
-0.412070
-0.412070
-0.412070
-0.412070
-0.412070
-0.412070
-0.412070
-0.412070
-0.412070
-0.412070
-0.412070
-0.412070
-0.412070
-0.412070
-0.412070
-0.412070
-0.412070
-0.412070
-0.412070
-0.412070
-0.412070
-0.412070
-0.412070
-0.412070
-0.412070
-0.412070
-0.412070
-0.412070
-0.412070
-0.412070
-0.412070
-0.412070
-0.412070
-0.412070
-0.412070
-0.412070
-0.412070
-0.412070
-0.412070
-0.412070
-0.412070
-0.412070
-0.412070
-0.412070
-0.412070
-0.412070
-0.412070
-0.412070
-0.412070
-0.412070
-0.412070
-0.412070
-0.412070
-0.412070
-0.412070
-0.412070
-0.412070
-0.412070
-0.412070
-0.412070
-0.412070
-0.412070
-0.412070
-0.412070
-0.412070
-0.412070
-0.412070
-0.412070
-0.412070
-0.412070
-0.412070
-0.412070
-0.412070
-0.412070
-0.412070
-0.412070
-0.412070
-0.412070
-0.412070
-0.412070
-0.412070
-0.412070
-0.412070
-0.412070
-0.412070
-0.412070
-0.412070
-0.412070
-0.412070
-0.412070
-0.412070
-0.412070
-0.412070
-0.051447
0.063712
-0.088138
-0.105619
-0.007866
-0.089131
-0.144922
-0.161787
-0.098881
-0.019106
0.015768
-0.019133
-0.086085
-0.130721
-0.161289
-0.139679
-0.096150
-0.084324
-0.154264
-0.096228
-0.102996
-0.107022
-0.097544
-0.114503
-0.116108
-0.116223
-0.179536
-0.210856
-0.160345
-0.201830
-0.195327
-0.179293
-0.204990
-0.160051
-0.210128
-0.147838
-0.203480
-0.168707
-0.105605
-0.165832
-0.222051
-0.224237
-0.196582
-0.240311
-0.216036
-0.226505
-0.200684
-0.200075
-0.235385
-0.223465
-0.185259
-0.246797
-0.234795
-0.176866
-0.171533
-0.154324
-0.089638
-0.044005
0.007953
0.166688
0.222451
0.136425
0.272930
0.256754
0.151903
0.094415
0.207400
0.024409
0.129398
0.061785
0.014763
0.058799
-0.111848
-0.036910
-0.093739
-0.182030
-0.209531
-0.135142
-0.185699
-0.134508
-0.160189
-0.186096
-0.161436
-0.193855
-0.125485
-0.145484
-0.123009
-0.181091
-0.172578
-0.130992
-0.204826
-0.213003
-0.191262
-0.089237
-0.110882
-0.120924
-0.055535
-0.109371
-0.082867
-0.064011
-0.016543
-0.136744
-0.122512
-0.169861
-0.177528
-0.199433
-0.138750
-0.124424
-0.121636
-0.083131
-0.154075
-0.168383
-0.150918
-0.143140
-0.132693
-0.108684
-0.059642
-0.085581
-0.089306
-0.152339
-0.225842
-0.217177
-0.175745
-0.210707
-0.166784
-0.187379
-0.181402
-0.155196
-0.099804
-0.118551
-0.169842
-0.228952
-0.196884
-0.205530
-0.223510
-0.193716
-0.171427
-0.196059
-0.197332
-0.244984
-0.173633
-0.253394
-0.169636
-0.185009
-0.154996
-0.083458
-0.145389
-0.163224
-0.215496
-0.161948
-0.168946
-0.174413
-0.185611
-0.162991
-0.100276
-0.183091
-0.227037
-0.169260
-0.212454
-0.235906
-0.181535
-0.226402
-0.222899
-0.175540
-0.242485
-0.274297
-0.210967
-0.259065
-0.204272
-0.168308
-0.180866
-0.213034
-0.245636
-0.239117
-0.184628
-0.185550
-0.225278
-0.192610
-0.083135
-0.183822
-0.203713
-0.190552
-0.182484
-0.177823
-0.145895
-0.221621
-0.213360
-0.214207
-0.218749
-0.184961
-0.143962
-0.202859
-0.174686
-0.272934
-0.214947
-0.216375
-0.237168
-0.233041
-0.134243
-0.179771
-0.196909
-0.174713
-0.199418
-0.206412
-0.194657
-0.213722
-0.262641
-0.185809
-0.185870
-0.216046
-0.144362
-0.216395
-0.224984
-0.210576
-0.163817
-0.158089
-0.209335
-0.236693
-0.204061
-0.204772
-0.168188
-0.157881
-0.171878
-0.208433
-0.235113
-0.236661
-0.178496
-0.242039
-0.229353
-0.223022
-0.222780
-0.242155
-0.208886
-0.175789
-0.236890
-0.168121
-0.200914
-0.170070
-0.143157
-0.184763
-0.230271
-0.186988
-0.173656
-0.184102
-0.226793
-0.253422
-0.229247
-0.225616
-0.214629
-0.213825
-0.191321
-0.240592
-0.221122
-0.194512
-0.247545
-0.233129
-0.215449
-0.221120
-0.183511
-0.173592
-0.227313
-0.172134
-0.166012
-0.202578
-0.208335
-0.206041
-0.245605
-0.214629
-0.143222
-0.211458
-0.184016
-0.198959
-0.219604
-0.154155
-0.210929
-0.230362
-0.235591
-0.199478
-0.196325
-0.203390
-0.209329
-0.219603
-0.109591
23.131340
5.041255
-0.201632
-0.233715
-0.190960
-0.146651
-0.205372
-0.183676
-0.152092
-0.168104
-0.230291
-0.190796
-0.198490
-0.197934
-0.138455
-0.135567
-0.175764
-0.092478
-0.148875
-0.179814
-0.123635
-0.172679
-0.198371
-0.131620
-0.010700
0.043518
-0.035768
0.011505
0.047307
0.203646
0.265657
0.122569
0.072101
0.131503
0.495596
0.832281
0.639617
0.540752
1.013115
1.068942
1.264144
0.665556
1.035819
1.141096
1.338253
1.247654
1.418133
1.725361
0.923456
0.944947
1.018667
1.006432
0.745256
0.707980
0.674850
0.766446
0.501381
0.406145
0.226309
0.326402
0.423623
0.608383
0.212460
0.339967
0.496954
0.430095
0.411967
0.366042
0.172898
0.295087
0.374584
0.401529
0.692985
0.651652
0.721607
0.780067
0.587560
0.417730
0.248393
0.380039
0.368831
0.198018
0.358493
0.441170
0.247989
0.270658
0.293728
0.266573
0.119875
0.251131
0.223427
0.170255
0.099640
0.101359
0.332143
0.433125
0.196597
0.356603
0.464531
0.165917
0.362663
0.123464
0.398627
0.540854
0.503042
0.575875
0.448260
0.633703
0.649726
0.532677
0.162869
0.178520
0.329820
0.212294
0.349887
0.268262
0.271322
0.221298
0.194233
0.298317
0.331324
0.378704
0.199506
0.087757
0.214909
0.077747
-0.043163
0.091899
0.125319
0.029747
0.156101
-0.040197
0.139287
0.111038
0.081345
0.091812
0.243257
0.240039
0.297138
0.334963
0.400833
0.244471
0.260712
0.371171
0.134436
0.198419
0.117670
0.345891
0.290605
0.414456
0.309234
0.399905
0.341892
0.339340
0.130982
0.129028
0.054936
0.217232
0.094144
0.247132
0.190667
0.322426
0.265571
0.250792
0.343616
0.453312
0.391424
0.263714
0.283092
0.314220
0.289018
0.273748
0.276470
0.280479
0.280218
0.166619
0.216650
0.417149
0.330976
0.786519
0.400399
0.803300
0.667302
0.643405
1.117586
0.407262
0.440367
0.735681
0.499172
0.509160
0.502499
0.342907
0.316190
0.186798
0.210958
0.060309
0.036215
0.114325
0.267352
0.301747
0.318156
0.434305
0.247676
0.331682
0.107387
0.206809
0.287926
0.220901
0.178727
0.143815
0.265959
0.403635
0.497446
0.183641
0.174309
0.029274
0.181354
0.129582
0.023401
-0.005657
0.260487
0.096272
0.152273
0.051557
0.054304
0.219696
-0.814030
-0.814030
-0.814030
-0.814030
-0.814030
-0.814030
-0.814030
-0.814030
-0.814030
-0.814030
-0.814030
-0.814030
-0.814030
-0.814030
-0.814030
-0.814030
-0.814030
-0.814030
-0.814030
-0.814030
-0.814030
-0.814030
-0.814030
-0.814030
-0.814030
-0.814030
-0.814030
-0.814030
-0.814030
-0.814030
-0.814030
-0.814030
-0.814030
-0.814030
-0.814030
-0.814030
-0.814030
-0.814030
-0.814030
-0.814030
-0.814030
-0.814030
-0.814030
-0.814030
-0.814030
-0.814030
-0.814030
-0.814030
-0.814030
-0.814030
-0.814030
-0.814030
-0.814030
-0.814030
-0.814030
-0.814030
-0.814030
-0.814030
-0.814030
-0.814030
-0.814030
-0.814030
-0.814030
-0.814030
-0.814030
-0.814030
-0.814030
-0.814030
-0.814030
-0.814030
-0.814030
-0.814030
-0.814030
-0.814030
-0.814030
-0.814030
-0.814030
-0.814030
-0.814030
-0.814030
-0.814030
-0.814030
-0.814030
-0.814030
-0.814030
-0.814030
-0.814030
-0.814030
-0.814030
-0.814030
-0.814030
-0.814030
-0.814030
-0.814030
-0.814030
-0.814030
-0.814030
-0.814030
-0.814030
-0.814030
-0.814030
-0.813864
-0.787397
-0.755584
-0.746606
-0.751508
-0.728842
-0.717418
-0.718379
-0.722033
-0.709913
-0.696692
-0.684385
-0.629215
-0.680132
-0.655897
-0.564992
-0.574860
-0.524960
-0.577536
-0.488779
-0.331249
-0.106881
-0.442350
-0.544069
-0.595312
-0.591625
-0.536607
-0.418312
-0.403605
-0.021490
-0.166051
-0.476949
-0.602394
-0.549613
-0.570317
-0.630400
-0.458446
-0.474583
-0.444267
-0.414611
-0.430184
-0.534486
-0.517467
-0.595569
-0.534869
-0.579872
-0.602806
-0.587914
-0.580158
-0.608868
-0.603535
-0.595534
-0.471726
-0.569344
-0.485238
-0.477777
-0.564716
-0.561855
-0.531155
-0.280319
-0.429248
-0.577855
-0.613486
-0.632031
-0.549966
-0.578561
-0.555580
-0.512007
-0.411644
-0.272227
-0.149253
-0.397048
-0.309001
-0.569519
-0.581007
-0.538809
-0.596336
-0.621719
-0.557267
-0.517213
-0.498105
-0.388889
-0.567022
-0.496777
-0.537506
-0.462211
-0.526939
-0.581045
-0.569701
-0.541087
-0.501665
-0.452163
-0.504897
-0.586879
-0.550431
-0.533061
-0.518379
-0.513909
-0.434310
-0.476850
-0.535045
-0.495725
-0.416007
-0.573237
-0.542430
-0.567957
-0.569841
-0.498599
-0.516561
-0.573901
-0.527815
-0.495599
-0.549325
-0.244460
-0.123922
-0.473228
-0.403793
-0.321859
-0.514066
-0.591611
-0.520658
-0.557074
-0.467548
-0.444853
-0.452261
-0.544903
-0.535831
-0.495345
-0.478096
-0.520888
-0.620638
-0.611760
-0.527723
-0.527238
-0.441426
-0.536484
-0.520254
-0.495823
-0.487474
-0.436347
-0.539003
-0.596186
-0.490219
-0.501841
-0.515398
-0.551176
-0.491378
-0.551178
-0.573994
-0.542189
-0.510124
-0.446619
-0.440471
-0.576331
-0.620947
-0.578740
-0.557870
-0.608515
-0.535480
-0.529819
-0.525553
-0.241839
-0.450397
-0.567246
-0.543320
-0.592826
-0.590177
-0.561913
-0.571538
-0.603116
-0.530209
-0.452129
-0.451038
-0.431033
-0.589918
-0.552398
-0.498600
-0.518500
-0.608960
-0.588509
-0.623635
-0.539575
-0.465067
-0.499821
-0.568146
-0.561195
-0.573822
-0.583955
-0.530003
-0.601166
-0.616553
-0.617323
-0.581254
-0.561939
-0.574230
-0.377256
-0.550434
-0.559842
-0.562915
-0.564103
-0.356327
-0.575273
-0.560530
-0.651611
-0.530162
-0.440073
-0.476533
-0.415206
-0.273958
-0.549611
-0.601036
-0.430089
-0.488756
-0.139686
-0.373695
-0.470408
-0.386469
-0.393368
-0.311430
-0.401418
-0.365649
-0.064606
-0.207993
-0.355637
0.182529
0.827771
0.633171
0.234596
0.622831
-0.159057
-0.475160
-0.321019
-0.326880
-0.377201
-0.375231
-0.063199
-0.443674
-0.288731
0.324061
0.076834
0.818760
-0.320458
0.101485
-0.081530
-0.043648
-0.042209
-0.098232
-0.447865
-0.278562
0.018282
0.415539
-0.471764
-0.264244
-0.272948
-0.139278
-0.294541
-0.092933
-0.239424
0.077505
-0.045821
-0.377048
-0.208763
-0.152361
-0.050697
0.234703
-0.196840
0.075369
-0.226545
-0.301329
-0.210838
-0.339593
-0.251830
-0.019903
0.035985
0.481431
0.024677
-0.500724
-0.401908
-0.363546
-0.502865
-0.435931
-0.457462
-0.272600
-0.377892
-0.436652
-0.382548
-0.171194
0.133156
-0.363723
-0.165088
-0.259223
-0.292292
-0.076915
-0.025574
-0.181572
-0.422442
-0.216567
-0.120754
-0.065208
-0.363545
-0.514315
-0.449529
-0.254092
0.026738
0.979549
0.224946
0.104875
-0.199294
-0.326890
-0.260483
0.065625
-0.139662
-0.040600
0.602748
1.040985
1.510742
0.351946
-0.096113
0.066861
0.115604
0.226280
0.096598
0.135280
0.350114
0.507963
0.523830
0.271103
0.247538
0.296975
0.735957
0.923025
0.766531
1.029550
0.821032
1.497069
3.430080
4.588661
5.006711
3.466303
2.849904
1.679190
0.500526
0.509215
0.841087
0.764257
1.057097
0.382139
0.789905
1.170328
1.931264
1.034258
0.686567
0.150733
0.671192
0.430704
0.659368
1.294899
1.785862
1.686563
1.901583
1.308227
0.688211
0.587397
0.728449
0.518500
0.828648
0.914149
1.546682
2.242350
3.568355
1.759107
1.734758
1.551391
0.898102
1.633031
1.933846
2.119617
3.084000
2.613668
2.767666
2.382455
1.682340
2.361995
2.150257
2.715703
2.492734
2.161720
1.699080
2.375694
2.192951
1.580058
2.498419
2.540471
3.074737
2.220442
2.435989
1.757144
0.907189
1.395056
1.369020
1.342917
1.279182
0.674147
0.325642
0.309271
0.270030
0.843272
1.335634
1.890126
1.705126
1.175727
1.782239
1.238507
2.099027
2.500615
2.016894
3.329798
1.617332
3.565194
2.123984
1.513050
1.126947
0.734966
0.955740
1.857442
1.727513
1.281264
2.514236
3.321650
4.386251
3.824505
2.972128
3.071355
0.953639
0.480701
0.303045
0.523385
0.596604
1.074300
0.442644
0.443204
0.366526
0.152845
0.046761
0.565677
0.931064
0.569068
0.394023
0.597404
0.552300
0.686767
1.072617
1.426621
0.973697
1.024309
0.658093
0.294020
0.384682
1.051087
1.466922
1.400557
0.692341
0.365934
0.664658
0.492091
0.347749
0.217212
0.752534
0.677993
1.173504
0.885554
0.509134
0.093478
0.101381
0.072248
-0.178986
0.167207
0.278584
0.556371
1.144669
1.715486
1.840189
2.348609
2.004767
2.538591
1.878864
2.048536
1.704343
0.206969
-0.295166
-0.169582
-0.276517
-0.470944
-0.572250
-0.501846
-0.472133
-0.371367
-0.449278
-0.421913
-0.415863
-0.370869
-0.324020
-0.393572
-0.116377
-0.281209
-0.003753
0.457814
0.021975
-0.430955
-0.488679
-0.462739
-0.547469
-0.508448
-0.514280
-0.552803
-0.624214
-0.571135
-0.432158
-0.482224
-0.578624
-0.578432
-0.554703
-0.629854
-0.750070
-0.758707
-0.756498
-0.795148
-0.811418
-0.814021
-0.814030
-0.814030
-0.814030
-0.814030
-0.814030
-0.814030
-0.814030
-0.552889
-0.552889
-0.552889
-0.552889
-0.552889
-0.552889
-0.552889
-0.552889
-0.552889
-0.552889
-0.552889
-0.552889
-0.552889
-0.552889
-0.552889
-0.552889
-0.552889
-0.552889
-0.552889
-0.552889
-0.552889
-0.552889
-0.552889
-0.552889
-0.552889
-0.552889
-0.552889
-0.552889
-0.552889
-0.552889
-0.552889
-0.552889
-0.552889
-0.552889
-0.552889
-0.552889
-0.552889
-0.552889
-0.552889
-0.552889
-0.552889
-0.552889
-0.552889
-0.552889
-0.552889
-0.552889
-0.552889
-0.552889
-0.552889
-0.552889
-0.552889
-0.552889
-0.552889
-0.552889
-0.552889
-0.552889
-0.552889
-0.552889
-0.552889
-0.552889
-0.552889
-0.552889
-0.552889
-0.552889
-0.552889
-0.552889
-0.552889
-0.552889
-0.552889
-0.552889
-0.552889
-0.552889
-0.552889
-0.552889
-0.552889
-0.552889
-0.552889
-0.552889
-0.552889
-0.552889
-0.552889
-0.552889
-0.552889
-0.552889
-0.552889
-0.552889
-0.552889
-0.552889
-0.552889
-0.552889
-0.552889
-0.552889
-0.552889
-0.552889
-0.552889
-0.552889
-0.552889
-0.552889
-0.552889
-0.552724
-0.549519
-0.532038
-0.528133
-0.499264
-0.505558
-0.477417
-0.507478
-0.503842
-0.475119
-0.479868
-0.504779
-0.498318
-0.453220
-0.462272
-0.456720
-0.435240
-0.341480
-0.394556
-0.371394
-0.363031
-0.391633
-0.435023
-0.439640
-0.399932
-0.367788
-0.382425
-0.399753
-0.406305
-0.389440
-0.360447
-0.382336
-0.390410
-0.351911
-0.347601
-0.367875
-0.368174
-0.376671
-0.382881
-0.366776
-0.365032
-0.360830
-0.377261
-0.328920
-0.328961
-0.412617
-0.406567
-0.365765
-0.356553
-0.319108
-0.335088
-0.366740
-0.353216
-0.400965
-0.393702
-0.427423
-0.358278
-0.378478
-0.422704
-0.386107
-0.438380
-0.407440
-0.396788
-0.370719
-0.302450
-0.356774
-0.360783
-0.378615
-0.389190
-0.383126
-0.364558
-0.385912
-0.381548
-0.326093
-0.329912
-0.344109
-0.395170
-0.386129
-0.381480
-0.328320
-0.348423
-0.386567
-0.377838
-0.353327
-0.415934
-0.419001
-0.382980
-0.383155
-0.346796
-0.394639
-0.384667
-0.382605
-0.407995
-0.358451
-0.313038
-0.376086
-0.390934
-0.360427
-0.364791
-0.386491
-0.404994
-0.371229
-0.306053
-0.342184
-0.295315
-0.347451
-0.358721
-0.374409
-0.349299
-0.329372
-0.326437
-0.315404
-0.287184
-0.378800
-0.302298
-0.355090
-0.368955
-0.382207
-0.420481
-0.348673
-0.364393
-0.336621
-0.309358
-0.406309
-0.357772
-0.371074
-0.328539
-0.294763
-0.351284
-0.350501
-0.328103
-0.387444
-0.388652
-0.390730
-0.297049
-0.246303
-0.297810
-0.342885
-0.257094
-0.316317
-0.358100
-0.291245
-0.332635
-0.280821
-0.272401
-0.249923
-0.321623
-0.397212
-0.352193
-0.394044
-0.316881
-0.264737
-0.352795
-0.276509
-0.352769
-0.360504
-0.315753
-0.281868
-0.300978
-0.325777
-0.397594
-0.354805
-0.344903
-0.395112
-0.326101
-0.285804
-0.229400
-0.279290
-0.335049
-0.321135
-0.359219
-0.379329
-0.285250
-0.336708
-0.327191
-0.308425
-0.341813
-0.306040
-0.372847
-0.330720
-0.382556
-0.387575
-0.317285
-0.292378
-0.330652
-0.373172
-0.384011
-0.354201
-0.391331
-0.390265
-0.344296
-0.360161
-0.285849
-0.330029
-0.395348
-0.418166
-0.389686
-0.368617
-0.417223
-0.408098
-0.406801
-0.405523
-0.404386
-0.390275
-0.365701
-0.383389
-0.382480
-0.392692
-0.386594
-0.424605
-0.432100
-0.378278
-0.401732
-0.325417
-0.394875
-0.383324
-0.410713
-0.427210
-0.388742
-0.340175
-0.402155
-0.381109
-0.399221
-0.379042
-0.390534
-0.413719
-0.425185
-0.375094
-0.399533
-0.387053
-0.367424
-0.425937
-0.401347
-0.389782
-0.397290
-0.316097
-0.340201
-0.298022
-0.313074
-0.269104
-0.311484
-0.379792
-0.333016
-0.367675
-0.307902
-0.294823
-0.331406
-0.330955
-0.423531
-0.374204
-0.370842
-0.385399
-0.345635
-0.397204
-0.337438
-0.369135
-0.342499
-0.361136
-0.352196
-0.330492
-0.322286
-0.330100
-0.307818
-0.282748
-0.326608
-0.328701
-0.225703
-0.185865
-0.174847
-0.155256
-0.238842
-0.304672
-0.270497
-0.266564
-0.274530
-0.227720
-0.251980
-0.337278
-0.265781
-0.218850
-0.187756
-0.193067
-0.184435
-0.260969
-0.310400
-0.263510
-0.312623
-0.276503
-0.319139
-0.266980
-0.159096
-0.256779
-0.087086
0.122101
0.102423
0.081256
0.077139
0.361228
0.550750
0.659616
0.836941
0.913343
0.275716
0.339598
0.178625
0.201340
0.083072
0.369403
0.379267
0.321230
0.208095
0.221349
0.437852
0.153683
0.171908
0.376283
0.521617
0.661657
0.831953
1.083326
0.879373
0.749706
1.072534
1.231751
1.435670
1.435644
1.104144
0.937149
0.859992
1.147606
1.762746
1.126955
0.893867
1.403805
1.226977
1.223079
1.502972
1.664567
2.340317
1.741127
2.183196
2.274282
1.895162
2.414868
2.675429
4.216293
3.600058
3.024783
3.922776
4.845799
6.141558
6.891569
4.692831
4.850088
3.815683
3.570080
3.784651
2.455496
2.122160
2.767462
1.292802
1.152542
1.130535
1.611201
1.703208
1.871820
2.072731
1.759731
1.962052
1.722585
2.233668
2.490692
2.261727
2.408405
3.498591
3.584105
4.243554
5.969848
3.273595
3.567166
2.673353
2.534206
1.861038
1.734355
1.359647
1.727669
1.432977
1.383700
1.811723
1.343743
1.197071
1.730776
1.553629
1.395709
1.164276
1.066454
1.058637
1.049291
0.645204
0.592513
0.927588
1.720558
1.278684
1.509430
1.393423
1.446784
0.991252
0.248700
0.266065
0.225959
0.135413
-0.036244
-0.052513
-0.013636
0.050426
0.118972
0.218886
0.370831
-0.065670
-0.117643
-0.180456
-0.037052
-0.051922
0.157913
0.232547
0.093309
0.275284
0.419872
0.126522
0.026454
-0.011973
-0.097785
-0.232035
-0.263472
-0.278590
-0.285967
-0.331659
-0.260761
-0.271482
-0.279874
-0.351994
-0.349735
-0.359359
-0.353433
-0.340932
-0.359028
-0.371203
-0.308838
-0.325957
-0.185578
-0.132532
-0.275897
-0.285593
-0.338514
-0.368883
-0.310537
-0.273885
-0.349628
-0.329995
-0.376839
-0.378379
-0.328444
-0.370572
-0.355772
-0.343270
-0.329603
-0.321829
-0.329038
-0.321167
-0.325321
-0.313082
-0.274535
-0.338362
-0.312760
-0.375654
-0.376273
-0.374600
-0.366789
-0.335049
-0.333063
-0.351126
-0.373011
-0.385648
-0.358512
-0.402578
-0.367636
-0.381780
-0.380270
-0.389561
-0.371980
-0.327986
-0.303931
-0.381018
-0.411117
-0.405273
-0.302694
-0.353323
-0.388799
-0.421518
-0.401288
-0.370850
-0.389202
-0.375717
-0.394879
-0.384255
-0.375078
-0.342432
-0.381937
-0.388374
-0.370056
-0.378369
-0.416506
-0.401552
-0.414070
-0.388238
-0.406433
-0.371830
-0.393834
-0.407232
-0.394173
-0.470503
-0.469670
-0.475252
-0.501119
-0.497993
-0.516965
-0.511748
-0.512684
-0.547286
-0.552674
-0.552889
-0.552889
-0.552889
-0.552889
-0.552889
-0.552889
-0.552889
-0.552889
-0.640130
-0.640130
-0.640130
-0.640130
-0.640130
-0.640130
-0.640130
-0.640130
-0.640130
-0.640130
-0.640130
-0.640130
-0.640130
-0.640130
-0.640130
-0.640130
-0.640130
-0.640130
-0.640130
-0.640130
-0.640130
-0.640130
-0.640130
-0.640130
-0.640130
-0.640130
-0.640130
-0.640130
-0.640130
-0.640130
-0.640130
-0.640130
-0.640130
-0.640130
-0.640130
-0.640130
-0.640130
-0.640130
-0.640130
-0.640130
-0.640130
-0.640130
-0.640130
-0.640130
-0.640130
-0.640130
-0.640130
-0.640130
-0.640130
-0.640130
-0.640130
-0.640130
-0.640130
-0.640130
-0.640130
-0.640130
-0.640130
-0.640130
-0.640130
-0.640130
-0.640130
-0.640130
-0.640130
-0.640130
-0.640130
-0.640130
-0.640130
-0.640130
-0.640130
-0.640130
-0.640130
-0.640130
-0.640130
-0.640130
-0.640130
-0.640130
-0.640130
-0.640130
-0.640130
-0.640130
-0.640130
-0.640130
-0.640130
-0.640130
-0.640130
-0.640130
-0.640130
-0.640130
-0.640130
-0.640130
-0.640130
-0.640130
-0.640130
-0.640130
-0.640130
-0.640130
-0.640130
-0.640130
-0.640130
-0.640130
-0.640130
-0.640130
-0.640130
-0.640130
-0.640130
-0.640130
-0.640130
-0.640130
-0.640130
-0.640130
-0.640130
-0.640130
-0.640130
-0.640130
-0.640130
-0.640130
-0.640130
-0.640130
-0.640130
-0.640130
-0.640130
-0.640130
-0.640130
-0.640130
-0.640130
-0.599870
-0.492081
-0.325542
-0.403835
-0.366995
-0.374494
-0.404794
-0.340852
-0.358002
-0.424942
-0.350408
-0.308885
-0.430274
-0.335744
-0.421642
-0.389401
-0.360988
-0.373599
-0.247966
-0.312191
-0.363219
-0.334477
-0.441577
-0.435225
-0.357996
-0.352353
-0.375036
-0.376891
-0.363507
-0.363051
-0.386466
-0.385374
-0.456277
-0.380276
-0.375228
-0.434487
-0.358939
-0.366727
-0.355151
-0.283182
-0.381613
-0.353765
-0.338576
-0.350766
-0.362958
-0.455977
-0.349673
-0.337789
-0.450024
-0.364178
-0.290592
-0.388983
-0.304070
-0.377496
-0.395844
-0.347718
-0.364863
-0.400057
-0.361553
-0.400410
-0.407297
-0.374763
-0.343109
-0.355121
-0.342756
-0.349057
-0.410490
-0.389474
-0.423566
-0.423423
-0.362907
-0.394460
-0.435882
-0.329951
-0.440403
-0.418629
-0.453346
-0.409106
-0.272579
-0.371661
-0.351551
-0.365854
-0.369006
-0.302476
-0.360372
-0.446333
-0.336906
-0.364436
-0.420343
-0.353692
-0.356272
-0.391507
-0.430742
-0.423462
-0.336546
-0.398833
-0.355269
-0.422346
-0.389392
-0.384316
-0.356022
-0.261282
-0.297957
-0.401442
-0.338425
-0.359561
-0.377131
-0.354874
-0.404173
-0.333113
-0.382301
-0.426958
-0.391232
-0.335742
-0.351252
-0.308561
-0.428625
-0.334648
-0.293986
-0.325434
-0.305020
-0.338707
-0.427198
-0.362187
-0.320876
-0.343615
-0.359569
-0.302144
-0.391546
-0.316991
-0.424214
-0.372445
-0.399009
-0.388410
-0.371745
-0.396076
-0.409669
-0.423543
-0.369791
-0.370976
-0.374771
-0.378805
-0.402241
-0.434724
-0.425055
-0.418575
-0.376857
-0.423902
-0.410578
-0.269827
-0.379314
-0.403180
-0.367125
-0.308505
-0.398659
-0.427116
-0.375538
-0.398651
-0.320421
-0.375875
-0.356651
-0.390798
-0.330045
-0.302535
-0.270233
-0.333172
-0.365665
-0.343486
-0.365839
-0.314807
-0.411127
-0.425882
-0.405747
-0.403735
-0.369771
-0.381083
-0.335218
-0.298655
-0.399094
-0.354530
-0.241873
-0.233158
-0.372247
-0.269108
-0.330982
-0.325935
-0.310340
-0.390107
-0.380310
-0.263761
-0.324639
-0.271855
-0.335746
-0.289969
-0.347098
-0.393244
-0.357448
-0.367448
-0.445316
-0.358294
-0.385884
-0.342213
-0.342229
-0.324887
-0.333165
-0.339054
-0.366819
-0.353352
-0.287429
-0.322977
-0.367183
-0.263645
-0.243749
-0.404082
-0.322145
-0.260541
-0.349122
-0.361076
-0.344390
-0.392895
-0.331451
-0.321062
-0.409697
-0.386987
-0.364744
-0.332754
-0.264938
-0.244982
-0.380376
-0.378216
-0.370624
-0.338772
-0.340039
-0.373096
-0.347217
-0.367564
-0.335281
-0.412749
-0.321730
-0.268871
-0.277014
-0.409137
-0.314026
-0.296727
-0.373163
-0.286344
-0.338474
-0.328133
-0.324467
-0.389606
-0.390823
-0.407227
-0.386343
-0.369959
-0.360923
-0.393901
-0.335166
-0.357250
-0.325943
-0.326277
-0.402763
-0.376357
-0.346510
-0.362775
-0.349196
-0.370135
-0.291409
-0.275191
-0.304894
-0.272856
-0.380797
-0.276436
-0.343193
-0.319741
-0.299190
-0.398172
-0.344642
-0.267559
-0.352563
-0.319041
-0.290628
-0.267637
-0.331640
-0.286787
-0.226202
-0.266402
-0.383397
-0.305841
-0.232198
-0.327463
-0.301570
-0.359422
-0.226349
-0.284057
-0.212836
-0.090810
-0.038549
-0.000567
-0.019702
-0.135344
0.654045
0.601331
0.436732
0.619676
0.439514
0.921964
1.015173
0.776078
1.605322
2.096807
1.061766
1.081191
1.784300
0.753446
0.660223
1.316073
1.615451
1.868020
1.554580
1.122596
2.088955
1.342708
1.152705
1.501915
1.427987
2.280083
1.885275
1.951706
2.857049
2.060589
1.485790
1.587017
1.873382
3.876852
4.875412
4.383326
5.719104
6.325105
2.696738
1.880926
3.660814
2.156562
1.789829
1.919991
2.400720
1.876249
2.077023
1.156002
1.547407
1.507132
1.832829
4.365910
4.133476
4.246109
2.537799
1.599896
1.679537
1.343096
1.099004
1.499808
0.934002
1.426566
1.345545
2.238078
2.511295
2.722211
3.165442
4.140365
1.894392
3.525114
4.701939
3.023077
2.255017
2.440521
2.583302
2.951875
2.278025
2.490468
2.140949
1.002526
2.309389
3.119491
1.506070
1.104696
1.106754
1.300679
2.270575
2.906311
2.145912
1.481692
1.765856
1.926971
1.407043
1.746254
1.197899
1.342548
1.279904
0.850088
0.496659
1.261015
1.285391
1.115620
0.353721
0.290092
0.484311
0.451539
0.046500
0.210689
0.125914
0.092065
0.152150
-0.061976
0.023939
0.047430
-0.063408
-0.035475
-0.096199
-0.152458
-0.098675
0.016432
-0.115037
-0.160754
-0.199854
0.070669
0.113173
-0.172129
-0.269068
-0.171758
-0.267897
-0.226089
-0.296686
-0.287323
-0.330599
-0.274341
-0.259604
-0.315427
-0.306430
-0.235305
-0.215639
-0.195072
-0.262434
-0.223831
-0.244782
-0.167677
0.122763
-0.219811
-0.267106
-0.244522
-0.282267
-0.313685
-0.173833
-0.220482
-0.253368
-0.335036
-0.359779
-0.223399
-0.272525
-0.344358
-0.276790
-0.222992
-0.110722
-0.089229
-0.133920
-0.149865
-0.246048
-0.187205
-0.105488
-0.012411
-0.174785
-0.115988
-0.193900
-0.243895
-0.140878
-0.151775
-0.219530
-0.198239
-0.132330
-0.265855
-0.186643
-0.240432
-0.174437
-0.280881
-0.310285
-0.320435
-0.254493
-0.266203
-0.192269
-0.112932
-0.169786
-0.253025
-0.241413
-0.200868
-0.189637
-0.194449
-0.233905
-0.289556
-0.153491
-0.210684
-0.245926
-0.204284
-0.151985
-0.259124
-0.303857
-0.266309
-0.251875
-0.249786
-0.282880
-0.297824
-0.358148
-0.327364
-0.510210
-0.640130
-1.198621
-1.198621
-1.198621
-1.198621
-1.198621
-1.198621
-1.198621
-1.198621
-1.198621
-1.198621
-1.198621
-1.198621
-1.198621
-1.198621
-1.198621
-1.198621
-1.198621
-1.198621
-1.198621
-1.198621
-1.198621
-1.198621
-1.198621
-1.198621
-1.198621
-1.198621
-1.198621
-1.198621
-1.198621
-1.198621
-1.198621
-1.198621
-1.198621
-1.198621
-1.198621
-1.198621
-1.198621
-1.198621
-1.198621
-1.198621
-1.198621
-1.198621
-1.198621
-1.198621
-1.198621
-1.198621
-1.198621
-1.198621
-1.198621
-1.198621
-1.198621
-1.198621
-1.198621
-1.198621
-1.198621
-1.198621
-1.198621
-1.198621
-1.198621
-1.198621
-1.198621
-1.198621
-1.198621
-1.198621
-1.198621
-1.198621
-1.198621
-1.198621
-1.198621
-1.198621
-1.198621
-1.198621
-1.198621
-1.198621
-1.198621
-1.198621
-1.198621
-1.198621
-1.198621
-1.198621
-1.198621
-1.198621
-1.198621
-1.198621
-1.198621
-1.198621
-1.198621
-1.198621
-1.198621
-1.198621
-1.198621
-1.198621
-1.198621
-1.198621
-1.198621
-1.198621
-1.198621
-1.198621
-1.198621
-1.198621
-1.198621
-1.198621
-1.197137
-1.175760
-1.151532
-1.089522
-1.111790
-1.049938
-0.994044
-0.855327
-0.818481
-0.836437
-0.716298
-0.502943
-0.367429
-0.371571
-0.148253
-0.151732
0.032848
0.009675
-0.021250
0.139892
-0.192632
0.103731
0.181170
0.563351
0.372134
-0.029348
0.088577
-0.133125
-0.112886
0.454929
0.335911
0.023342
-0.148644
0.132559
0.037124
-0.028479
-0.164660
0.160283
0.573944
0.039703
-0.099285
-0.031480
0.030054
0.273872
0.494646
0.128693
0.100049
0.145077
0.281677
0.063213
0.369138
0.212847
0.002486
0.140675
0.311695
0.111426
0.304356
0.048625
-0.068314
-0.084797
0.056020
-0.131724
-0.144034
-0.130049
-0.118309
-0.057832
0.095656
0.195106
0.299221
0.242608
0.315217
0.486459
0.165678
-0.000701
0.224548
0.240813
0.084982
0.395696
0.140254
-0.065295
-0.196039
-0.063984
0.028392
-0.059866
0.007040
0.050907
0.237524
0.033239
0.032450
0.204334
-0.010615
-0.070052
0.258270
0.156039
0.079542
0.038560
0.010147
0.302497
0.292363
-0.016844
0.162762
-0.164461
-0.164447
0.097871
0.300521
0.100344
0.501110
0.251241
0.320326
0.419967
0.584987
0.012107
0.337794
0.243278
-0.023311
0.184388
0.243970
0.025203
0.023232
0.185776
0.597242
0.238226
-0.101313
0.462464
0.757553
0.319965
0.055585
-0.188265
0.066769
0.138967
0.265889
0.029295
0.072833
0.208497
0.443556
-0.150587
0.171519
0.489488
0.041814
0.271661
0.164164
0.157445
0.431255
0.460822
-0.077747
0.064509
0.314689
0.420084
0.685858
0.510014
0.282577
0.069906
0.281411
0.499445
0.229140
0.036597
0.161743
-0.006162
0.070967
0.022984
0.346952
0.521554
0.139442
0.159145
0.127294
-0.129230
0.056166
-0.143686
0.222492
0.553632
0.414964
0.477872
0.161020
0.529284
0.842043
0.308052
0.401453
0.244091
0.406280
0.699441
0.778279
0.633759
0.318506
0.405119
0.068741
0.014176
-0.005197
0.592230
0.006033
0.502080
0.503012
0.182076
0.312854
0.528980
0.286811
0.370079
0.226778
0.092621
-0.021131
0.100470
0.550549
0.189876
-0.040575
0.361539
0.079136
0.687133
0.402136
0.386182
0.219909
0.743367
0.067157
0.285362
0.206111
0.342379
0.105911
0.579091
0.475831
0.512844
0.071110
0.120320
0.272024
0.510526
0.085379
0.147754
0.552502
1.015996
0.340933
0.209521
-0.062720
0.034052
0.135830
0.378102
0.368413
0.414010
0.646424
0.730597
1.030943
0.838008
0.675443
0.929772
0.405497
0.422999
0.389982
0.430790
0.530309
0.997494
0.808000
0.922091
0.465604
0.730972
0.521209
0.713904
0.829453
0.421912
0.413474
0.399326
0.917251
0.656513
0.571149
0.782834
0.816342
1.511745
0.757041
0.696704
0.790608
1.053919
0.056044
0.086122
0.402958
0.977742
0.747564
0.636809
0.558468
0.800446
0.910883
0.254928
0.532577
0.966410
0.931465
0.896305
0.742743
0.611398
0.266551
0.786567
1.036968
0.766848
0.781545
0.564525
0.723574
0.730147
0.266112
0.277785
0.446435
1.059255
1.163154
0.690144
0.932734
0.484272
0.322495
0.636523
0.657987
0.993222
1.082725
0.997630
0.809186
0.236045
0.496317
0.751262
0.443201
0.940467
1.154518
0.518425
0.383144
0.479575
0.413596
0.730475
1.052890
1.143715
1.083513
2.016958
2.389439
3.755579
2.975617
3.003197
2.379215
2.839286
4.561641
5.084816
3.898007
3.201225
3.272892
5.342746
4.151789
4.238590
4.192128
6.167029
3.283007
3.663725
2.690338
2.034217
3.427116
3.077480
3.036364
2.248557
1.527039
1.273261
1.035394
0.519003
0.677778
0.893347
0.459075
0.114823
0.355894
0.363003
0.661831
0.678443
0.563683
0.457552
0.520535
0.642578
0.988816
0.645886
0.609168
0.804612
0.520029
0.682398
0.494301
0.186370
0.612534
0.987329
1.051120
1.957970
1.744208
0.388659
0.237431
0.283863
0.037606
0.473254
0.722549
0.633076
0.398126
0.302675
-0.019462
-0.005248
-0.018673
-0.094482
-0.069406
-0.164067
0.359211
0.323944
0.776007
-0.177518
-0.244977
-0.031022
-0.085447
-0.220508
-0.333370
-0.341018
-0.657643
-0.363904
-0.444705
-0.429604
-0.551399
-0.592897
-0.389167
-0.263313
-0.373002
-0.401699
-0.531675
-0.427117
-0.440757
-0.566978
-0.434141
-0.197723
-0.282297
-0.587469
-0.332479
-0.250811
-0.607067
-0.284853
-0.371224
-0.312478
-0.289629
-0.516595
-0.188794
-0.225406
-0.457666
-0.420477
-0.478342
-0.423962
-0.500133
-0.469581
0.009443
-0.102739
-0.061895
-0.406273
-0.282995
-0.511689
-0.526434
-0.542709
-0.579971
-0.670093
-0.561452
-0.614710
-0.555189
-0.498343
-0.479768
-0.362099
-0.435721
-0.571396
-0.451963
-0.382083
-0.227781
-0.433144
-0.599641
-0.558843
-0.444397
-0.648128
-0.644421
-0.618644
-0.566869
-0.506997
-0.306089
-0.287727
-0.489592
-0.388159
-0.494027
-0.426585
-0.683130
-0.695517
-0.590766
-0.478340
-0.271228
-0.497669
-0.591845
-0.528951
-0.530607
-0.586904
-0.520334
-0.583251
-0.707645
-0.682065
-0.694167
-0.607661
-0.474861
-0.595978
-0.514938
-0.501155
-0.663271
-0.767437
-0.689556
-0.726214
-0.700954
-0.557522
-0.711546
-0.730523
-0.729604
-0.677549
-0.606512
-0.643939
-0.717678
-0.845802
-0.854564
-0.660483
-0.642499
-0.691287
-0.711480
-0.709157
-0.697472
-0.725613
-0.715808
-0.754182
-0.641696
-0.713158
-0.694851
-0.661605
-0.710827
-0.675324
-0.729540
-0.746000
-0.893434
-1.007491
-0.894279
-1.007899
-1.069877
-1.106942
-1.170530
-1.198522
-1.198621
-1.198621
-1.198621
-1.198621
-1.198621
-1.198621
-1.198621
-0.406062
-0.406062
-0.406062
-0.406062
-0.406062
-0.406062
-0.406062
-0.406062
-0.406062
-0.406062
-0.406062
-0.406062
-0.406062
-0.406062
-0.406062
-0.406062
-0.406062
-0.406062
-0.406062
-0.406062
-0.406062
-0.406062
-0.406062
-0.406062
-0.406062
-0.406062
-0.406062
-0.406062
-0.406062
-0.406062
-0.406062
-0.406062
-0.406062
-0.406062
-0.406062
-0.406062
-0.406062
-0.406062
-0.406062
-0.406062
-0.406062
-0.406062
-0.406062
-0.406062
-0.406062
-0.406062
-0.406062
-0.406062
-0.406062
-0.406062
-0.406062
-0.406062
-0.406062
-0.406062
-0.406062
-0.406062
-0.406062
-0.406062
-0.406062
-0.406062
-0.406062
-0.406062
-0.406062
-0.406062
-0.406062
-0.406062
-0.406062
-0.406062
-0.406062
-0.406062
-0.406062
-0.406062
-0.406062
-0.406062
-0.406062
-0.406062
-0.406062
-0.406062
-0.406062
-0.406062
-0.406062
-0.406062
-0.406062
-0.406062
-0.406062
-0.406062
-0.406062
-0.406062
-0.406062
-0.406062
-0.406062
-0.406062
-0.406062
-0.406062
-0.406062
-0.406062
-0.406062
-0.406062
-0.406062
-0.406062
-0.406062
-0.406062
-0.406062
-0.406062
-0.406062
-0.406062
-0.406062
-0.406062
-0.406062
-0.406062
-0.406062
-0.406062
-0.406062
-0.406062
-0.406062
-0.406062
-0.406062
-0.406062
-0.406062
-0.406062
-0.406062
-0.406062
-0.377289
-0.342823
-0.287819
-0.195822
-0.168546
-0.155831
-0.096125
-0.158529
-0.207667
-0.139507
-0.153619
-0.183433
-0.176900
-0.152262
-0.139492
-0.146982
-0.181171
-0.204611
-0.125634
-0.094735
-0.136475
-0.199439
-0.199832
-0.167657
-0.111727
-0.115362
-0.152005
-0.189945
-0.144329
-0.180463
-0.136816
-0.113189
-0.203125
-0.157508
-0.144371
-0.177527
-0.162453
-0.165007
-0.128321
-0.232142
-0.193893
-0.188913
-0.188581
-0.204259
-0.140101
-0.140315
-0.208348
-0.213263
-0.238408
-0.146009
-0.125089
-0.189495
-0.166612
-0.182800
-0.179669
-0.153462
-0.138745
-0.153047
-0.210364
-0.162835
-0.166140
-0.092313
-0.179009
-0.182901
-0.208399
-0.155609
-0.191842
-0.193556
-0.151134
-0.187789
-0.212026
-0.141100
-0.194197
-0.159863
-0.174244
-0.195128
-0.110235
-0.165659
-0.155157
-0.154776
-0.161898
-0.091206
-0.091426
-0.190681
-0.194789
-0.196859
-0.186075
-0.137085
-0.143449
-0.195957
-0.220068
-0.121703
-0.117477
-0.136265
-0.146033
-0.185258
-0.136765
-0.128355
-0.193627
-0.202973
-0.127865
-0.181060
-0.160137
-0.112533
-0.167506
-0.181098
-0.170137
-0.111513
-0.143602
-0.136556
-0.126501
-0.185291
-0.123979
-0.137169
-0.145950
-0.110030
-0.195895
-0.175925
-0.176340
-0.106433
-0.144406
-0.191918
-0.190962
-0.182855
-0.154844
-0.104988
-0.143872
-0.158001
-0.138797
-0.199948
-0.153069
-0.097860
-0.141910
-0.124450
-0.058466
-0.086940
-0.027163
-0.095366
-0.062497
-0.036573
-0.073557
-0.096649
-0.209478
-0.178669
-0.058879
-0.157351
-0.181329
-0.184384
-0.225852
-0.159496
-0.124627
-0.173113
-0.254592
-0.201249
-0.191790
-0.147674
-0.170643
-0.134732
-0.161947
-0.151092
-0.139847
-0.227570
-0.163971
-0.110113
-0.145342
-0.115789
-0.109590
-0.130672
-0.076623
-0.102744
-0.140408
-0.119473
-0.128912
-0.189854
-0.173658
-0.096040
-0.112221
-0.149433
-0.218482
-0.208890
-0.200696
-0.103198
-0.141798
-0.205547
-0.220931
-0.175345
-0.144167
-0.102500
-0.053810
-0.141783
-0.106568
-0.091960
-0.186213
-0.136496
-0.155113
-0.159760
-0.044962
-0.144169
-0.103764
-0.083939
-0.170585
-0.101974
-0.090118
-0.112736
-0.153872
-0.183623
-0.128307
-0.152843
-0.194224
-0.152273
-0.174379
-0.137478
-0.161089
-0.177724
-0.229267
-0.169939
-0.149613
-0.152807
-0.151548
-0.115724
-0.089794
-0.116914
-0.079181
-0.134444
-0.148711
-0.162880
-0.180235
-0.152795
-0.070410
-0.085433
-0.118645
-0.154841
-0.116509
-0.096971
-0.067883
-0.146159
-0.233712
-0.167628
-0.159028
-0.134346
-0.148667
-0.194497
-0.112039
-0.163568
-0.173360
-0.173851
-0.239757
-0.182312
-0.183327
-0.174772
-0.142130
-0.161061
-0.104938
-0.056374
-0.157430
-0.194671
-0.133515
-0.132016
-0.171847
-0.138496
-0.113944
-0.132385
-0.159152
-0.113839
-0.127010
-0.114240
-0.075068
-0.111298
-0.164868
-0.122893
-0.168187
-0.181017
-0.106138
-0.093621
-0.179379
-0.080801
-0.144112
-0.183639
-0.193451
-0.159570
-0.150250
-0.139389
-0.145560
-0.172093
-0.090101
-0.095181
-0.115439
-0.099992
-0.040030
-0.165717
-0.140901
-0.124258
-0.118298
-0.139070
-0.051227
0.089268
0.242764
0.295082
0.285619
0.243318
0.316512
0.255568
0.066247
-0.142192
-0.035081
0.261271
0.633453
0.676842
0.583555
0.780179
0.988513
0.723942
0.732919
0.844444
0.340595
0.560666
0.718162
1.256683
0.943689
1.812128
1.977006
0.994473
1.114190
1.642592
4.855324
13.142492
10.812114
8.722293
5.575829
6.199871
7.292987
1.460431
0.290307
0.047195
0.040617
-0.016481
0.178977
0.274846
0.060941
0.034592
0.590731
0.160796
0.184743
0.432609
0.591160
0.586561
0.343112
0.229493
0.205251
0.169276
0.445931
0.463024
0.219532
0.113865
0.159181
0.650509
0.665898
0.292170
0.195169
0.768712
0.328927
0.374885
0.423298
0.878231
2.839201
4.636335
3.506775
1.643165
2.676223
3.649386
1.106294
0.283835
0.037147
-0.029419
-0.105306
-0.050166
-0.120807
-0.128098
-0.092252
0.326629
0.238118
-0.036918
-0.011485
0.074313
0.083124
-0.059599
-0.109581
-0.111540
-0.096699
-0.080533
-0.083331
-0.051118
-0.028436
-0.058127
-0.044670
-0.086141
-0.137229
-0.147794
-0.173006
-0.032364
-0.101731
-0.189533
-0.068830
-0.061709
0.000084
-0.057569
-0.101563
-0.121448
-0.165543
-0.076018
-0.036348
-0.133246
-0.170060
-0.107810
-0.069916
-0.075999
-0.065635
-0.119445
-0.050903
-0.104230
-0.083487
-0.058690
-0.137697
-0.032091
0.005948
0.021563
-0.035898
0.001725
0.011707
0.038585
-0.008710
-0.051395
-0.108730
-0.149711
-0.070031
-0.104638
-0.146138
-0.189177
-0.197796
-0.181216
-0.083936
-0.138864
-0.168080
-0.182811
-0.131786
-0.093842
0.003543
-0.146485
-0.094859
-0.064608
-0.030463
-0.173153
-0.144028
-0.121421
-0.062518
-0.074991
-0.102920
-0.029646
-0.090194
-0.094751
-0.171009
-0.126395
-0.087645
-0.154805
-0.181045
-0.098480
-0.027067
-0.138730
-0.174350
-0.127202
-0.077596
-0.100474
-0.056570
-0.113326
-0.145913
-0.165040
-0.142210
-0.037928
-0.044484
-0.152938
-0.158541
-0.046402
-0.146353
-0.039205
-0.096595
-0.077414
-0.018679
-0.174041
-0.169048
-0.158218
-0.156382
-0.086947
-0.133224
-0.109740
-0.168158
-0.237275
-0.124438
-0.029005
-0.069335
-0.176006
-0.092684
-0.011822
-0.090427
-0.106522
-0.101249
-0.066204
-0.146823
-0.147750
-0.116871
-0.128842
-0.241055
-0.285769
-0.331750
-0.406062
-0.406062
-0.902254
-0.902254
-0.902254
-0.902254
-0.902254
-0.902254
-0.902254
-0.902254
-0.902254
-0.902254
-0.902254
-0.902254
-0.902254
-0.902254
-0.902254
-0.902254
-0.902254
-0.902254
-0.902254
-0.902254
-0.902254
-0.902254
-0.902254
-0.902254
-0.902254
-0.902254
-0.902254
-0.902254
-0.902254
-0.902254
-0.902254
-0.902254
-0.902254
-0.902254
-0.902254
-0.902254
-0.902254
-0.902254
-0.902254
-0.902254
-0.902254
-0.902254
-0.902254
-0.902254
-0.902254
-0.902254
-0.902254
-0.902254
-0.902254
-0.902254
-0.902254
-0.902254
-0.902254
-0.902254
-0.902254
-0.902254
-0.902254
-0.902254
-0.902254
-0.902254
-0.902254
-0.902254
-0.902254
-0.902254
-0.902254
-0.902254
-0.902254
-0.902254
-0.902254
-0.902254
-0.902254
-0.902254
-0.902254
-0.902254
-0.902254
-0.902254
-0.902254
-0.902254
-0.902254
-0.902254
-0.902254
-0.902254
-0.902254
-0.902254
-0.902254
-0.902254
-0.902254
-0.902254
-0.902254
-0.902254
-0.902254
-0.902254
-0.902254
-0.902254
-0.902254
-0.902254
-0.902254
-0.902254
-0.902254
-0.902254
-0.902254
-0.902254
-0.902254
-0.902254
-0.902254
-0.902254
-0.902254
-0.902254
-0.902254
-0.902254
-0.902254
-0.902254
-0.902254
-0.902254
-0.900843
-0.877022
-0.851600
-0.807011
-0.775167
-0.774726
-0.645282
-0.562790
-0.594684
-0.472234
-0.494251
-0.563349
-0.447630
-0.426680
-0.378897
-0.490537
-0.376430
-0.430872
-0.427431
-0.378481
-0.278036
-0.399657
-0.269062
-0.382048
-0.408635
-0.358290
-0.421721
-0.391637
-0.336033
-0.293403
-0.251329
-0.250279
-0.119066
-0.289037
-0.303042
-0.440371
-0.493199
-0.423398
-0.491276
-0.486656
-0.317671
-0.353821
-0.468395
-0.458695
-0.421892
-0.444883
-0.398384
-0.323186
-0.361775
-0.521062
-0.499539
-0.420696
-0.416034
-0.356233
-0.190626
-0.406394
-0.302878
-0.439800
-0.446196
-0.455478
-0.473507
-0.345351
-0.523943
-0.510590
-0.506106
-0.218108
-0.325868
-0.506716
-0.365952
-0.376741
-0.483209
-0.487507
-0.437222
-0.577973
-0.491278
-0.528929
-0.520796
-0.369886
-0.423881
-0.288650
-0.510342
-0.458958
-0.469093
-0.418075
-0.386779
-0.282231
-0.518762
-0.418710
-0.293815
-0.298128
-0.303320
-0.377828
-0.421667
-0.287694
-0.141228
-0.238853
-0.047453
-0.210991
-0.407001
-0.377774
-0.351257
-0.422594
-0.502664
-0.260497
-0.359039
-0.354922
-0.382395
-0.450435
-0.414226
-0.359308
-0.271586
-0.361585
-0.340451
-0.386534
-0.407710
-0.481067
-0.252563
-0.371901
-0.429014
-0.401606
-0.470580
-0.342159
-0.259811
-0.269319
-0.321119
-0.288281
-0.474563
-0.368061
-0.340597
-0.394887
-0.103280
-0.261221
-0.156743
-0.337306
-0.330173
-0.338879
-0.286799
-0.316751
-0.295867
-0.194545
-0.297915
-0.215868
-0.144592
-0.158099
-0.318792
-0.228146
-0.412010
-0.339813
-0.379653
-0.319077
-0.290142
-0.419739
-0.304030
-0.271170
-0.246649
-0.376962
-0.290805
-0.287024
-0.009781
-0.061295
-0.151217
-0.211047
-0.454729
-0.459568
-0.479421
-0.318935
-0.310637
-0.444521
-0.280049
-0.366150
-0.430829
-0.308572
-0.432688
-0.338694
-0.337541
-0.346777
-0.394853
-0.354687
-0.340445
-0.379159
-0.360251
-0.187766
-0.452464
-0.481214
-0.277774
-0.364548
-0.448377
-0.282531
-0.203825
-0.508096
-0.298425
-0.467501
-0.489144
-0.463075
-0.491921
-0.474557
-0.483372
-0.348699
-0.427595
-0.384842
-0.350692
-0.355624
-0.395874
-0.462163
-0.327226
-0.167363
-0.174252
-0.333449
-0.233359
-0.265624
-0.252485
-0.494555
-0.381623
-0.328577
-0.454214
-0.496194
-0.343814
-0.332603
-0.289306
-0.219331
-0.484576
-0.310043
-0.156753
0.074158
-0.150743
-0.002572
-0.299610
-0.305571
-0.240331
-0.356370
-0.407752
-0.169721
-0.306379
-0.379085
-0.227230
-0.209178
-0.316071
-0.168179
-0.138406
-0.266482
-0.196115
-0.190814
-0.215412
-0.181648
-0.038815
0.041328
-0.078925
0.123209
0.134377
-0.068261
0.281409
-0.049047
0.131136
0.220019
0.397775
0.092182
0.209533
0.508617
0.540252
0.380993
0.454921
0.425756
0.466224
0.206866
0.678045
0.684273
0.415553
0.321471
0.823845
0.532585
1.085114
0.827558
0.318575
0.909681
1.151928
1.675957
1.958345
3.013930
1.690340
2.098638
2.039749
2.547133
1.852933
2.371079
2.691206
3.350039
2.079994
2.973214
2.295367
2.545725
1.990215
2.745651
1.936859
1.049104
1.258393
1.789412
1.229172
1.936664
1.814315
1.856687
1.817174
1.721792
2.364340
2.054679
3.228689
2.793252
1.480309
1.372561
1.007674
1.312915
1.553344
1.506830
0.910652
1.766072
1.509033
1.114141
1.986473
2.848253
1.603351
1.581038
1.402990
1.338207
1.169738
1.724898
1.864332
2.421978
2.798439
2.016155
3.340634
2.727383
2.660781
1.982550
2.789486
2.703099
2.438112
3.673348
3.139405
0.957305
1.732119
1.779181
1.899755
1.356648
1.119076
1.574230
1.788137
1.918593
2.216940
2.331917
2.208391
2.070847
1.790729
2.351779
2.297727
2.983533
2.751952
3.037922
2.523326
2.786444
2.446471
2.449205
2.597205
2.052982
2.661014
1.876959
1.892210
1.976618
2.160288
1.615508
1.797654
1.242593
1.103717
1.164147
0.628908
0.927738
1.117454
1.575723
0.800355
0.886378
1.253027
0.993680
0.297794
0.616472
1.110426
1.408672
1.015802
1.311352
0.647333
0.567382
0.991987
1.342460
1.038314
0.829889
0.962269
1.161127
0.802906
0.751906
0.373644
0.292806
0.334664
0.197285
0.421522
0.142206
0.065874
0.728363
0.069127
-0.000781
-0.074172
0.033405
0.227731
0.268133
0.459890
-0.146710
0.085141
0.255834
0.238978
0.414259
0.066889
0.183023
0.759294
0.672666
0.262711
-0.032964
0.037367
-0.199599
-0.065812
-0.350680
-0.452107
-0.323526
-0.235226
-0.232219
-0.409133
-0.307791
-0.211554
-0.001615
-0.218278
-0.356586
-0.445233
-0.482382
-0.534023
-0.437593
-0.479920
-0.487651
-0.494073
-0.522333
-0.515065
-0.526064
-0.511331
-0.437001
-0.459791
-0.491871
-0.514043
-0.523873
-0.384157
-0.571485
-0.479288
-0.475387
-0.571589
-0.582216
-0.507316
-0.511372
-0.428110
-0.395661
-0.493697
-0.532810
-0.489151
-0.573203
-0.477958
-0.526722
-0.517637
-0.578290
-0.469143
-0.437266
-0.545737
-0.484471
-0.509829
-0.579462
-0.465691
-0.412236
-0.432795
-0.471223
-0.290487
-0.273487
-0.368084
-0.317613
-0.403865
-0.463711
-0.521838
-0.456853
-0.611361
-0.531499
-0.500156
-0.435146
-0.449383
-0.507389
-0.410951
-0.504793
-0.479470
-0.533316
-0.557316
-0.556853
-0.633232
-0.452707
-0.395989
-0.488900
-0.554362
-0.516683
-0.522532
-0.541474
-0.519877
-0.499736
-0.573754
-0.528541
-0.552294
-0.595819
-0.590267
-0.637604
-0.726758
-0.793901
-0.856670
-0.902254
-0.902254
-0.902254
-0.902254
-0.859934
-0.859934
-0.859934
-0.859934
-0.859934
-0.859934
-0.859934
-0.859934
-0.859934
-0.859934
-0.859934
-0.859934
-0.859934
-0.859934
-0.859934
-0.859934
-0.859934
-0.859934
-0.859934
-0.859934
-0.859934
-0.859934
-0.859934
-0.859934
-0.859934
-0.859934
-0.859934
-0.859934
-0.859934
-0.859934
-0.859934
-0.859934
-0.859934
-0.859934
-0.859934
-0.859934
-0.859934
-0.859934
-0.859934
-0.859934
-0.859934
-0.859934
-0.859934
-0.859934
-0.859934
-0.859934
-0.859934
-0.859934
-0.859934
-0.859934
-0.859934
-0.859934
-0.859934
-0.859934
-0.859934
-0.859934
-0.859934
-0.859934
-0.859934
-0.859934
-0.859934
-0.859934
-0.859934
-0.859934
-0.859934
-0.859934
-0.859934
-0.859934
-0.859934
-0.859934
-0.859934
-0.859934
-0.859934
-0.859934
-0.859934
-0.859934
-0.859934
-0.859934
-0.859934
-0.859934
-0.859934
-0.859934
-0.859934
-0.859934
-0.859934
-0.859934
-0.859934
-0.859934
-0.859934
-0.859934
-0.859934
-0.859934
-0.859934
-0.859912
-0.858796
-0.847950
-0.837163
-0.836707
-0.816957
-0.822724
-0.831908
-0.800983
-0.806353
-0.829045
-0.822219
-0.835958
-0.825728
-0.824629
-0.785448
-0.802375
-0.789796
-0.788319
-0.736630
-0.753703
-0.727779
-0.762209
-0.737605
-0.654802
-0.710346
-0.728722
-0.699544
-0.713162
-0.733274
-0.705251
-0.746396
-0.725799
-0.727701
-0.673783
-0.733724
-0.714388
-0.734033
-0.737604
-0.707630
-0.691315
-0.691647
-0.679246
-0.713054
-0.704029
-0.703738
-0.665829
-0.703062
-0.732065
-0.712138
-0.728885
-0.677632
-0.721361
-0.674077
-0.658727
-0.617345
-0.687151
-0.648660
-0.697943
-0.669635
-0.698855
-0.703535
-0.716570
-0.677857
-0.668187
-0.665947
-0.694494
-0.724024
-0.665052
-0.721387
-0.648312
-0.658965
-0.671868
-0.661936
-0.666840
-0.735206
-0.684369
-0.661058
-0.621670
-0.691358
-0.677958
-0.700679
-0.702370
-0.675254
-0.589075
-0.687263
-0.597389
-0.636154
-0.607260
-0.649003
-0.592985
-0.696407
-0.694214
-0.663261
-0.660222
-0.681435
-0.695677
-0.723330
-0.727805
-0.629732
-0.667314
-0.620005
-0.648497
-0.613273
-0.687053
-0.580047
-0.587409
-0.637762
-0.674519
-0.648365
-0.724260
-0.674587
-0.624002
-0.696985
-0.731890
-0.747494
-0.708816
-0.678556
-0.594308
-0.716108
-0.705208
-0.727579
-0.652682
-0.720751
-0.646878
-0.686660
-0.711318
-0.729816
-0.716553
-0.732617
-0.664013
-0.718382
-0.746047
-0.658013
-0.690071
-0.667561
-0.650539
-0.679229
-0.689992
-0.697634
-0.316111
1.099326
0.395336
0.362661
0.694691
0.667737
1.566954
2.972891
2.737242
3.662496
2.588781
3.104039
1.400843
0.553483
0.672632
0.506094
0.332243
1.500243
1.343019
1.522711
2.696631
1.528846
1.981174
1.911790
1.606391
1.991210
2.620646
1.394556
1.503075
2.852717
3.594024
4.140378
2.944753
2.556506
3.978197
4.212253
4.017221
2.617129
2.750944
2.614289
1.687242
2.920529
2.774378
2.245122
3.069223
1.971023
0.987216
1.408385
1.974226
1.515785
1.952455
1.975898
1.436428
2.141323
2.902971
2.450359
3.681818
3.609222
1.997464
2.403990
2.337288
1.868795
1.458639
1.791911
2.523651
2.003989
2.329981
1.673197
2.095088
2.240628
1.230957
1.448791
1.512899
1.776226
1.606953
1.387458
1.322434
0.917606
1.294541
1.163040
1.217720
2.495114
1.327083
0.905927
1.069636
1.228031
1.118701
1.111222
1.105414
0.800266
1.458860
1.161036
1.006374
0.755432
1.585648
1.103926
1.211171
1.139991
1.084989
0.931854
0.775081
1.107327
1.033675
0.705030
0.573500
0.760714
1.056633
0.922415
0.731436
0.623179
0.843271
1.129680
1.173091
1.955666
1.190588
0.951874
1.216238
0.751744
0.735856
1.030299
0.884607
0.934345
0.713449
0.957629
0.730335
0.428379
0.672794
0.722198
0.613646
0.789226
0.764299
0.288169
0.557950
0.323419
0.751583
0.485561
0.549641
0.795959
0.425349
0.198250
0.539645
0.936689
0.239871
0.299971
0.624939
0.506670
0.201537
0.502654
0.357250
0.333394
0.286465
0.162328
0.370581
0.344869
0.548533
0.723510
0.210749
0.319635
0.464747
0.361980
0.208087
0.293613
0.247893
0.098604
0.181090
0.071997
0.202699
-0.112436
-0.207605
0.349248
0.182008
-0.043287
0.299707
0.263958
0.666616
0.461338
0.423424
0.249643
0.103824
0.326408
0.501809
0.365220
0.162037
0.160336
0.417471
0.139217
0.355298
0.215425
0.005681
-0.170095
-0.138342
0.143177
0.197096
0.126328
0.045622
0.191044
0.108162
-0.054784
-0.062403
0.011512
-0.081661
-0.058810
-0.014912
0.160281
0.038585
0.100513
-0.029683
0.050890
-0.097607
-0.228366
-0.244191
-0.070916
-0.031784
-0.145074
-0.168849
-0.188338
-0.295033
-0.257905
-0.299322
-0.303546
-0.272318
-0.286256
-0.149303
0.035984
-0.139540
-0.098519
0.040748
0.137484
0.408208
0.562147
0.127543
0.405548
0.418340
0.015931
-0.050012
0.842584
0.911806
0.424819
-0.058591
-0.105985
0.027738
0.106558
0.039191
0.119517
0.645611
0.157808
0.288069
0.016720
0.197360
0.445164
0.581705
0.606029
0.780007
0.518029
0.813735
0.567487
0.181446
0.081926
0.137459
0.196000
0.020172
-0.101975
-0.196050
-0.078869
-0.344530
-0.301914
-0.130676
-0.290354
0.064749
-0.203798
-0.080374
-0.092740
-0.163228
-0.117791
-0.112676
-0.313776
-0.335905
-0.102308
0.023286
-0.207353
-0.207029
-0.298749
-0.289102
-0.323299
-0.348383
-0.259415
-0.356916
-0.337141
-0.460655
-0.336166
-0.317525
-0.385254
-0.441575
-0.358503
-0.237014
-0.372870
-0.430253
-0.284333
-0.376666
-0.466506
-0.416100
-0.263523
-0.366551
-0.372190
-0.135946
-0.259046
-0.169967
-0.334127
-0.210738
-0.446631
-0.398123
-0.351122
-0.220122
-0.423088
-0.300704
-0.465918
-0.471387
-0.303972
-0.462044
-0.456055
-0.415034
-0.512366
-0.331055
-0.351623
-0.293058
-0.454599
-0.271087
-0.389004
-0.343938
-0.422676
-0.368359
-0.399323
-0.264098
-0.308352
-0.369787
-0.343268
-0.388761
-0.391460
-0.444349
-0.440452
-0.474177
-0.351805
-0.440538
-0.580883
-0.516529
-0.436899
-0.334518
-0.244292
-0.405655
-0.512005
-0.464942
-0.463924
-0.469538
-0.461903
-0.433437
-0.479318
-0.438957
-0.393232
-0.434944
-0.465107
-0.409034
-0.389339
-0.359204
-0.390032
-0.436135
-0.369557
-0.342734
-0.315338
-0.355924
-0.491184
-0.388333
-0.407957
-0.391312
-0.399615
-0.370804
-0.529526
-0.564076
-0.528893
-0.558481
-0.490564
-0.489541
-0.585380
-0.552120
-0.578713
-0.678623
-0.714000
-0.722093
-0.709315
-0.758501
-0.743427
-0.765621
-0.772744
-0.791585
-0.825518
-0.859909
-0.859934
-0.859934
-0.859934
-0.859934
-0.859934
-0.859934
-0.859934
-0.859934
-0.859934
-0.525869
-0.525869
-0.525869
-0.525869
-0.525869
-0.525869
-0.525869
-0.525869
-0.525869
-0.525869
-0.525869
-0.525869
-0.525869
-0.525869
-0.525869
-0.525869
-0.525869
-0.525869
-0.525869
-0.525869
-0.525869
-0.525869
-0.525869
-0.525869
-0.525869
-0.525869
-0.525869
-0.525869
-0.525869
-0.525869
-0.525869
-0.525869
-0.525869
-0.525869
-0.525869
-0.525869
-0.525869
-0.525869
-0.525869
-0.525869
-0.525869
-0.525869
-0.525869
-0.525869
-0.525869
-0.525869
-0.525869
-0.525869
-0.525869
-0.525869
-0.525869
-0.525869
-0.525869
-0.525869
-0.525869
-0.525869
-0.525869
-0.525869
-0.525869
-0.525869
-0.525869
-0.525869
-0.525869
-0.525869
-0.525869
-0.525869
-0.525869
-0.525869
-0.525869
-0.525869
-0.525869
-0.525869
-0.525869
-0.525869
-0.525869
-0.525869
-0.525869
-0.525869
-0.525869
-0.525869
-0.525869
-0.525869
-0.525869
-0.525869
-0.525869
-0.525869
-0.525869
-0.525869
-0.525869
-0.525869
-0.525869
-0.525869
-0.525869
-0.525869
-0.525869
-0.525869
-0.525869
-0.525869
-0.525869
-0.525869
-0.525869
-0.525869
-0.525869
-0.525869
-0.525869
-0.525869
-0.525869
-0.525869
-0.525869
-0.525869
-0.525869
-0.525869
-0.525869
-0.525869
-0.525869
-0.525869
-0.525869
-0.525869
-0.525869
-0.525869
-0.525869
-0.525869
-0.505520
-0.461644
-0.395763
-0.208837
-0.143176
-0.118439
-0.108066
-0.149133
-0.187887
-0.117726
-0.134469
-0.136258
-0.106817
-0.006323
-0.038140
-0.167889
-0.124471
-0.168802
-0.136249
-0.118422
-0.001701
-0.031853
-0.101753
-0.174456
-0.221507
-0.208120
-0.112898
-0.136802
-0.131771
-0.171051
-0.138187
-0.157364
-0.153238
-0.117444
-0.135950
-0.044211
-0.068755
-0.126319
-0.142568
0.076875
-0.184842
-0.056605
-0.066332
-0.177840
-0.108419
-0.162488
-0.171461
-0.131695
-0.152465
-0.100119
0.008008
0.049998
-0.051860
-0.173338
-0.042526
-0.158237
-0.150690
-0.093962
-0.101637
-0.143744
-0.226800
-0.060982
-0.189753
-0.200167
-0.237638
-0.107512
-0.007065
-0.153699
-0.045775
-0.075580
-0.210598
-0.021164
-0.053779
-0.060614
-0.057575
-0.070166
-0.104771
-0.174845
-0.183656
-0.130437
-0.201658
-0.083914
-0.157695
-0.117740
-0.066719
-0.106572
-0.166962
0.000511
-0.119718
-0.034443
-0.086054
-0.140002
-0.111338
-0.069007
-0.120708
-0.147193
-0.106156
-0.029819
-0.004020
-0.090233
-0.062926
-0.100010
-0.129629
-0.005703
-0.184644
-0.217865
-0.087102
-0.056663
-0.149500
-0.175141
-0.174870
-0.186990
-0.051230
-0.024767
0.093495
-0.114208
0.024620
-0.024716
-0.077020
-0.079707
-0.052476
0.117971
-0.119256
-0.076870
0.371488
1.420599
-0.017813
-0.151593
-0.098523
-0.145850
-0.148928
-0.126309
-0.126607
-0.193913
-0.182839
-0.146270
-0.156387
-0.173427
-0.097628
-0.158905
-0.238257
-0.215544
-0.240641
-0.174359
-0.103525
-0.198453
-0.224911
-0.197821
-0.219237
-0.191674
-0.179024
-0.144172
-0.129149
-0.249773
-0.222882
-0.191290
-0.143442
0.012459
0.023692
-0.066163
-0.091727
-0.124218
-0.058262
0.082583
0.044053
-0.064635
-0.133153
-0.164846
-0.165011
-0.119520
-0.102993
0.025544
-0.032689
-0.009169
-0.058075
0.079302
0.234919
-0.048328
-0.102070
0.000671
0.162778
0.110402
0.289247
0.371242
0.083479
0.040410
0.225938
0.369621
0.137401
0.279457
0.413218
0.598489
0.857669
1.552795
3.974713
2.911828
2.382717
2.146594
2.331882
1.529414
1.642734
2.768388
2.766978
3.249675
4.772779
4.039263
2.056881
2.224375
1.037025
0.494591
0.124102
6.372243
5.333000
0.883425
0.003772
0.438644
0.326907
0.398192
0.260916
0.195038
0.144777
0.183847
0.360161
0.241732
0.149998
0.221276
0.415466
0.424431
0.371274
0.117691
0.103321
0.261204
0.162501
0.678513
1.081203
1.109108
0.680357
1.624260
1.988207
0.495524
0.126101
0.069456
0.093062
0.122582
0.131442
-0.000997
0.091806
-0.059484
-0.047379
-0.041258
-0.044588
-0.029695
-0.101995
-0.124937
-0.006890
0.045732
0.070859
-0.016450
-0.082234
-0.011266
0.025308
0.089493
-0.088943
-0.080958
-0.088883
-0.061636
-0.075931
-0.107624
-0.073839
-0.097713
-0.192854
-0.192640
-0.143743
-0.088592
-0.163772
-0.180043
-0.030092
-0.146685
-0.123676
-0.096492
-0.087999
-0.116051
-0.177075
-0.188448
-0.235937
-0.190613
-0.178288
-0.116012
-0.189721
-0.143545
-0.086820
-0.185718
-0.174303
-0.078152
-0.170138
-0.145677
-0.198912
-0.183700
-0.227008
-0.201736
-0.119773
-0.209459
-0.217113
-0.205190
-0.162994
-0.185194
-0.272878
-0.215953
-0.196270
-0.193487
-0.153586
-0.133588
-0.118626
-0.191174
-0.180542
-0.139234
-0.267399
-0.130995
-0.047775
-0.079123
-0.002574
0.198828
0.345754
0.539410
0.597917
9.146914
15.751261
6.449109
0.377236
1.042942
0.915076
0.093017
-0.007829
0.705324
-0.054333
-0.223061
-0.174665
-0.223586
-0.169106
-0.147340
-0.183246
-0.176781
-0.037236
-0.172455
0.577006
2.347847
0.966500
0.487952
0.337899
0.217054
0.139239
-0.004600
-0.024804
0.202841
0.209070
0.142227
0.097390
-0.033266
-0.092136
0.015988
-0.081546
-0.105376
-0.063163
-0.124533
-0.202367
-0.189241
-0.149210
-0.107394
-0.193550
-0.200929
-0.136254
-0.182039
-0.124674
-0.129780
-0.190616
-0.134438
-0.170508
-0.244724
-0.109202
-0.140244
-0.085011
-0.167440
-0.143910
-0.167667
-0.156290
-0.148850
-0.103405
-0.196135
-0.195105
-0.234263
-0.106368
-0.188890
-0.135050
-0.106118
-0.113980
-0.176299
-0.226098
-0.185546
-0.159336
-0.228927
-0.163396
-0.093937
-0.154504
-0.172495
-0.045169
-0.156653
-0.169779
-0.101032
-0.198293
-0.216827
-0.160122
-0.046795
-0.118899
-0.211720
-0.179526
-0.122065
-0.192946
-0.151623
-0.178427
-0.151175
-0.232933
-0.104852
-0.064856
-0.148580
-0.162545
-0.157020
-0.200945
-0.177945
-0.074868
-0.109346
-0.127162
-0.158860
-0.172073
-0.254040
-0.236883
-0.190072
-0.140935
-0.201479
-0.243264
-0.186375
-0.197452
-0.192696
-0.129199
-0.091839
-0.114273
-0.035642
-0.069033
-0.051247
-0.123977
0.167581
-0.010193
-0.174639
-0.056001
-0.125337
-0.170544
-0.068589
0.004468
-0.184206
-0.105844
-0.095002
-0.133370
-0.182075
-0.068794
-0.087744
-0.137071
-0.057014
-0.007429
0.047672
-0.103994
0.083448
0.163958
0.074732
0.077996
0.151639
0.128389
0.094738
0.112848
0.004624
-0.112149
-0.114033
-0.101468
-0.044955
-0.072866
-0.204174
-0.205691
-0.144793
-0.149737
-0.027733
-0.104610
-0.120292
-0.086373
0.107222
-0.006824
-0.019075
-0.083077
-0.185582
-0.257904
-0.176930
-0.207893
-0.208297
-0.210578
-0.152360
-0.192431
-0.097545
-0.181409
-0.119898
-0.070745
-0.085600
-0.133379
-0.118071
-0.187235
-0.310816
-0.441847
-0.525869
-0.525869
-0.424388
-0.424388
-0.424388
-0.424388
-0.424388
-0.424388
-0.424388
-0.424388
-0.424388
-0.424388
-0.424388
-0.424388
-0.424388
-0.424388
-0.424388
-0.424388
-0.424388
-0.424388
-0.424388
-0.424388
-0.424388
-0.424388
-0.424388
-0.424388
-0.424388
-0.424388
-0.424388
-0.424388
-0.424388
-0.424388
-0.424388
-0.424388
-0.424388
-0.424388
-0.424388
-0.424388
-0.424388
-0.424388
-0.424388
-0.424388
-0.424388
-0.424388
-0.424388
-0.424388
-0.424388
-0.424388
-0.424388
-0.424388
-0.424388
-0.424388
-0.424388
-0.424388
-0.424388
-0.424388
-0.424388
-0.424388
-0.424388
-0.424388
-0.424388
-0.424388
-0.424388
-0.424388
-0.424388
-0.424388
-0.424388
-0.424388
-0.424388
-0.424388
-0.424388
-0.424388
-0.424388
-0.424388
-0.424388
-0.424388
-0.424388
-0.424388
-0.424388
-0.424388
-0.424388
-0.424388
-0.424388
-0.424388
-0.424388
-0.424388
-0.424388
-0.424388
-0.424388
-0.424388
-0.424388
-0.424388
-0.424388
-0.424388
-0.424388
-0.424388
-0.424388
-0.424388
-0.424388
-0.424388
-0.424388
-0.424388
-0.424317
-0.423937
-0.419145
-0.418111
-0.416920
-0.416955
-0.413384
-0.414383
-0.415750
-0.415690
-0.411586
-0.410568
-0.407261
-0.400163
-0.407973
-0.406904
-0.396800
-0.397500
-0.393915
-0.382033
-0.375268
-0.380522
-0.371557
-0.376699
-0.381459
-0.388415
-0.387980
-0.384912
-0.374344
-0.371588
-0.377173
-0.373812
-0.380561
-0.380195
-0.379115
-0.377323
-0.377416
-0.370266
-0.374252
-0.370374
-0.377053
-0.381438
-0.378763
-0.379078
-0.374079
-0.360931
-0.371200
-0.372066
-0.385553
-0.375694
-0.378553
-0.380689
-0.373154
-0.368211
-0.375958
-0.373366
-0.375384
-0.372294
-0.379990
-0.376611
-0.381670
-0.372208
-0.375847
-0.382983
-0.386395
-0.383434
-0.383914
-0.376286
-0.379930
-0.383141
-0.384642
-0.385261
-0.381013
-0.375194
-0.379117
-0.386502
-0.386431
-0.378791
-0.378482
-0.372146
-0.372996
-0.376620
-0.377701
-0.375782
-0.367710
-0.367401
-0.367729
-0.379970
-0.377588
-0.376224
-0.376131
-0.380321
-0.382819
-0.381543
-0.379163
-0.376378
-0.373953
-0.382163
-0.378852
-0.382785
-0.366169
-0.365303
-0.377477
-0.380543
-0.377183
-0.376693
-0.376045
-0.370773
-0.377903
-0.383848
-0.370213
-0.370909
-0.371572
-0.381668
-0.377990
-0.377771
-0.380635
-0.378847
-0.369379
-0.372626
-0.383375
-0.379862
-0.371686
-0.367151
-0.362282
-0.365887
-0.371188
-0.374919
-0.374228
-0.372123
-0.374985
-0.369311
-0.375634
-0.365866
-0.371979
-0.374694
-0.379206
-0.377485
-0.379607
-0.372985
-0.368843
-0.373954
-0.372881
-0.380414
-0.372273
-0.380607
-0.370102
-0.382700
-0.380762
-0.380284
-0.378231
-0.368633
-0.377422
-0.384794
-0.380124
-0.375689
-0.374128
-0.371423
-0.367484
-0.372031
-0.379052
-0.367327
-0.370171
-0.370396
-0.370233
-0.376462
-0.365915
-0.349466
-0.364236
-0.362655
-0.370905
-0.373649
-0.370579
-0.357690
-0.366397
-0.376171
-0.375804
-0.371782
-0.368249
-0.369734
-0.367037
-0.375317
-0.372132
-0.380899
-0.376610
-0.369006
-0.377691
-0.378848
-0.369508
-0.366096
-0.364056
-0.356657
-0.367381
-0.373845
-0.371023
-0.376459
-0.371343
-0.366633
-0.379531
-0.370557
-0.365275
-0.361065
-0.362530
-0.366768
-0.366411
-0.373418
-0.365588
-0.369400
-0.375830
-0.380044
-0.379707
-0.377157
-0.370169
-0.369611
-0.379737
-0.379580
-0.368738
-0.367702
-0.365784
-0.374054
-0.377644
-0.369189
-0.366597
-0.371728
-0.369139
-0.371800
-0.370408
-0.366778
-0.370522
-0.370932
-0.369646
-0.381194
-0.383022
-0.377140
-0.369215
-0.370906
-0.366637
-0.364384
-0.372479
-0.377590
-0.372182
-0.372735
-0.375574
-0.379220
-0.374744
-0.362240
-0.353624
-0.369756
-0.376673
-0.371638
-0.372069
-0.364849
-0.361571
-0.371572
-0.374680
-0.377540
-0.376880
-0.367696
-0.369740
-0.379908
-0.377284
-0.377443
-0.366094
-0.371601
-0.375242
-0.383855
-0.383470
-0.370559
-0.365689
-0.361108
-0.370277
-0.365502
-0.369145
-0.375401
-0.370170
-0.365237
-0.370616
-0.372686
-0.369309
-0.368293
-0.373938
-0.375041
-0.375034
-0.370013
-0.372631
-0.362106
-0.359941
-0.373137
-0.372267
-0.372748
-0.375502
-0.374641
-0.376876
-0.375651
-0.374755
-0.370454
-0.368663
-0.371243
-0.366310
-0.366565
-0.370369
-0.370007
-0.372323
-0.376704
-0.380284
-0.371961
-0.361465
-0.331249
-0.332821
-0.322734
-0.320943
-0.276359
-0.279184
-0.306245
-0.256359
-0.300132
-0.293718
-0.297148
-0.298064
-0.287366
-0.291715
-0.284909
-0.296639
-0.218719
-0.165467
-0.206677
-0.167078
-0.100977
-0.037442
-0.016799
-0.003254
0.087656
0.240538
0.021602
0.030097
0.278989
0.348501
0.428646
0.335183
0.313214
0.391812
0.714334
1.358293
1.086541
0.899058
1.310414
1.192396
1.354697
1.117671
1.697178
1.689234
1.349486
1.757333
2.148798
2.033857
2.353180
1.626886
2.499752
1.897622
1.709694
3.366815
2.603118
2.985780
2.172009
2.454786
2.756641
2.477619
2.770800
3.285682
3.277657
3.851402
2.557468
2.395580
2.811504
3.362241
3.588587
4.228359
3.630491
3.366304
3.530491
3.221319
2.419649
3.128355
3.050793
2.469051
2.490323
2.473142
2.056015
1.644392
1.920779
2.386168
2.594572
1.713629
1.849259
1.613209
1.869119
1.373988
1.470480
1.512689
1.757150
1.313893
1.897301
2.387705
2.409847
2.603102
2.233594
3.042336
2.673854
2.161508
2.602378
2.231538
1.968364
2.422592
2.783901
1.945761
1.499380
2.265977
6.929994
8.377300
2.770828
0.900792
0.118684
0.018100
0.072470
0.072652
0.079954
-0.150115
-0.183566
-0.263154
-0.205562
-0.142126
-0.202258
-0.269113
-0.273655
-0.284716
-0.265803
-0.319489
-0.309127
-0.322326
-0.253406
-0.145699
-0.132212
-0.128279
-0.234087
-0.252999
0.040479
0.528788
0.361967
-0.086851
-0.224249
-0.286007
-0.320209
-0.278969
-0.098500
-0.131337
-0.293571
-0.315713
-0.332475
-0.329693
-0.354924
-0.350171
-0.290295
-0.254717
0.236428
0.061765
-0.145974
-0.237730
-0.269308
-0.293516
-0.237950
-0.216816
-0.182462
-0.278064
-0.322249
-0.321611
-0.353962
-0.345367
-0.324739
-0.297238
-0.332237
-0.351091
-0.362845
-0.361081
-0.353780
-0.338549
-0.337426
-0.328937
-0.140770
-0.221097
-0.278231
-0.315134
-0.352345
-0.358327
-0.339695
-0.347081
-0.300092
-0.324959
-0.351333
-0.345314
-0.350736
-0.341951
-0.286261
-0.282243
-0.267804
-0.304123
-0.270929
-0.130766
-0.269202
-0.311381
-0.340822
-0.359063
-0.361670
-0.368973
-0.377011
-0.383098
-0.383812
-0.380878
-0.373028
-0.371226
-0.371242
-0.336643
-0.325221
-0.352831
-0.368662
-0.383389
-0.394333
-0.399336
-0.403265
-0.412750
-0.424388
-0.424388
-0.424388
-0.424388
-0.424388
-0.424388
-0.424388
-0.424388
