2.607996
2.413432
2.216693
2.020627
1.822911
1.623061
1.431382
1.232078
1.029886
0.827700
0.631832
0.433110
0.234636
0.032688
-0.169222
-0.326363
-0.226888
-0.198942
-0.362178
-0.550052
-0.709156
-0.860743
-1.003425
-1.135568
-1.255282
-1.360447
-1.448790
-1.518021
-1.577561
-1.611907
-1.592713
-1.570366
-1.514577
-1.436011
-1.350077
-1.247192
-1.129592
-0.988124
-0.838226
-0.688762
-0.520382
-0.356747
-0.180603
-0.007150
0.181494
0.351396
0.535447
0.690199
0.772467
0.839802
0.803838
0.815120
0.822174
0.724165
0.577558
0.432260
0.310387
0.179081
0.055628
-0.097773
-0.154290
-0.126155
0.056894
0.252167
0.444854
0.638831
0.473745
0.269612
0.069341
-0.126373
-0.309695
-0.300051
-0.165930
-0.006717
-0.014748
-0.214471
-0.306141
-0.264715
-0.192448
-0.014985
0.209845
0.436241
0.653985
0.660420
0.529716
0.354092
0.160823
0.120668
0.247747
0.367716
0.494383
0.609053
0.637115
0.537281
0.487280
0.601050
0.558230
0.490426
0.344896
0.157049
-0.016921
-0.196574
-0.371010
-0.549189
-0.710121
-0.862417
-1.004474
-1.146945
-1.263117
-1.362633
-1.443033
-1.501973
-1.545064
-1.568540
-1.501875
-1.464957
-1.405123
-1.324294
-1.224737
-1.108822
-0.978835
-0.836859
-0.683056
-0.524022
-0.343149
-0.192815
-0.230032
-0.342068
-0.355195
-0.157161
0.041353
0.240271
0.439530
0.639081
0.838884
1.039732
1.238060
1.439043
1.639678
1.840300
2.041312
2.243003
2.446044
2.605775
2.731308
2.505518
2.274528
2.042017
1.814162
1.586744
1.360014
1.135325
0.910790
0.682624
0.505718
0.358390
0.201148
0.011937
-0.196624
-0.402537
-0.607535
-0.808721
-1.006150
-1.197420
-1.379912
-1.434663
-1.469868
-1.464313
-1.442874
-1.386004
-1.301183
-1.194443
-1.068372
-0.932966
-0.774493
-0.608732
-0.426822
-0.236804
-0.040388
0.100846
0.150929
0.275981
0.297619
0.229017
0.043581
-0.129645
-0.298022
-0.457116
-0.601101
-0.730544
-0.849219
-0.951764
-0.766167
-0.523229
-0.273412
-0.023312
0.226985
0.486079
0.675438
0.837345
0.870016
0.812551
0.761544
0.725080
0.709012
0.687464
0.525392
0.319815
0.084360
-0.136021
-0.321582
-0.561444
-0.552556
-0.584405
-0.586514
-0.540968
-0.708853
-0.542130
-0.624078
-0.419353
-0.269261
-0.054333
0.163848
0.375490
0.588784
0.645142
0.647183
0.659679
0.682526
0.715584
0.739290
0.716435
0.598618
0.401747
0.181369
-0.063687
-0.308562
-0.410273
-0.502708
-0.611886
-0.692149
-0.577164
-0.452233
-0.318406
-0.176705
-0.014999
0.114157
0.115985
0.029550
-0.038393
-0.186546
-0.356614
-0.534805
-0.708125
-0.867348
-1.006768
-1.132239
-1.241640
-1.335982
-1.416990
-1.471882
-1.496230
-1.499471
-1.482958
-1.425833
-1.293808
-1.112443
-0.925954
-0.735289
-0.541187
-0.355940
-0.158582
0.023961
0.167209
0.318271
0.469400
0.630355
0.831949
1.039306
1.247298
1.462551
1.664897
1.874385
2.083703
2.288514
2.493409
2.693344
2.736436
2.845029
2.643783
2.432440
2.215859
1.995879
1.779940
1.560415
1.336993
1.113623
0.890316
0.667081
0.443933
0.366094
0.363829
0.296218
0.081658
-0.128856
-0.344608
-0.550862
-0.727725
-0.925703
-1.118767
-1.305363
-1.387752
-1.408615
-1.377085
-1.202235
-1.198102
-1.226654
-1.190645
-1.056275
-0.882812
-0.703388
-0.511306
-0.307150
-0.076562
0.084863
0.209870
0.213825
0.178961
0.142629
-0.063836
-0.293993
-0.527115
-0.749646
-0.939740
-1.106552
-1.272355
-1.412729
-1.238769
-1.051248
-0.797536
-0.623535
-0.357752
-0.100316
0.155181
0.408383
0.631915
0.769082
0.698336
0.551724
0.415045
0.284590
0.165553
0.331068
0.549471
0.769335
0.830383
0.629764
0.408148
0.186626
-0.034830
-0.255421
-0.296402
-0.333907
-0.501080
-0.345990
-0.300301
-0.284155
-0.025090
0.172902
0.425397
0.655173
0.822974
0.661449
0.525149
0.338937
0.405437
0.521022
0.565276
0.432038
0.201027
-0.082778
-0.359111
-0.633928
-0.789466
-1.034266
-1.245336
-1.395950
-1.254817
-1.088982
-0.921141
-0.736345
-0.532357
-0.325805
-0.117207
0.020083
0.063187
0.082186
0.027297
-0.047955
-0.265598
-0.471761
-0.664101
-0.840557
-1.003425
-1.136396
-1.146772
-1.108229
-1.261680
-1.310124
-1.307742
-1.200752
-1.020559
-0.826151
-0.629854
-0.432041
-0.219970
-0.006255
0.208791
0.373146
0.363770
0.387436
0.610288
0.833429
1.057433
1.280451
1.504972
1.729980
1.956533
2.183783
2.413811
2.647474
2.841504
1.175582
0.947143
0.732701
0.522240
0.530045
0.596724
0.678181
0.765704
0.868818
0.920714
0.739333
0.537444
0.332973
0.133883
-0.059860
-0.248680
-0.428512
-0.598122
-0.812186
-1.030643
-1.242587
-1.449817
-1.645823
-1.822658
-1.870001
-1.702506
-1.476676
-1.251375
-1.016064
-0.784155
-0.554182
-0.325091
-0.182363
-0.078875
0.061999
-0.002049
0.017441
0.130115
0.076580
0.018264
-0.071350
-0.161456
-0.272114
-0.398661
-0.496179
-0.609004
-0.710134
-0.779842
-0.814438
-0.848824
-0.886472
-0.867437
-0.814312
-0.598418
-0.412576
-0.233379
-0.040941
0.153637
0.340846
0.543770
0.720873
0.896717
0.950079
1.002149
1.221169
1.427094
1.629920
1.826825
2.021042
2.215764
2.405136
2.589526
2.554574
2.314764
2.084622
1.859986
1.638392
1.422311
1.206790
0.996528
0.936872
0.914291
0.709744
0.500553
0.295245
0.093466
-0.106678
-0.303497
-0.496094
-0.690547
-0.813117
-0.855765
-0.844291
-0.823219
-0.790953
-0.733548
-0.662119
-0.560359
-0.449783
-0.323528
-0.194563
-0.082019
0.008780
0.073223
0.086795
-0.066347
0.021101
-0.081560
-0.202923
-0.328055
-0.525929
-0.723211
-0.920527
-1.116497
-1.311163
-1.503882
-1.693515
-1.850227
-1.810255
-1.681177
-1.532151
-1.360468
-1.182190
-0.997931
-0.810783
-0.626604
-0.450044
-0.285522
-0.105269
0.078041
0.263318
0.437539
0.643144
0.849586
0.866771
0.775624
0.694290
0.610279
0.550225
0.500814
0.659946
0.872639
1.061038
1.182349
2.621839
2.346727
2.078511
1.811824
1.545055
1.280467
1.015561
0.750686
0.486142
0.221768
-0.042396
-0.048003
-0.055077
-0.307133
-0.536927
-0.753909
-0.950392
-1.131825
-1.287467
-1.407514
-1.477692
-1.312304
-1.118859
-0.901630
-0.672956
-0.436311
-0.193518
0.050343
0.301798
0.556569
0.813985
1.072485
1.329787
1.455242
1.545255
1.351512
1.089350
0.827503
0.566034
0.305026
0.048999
-0.210356
-0.468734
-0.725839
-0.981248
-1.234330
-1.484099
-1.728974
-1.966239
-1.926351
-1.683034
-1.326825
-0.970084
-0.613022
-0.272563
0.084944
0.368896
0.508363
0.426113
0.255121
0.074351
-0.081109
-0.253292
-0.401214
-0.183805
0.068693
0.316689
0.511987
0.279257
0.011551
-0.251516
-0.464617
-0.449127
-0.234418
-0.202765
-0.453344
-0.438663
-0.294716
-0.016739
0.251752
0.530771
0.506183
0.266459
0.015421
0.003291
0.177114
0.363234
0.500282
0.446168
0.180258
-0.128903
-0.441866
-0.753218
-1.067920
-1.389109
-1.641687
-1.825062
-1.725870
-1.481122
-1.231184
-0.975194
-0.717663
-0.456543
-0.197934
0.061781
0.322361
0.583630
0.839610
1.102123
1.359677
1.384604
1.289212
1.060152
0.787165
0.518671
0.254076
-0.006706
-0.259937
-0.511046
-0.746263
-0.974965
-1.185204
-1.236568
-1.161364
-1.060898
-0.938358
-0.777494
-0.608352
-0.411957
-0.194117
0.014254
-0.047568
-0.176540
0.086448
0.349825
0.608741
0.868374
1.128599
1.378078
1.623489
1.881745
2.140717
2.394832
2.624013
2.806820
2.586098
2.357735
2.130186
1.906587
1.683194
1.460978
1.236740
1.016636
0.794707
0.572780
0.351522
0.313881
0.303627
0.109708
-0.106016
-0.322583
-0.533996
-0.728262
-0.929480
-1.127395
-1.320564
-1.419706
-1.449108
-1.414773
-1.257933
-1.179976
-1.232056
-1.231115
-1.101188
-0.928570
-0.743457
-0.544834
-0.331738
-0.108500
0.061738
0.233006
0.333478
0.220351
0.193765
0.158907
0.000861
-0.206310
-0.411827
-0.614719
-0.814509
-0.987729
-1.151727
-1.290167
-1.406921
-1.222562
-1.021289
-0.762162
-0.580557
-0.338626
-0.059594
0.234924
0.516026
0.730415
0.848097
0.782705
0.644157
0.513586
0.391875
0.279966
0.203738
0.416612
0.605350
0.793038
0.662388
0.431926
0.212999
0.001779
-0.221442
-0.249900
-0.364974
-0.325762
-0.252383
-0.278137
-0.065214
0.155932
0.326990
0.557483
0.785640
0.673275
0.480350
0.533212
0.644467
0.609558
0.443854
0.203002
-0.057506
-0.315550
-0.582112
-0.754534
-0.972130
-1.180013
-1.331475
-1.198606
-1.035618
-0.858546
-0.687786
-0.473139
-0.254910
-0.034599
0.084166
0.134445
0.125889
0.059671
-0.101210
-0.330567
-0.515670
-0.708235
-0.874821
-1.033828
-1.153428
-1.156955
-1.084043
-1.150780
-1.319624
-1.330001
-1.264854
-1.097973
-0.920073
-0.730560
-0.557433
-0.367948
-0.148203
0.063884
0.267181
0.340702
0.322605
0.509210
0.725757
0.946943
1.163522
1.380432
1.597628
1.810296
2.023500
2.237178
2.446496
2.653918
2.810416
2.620897
2.420302
2.219725
2.019089
1.818841
1.617769
1.416914
1.216305
1.011729
0.812293
0.612258
0.412603
0.211090
0.009713
-0.191504
-0.332903
-0.245115
-0.201440
-0.367884
-0.559663
-0.721193
-0.874263
-1.018043
-1.150041
-1.278723
-1.370934
-1.466245
-1.529978
-1.577345
-1.613852
-1.578792
-1.545615
-1.489000
-1.403010
-1.306714
-1.193681
-1.051360
-0.911069
-0.760486
-0.599542
-0.434630
-0.244576
-0.067789
0.113525
0.298717
0.474614
0.640057
0.731724
0.798705
0.773391
0.747932
0.767043
0.683438
0.546107
0.408377
0.271906
0.149600
0.026120
-0.149573
-0.196446
-0.024496
0.171358
0.367917
0.556065
0.659990
0.449031
0.242327
0.043150
-0.159651
-0.329554
-0.320711
-0.217692
-0.037265
-0.044059
-0.191419
-0.315055
-0.307548
-0.187896
-0.018061
0.193438
0.399894
0.616494
0.629034
0.447232
0.261323
0.063375
0.087301
0.207089
0.334309
0.468244
0.591039
0.686673
0.669512
0.554515
0.681264
0.630051
0.567322
0.444293
0.272606
0.088458
-0.091672
-0.266069
-0.454783
-0.601219
-0.775168
-0.922423
-1.059010
-1.187709
-1.298089
-1.391464
-1.465480
-1.517956
-1.547146
-1.551996
-1.504495
-1.455950
-1.392797
-1.309492
-1.208242
-1.091318
-0.960894
-0.810748
-0.659613
-0.500313
-0.315471
-0.189813
-0.236869
-0.364492
-0.346498
-0.145763
0.055192
0.256334
0.455373
0.656916
0.856609
1.054969
1.258633
1.459116
1.659851
1.859608
2.059877
2.259845
2.460600
2.620762
