2.822114
2.604971
2.386717
2.168467
1.949623
1.731001
1.512632
1.292896
1.073238
0.853673
0.634216
0.441845
0.501945
0.372252
0.167651
-0.044955
-0.260351
-0.472319
-0.661213
-0.850828
-1.042385
-1.227582
-1.373268
-1.404070
-1.383393
-1.188925
-1.174239
-1.236061
-1.204069
-1.055504
-0.858437
-0.657111
-0.456712
-0.208901
-0.019254
0.096673
0.146249
0.105345
0.067734
-0.056483
-0.268387
-0.488980
-0.701904
-0.898552
-1.076768
-1.232019
-1.373532
-1.340314
-1.156264
-0.910151
-0.682842
-0.450175
-0.161787
0.126820
0.394589
0.569835
0.751341
0.690652
0.658202
0.543296
0.420716
0.290253
0.176664
0.342591
0.540778
0.755138
0.644862
0.424192
0.206875
-0.013492
-0.233716
-0.407113
-0.322071
-0.377377
-0.518961
-0.349142
-0.313144
-0.310798
-0.077988
0.170988
0.401751
0.631605
0.696715
0.498122
0.296596
0.359816
0.475529
0.600710
0.606708
0.479349
0.204342
-0.081713
-0.390573
-0.652838
-0.852289
-1.092815
-1.272533
-1.336407
-1.180935
-1.014071
-0.849214
-0.662141
-0.448210
-0.237551
-0.025577
0.116787
0.151404
0.168596
0.134982
0.039853
-0.195295
-0.393188
-0.599234
-0.807769
-0.995136
-1.149213
-1.145463
-1.113326
-1.231719
-1.344919
-1.356914
-1.269298
-1.088329
-0.908238
-0.713766
-0.533578
-0.335929
-0.124160
0.088770
0.293891
0.343573
0.294406
0.500852
0.720545
0.938873
1.158800
1.378782
1.596539
1.815734
2.034310
2.253309
2.472264
2.691737
2.821599
2.828151
2.610685
2.393915
2.177707
1.961424
1.744698
1.528121
1.311714
1.095504
0.878331
0.662473
0.445496
0.295825
0.324959
0.239128
0.031387
-0.174824
-0.384066
-0.584193
-0.767951
-0.954903
-1.142950
-1.318351
-1.394971
-1.397757
-1.365809
-1.177007
-1.195580
-1.208885
-1.123379
-0.962101
-0.760898
-0.555572
-0.354087
-0.106023
0.073803
0.179396
0.173916
0.136618
0.104222
-0.077161
-0.287016
-0.502326
-0.711622
-0.892963
-1.055396
-1.206837
-1.344474
-1.222739
-1.049485
-0.783264
-0.615656
-0.323537
-0.030674
0.252921
0.486764
0.632815
0.613987
0.470630
0.351509
0.226547
0.213675
0.423725
0.606179
0.822113
0.793831
0.586076
0.365961
0.149273
-0.067184
-0.287075
-0.330152
-0.323759
-0.462505
-0.398534
-0.311122
-0.374380
-0.137518
0.103453
0.328551
0.551182
0.778094
0.747206
0.551642
0.355175
0.203715
0.317825
0.426765
0.545474
0.497994
0.309680
0.033724
-0.250088
-0.543253
-0.723506
-0.995371
-1.183552
-1.326448
-1.214473
-1.059739
-0.894465
-0.720827
-0.521988
-0.311032
-0.103139
0.034825
0.079352
0.112376
0.054098
-0.033638
-0.269041
-0.478898
-0.705729
-0.912875
-1.094305
-1.190524
-1.153621
-1.146032
-1.328933
-1.376565
-1.379630
-1.268311
-1.091491
-0.907256
-0.717312
-0.542790
-0.341609
-0.134448
0.078851
0.279428
0.307512
0.307958
0.521880
0.738129
0.954528
1.171053
1.387687
1.602915
1.818415
2.034151
2.248992
2.463353
2.677734
2.828383
2.652499
2.444627
2.239043
2.034093
1.829230
1.625795
1.422159
1.216498
1.013210
0.807962
0.604595
0.399850
0.195140
-0.010771
-0.072327
0.012001
-0.028677
-0.219232
-0.403154
-0.571064
-0.736737
-0.886405
-1.033792
-1.158752
-1.277656
-1.381912
-1.456651
-1.532622
-1.545697
-1.554657
-1.526034
-1.472113
-1.406315
-1.309061
-1.213643
-1.081849
-0.936511
-0.783456
-0.616148
-0.457692
-0.277013
-0.106739
0.086416
0.281839
0.448348
0.606243
0.726797
0.784138
0.819133
0.699993
0.750714
0.701614
0.568879
0.424923
0.269129
0.137481
0.013279
-0.130873
-0.325884
-0.247648
-0.169793
0.029490
0.229394
0.417672
0.619142
0.719568
0.539226
0.346248
0.139643
-0.062584
-0.264459
-0.467747
-0.444648
-0.390634
-0.190732
-0.187180
-0.362046
-0.478556
-0.411307
-0.331796
-0.140789
0.084143
0.309232
0.534996
0.759031
0.689822
0.511858
0.333903
0.136583
0.010316
0.147492
0.262209
0.384413
0.387019
0.322319
0.244751
0.367672
0.322552
0.258197
0.097330
-0.063598
-0.233224
-0.397418
-0.573015
-0.723986
-0.866320
-1.002126
-1.123658
-1.245970
-1.337571
-1.431878
-1.486118
-1.528562
-1.539688
-1.527855
-1.428537
-1.375680
-1.303459
-1.224996
-1.150607
-1.040865
-0.909077
-0.765552
-0.613536
-0.462048
-0.288055
-0.104386
-0.042411
-0.075395
-0.001492
0.197034
0.399462
0.602149
0.802227
1.002843
1.211435
1.409972
1.609987
1.811370
1.920013
2.097811
2.297028
2.496049
2.653209
2.838670
2.674024
2.465244
2.249495
2.028415
1.800480
1.590036
1.517701
1.355224
1.189493
1.206774
1.003786
0.789827
0.620403
0.417668
0.249675
0.037769
-0.187753
-0.414059
-0.600786
-0.780589
-0.974036
-1.159952
-1.335948
-1.375232
-1.366905
-1.260995
-1.173542
-1.189459
-1.178136
-1.057309
-0.897173
-0.727025
-0.541975
-0.352952
-0.135852
0.044557
0.143787
0.135415
0.095638
-0.015034
-0.264408
-0.503843
-0.745782
-0.938744
-1.109845
-1.282160
-1.349138
-1.156038
-0.937019
-0.701140
-0.529754
-0.279096
-0.030014
0.219033
0.446834
0.568705
0.493124
0.345928
0.210154
0.161281
0.385454
0.610689
0.737042
0.821563
0.611281
0.385291
0.158328
-0.069282
-0.295178
-0.436849
-0.355769
-0.422174
-0.540378
-0.373649
-0.366217
-0.415347
-0.157228
0.102666
0.336449
0.570151
0.776759
0.606692
0.411101
0.200848
0.223585
0.342261
0.468285
0.487396
0.472948
0.296283
0.287248
0.109356
-0.168612
-0.430704
-0.674500
-0.863477
-1.094353
-1.296418
-1.335288
-1.178979
-1.006533
-0.829267
-0.628709
-0.418796
-0.206447
-0.000784
0.050761
0.091390
0.098793
0.013312
-0.183487
-0.388382
-0.583760
-0.766272
-0.931040
-1.082910
-1.179726
-1.127436
-1.178814
-1.310956
-1.359747
-1.335781
-1.217271
-1.018481
-0.813958
-0.602010
-0.405994
-0.182705
0.041678
0.267085
0.339861
0.276347
0.489510
0.723028
0.956400
1.188762
1.421144
1.657462
1.895711
2.135471
2.378563
2.626361
2.832908
1.301499
1.139225
1.015320
0.821915
0.626274
0.538579
0.582488
0.654638
0.719758
0.794712
0.862452
0.822302
0.637933
0.417376
0.226180
0.024600
-0.169823
-0.355322
-0.538432
-0.729664
-0.918695
-1.105291
-1.288498
-1.472218
-1.637836
-1.797438
-1.877380
-1.728525
-1.554461
-1.370979
-1.181234
-0.996728
-0.802973
-0.608218
-0.418902
-0.227712
-0.167638
0.006189
-0.006946
-0.073250
0.108635
0.104810
0.047731
-0.024000
-0.114939
-0.219308
-0.374555
-0.500790
-0.646327
-0.762143
-0.837689
-0.897530
-0.927566
-0.957528
-0.900295
-0.732331
-0.543779
-0.371229
-0.189739
-0.010680
0.175069
0.354862
0.547034
0.730525
0.887357
0.919859
1.026770
1.222591
1.417858
1.612862
1.808225
2.003911
2.199949
2.396542
2.575703
2.401381
2.210229
2.018147
1.827629
1.634785
1.442307
1.250248
1.058673
0.912310
0.900035
0.759043
0.581522
0.400844
0.216108
0.032925
-0.141377
-0.319832
-0.487111
-0.664764
-0.826250
-0.871979
-0.848944
-0.826848
-0.784519
-0.697988
-0.609031
-0.487891
-0.371387
-0.245558
-0.187277
-0.109634
-0.061175
-0.068960
-0.186934
-0.121110
-0.191958
-0.312492
-0.435167
-0.629816
-0.823534
-1.016003
-1.212071
-1.403921
-1.589383
-1.758270
-1.742749
-1.614812
-1.459437
-1.295349
-1.117989
-0.933381
-0.743887
-0.540932
-0.357636
-0.158826
0.054144
0.242373
0.449345
0.650025
0.770974
0.705449
0.650073
0.605354
0.554229
0.541769
0.735138
0.930614
1.125041
1.302326
2.721720
2.511921
2.304434
2.097735
1.891772
1.686580
1.481202
1.275493
1.069649
0.865145
0.660622
0.455425
0.250864
0.045409
-0.004302
0.060478
-0.051559
-0.248393
-0.422943
-0.592122
-0.751799
-0.905181
-1.048531
-1.173385
-1.281943
-1.371717
-1.455316
-1.518093
-1.514070
-1.511685
-1.483638
-1.430994
-1.355492
-1.259482
-1.145373
-1.015699
-0.872696
-0.718432
-0.554644
-0.382828
-0.204232
-0.019883
0.169341
0.346323
0.511496
0.649844
0.704934
0.763380
0.668554
0.681171
0.668847
0.576150
0.442912
0.282538
0.144881
0.014260
-0.116360
-0.266499
-0.373446
-0.295654
-0.104934
0.093573
0.292847
0.483893
0.688694
0.657242
0.452890
0.240090
0.037406
-0.164906
-0.366772
-0.567553
-0.508622
-0.440166
-0.276650
-0.238692
-0.442235
-0.556849
-0.452222
-0.373734
-0.152469
0.070129
0.290174
0.509335
0.715846
0.653511
0.458218
0.283236
0.083787
-0.096570
0.013474
0.141970
0.260766
0.350094
0.310886
0.169999
0.310928
0.315987
0.260989
0.127847
-0.036514
-0.198082
-0.366279
-0.530447
-0.683332
-0.836362
-0.972670
-1.091614
-1.198026
-1.306204
-1.378554
-1.451000
-1.482612
-1.498196
-1.478969
-1.426512
-1.366313
-1.297019
-1.205181
-1.110944
-0.989061
-0.855561
-0.716166
-0.569042
-0.408924
-0.242652
-0.057677
0.013998
-0.035505
-0.034929
0.166771
0.365363
0.564756
0.767865
0.971214
1.177616
1.381239
1.579875
1.784018
1.983781
2.186243
2.385328
2.585425
2.722728
2.452268
2.248850
2.051742
1.855799
1.659702
1.552139
1.356914
1.163171
0.967941
0.773671
0.579406
0.384709
0.189811
-0.004514
-0.199026
-0.391557
-0.425887
-0.607976
-0.796837
-0.959213
-1.101255
-1.231283
-1.334408
-1.403402
-1.446419
-1.409321
-1.301437
-1.166634
-0.983157
-1.065852
-1.153948
-1.224709
-1.292917
-1.266168
-1.214299
-1.149691
-1.001737
-0.849810
-0.676743
-0.492008
-0.300261
-0.105479
0.110283
0.214494
0.323254
0.437252
0.600577
0.717828
0.752516
0.623579
0.478900
0.351123
0.217857
0.091088
-0.014655
-0.125234
-0.226602
-0.317726
-0.396382
-0.448260
-0.501910
-0.377410
-0.187972
-0.014601
0.171288
0.358220
0.549249
0.737559
0.907665
0.942150
1.032866
1.226874
1.419935
1.588564
1.590956
1.450117
1.261896
1.070377
0.878710
0.683019
0.489132
0.312194
0.118563
-0.073229
-0.262438
-0.452893
-0.544620
-0.501133
-0.443778
-0.379390
-0.307508
-0.213761
-0.125297
-0.012197
0.102380
0.223484
0.345509
0.445692
0.407061
0.286974
0.129449
0.008341
-0.173277
-0.348035
-0.516590
-0.660631
-0.812130
-0.952474
-1.097406
-1.204301
-1.288517
-1.367610
-1.357867
-1.270047
-1.158682
-1.068696
-1.073380
-1.251090
-1.386999
-1.395933
-1.347459
-1.274191
-1.188135
-1.073827
-0.910865
-0.735380
-0.557088
-0.401724
-0.335291
-0.138155
0.054464
0.247387
0.432281
0.622039
0.808646
0.999420
1.187313
1.381897
1.570583
1.758583
1.949455
2.139531
2.329973
2.454051
