1.308126
1.115795
1.050294
0.999471
0.811569
0.644354
0.500039
0.533527
0.594042
0.649688
0.730616
0.791692
0.738387
0.554903
0.360513
0.179974
0.001705
-0.182768
-0.344916
-0.503877
-0.698191
-0.887487
-1.075186
-1.254902
-1.436345
-1.604850
-1.762310
-1.859697
-1.728807
-1.559265
-1.382358
-1.200690
-1.015797
-0.828637
-0.635533
-0.449782
-0.265883
-0.188001
-0.009432
-0.041021
-0.089104
0.084701
0.061958
0.008758
-0.064551
-0.163455
-0.293948
-0.449314
-0.572306
-0.698361
-0.800311
-0.873539
-0.929495
-0.959242
-0.993790
-0.956103
-0.820573
-0.629811
-0.446995
-0.263674
-0.077578
0.108947
0.299459
0.491407
0.683864
0.865285
0.886013
0.970555
1.168793
1.367086
1.568875
1.769206
1.971394
2.174582
2.381511
2.587743
2.458213
2.272661
2.084557
1.897174
1.706617
1.516563
1.327082
1.133747
0.940775
0.892850
0.812256
0.646337
0.469430
0.287207
0.106941
-0.079426
-0.254952
-0.427007
-0.594738
-0.800409
-0.867916
-0.895937
-0.841907
-0.817784
-0.758820
-0.676636
-0.583187
-0.473312
-0.364094
-0.250730
-0.192096
-0.135391
-0.095669
-0.155444
-0.158064
-0.160071
-0.317666
-0.415476
-0.625493
-0.823216
-1.023927
-1.214455
-1.409199
-1.599579
-1.736505
-1.677604
-1.531641
-1.365670
-1.185863
-0.996061
-0.802523
-0.606721
-0.402582
-0.200691
0.024869
0.224058
0.430435
0.618233
0.667644
0.613579
0.554051
0.522251
0.494831
0.578357
0.775008
0.972669
1.166555
1.306564
2.560776
2.286955
2.004223
1.733850
1.470876
1.217104
0.948479
0.681027
0.414238
0.150286
-0.106774
-0.005884
-0.199416
-0.431482
-0.675924
-0.902054
-1.103816
-1.277578
-1.405311
-1.460405
-1.279818
-1.099033
-0.891242
-0.687119
-0.474493
-0.255151
-0.030451
0.198562
0.431092
0.666516
0.904344
1.139979
1.352961
1.466083
1.560818
1.402422
1.144828
0.886669
0.629038
0.372408
0.115913
-0.139846
-0.394595
-0.648469
-0.901187
-1.150311
-1.398382
-1.642985
-1.882290
-2.104519
-1.879138
-1.598025
-1.285542
-0.960028
-0.646887
-0.320519
-0.007122
0.313470
0.497490
0.472615
0.312044
0.154659
-0.009135
-0.160700
-0.298129
-0.222830
0.033127
0.273765
0.395882
0.134887
-0.129268
-0.382607
-0.486722
-0.383952
-0.202700
-0.266405
-0.480937
-0.401572
-0.238916
0.018271
0.271146
0.530735
0.393204
0.151137
-0.013507
0.175937
0.357964
0.498779
0.515682
0.290203
0.032055
-0.236936
-0.511448
-0.785370
-1.052261
-1.323244
-1.566679
-1.734383
-1.721240
-1.461165
-1.211404
-0.955459
-0.692465
-0.434170
-0.176188
0.082843
0.353381
0.613610
0.874410
1.128840
1.368317
1.350378
1.244886
1.015933
0.724219
0.436067
0.152397
-0.125590
-0.396271
-0.657352
-0.905603
-1.132330
-1.179549
-1.116334
-1.025628
-0.930186
-0.792881
-0.637829
-0.467985
-0.285876
-0.057062
0.031230
-0.050985
0.176134
0.429865
0.680408
0.952332
1.196855
1.431936
1.675293
1.922531
2.170571
2.404172
2.567939
1.222513
1.042824
0.847962
0.659290
0.605128
0.644617
0.695266
0.756601
0.828056
0.894284
0.873336
0.697128
0.483780
0.305036
0.130172
-0.062515
-0.233275
-0.395012
-0.564089
-0.756886
-0.946542
-1.133893
-1.318045
-1.497589
-1.670217
-1.810086
-1.838130
-1.680432
-1.510518
-1.326694
-1.139210
-0.953998
-0.761734
-0.568223
-0.374022
-0.210986
-0.137413
0.043177
-0.026528
-0.020400
0.129925
0.092466
0.029941
-0.058963
-0.156370
-0.305313
-0.453073
-0.594060
-0.710659
-0.806009
-0.882622
-0.934616
-0.961232
-0.990875
-0.946190
-0.837575
-0.643677
-0.458615
-0.271849
-0.081296
0.110707
0.305529
0.502133
0.699910
0.883111
0.901444
0.985832
1.187031
1.390127
1.596841
1.803914
2.011300
2.223969
2.437137
2.613036
2.437205
2.247688
2.054668
1.866704
1.670279
1.474185
1.278471
1.083195
0.909872
0.899679
0.763075
0.591857
0.407571
0.225305
0.036509
-0.140916
-0.324771
-0.495027
-0.682221
-0.853898
-0.907914
-0.887412
-0.856357
-0.810273
-0.753635
-0.656106
-0.554210
-0.438990
-0.315493
-0.211755
-0.128129
-0.064027
-0.018076
-0.020539
-0.099039
-0.039831
-0.170873
-0.274347
-0.452416
-0.656754
-0.859699
-1.063950
-1.269632
-1.465415
-1.655051
-1.752735
-1.658527
-1.497961
-1.323442
-1.133750
-0.937699
-0.737901
-0.538272
-0.355009
-0.161047
0.060599
0.273321
0.476006
0.683051
0.836141
0.782011
0.721363
0.671584
0.633172
0.606494
0.701156
0.902882
1.105822
1.219138
1.154948
0.958172
0.764543
0.571081
0.525721
0.583558
0.652536
0.725082
0.809125
0.904695
0.932934
0.756135
0.546699
0.341492
0.128979
-0.078616
-0.285290
-0.476677
-0.657671
-0.846151
-1.032118
-1.214556
-1.394770
-1.567119
-1.739190
-1.889872
-1.805067
-1.627961
-1.437452
-1.247734
-1.048723
-0.855645
-0.661444
-0.474174
-0.278873
-0.161572
-0.073283
0.085194
0.033543
-0.026476
0.148093
0.131096
0.067964
-0.012489
-0.103143
-0.224504
-0.353406
-0.493636
-0.631509
-0.744816
-0.822823
-0.850058
-0.877983
-0.865971
-0.767454
-0.560178
-0.389270
-0.214843
-0.034629
0.155534
0.327310
0.513702
0.697231
0.872557
0.930395
1.037092
1.229227
1.421468
1.612385
1.802627
1.992715
2.183543
2.373971
2.558569
2.433964
2.240921
2.048806
1.857367
1.666058
1.476052
1.285396
1.093964
0.925470
0.908365
0.772680
0.596060
0.416334
0.231921
0.049810
-0.129133
-0.299728
-0.472217
-0.647460
-0.754328
-0.814337
-0.786241
-0.760477
-0.707388
-0.643890
-0.526401
-0.418775
-0.298023
-0.207932
-0.133045
-0.074236
-0.031503
-0.110369
-0.136311
-0.099249
-0.246053
-0.301911
-0.471130
-0.663255
-0.865647
-1.056678
-1.252550
-1.447487
-1.608096
-1.475444
-1.629928
-1.727882
-1.628220
-1.483776
-1.321924
-1.156453
-0.983469
-0.795579
-0.602398
-0.382627
-0.168754
0.066109
0.291833
0.521690
0.724563
0.848662
0.775151
0.682221
0.600895
0.539998
0.700046
0.867046
0.825496
1.014703
1.155949
2.581189
2.314909
2.051830
1.792279
1.530452
1.273099
1.015303
0.757410
0.499493
0.242044
-0.015468
-0.036729
-0.091085
-0.338219
-0.561952
-0.778152
-0.979487
-1.161682
-1.314844
-1.446027
-1.522259
-1.357961
-1.168556
-0.963682
-0.747116
-0.521620
-0.289216
-0.051403
0.190704
0.436671
0.684634
0.935316
1.186814
1.377764
1.508449
1.506511
1.257308
1.002458
0.747916
0.493746
0.240028
-0.013133
-0.265595
-0.511800
-0.761677
-1.009892
-1.255832
-1.498552
-1.736519
-1.967116
-2.004704
-1.754570
-1.426471
-1.080102
-0.733499
-0.386744
-0.039888
0.289622
0.526639
0.538436
0.388674
0.209970
0.042326
-0.112510
-0.319171
-0.315190
-0.146011
0.102942
0.337421
0.487778
0.223034
-0.038656
-0.292148
-0.467033
-0.301806
-0.176984
-0.234668
-0.438468
-0.344175
-0.160551
0.112693
0.382834
0.624324
0.433591
0.201776
0.088759
0.261606
0.429128
0.502242
0.366974
0.096989
-0.198926
-0.504109
-0.803713
-1.102141
-1.398945
-1.607205
-1.779410
-1.630025
-1.388969
-1.139320
-0.887237
-0.637874
-0.386918
-0.134756
0.118347
0.372194
0.626638
0.881571
1.131181
1.356620
1.262827
1.134574
0.870290
0.606978
0.347837
0.092288
-0.158925
-0.401151
-0.636836
-0.867966
-1.073599
-1.205771
-1.148316
-1.059827
-0.943821
-0.808659
-0.644756
-0.476934
-0.290308
-0.068819
0.024266
-0.057504
0.160171
0.410099
0.650933
0.918238
1.169564
1.413496
1.663075
1.924748
2.171530
2.416542
2.583577
2.361310
2.170287
1.982475
1.795503
1.607084
1.419989
1.232485
1.046289
0.859704
0.673315
0.487121
0.336230
0.149272
-0.037274
-0.205250
-0.279325
-0.189972
-0.291489
-0.318158
-0.414516
-0.537186
-0.717795
-0.896727
-1.048670
-1.191327
-1.316273
-1.419073
-1.482881
-1.525109
-1.530381
-1.425580
-1.339459
-1.227676
-1.083191
-0.985039
-1.061386
-1.136190
-1.224817
-1.280032
-1.238917
-1.191633
-1.196308
-1.170175
-1.030866
-0.874697
-0.707609
-0.531929
-0.349429
-0.161467
0.028890
0.115322
0.283792
0.412035
0.560299
0.684923
0.760958
0.710533
0.576344
0.447167
0.323593
0.206292
0.081619
-0.021367
-0.115661
-0.206039
-0.290871
-0.354005
-0.404795
-0.333341
-0.152578
0.026412
0.202905
0.383355
0.569106
0.752995
0.894658
0.929280
0.920341
0.849389
0.824752
1.030838
1.246646
1.442301
1.611385
1.672869
1.495689
1.322807
1.151202
0.969262
0.781868
0.588671
0.395531
0.202464
-0.002843
-0.202029
-0.401214
-0.462149
-0.412159
-0.349021
-0.273674
-0.187125
-0.090427
0.006633
0.080116
-0.001206
-0.138818
-0.269262
-0.438486
-0.601686
-0.757507
-0.887476
-1.022483
-1.141473
-1.256483
-1.333711
-1.392176
-1.409366
-1.414895
-1.306393
-1.197405
-1.170749
-1.278466
-1.199172
-1.079948
-0.916511
-0.749335
-0.586079
-0.419437
-0.244289
-0.067705
0.115232
0.288817
0.459415
0.631961
0.801133
0.972129
1.151045
1.331426
1.513339
1.693431
1.876299
2.057595
2.238964
2.362527
2.738615
2.533452
2.327923
2.122530
1.916594
1.710046
1.504139
1.297490
1.092080
0.885575
0.677794
0.471338
0.267574
0.269614
0.135193
-0.063678
-0.265452
-0.461859
-0.656080
-0.836740
-1.024240
-1.207371
-1.384692
-1.478948
-1.514322
-1.462818
-1.380406
-1.241416
-1.260664
-1.294533
-1.219113
-1.068604
-0.898269
-0.692465
-0.472550
-0.246278
-0.040694
0.100525
0.224054
0.227419
0.210197
0.193383
0.044248
-0.157525
-0.362052
-0.565758
-0.750597
-0.918378
-1.063814
-1.202725
-1.301430
-1.122371
-0.930800
-0.674143
-0.512117
-0.249358
0.014422
0.278982
0.535035
0.737789
0.849979
0.779099
0.651325
0.514743
0.386722
0.268246
0.127598
0.297211
0.494057
0.695220
0.877528
0.792450
0.586025
0.378541
0.171775
-0.033784
-0.215836
-0.321495
-0.373524
-0.266966
-0.271118
-0.121590
0.078442
0.220835
0.469705
0.716530
0.815731
0.625307
0.468873
0.436630
0.412289
0.265803
0.021196
-0.258933
-0.547873
-0.732674
-0.944318
-1.154279
-1.297933
-1.181268
-1.037973
-0.884177
-0.721972
-0.526309
-0.337065
-0.145277
-0.081537
-0.042103
-0.059523
-0.119575
-0.273896
-0.480197
-0.673955
-0.850956
-1.010535
-1.123604
-1.182154
-1.150256
-1.275495
-1.299129
-1.270165
-1.111092
-0.952301
-0.777262
-0.605897
-0.425807
-0.225353
-0.035178
0.162341
0.315237
0.288224
0.375147
0.582646
0.784917
0.984867
1.188993
1.393459
1.598221
1.801952
2.006205
2.210034
2.414632
2.619387
2.738464
