2.849854
2.641209
2.419030
2.197771
1.977016
1.756459
1.536062
1.315712
1.095453
0.875298
0.655267
0.434828
0.419950
0.413013
0.206662
-0.007118
-0.223392
-0.435104
-0.621856
-0.815856
-1.016575
-1.205550
-1.325929
-1.361702
-1.347961
-1.176339
-1.147395
-1.189643
-1.184530
-1.042853
-0.862506
-0.663648
-0.461744
-0.247005
-0.011479
0.119415
0.193002
0.182259
0.162254
0.107527
-0.089626
-0.306915
-0.522626
-0.726563
-0.916335
-1.088503
-1.250694
-1.400178
-1.373770
-1.186923
-0.958813
-0.688933
-0.506259
-0.198570
0.109912
0.397705
0.627042
0.737516
0.680536
0.545481
0.419256
0.286500
0.180577
0.256140
0.465577
0.684150
0.797417
0.625252
0.405253
0.188846
-0.026988
-0.238083
-0.452027
-0.419583
-0.328410
-0.353503
-0.518579
-0.375237
-0.320553
-0.296178
-0.058589
0.146649
0.382429
0.613650
0.770348
0.608013
0.446759
0.353312
0.460588
0.562577
0.503486
0.301537
0.028937
-0.257868
-0.540874
-0.721069
-0.988947
-1.191998
-1.368306
-1.311508
-1.144097
-0.978249
-0.803435
-0.602271
-0.388469
-0.172770
0.006058
0.061700
0.090060
0.063328
-0.020887
-0.239743
-0.459729
-0.672116
-0.864940
-1.032901
-1.143995
-1.125189
-1.089844
-1.270285
-1.303862
-1.268748
-1.115981
-0.938192
-0.753198
-0.562539
-0.374009
-0.162389
0.050526
0.258901
0.422143
0.403282
0.497882
0.718278
0.936035
1.154073
1.372352
1.590838
1.807317
2.024196
2.241427
2.455589
2.670503
2.851055
2.528589
2.245877
1.970245
1.699899
1.432658
1.164136
0.976445
0.821169
0.680841
0.548998
0.390116
0.144839
0.029405
0.011901
0.012328
-0.132572
-0.390535
-0.646167
-0.847375
-1.048000
-1.229898
-1.398161
-1.531232
-1.601142
-1.673365
-1.639003
-1.511342
-1.327860
-1.131277
-1.195085
-1.274335
-1.324899
-1.289157
-1.106348
-0.902903
-0.759647
-0.563177
-0.435747
-0.494116
-0.249111
0.005877
0.172285
0.163620
0.361008
0.501826
0.563171
0.678318
0.807727
0.933659
0.998198
0.740368
0.510388
0.527591
0.571793
0.379455
0.149438
-0.070800
-0.238696
-0.377786
-0.509092
-0.616337
-0.702348
-0.548106
-0.399803
-0.198500
0.034894
0.261678
0.375167
0.418352
0.640397
0.891173
1.136878
1.382867
1.625942
1.669899
1.409243
1.149533
0.904428
0.654642
0.412008
0.243404
-0.018563
-0.271119
-0.520028
-0.748896
-0.680801
-0.586837
-0.474370
-0.345404
-0.201953
0.036461
0.256087
0.352266
0.232218
0.414605
0.621113
0.750444
0.638259
0.495215
0.378737
0.312250
0.190003
0.019147
-0.045406
-0.158173
-0.371356
-0.576254
-0.603566
-0.634778
-0.775871
-0.991581
-1.168244
-1.320641
-1.419171
-1.349215
-1.272673
-1.233512
-1.411672
-1.611178
-1.606542
-1.578781
-1.487944
-1.393656
-1.257046
-1.016447
-0.759948
-0.481553
-0.235925
-0.040535
0.029824
0.035868
0.207406
0.419331
0.556579
0.690439
0.849038
1.005681
1.241383
1.486664
1.724421
1.963145
2.202713
2.435732
2.535860
2.439705
2.248813
2.058446
1.868393
1.678090
1.489388
1.299571
1.111022
0.920504
0.731313
0.539593
0.349651
0.162040
-0.028001
-0.217924
-0.398529
-0.435089
-0.597456
-0.781399
-0.963155
-1.094210
-1.214286
-1.306378
-1.371205
-1.419686
-1.344159
-1.207093
-1.045794
-1.109964
-1.200518
-1.290912
-1.346851
-1.275129
-1.215116
-1.104546
-0.975125
-0.830175
-0.669806
-0.504809
-0.325385
-0.133944
0.053329
0.189011
0.328068
0.457472
0.607708
0.586597
0.457439
0.334597
0.206176
0.084319
-0.030152
-0.136374
-0.233372
-0.320178
-0.395737
-0.475849
-0.509266
-0.527841
-0.347032
-0.167701
0.016618
0.204756
0.384204
0.571910
0.757110
0.940117
1.127140
1.315326
1.503550
1.695152
1.707479
1.515970
1.324908
1.152340
0.961703
0.793550
0.606867
0.420180
0.236408
0.049016
-0.137797
-0.317980
-0.498948
-0.506818
-0.448060
-0.393338
-0.309902
-0.231418
-0.127278
-0.028950
0.091958
0.206407
0.327959
0.464055
0.577969
0.539270
0.416019
0.283665
0.173771
-0.009261
-0.176972
-0.358295
-0.521038
-0.675221
-0.836817
-0.986373
-1.120990
-1.235930
-1.261469
-1.299652
-1.220158
-1.140641
-1.045665
-0.966483
-1.108253
-1.251173
-1.353882
-1.408827
-1.385551
-1.330199
-1.255733
-1.165643
-1.037290
-0.890080
-0.708830
-0.534841
-0.434455
-0.304041
-0.115111
0.071746
0.263076
0.452978
0.640706
0.832466
1.020603
1.210681
1.399287
1.587433
1.776039
1.965455
2.156040
2.306447
2.439931
2.429009
2.227188
2.028776
1.833447
1.632725
1.437724
1.240378
1.060480
0.868286
0.678321
0.483977
0.291870
0.099805
-0.095858
-0.290663
-0.368380
-0.505454
-0.692605
-0.876693
-1.007270
-1.151531
-1.263067
-1.348250
-1.385778
-1.384580
-1.279000
-1.159646
-0.978673
-0.971012
-1.058898
-1.142926
-1.209809
-1.234099
-1.152247
-1.141316
-1.006712
-0.850171
-0.676085
-0.488071
-0.272079
-0.064392
0.150348
0.309226
0.430673
0.592425
0.711658
0.775242
0.647329
0.508457
0.375252
0.238376
0.107355
-0.005765
-0.122023
-0.217653
-0.314858
-0.402016
-0.463451
-0.525145
-0.475094
-0.293850
-0.117035
0.055147
0.234799
0.420533
0.606720
0.779611
0.889272
0.905375
0.984781
1.172796
1.309700
1.492587
1.587850
1.494273
1.302895
1.130830
0.940566
0.751054
0.561557
0.372402
0.183083
0.027195
-0.143924
-0.333396
-0.521856
-0.601115
-0.560741
-0.506597
-0.440572
-0.376610
-0.286315
-0.201274
-0.091736
0.025740
0.136549
0.254563
0.316752
0.219546
0.078767
-0.043080
-0.206043
-0.372549
-0.521184
-0.676779
-0.809363
-0.946739
-1.058987
-1.188371
-1.286546
-1.350012
-1.407862
-1.391742
-1.290324
-1.186836
-1.085978
-1.123142
-1.297916
-1.401980
-1.343680
-1.278048
-1.192452
-1.089546
-0.962772
-0.783279
-0.601794
-0.442251
-0.351151
-0.176237
0.018988
0.208330
0.398018
0.576810
0.756629
0.942387
1.133030
1.315034
1.501831
1.684391
1.871800
2.059409
2.238978
2.391461
2.432572
2.483436
2.192248
1.911774
1.644095
1.385999
1.132843
0.860062
0.611981
0.349300
0.091171
-0.170638
-0.100260
-0.213465
-0.443126
-0.684931
-0.909445
-1.110682
-1.278084
-1.414917
-1.508192
-1.355948
-1.178540
-0.986031
-0.773635
-0.564355
-0.348459
-0.118624
0.105985
0.341518
0.571905
0.804735
1.040632
1.270800
1.448595
1.540853
1.430129
1.177420
0.923405
0.671264
0.418468
0.167172
-0.083775
-0.333784
-0.582156
-0.829659
-1.074375
-1.316538
-1.551999
-1.785434
-2.025538
-1.867734
-1.623382
-1.313731
-1.006251
-0.692432
-0.381689
-0.070839
0.237707
0.514767
0.647163
0.574268
0.409838
0.238361
0.094978
-0.054253
-0.229309
-0.142850
0.100974
0.308839
0.066382
-0.190894
-0.425307
-0.398950
-0.178975
-0.144131
-0.368607
-0.298789
-0.182727
0.069182
0.320673
0.420359
0.185411
0.176702
0.366728
0.547289
0.630277
0.516524
0.280276
0.018583
-0.244039
-0.514994
-0.779447
-1.043383
-1.306600
-1.531251
-1.718477
-1.747937
-1.488450
-1.244407
-1.000798
-0.743616
-0.483556
-0.229520
0.027964
0.290950
0.543316
0.807399
1.061123
1.315485
1.504939
1.399662
1.284651
1.112516
0.812882
0.522582
0.235907
-0.046867
-0.322116
-0.590128
-0.848683
-1.092109
-1.271011
-1.212135
-1.146602
-1.054201
-0.938147
-0.801779
-0.631902
-0.495659
-0.300979
-0.085292
-0.107325
-0.086485
0.161341
0.405763
0.662532
0.919668
1.162225
1.400548
1.637142
1.887388
2.122390
2.351330
2.490567
2.623349
2.386258
2.132391
1.878752
1.625414
1.372304
1.140410
0.941558
0.759715
0.597210
0.371285
0.150517
0.126636
0.145517
0.094516
-0.111041
-0.358755
-0.537402
-0.737692
-0.951912
-1.198306
-1.382324
-1.518936
-1.612042
-1.658866
-1.640731
-1.486412
-1.310776
-1.071145
-1.136817
-1.224094
-1.288955
-1.356375
-1.272055
-1.068493
-0.866753
-0.695028
-0.532740
-0.432748
-0.558955
-0.363401
-0.101623
0.077703
0.036897
0.243922
0.381293
0.469654
0.578725
0.700579
0.834112
0.964910
0.770517
0.545697
0.367011
0.528799
0.544792
0.354809
0.132200
-0.074836
-0.245892
-0.405248
-0.550937
-0.680752
-0.792316
-0.746853
-0.599785
-0.544236
-0.302747
-0.060937
0.171435
0.179692
0.309932
0.498506
0.761605
1.024319
1.288677
1.540861
1.761683
1.602728
1.354843
1.107554
0.852001
0.596046
0.336625
0.076718
-0.173943
-0.403070
-0.639169
-0.878521
-0.869826
-0.780522
-0.656655
-0.529293
-0.359721
-0.214442
0.000770
0.011183
-0.024052
0.166141
0.315705
0.487474
0.386984
0.266898
0.148354
0.069107
-0.022497
0.074038
0.109873
-0.072649
-0.272540
-0.447866
-0.578633
-0.768485
-0.881452
-1.056846
-1.240319
-1.370385
-1.436161
-1.350361
-1.260790
-1.296025
-1.494344
-1.424682
-1.332191
-1.196690
-0.981935
-0.742402
-0.500533
-0.251710
-0.011797
0.154780
0.157797
0.297099
0.517514
0.693354
0.863992
1.046618
1.261077
1.509026
1.755159
2.000627
2.248265
2.492514
2.624395
2.322373
2.129842
1.938807
1.747972
1.607164
1.458699
1.399560
1.334836
1.144076
0.953973
0.763996
0.573509
0.383035
0.193313
0.002923
-0.186504
-0.375652
-0.548177
-0.585217
-0.762803
-0.941831
-1.096922
-1.231922
-1.346228
-1.425804
-1.482742
-1.508012
-1.488319
-1.401323
-1.276778
-1.110767
-1.149949
-1.219339
-1.284938
-1.330893
-1.311666
-1.239333
-1.148867
-1.008043
-0.852152
-0.684283
-0.506853
-0.321786
-0.130558
0.065663
0.242778
0.394914
0.530041
0.681192
0.769965
0.747601
0.624418
0.496068
0.373727
0.258064
0.149831
0.049810
-0.055229
-0.136770
-0.207487
-0.266554
-0.313178
-0.311963
-0.132029
0.049088
0.234249
0.417711
0.602227
0.789497
0.976020
1.086216
1.104953
1.295393
1.486875
1.591269
1.403162
1.213965
1.025705
0.835586
0.663785
0.481554
0.294134
0.107193
-0.076670
-0.262076
-0.350908
-0.318674
-0.273278
-0.200285
-0.131100
-0.051044
0.039024
0.138232
0.245742
0.360751
0.482514
0.596703
0.603299
0.475147
0.328478
0.197900
0.001172
-0.171544
-0.353621
-0.514346
-0.682607
-0.837526
-0.989363
-1.122942
-1.239177
-1.334388
-1.311998
-1.241494
-1.168615
-1.079367
-1.094153
-1.271072
-1.380640
-1.446509
-1.430499
-1.388952
-1.324201
-1.236390
-1.118480
-0.952642
-0.782662
-0.614815
-0.521543
-0.390024
-0.200864
-0.013522
0.174211
0.359683
0.550603
0.739168
0.927932
1.114756
1.302302
1.488960
1.675804
1.864070
2.052567
2.220105
2.323006
