2.457526
2.281534
2.104954
1.928110
1.752052
1.575121
1.401493
1.225296
1.047489
0.867865
0.690117
0.514514
0.337041
0.162073
-0.012381
-0.197145
-0.211005
-0.234403
-0.405057
-0.558861
-0.706489
-0.851090
-0.980646
-1.110112
-1.230325
-1.330549
-1.422248
-1.501950
-1.559376
-1.607189
-1.629192
-1.610613
-1.587426
-1.526407
-1.456010
-1.366387
-1.257388
-1.147790
-1.012958
-0.880443
-0.736528
-0.580129
-0.435141
-0.269548
-0.110884
0.048955
0.215983
0.378521
0.543409
0.706546
0.780449
0.862416
0.874238
0.886852
0.900506
0.873586
0.755353
0.624516
0.498543
0.359788
0.244862
0.136483
0.032328
-0.023626
-0.005906
-0.010382
0.157794
0.327043
0.500040
0.673990
0.644550
0.465821
0.287184
0.108644
0.088550
0.065890
0.184691
0.122053
-0.046751
-0.157831
-0.099846
0.028550
0.244651
0.456473
0.656126
0.805541
0.688337
0.535125
0.375416
0.401050
0.493053
0.475236
0.343980
0.345822
0.421873
0.349331
0.286017
0.151948
0.001139
-0.159762
-0.309979
-0.472154
-0.612897
-0.747418
-0.892544
-1.011702
-1.122255
-1.237479
-1.321901
-1.410445
-1.462409
-1.514641
-1.512691
-1.483830
-1.440533
-1.408632
-1.349158
-1.272254
-1.189370
-1.088709
-0.972870
-0.847684
-0.713684
-0.574564
-0.425794
-0.262759
-0.229602
-0.268563
-0.165468
0.011161
0.185400
0.362532
0.537551
0.712619
0.886995
1.063269
1.238419
1.415332
1.591260
1.768798
1.945594
2.121940
2.299428
2.457034
2.364462
2.192751
2.019496
1.838067
1.656650
1.475247
1.296911
1.119864
0.937527
0.755833
0.571770
0.390568
0.216577
0.048097
-0.119324
-0.293718
-0.473045
-0.538975
-0.688081
-0.857680
-0.993403
-1.127823
-1.252515
-1.350052
-1.429749
-1.491885
-1.511141
-1.498633
-1.475289
-1.416283
-1.338031
-1.229856
-1.095526
-1.004648
-1.081212
-1.141281
-1.202239
-1.243939
-1.186488
-1.131899
-1.133702
-1.045956
-0.917895
-0.766751
-0.616700
-0.448183
-0.290205
-0.116874
0.051255
0.225103
0.393990
0.505371
0.649262
0.788536
0.752028
0.627873
0.492802
0.369751
0.255645
0.138250
0.028140
-0.073811
-0.166648
-0.249361
-0.320895
-0.380279
-0.334093
-0.153422
0.028666
0.213733
0.399675
0.582976
0.770869
0.850298
0.883277
0.924782
1.077566
1.285531
1.484977
1.655829
1.641022
1.458619
1.297268
1.122620
0.940852
0.751920
0.551425
0.360558
0.169509
-0.027206
-0.227388
-0.420639
-0.455977
-0.419456
-0.369501
-0.311062
-0.230808
-0.152155
-0.049594
0.061979
0.173118
0.271253
0.198500
0.073041
-0.059445
-0.213298
-0.398489
-0.565768
-0.722232
-0.856095
-0.991832
-1.118039
-1.198057
-1.233836
-1.214066
-1.124697
-1.021005
-0.929781
-1.064292
-1.200429
-1.264227
-1.202129
-1.127308
-1.017133
-0.873630
-0.708626
-0.543401
-0.408464
-0.242264
-0.066094
0.111773
0.288358
0.464496
0.642750
0.822652
1.003372
1.184641
1.366263
1.548317
1.732427
1.914955
2.099019
2.284867
2.360334
2.696060
2.477633
2.263387
2.050086
1.837329
1.625532
1.413932
1.203002
0.992575
0.782617
0.577102
0.383239
0.241563
0.061552
-0.125481
-0.324680
-0.516400
-0.705161
-0.897740
-1.079587
-1.265360
-1.437211
-1.499680
-1.527265
-1.520192
-1.493693
-1.420656
-1.327450
-1.196403
-1.046136
-0.878875
-0.691053
-0.490509
-0.277519
-0.058172
0.087372
0.146474
0.210771
0.242838
0.257020
0.102286
-0.060716
-0.210865
-0.356111
-0.496113
-0.617527
-0.732889
-0.839832
-0.745757
-0.621831
-0.357377
-0.092329
0.189171
0.450037
0.621846
0.783089
0.833270
0.789417
0.741429
0.714077
0.692887
0.676671
0.643489
0.444554
0.242814
0.007183
-0.240019
-0.439666
-0.589102
-0.500689
-0.679894
-0.575718
-0.566194
-0.628586
-0.486486
-0.515194
-0.337770
-0.122016
0.117458
0.332507
0.538792
0.643870
0.648205
0.669026
0.686608
0.720387
0.751303
0.761950
0.621302
0.452524
0.210035
-0.057654
-0.306837
-0.398338
-0.487037
-0.621533
-0.665468
-0.556770
-0.423851
-0.295863
-0.148018
-0.000556
0.132465
0.148645
0.065022
0.011585
-0.114857
-0.287829
-0.474518
-0.653672
-0.839892
-0.993406
-1.153602
-1.274368
-1.375058
-1.453160
-1.526149
-1.551950
-1.554120
-1.529930
-1.478038
-1.325080
-1.140172
-0.963198
-0.782053
-0.597433
-0.409886
-0.225530
-0.044894
0.118367
0.270199
0.432521
0.605245
0.797313
0.999729
1.206757
1.412283
1.614558
1.822587
2.026298
2.230219
2.436291
2.636874
2.699394
2.909485
2.754984
2.543498
2.327046
2.109004
1.889468
1.674230
1.446415
1.219955
0.992932
0.766003
0.539187
0.333748
0.368178
0.249061
0.037662
-0.181690
-0.409399
-0.605239
-0.773152
-0.934946
-1.036785
-1.167117
-1.086118
-1.187598
-1.107447
-1.181932
-1.166899
-1.140410
-1.013751
-0.848149
-0.666588
-0.494555
-0.303087
-0.073975
0.112933
0.222669
0.219711
0.185050
0.125808
-0.094997
-0.327607
-0.580078
-0.796374
-0.984945
-1.163835
-1.312741
-1.334013
-1.137532
-0.923253
-0.679799
-0.527711
-0.282126
-0.036568
0.207237
0.442722
0.634346
0.705279
0.564549
0.415662
0.275024
0.154271
0.351490
0.573978
0.797264
0.783569
0.554762
0.334629
0.110389
-0.115141
-0.338572
-0.345957
-0.337958
-0.480118
-0.427017
-0.348393
-0.421953
-0.305541
-0.048231
0.218038
0.445563
0.681486
0.743432
0.508782
0.349667
0.225436
0.352001
0.460491
0.525629
0.382782
0.180707
-0.091037
-0.353718
-0.609901
-0.752802
-0.974018
-1.170950
-1.358665
-1.338854
-1.178167
-1.012025
-0.834446
-0.631152
-0.425007
-0.216619
-0.016787
0.048166
0.064817
0.096988
0.011356
-0.156860
-0.361219
-0.543930
-0.722829
-0.883947
-1.032228
-1.161386
-1.124474
-1.084551
-1.267517
-1.328165
-1.315864
-1.277688
-1.091114
-0.893270
-0.689915
-0.485487
-0.269918
-0.052391
0.166918
0.363926
0.336822
0.347594
0.575686
0.802428
1.029700
1.259333
1.486414
1.716975
1.951400
2.182862
2.421736
2.662772
2.904095
2.685322
2.477806
2.272024
2.066709
1.862006
1.657952
1.453847
1.249752
1.046346
0.843418
0.641031
0.446722
0.283501
0.115073
-0.045818
-0.227825
-0.412207
-0.600041
-0.785430
-0.967891
-1.146816
-1.315467
-1.490755
-1.570357
-1.602877
-1.588618
-1.552911
-1.466847
-1.348895
-1.203426
-1.036527
-0.865796
-0.681083
-0.481459
-0.277225
-0.060451
0.073468
0.124411
0.203172
0.247461
0.235996
0.085873
-0.061890
-0.202363
-0.343042
-0.469126
-0.582893
-0.685351
-0.789176
-0.650797
-0.503127
-0.281025
0.007689
0.270251
0.493850
0.657004
0.808062
0.766160
0.714421
0.682921
0.658773
0.649529
0.633240
0.491734
0.284422
0.055262
-0.154004
-0.329346
-0.547292
-0.434745
-0.507831
-0.556353
-0.444755
-0.567917
-0.407462
-0.532144
-0.408320
-0.189889
0.052110
0.279001
0.478110
0.634646
0.656449
0.670306
0.694279
0.718160
0.755357
0.785331
0.668203
0.499078
0.263249
-0.012553
-0.298716
-0.442019
-0.591818
-0.735508
-0.633905
-0.520980
-0.407249
-0.274741
-0.138265
0.008264
0.152129
0.193026
0.130939
0.066829
-0.039830
-0.198813
-0.404723
-0.619169
-0.807049
-0.980892
-1.139464
-1.279861
-1.398870
-1.493152
-1.559562
-1.595558
-1.599636
-1.571621
-1.442624
-1.275495
-1.103016
-0.935385
-0.754359
-0.578472
-0.399135
-0.216866
-0.044207
0.080084
0.239034
0.406144
0.585714
0.786157
0.987110
1.188510
1.390306
1.590448
1.793043
1.994227
2.195946
2.398145
2.599647
2.685895
2.623648
2.420775
2.218095
2.015369
1.813059
1.609983
1.407118
1.204490
0.997512
0.796563
0.594486
0.390782
0.187174
-0.014093
-0.217316
-0.307200
-0.225107
-0.208979
-0.397761
-0.574175
-0.737810
-0.893098
-1.044482
-1.179179
-1.304225
-1.409081
-1.495196
-1.560086
-1.601585
-1.637044
-1.609144
-1.574908
-1.516747
-1.436672
-1.336097
-1.220153
-1.070032
-0.927696
-0.775020
-0.611985
-0.442813
-0.252620
-0.086929
0.111279
0.299291
0.463036
0.618231
0.692369
0.757655
0.689296
0.627376
0.715888
0.739433
0.654835
0.516920
0.375460
0.241916
0.113217
-0.003859
-0.176007
-0.222407
-0.040902
0.157016
0.350889
0.545917
0.641397
0.442692
0.237653
0.032680
-0.172216
-0.339425
-0.341516
-0.206121
-0.043108
-0.074235
-0.278157
-0.345204
-0.295340
-0.191124
0.008582
0.220864
0.430362
0.642347
0.622621
0.434259
0.243394
0.048608
0.095892
0.219513
0.350459
0.488010
0.614351
0.689813
0.644130
0.619555
0.667641
0.602888
0.529266
0.339140
0.165288
-0.016712
-0.194075
-0.366015
-0.547836
-0.706855
-0.857079
-0.996930
-1.124767
-1.237980
-1.334890
-1.413028
-1.470237
-1.521860
-1.531267
-1.483586
-1.443597
-1.384697
-1.305286
-1.207483
-1.093521
-0.965570
-0.819883
-0.670626
-0.516635
-0.327366
-0.164992
-0.218751
-0.308356
-0.344914
-0.143831
0.057056
0.259933
0.460600
0.663916
0.865282
1.066621
1.270814
1.473021
1.675495
1.876917
2.078869
2.280461
2.482360
2.623648
1.266946
1.168449
1.008994
0.818344
0.621793
0.581372
0.614375
0.677517
0.750696
0.827865
0.905130
0.781454
0.574293
0.381966
0.198801
0.003046
-0.168169
-0.346240
-0.515301
-0.703873
-0.888595
-1.076676
-1.255087
-1.436329
-1.602257
-1.756035
-1.829859
-1.692355
-1.519995
-1.333036
-1.150630
-0.965048
-0.771305
-0.582297
-0.391944
-0.200351
-0.097793
0.017478
-0.041327
0.043761
0.121355
0.076708
0.005349
-0.089842
-0.207892
-0.351438
-0.495333
-0.628761
-0.740630
-0.837017
-0.893212
-0.952336
-1.004895
-0.984634
-0.913100
-0.717959
-0.536043
-0.355188
-0.173038
0.011601
0.201526
0.390860
0.583270
0.775229
0.848664
0.854017
1.049543
1.248140
1.447194
1.648629
1.850485
2.052709
2.257563
2.465670
2.563466
2.379143
2.192788
1.999456
1.810680
1.618236
1.426234
1.229895
1.033747
0.862008
0.844234
0.735336
0.569059
0.381077
0.194441
0.018776
-0.163758
-0.343787
-0.509485
-0.687178
-0.883621
-0.937510
-0.932054
-0.895785
-0.856640
-0.788385
-0.693943
-0.576744
-0.455424
-0.307733
-0.208418
-0.139783
-0.065256
-0.026839
-0.078425
-0.128662
-0.066623
-0.180277
-0.289980
-0.444414
-0.644682
-0.846977
-1.042264
-1.247024
-1.440166
-1.627358
-1.769704
-1.701808
-1.552461
-1.383438
-1.199510
-1.009237
-0.814486
-0.617347
-0.417293
-0.203444
0.022063
0.237072
0.459613
0.670990
0.816375
0.753505
0.681047
0.639152
0.588433
0.549315
0.705546
0.904821
1.102874
1.263571
