2.720037
2.498920
2.285927
2.072942
1.861386
1.650231
1.440431
1.230116
1.020265
0.811193
0.602507
0.420009
0.232103
0.068755
-0.121716
-0.312776
-0.510557
-0.696089
-0.887990
-1.074255
-1.254609
-1.429733
-1.510796
-1.548961
-1.538011
-1.508668
-1.446053
-1.352729
-1.225127
-1.081117
-0.936042
-0.757818
-0.565131
-0.360415
-0.146900
0.029520
0.114918
0.192318
0.241661
0.276116
0.144643
-0.018902
-0.170551
-0.318154
-0.457146
-0.586361
-0.696611
-0.804403
-0.888401
-0.741338
-0.478271
-0.214680
0.049327
0.328380
0.552113
0.722554
0.865370
0.814881
0.761454
0.731052
0.702416
0.683362
0.673632
0.488682
0.288608
0.054970
-0.174288
-0.359033
-0.547130
-0.524148
-0.516950
-0.626712
-0.489369
-0.646335
-0.514741
-0.551085
-0.387949
-0.222033
0.002865
0.208494
0.409137
0.605486
0.626696
0.637956
0.659288
0.671480
0.712801
0.745316
0.689060
0.519985
0.306964
0.058846
-0.189991
-0.323064
-0.443244
-0.588829
-0.678749
-0.561084
-0.444831
-0.311498
-0.168282
-0.018606
0.110733
0.110697
0.041174
0.001066
-0.118573
-0.284773
-0.477307
-0.661006
-0.834226
-0.994995
-1.120669
-1.249625
-1.358742
-1.427907
-1.487946
-1.523019
-1.529850
-1.498969
-1.434769
-1.274686
-1.096179
-0.913587
-0.738342
-0.559233
-0.376867
-0.191739
-0.014950
0.134490
0.285052
0.444225
0.610991
0.807964
1.010412
1.209011
1.412456
1.616235
1.816558
2.017481
2.218942
2.420889
2.620320
2.722351
2.786726
2.551325
2.322174
2.094200
1.868735
1.645821
1.421990
1.197881
0.975162
0.752506
0.530534
0.307883
0.329279
0.311328
0.094077
-0.123012
-0.339131
-0.553645
-0.754666
-0.958864
-1.157880
-1.349989
-1.419442
-1.447588
-1.410242
-1.230158
-1.186253
-1.195577
-1.255646
-1.117599
-0.954352
-0.771114
-0.572150
-0.361083
-0.139754
0.057906
0.179228
0.235243
0.208655
0.179488
0.129400
-0.079126
-0.285837
-0.499368
-0.701881
-0.890112
-1.060487
-1.207680
-1.353545
-1.332585
-1.144801
-0.906758
-0.641720
-0.479014
-0.214179
0.066509
0.376912
0.633279
0.798699
0.854864
0.728168
0.593081
0.466425
0.349117
0.242129
0.153368
0.361023
0.548435
0.742216
0.720604
0.511416
0.288883
0.077229
-0.133269
-0.240379
-0.254241
-0.420855
-0.294454
-0.247737
-0.208345
0.016006
0.185118
0.397344
0.631906
0.816942
0.625392
0.489080
0.597352
0.603921
0.455403
0.221578
-0.037928
-0.297215
-0.556218
-0.737200
-0.951350
-1.159612
-1.345973
-1.237689
-1.073840
-0.914244
-0.744965
-0.528999
-0.310231
-0.089263
0.049160
0.084296
0.118414
0.031671
-0.105477
-0.338747
-0.526325
-0.720158
-0.897759
-1.037428
-1.148756
-1.155175
-1.119135
-1.300676
-1.326587
-1.315282
-1.146689
-0.968776
-0.783649
-0.603934
-0.448641
-0.228029
-0.015650
0.198150
0.396246
0.337373
0.338758
0.554632
0.770697
0.988719
1.209493
1.426632
1.644090
1.856982
2.070440
2.280007
2.490417
2.697703
2.790297
2.861395
2.662030
2.445154
2.228454
2.010870
1.793445
1.576202
1.359167
1.141054
0.922998
0.713426
0.583068
0.486637
0.286411
0.077376
-0.133259
-0.348598
-0.535497
-0.728276
-0.923005
-1.104446
-1.284307
-1.316776
-1.318824
-1.174507
-1.081433
-1.142303
-1.162406
-1.033388
-0.870324
-0.668234
-0.481192
-0.263302
-0.020161
0.096424
0.186599
0.172696
0.151453
0.090346
-0.121989
-0.335935
-0.547964
-0.762358
-0.941559
-1.118422
-1.272949
-1.413419
-1.321807
-1.141145
-0.897560
-0.680991
-0.468216
-0.184716
0.109311
0.393378
0.594864
0.710266
0.639788
0.503211
0.367700
0.257515
0.166053
0.366030
0.579102
0.760218
0.616154
0.397557
0.182222
-0.032649
-0.243214
-0.460895
-0.401941
-0.328573
-0.380431
-0.524509
-0.367096
-0.326360
-0.372545
-0.153222
0.068269
0.302135
0.533734
0.732722
0.650506
0.464316
0.312070
0.436980
0.557046
0.585298
0.450683
0.224387
-0.060256
-0.355476
-0.639845
-0.721979
-0.995915
-1.200182
-1.373501
-1.327191
-1.170827
-1.003414
-0.837531
-0.644538
-0.429540
-0.221679
-0.011925
0.069205
0.117968
0.115354
0.051124
-0.087670
-0.307337
-0.517078
-0.729481
-0.901522
-1.050411
-1.123502
-1.095701
-1.080698
-1.256368
-1.285999
-1.253224
-1.083652
-0.905892
-0.717348
-0.528760
-0.341024
-0.127444
0.081863
0.292339
0.432544
0.410673
0.509653
0.727079
0.944636
1.162304
1.378534
1.595053
1.811826
2.027728
2.244091
2.460591
2.676888
2.861439
1.369743
1.197696
1.060019
0.846415
0.646332
0.503746
0.557173
0.605177
0.664648
0.734993
0.798302
0.745920
0.554931
0.325415
0.116925
-0.097544
-0.302034
-0.492636
-0.687862
-0.887931
-1.085553
-1.279711
-1.469370
-1.648639
-1.788987
-1.710061
-1.549484
-1.365118
-1.174765
-0.980378
-0.783166
-0.583917
-0.392942
-0.237654
-0.133598
0.016828
-0.068826
-0.018879
0.094136
0.037087
-0.022947
-0.105514
-0.210342
-0.337181
-0.474050
-0.618580
-0.752382
-0.864008
-0.949303
-1.012229
-1.050616
-1.076725
-1.030186
-0.850826
-0.662706
-0.488744
-0.311305
-0.131102
0.052044
0.250476
0.421315
0.595005
0.766310
0.795617
0.857116
1.056308
1.257702
1.452043
1.642615
1.833630
2.025037
2.216789
2.405526
2.589615
2.464997
2.256526
2.053167
1.848619
1.647597
1.446478
1.247366
1.048428
0.850031
0.815407
0.792970
0.606221
0.419095
0.229719
0.042522
-0.141508
-0.321460
-0.497491
-0.668595
-0.852774
-0.942262
-0.952222
-0.900457
-0.860028
-0.789782
-0.692793
-0.572706
-0.442665
-0.290663
-0.191960
-0.130681
-0.090826
-0.088898
-0.209909
-0.149413
-0.224162
-0.327814
-0.478787
-0.666672
-0.857120
-1.041491
-1.222758
-1.406266
-1.578007
-1.725734
-1.674761
-1.537955
-1.395260
-1.233586
-1.061212
-0.879313
-0.689158
-0.517996
-0.361041
-0.194316
-0.020643
0.149575
0.314059
0.514145
0.683366
0.655614
0.602568
0.560744
0.525420
0.496512
0.663137
0.861209
1.054863
1.251895
1.374065
2.583938
2.322477
2.062875
1.804028
1.546014
1.288358
1.029494
0.794580
0.537042
0.279616
0.020905
-0.213377
-0.155475
-0.294844
-0.520994
-0.736885
-0.934472
-1.113142
-1.275038
-1.392075
-1.497143
-1.510883
-1.304765
-1.099439
-0.870884
-0.639264
-0.398803
-0.150980
0.099059
0.353645
0.610345
0.869806
1.131262
1.364347
1.490629
1.564052
1.321110
1.062391
0.809339
0.551312
0.299697
0.042744
-0.206747
-0.461943
-0.708083
-0.951344
-1.200565
-1.435761
-1.675877
-1.908436
-1.847695
-1.613509
-1.291122
-0.964371
-0.631097
-0.297738
0.035682
0.309173
0.553949
0.663752
0.553291
0.379021
0.216069
0.043339
-0.161045
-0.214396
-0.044921
0.208321
0.445652
0.212642
-0.047463
-0.299703
-0.360667
-0.228286
-0.077238
-0.288310
-0.365623
-0.244187
-0.020907
0.259027
0.511526
0.336696
0.094336
0.152332
0.333842
0.488561
0.595016
0.500213
0.223239
-0.089492
-0.351262
-0.610637
-0.899015
-1.229462
-1.510757
-1.698945
-1.797052
-1.546117
-1.302307
-1.054673
-0.812943
-0.567936
-0.306049
-0.064577
0.192003
0.443140
0.695328
0.953639
1.207103
1.389460
1.304866
1.161638
0.897678
0.636485
0.377667
0.122057
-0.130641
-0.376608
-0.619678
-0.850486
-1.069159
-1.284008
-1.279850
-1.214274
-1.111969
-0.975553
-0.817166
-0.644016
-0.453860
-0.224238
-0.100335
-0.193246
-0.189653
0.065118
0.316547
0.572747
0.832820
1.086238
1.334895
1.590299
1.850726
2.104540
2.356960
2.584764
2.538888
2.344460
2.129988
1.920682
1.701969
1.493056
1.284287
1.080085
0.871541
0.663204
0.459181
0.254594
0.049196
-0.170302
-0.219184
-0.394278
-0.593615
-0.700136
-0.874958
-1.033173
-1.150645
-1.243713
-1.321142
-1.364619
-1.231300
-1.082106
-0.886968
-0.962198
-1.066572
-1.168798
-1.245976
-1.205625
-1.192687
-1.101886
-0.969903
-0.815560
-0.645499
-0.463543
-0.269239
-0.085171
0.126071
0.294316
0.412069
0.581325
0.699995
0.771925
0.664088
0.507549
0.356592
0.211961
0.073272
-0.062496
-0.186077
-0.296914
-0.404205
-0.496599
-0.570141
-0.636036
-0.639594
-0.456099
-0.284216
-0.125957
0.067859
0.253028
0.450059
0.638709
0.808583
0.882792
0.896144
0.869716
1.033584
1.217128
1.410962
1.585148
1.492092
1.305801
1.106260
0.902272
0.698436
0.497161
0.296743
0.100908
-0.093300
-0.292553
-0.471426
-0.670319
-0.664349
-0.608362
-0.542078
-0.465741
-0.395319
-0.289368
-0.173042
-0.049686
0.068046
0.194224
0.334407
0.425893
0.377430
0.231965
0.091798
-0.056436
-0.249677
-0.410338
-0.557388
-0.697061
-0.844721
-0.966069
-1.075455
-1.191590
-1.287653
-1.366325
-1.410200
-1.423362
-1.335807
-1.224690
-1.116753
-1.091781
-1.282232
-1.379691
-1.313364
-1.243564
-1.142468
-1.051549
-0.933791
-0.730338
-0.536366
-0.361121
-0.214084
-0.089811
0.111469
0.316624
0.515054
0.709502
0.889589
1.085372
1.281527
1.478005
1.668028
1.858608
2.056066
2.247423
2.427091
2.544562
2.559432
2.318792
2.065108
1.811823
1.558999
1.308662
1.081894
0.959499
0.782939
0.627240
0.464410
0.240996
0.038952
0.011887
0.024375
-0.071706
-0.293304
-0.540255
-0.779459
-0.989688
-1.120766
-1.326045
-1.474842
-1.590798
-1.634453
-1.644442
-1.494406
-1.306184
-1.168810
-1.235643
-1.311461
-1.366879
-1.329121
-1.108162
-0.882182
-0.716232
-0.554726
-0.426348
-0.579889
-0.355798
-0.093582
0.116796
0.080817
0.280234
0.390698
0.490431
0.603297
0.728192
0.845343
0.980320
0.812135
0.611083
0.427562
0.488345
0.487131
0.282492
0.077540
-0.116696
-0.291413
-0.422010
-0.554037
-0.669575
-0.762278
-0.675314
-0.524859
-0.309482
-0.073736
0.161184
0.298080
0.349808
0.595317
0.844166
1.093196
1.342137
1.549036
1.713760
1.575755
1.326538
1.077361
0.828229
0.577823
0.328236
0.119388
-0.112467
-0.350640
-0.581411
-0.803449
-0.771719
-0.670597
-0.569796
-0.451307
-0.300431
-0.093305
0.107237
0.214687
0.118642
0.293325
0.528445
0.621303
0.526846
0.410298
0.306947
0.213384
0.103820
-0.091717
-0.110121
-0.231268
-0.463477
-0.674216
-0.635296
-0.726589
-0.901149
-1.105706
-1.273656
-1.390015
-1.346658
-1.283539
-1.212821
-1.339370
-1.561704
-1.571017
-1.518865
-1.428216
-1.304294
-1.124142
-0.888645
-0.611979
-0.383507
-0.154329
0.047142
0.042045
0.087666
0.336782
0.515382
0.670309
0.844121
1.030791
1.211823
1.456409
1.701476
1.939548
2.182291
2.421836
2.561999
