2.483831
2.268816
2.062630
1.871328
1.661073
1.460832
1.259224
1.064227
0.866886
0.667945
0.486140
0.288459
0.090741
-0.110644
-0.242856
-0.322113
-0.515200
-0.706448
-0.862720
-1.007991
-1.140845
-1.243487
-1.313998
-1.362335
-1.315753
-1.204609
-1.059919
-0.886025
-0.953610
-1.052347
-1.132524
-1.205562
-1.194685
-1.148729
-1.090506
-0.947528
-0.779990
-0.596953
-0.400266
-0.191690
0.023265
0.228397
0.371517
0.497445
0.663686
0.777097
0.789829
0.645134
0.497921
0.356850
0.226497
0.093266
-0.031832
-0.139757
-0.248728
-0.343378
-0.425448
-0.494776
-0.550300
-0.445311
-0.270325
-0.098547
0.077912
0.262395
0.453915
0.639649
0.808774
0.892972
0.900412
0.846569
0.990917
1.170518
1.358108
1.458484
1.521795
1.347756
1.155865
0.962631
0.769804
0.577373
0.386866
0.195478
0.004424
-0.186232
-0.377251
-0.568715
-0.612131
-0.578296
-0.512668
-0.451704
-0.378384
-0.293715
-0.188178
-0.078497
0.033854
0.153736
0.265960
0.307971
0.185765
0.047241
-0.069057
-0.250072
-0.411595
-0.567785
-0.702173
-0.843684
-0.975299
-1.089406
-1.204621
-1.296506
-1.370033
-1.422758
-1.434855
-1.337601
-1.223993
-1.129171
-1.114042
-1.310200
-1.437451
-1.374624
-1.306701
-1.219836
-1.121950
-0.999939
-0.821641
-0.631835
-0.459123
-0.313051
-0.217442
-0.008958
0.183103
0.379996
0.563301
0.747454
0.926032
1.117859
1.303933
1.490492
1.677479
1.864847
2.053402
2.235379
2.417056
2.488396
2.546714
2.253106
1.965854
1.682485
1.405743
1.128528
0.988670
0.836485
0.678472
0.553447
0.300101
0.161854
0.088628
0.103565
-0.005486
-0.276346
-0.543683
-0.743724
-0.531876
-0.509337
-0.686179
-0.939940
-1.108010
-1.292163
-1.421215
-1.504236
-1.553179
-1.521715
-1.345013
-1.115731
-1.085254
-1.180518
-1.256966
-1.256864
-1.085152
-0.889758
-0.695478
-0.525512
-0.455849
-0.432797
-0.177058
0.070965
0.087930
0.260390
0.383120
0.457802
0.556418
0.689663
0.798049
0.824775
0.552419
0.333294
0.446371
0.389188
0.168941
-0.113319
-0.306961
-0.465060
-0.617408
-0.750355
-0.855632
-0.705424
-0.547126
-0.325180
-0.081515
0.143653
0.136216
0.351363
0.597814
0.860006
1.117653
1.375301
1.638303
1.875509
2.027556
1.809778
1.546575
1.273530
1.016796
0.756986
0.490379
0.230618
0.059689
-0.217022
-0.481509
-0.743103
-0.930656
-0.851918
-0.749162
-0.613464
-0.384006
-0.108806
0.160043
0.019606
-0.097687
0.083184
0.022216
0.157484
0.356415
0.528541
0.427916
0.302846
0.178924
0.133998
-0.005681
-0.226333
-0.194874
-0.396593
-0.613990
-0.762871
-0.663342
-0.818497
-1.015339
-1.209089
-1.346097
-1.440745
-1.357405
-1.264120
-1.196711
-1.446056
-1.572705
-1.537687
-1.462445
-1.351432
-1.210110
-0.981897
-0.718842
-0.421750
-0.159416
0.037331
0.096134
0.091763
0.328895
0.514004
0.664779
0.820167
0.990087
1.195825
1.451944
1.708787
1.959191
2.203803
2.449755
2.554036
2.737010
2.509809
2.277841
2.049155
1.819917
1.595151
1.368633
1.142222
0.916804
0.682196
0.529175
0.375550
0.230549
0.018566
-0.191514
-0.400424
-0.605285
-0.808822
-1.007193
-1.204231
-1.351651
-1.393171
-1.417070
-1.427665
-1.392730
-1.332330
-1.254220
-1.143033
-1.018924
-0.886773
-0.737614
-0.568704
-0.389698
-0.203532
-0.009985
0.070696
0.131133
0.203359
0.223170
0.100189
-0.086984
-0.260156
-0.428678
-0.586535
-0.722702
-0.852585
-0.953809
-1.020946
-0.774062
-0.532933
-0.286355
-0.039502
0.207576
0.463523
0.661121
0.796799
0.874518
0.818019
0.773113
0.734775
0.727258
0.717685
0.578440
0.350111
0.135127
-0.099903
-0.307303
-0.498868
-0.659005
-0.586051
-0.651062
-0.512328
-0.618135
-0.609566
-0.600306
-0.450247
-0.282438
-0.067808
0.149879
0.362352
0.574346
0.680486
0.696075
0.705314
0.722519
0.749981
0.787511
0.814496
0.653311
0.464080
0.233526
-0.004830
-0.244509
-0.483402
-0.589603
-0.549870
-0.535937
-0.620543
-0.484743
-0.356512
-0.204904
-0.061375
0.075362
0.081297
-0.000282
-0.051638
-0.187760
-0.355218
-0.535145
-0.697010
-0.855877
-0.997532
-1.115228
-1.233048
-1.314021
-1.396433
-1.448012
-1.471990
-1.470413
-1.454550
-1.412971
-1.304604
-1.123008
-0.936184
-0.745114
-0.558405
-0.365756
-0.175910
0.013493
0.174117
0.319961
0.473413
0.638120
0.831415
1.038281
1.245820
1.453951
1.662607
1.871728
2.074512
2.284577
2.488588
2.687123
2.747746
2.673019
2.463670
2.257378
2.051576
1.846365
1.641558
1.437095
1.232965
1.029210
0.825880
0.623887
0.429980
0.250491
0.080338
-0.093616
-0.276670
-0.467801
-0.657091
-0.837428
-1.021299
-1.201897
-1.369606
-1.535889
-1.577385
-1.598694
-1.586199
-1.536507
-1.451859
-1.335959
-1.188559
-1.043815
-0.860456
-0.661044
-0.448467
-0.225071
-0.031611
0.072486
0.140216
0.198584
0.229749
0.150201
-0.005856
-0.150821
-0.290855
-0.431982
-0.553405
-0.664167
-0.763105
-0.823244
-0.681768
-0.498178
-0.237989
0.034870
0.323242
0.526840
0.699915
0.841162
0.802042
0.748111
0.709422
0.686145
0.655381
0.653138
0.586508
0.476680
0.269827
0.042337
-0.193811
-0.385496
-0.541759
-0.483678
-0.654260
-0.487233
-0.609033
-0.516090
-0.524221
-0.422857
-0.205904
0.032783
0.241282
0.434946
0.612544
0.638769
0.639697
0.669299
0.690633
0.723050
0.763575
0.674414
0.515571
0.295990
0.033346
-0.217904
-0.417439
-0.514562
-0.655526
-0.665792
-0.553558
-0.431573
-0.300857
-0.162339
-0.015109
0.132900
0.165186
0.105239
0.043305
-0.060196
-0.227063
-0.429406
-0.622841
-0.805620
-0.975689
-1.110994
-1.259264
-1.364681
-1.457267
-1.505568
-1.543940
-1.550878
-1.514317
-1.437948
-1.272432
-1.101538
-0.926211
-0.747221
-0.573897
-0.388808
-0.209321
-0.035705
0.108491
0.268305
0.428497
0.602665
0.799971
1.001976
1.201213
1.400954
1.601143
1.799338
2.000435
2.199804
2.399775
2.598683
2.674050
2.811709
2.593558
2.363966
2.137116
1.910959
1.686693
1.462370
1.238228
1.015507
0.791514
0.568827
0.444591
0.464055
0.333521
0.115408
-0.101683
-0.319944
-0.515270
-0.720340
-0.925997
-1.127606
-1.289948
-1.339014
-1.363586
-1.285841
-1.098133
-1.168455
-1.193225
-1.129267
-0.991529
-0.824358
-0.639011
-0.436664
-0.221504
0.001788
0.123968
0.227245
0.228768
0.191718
0.179750
0.041003
-0.177479
-0.386367
-0.602025
-0.808181
-0.996820
-1.169480
-1.331604
-1.469728
-1.331046
-1.141107
-0.881898
-0.656055
-0.486899
-0.193120
0.105459
0.404332
0.662252
0.843544
0.907064
0.795659
0.661057
0.531084
0.400316
0.293151
0.149138
0.349998
0.556782
0.704289
0.561512
0.341308
0.149808
-0.069526
-0.273127
-0.284864
-0.400555
-0.358341
-0.276830
-0.290971
-0.100351
0.130608
0.259641
0.495775
0.723355
0.669441
0.529696
0.637564
0.730436
0.634686
0.432943
0.180012
-0.085482
-0.349949
-0.622344
-0.773611
-0.982428
-1.197545
-1.390164
-1.395649
-1.233149
-1.069580
-0.896134
-0.702567
-0.480440
-0.260605
-0.030568
0.070759
0.110284
0.110771
0.066580
-0.053317
-0.269654
-0.472419
-0.661527
-0.833713
-1.004477
-1.111147
-1.157451
-1.093788
-1.243740
-1.286513
-1.263426
-1.134410
-0.958652
-0.775364
-0.586134
-0.410191
-0.194320
0.022832
0.233179
0.404922
0.451058
0.481691
0.701299
0.921244
1.140286
1.357598
1.578405
1.795336
2.008875
2.226743
2.438086
2.650467
2.814620
2.686404
2.480262
2.275368
2.070740
1.866546
1.661927
1.458519
1.254405
1.051571
0.848511
0.647291
0.459028
0.283276
0.118810
-0.051978
-0.233015
-0.421369
-0.615347
-0.799432
-0.980416
-1.157675
-1.341195
-1.506505
-1.574538
-1.626578
-1.616576
-1.589446
-1.509125
-1.418408
-1.278805
-1.137990
-0.977679
-0.800948
-0.610487
-0.408574
-0.197110
-0.003852
0.087554
0.144868
0.211790
0.274574
0.199936
0.048907
-0.095675
-0.233037
-0.369621
-0.497087
-0.608349
-0.708570
-0.814023
-0.798125
-0.631530
-0.373702
-0.100163
0.166788
0.413776
0.593565
0.762197
0.835067
0.790530
0.754940
0.710601
0.695894
0.688084
0.675370
0.478060
0.279916
0.041393
-0.205896
-0.401079
-0.611184
-0.459347
-0.509753
-0.535187
-0.485278
-0.581955
-0.448651
-0.483212
-0.287389
-0.057460
0.174492
0.376044
0.575715
0.633614
0.640169
0.657154
0.684453
0.721463
0.749854
0.733549
0.541488
0.352152
0.091872
-0.139898
-0.345183
-0.422292
-0.568135
-0.633333
-0.516413
-0.389848
-0.261516
-0.117750
0.027723
0.161463
0.138513
0.093529
0.028573
-0.121966
-0.301748
-0.504208
-0.685737
-0.871730
-1.043068
-1.174329
-1.307924
-1.396231
-1.479742
-1.514300
-1.537650
-1.513895
-1.473303
-1.319996
-1.146378
-0.979619
-0.797664
-0.622563
-0.443903
-0.262214
-0.077936
0.083190
0.236994
0.401188
0.574613
0.769274
0.969903
1.171034
1.371766
1.572302
1.774249
1.975750
2.177360
2.379564
2.581203
2.687116
2.857029
2.638154
2.419631
2.201735
1.982855
1.765037
1.545556
1.327182
1.107827
0.889789
0.670615
0.451519
0.349759
0.366728
0.204807
-0.008640
-0.221145
-0.432483
-0.620966
-0.812618
-1.007242
-1.196342
-1.352275
-1.389456
-1.372073
-1.214863
-1.144001
-1.198977
-1.189768
-1.065073
-0.873790
-0.661049
-0.446834
-0.217795
0.025391
0.135300
0.214242
0.176367
0.148983
0.078517
-0.140421
-0.357625
-0.567894
-0.775247
-0.955796
-1.115914
-1.277391
-1.368694
-1.200234
-0.998667
-0.725416
-0.545511
-0.251183
0.043953
0.329646
0.557532
0.693404
0.658674
0.526210
0.396045
0.266429
0.156457
0.236294
0.447204
0.662582
0.840410
0.697472
0.478442
0.261088
0.047164
-0.165227
-0.387616
-0.322586
-0.342713
-0.506453
-0.371490
-0.310471
-0.415971
-0.215788
0.009484
0.235509
0.473908
0.702069
0.751489
0.552974
0.351361
0.296602
0.408862
0.530921
0.499878
0.337772
0.062779
-0.234304
-0.531023
-0.707152
-0.988948
-1.185088
-1.372143
-1.292164
-1.135812
-0.979385
-0.802571
-0.609633
-0.403634
-0.189004
0.005309
0.064960
0.096473
0.083498
0.002890
-0.189472
-0.409053
-0.621714
-0.815721
-0.970558
-1.131307
-1.164851
-1.116140
-1.192709
-1.325326
-1.338997
-1.285023
-1.117996
-0.933370
-0.742678
-0.559992
-0.371249
-0.161977
0.053609
0.260556
0.364273
0.342492
0.494475
0.712887
0.929664
1.148446
1.367329
1.584823
1.802586
2.019413
2.236712
2.454429
2.671092
2.857139
