2.799723
2.582717
2.365597
2.148176
1.929986
1.712011
1.494281
1.275226
1.056244
0.837347
0.618548
0.399867
0.349037
0.348132
0.174451
-0.037757
-0.248851
-0.464449
-0.646707
-0.835681
-1.026729
-1.211588
-1.354997
-1.388859
-1.367065
-1.175128
-1.172601
-1.204487
-1.160432
-1.010966
-0.813950
-0.613595
-0.395789
-0.167734
0.041990
0.167484
0.214416
0.180081
0.164464
0.067280
-0.159150
-0.373718
-0.586152
-0.795858
-0.975368
-1.136491
-1.283979
-1.427337
-1.268144
-1.074011
-0.828077
-0.648951
-0.385650
-0.102523
0.191621
0.463555
0.663399
0.776548
0.698444
0.562821
0.426793
0.318530
0.247847
0.454522
0.669127
0.794529
0.620744
0.404045
0.187742
-0.028082
-0.248088
-0.291273
-0.296453
-0.411883
-0.351217
-0.282658
-0.322968
-0.082443
0.180448
0.410118
0.639720
0.762534
0.623416
0.416338
0.355477
0.466419
0.584660
0.674692
0.589630
0.398545
0.113827
-0.182250
-0.489150
-0.670614
-0.926105
-1.147869
-1.319551
-1.331434
-1.191803
-1.026448
-0.852049
-0.670516
-0.459800
-0.246313
-0.034413
0.096257
0.123301
0.147082
0.075397
-0.034159
-0.270631
-0.506306
-0.726038
-0.908797
-1.069127
-1.194611
-1.163817
-1.091888
-1.234601
-1.370369
-1.367139
-1.294184
-1.113574
-0.925822
-0.732581
-0.548134
-0.357448
-0.146597
0.065436
0.273920
0.347996
0.314906
0.490482
0.707667
0.926690
1.145788
1.363617
1.581699
1.800003
2.017658
2.235676
2.453685
2.672216
2.799345
1.296889
1.106995
1.055514
0.998051
0.800338
0.605096
0.496242
0.546792
0.592741
0.665416
0.748154
0.824798
0.790458
0.614302
0.374332
0.165189
-0.041849
-0.260405
-0.441196
-0.639609
-0.832150
-1.023127
-1.210027
-1.394645
-1.574116
-1.745497
-1.874059
-1.785002
-1.622052
-1.430532
-1.244545
-1.055365
-0.863985
-0.667929
-0.476911
-0.277609
-0.195780
-0.053637
0.007397
-0.076708
0.049563
0.115695
0.053449
-0.011871
-0.088906
-0.183062
-0.304092
-0.441441
-0.578126
-0.708712
-0.796656
-0.867629
-0.922389
-0.951051
-0.935655
-0.850042
-0.651510
-0.478100
-0.301576
-0.122579
0.063946
0.235893
0.415396
0.600984
0.779192
0.915515
0.926395
1.091672
1.285669
1.477575
1.667667
1.858115
2.048876
2.236900
2.427532
2.551807
2.356984
2.161219
1.966734
1.773008
1.580084
1.387407
1.195342
1.003396
0.926944
0.889779
0.715144
0.534643
0.352771
0.169567
-0.009412
-0.184841
-0.356944
-0.531150
-0.708400
-0.813019
-0.847139
-0.809516
-0.786695
-0.725155
-0.628745
-0.513565
-0.395064
-0.281317
-0.224150
-0.167774
-0.128835
-0.174374
-0.236857
-0.175412
-0.304418
-0.397713
-0.543119
-0.729396
-0.919079
-1.107640
-1.294622
-1.479288
-1.652825
-1.764140
-1.678981
-1.558331
-1.409986
-1.248291
-1.075833
-0.895836
-0.708462
-0.529216
-0.359300
-0.166135
0.018952
0.201946
0.404836
0.590833
0.661527
0.608359
0.552151
0.520103
0.500842
0.622068
0.814895
1.000062
1.200992
1.299972
2.689016
2.497827
2.289065
2.081528
1.874226
1.667613
1.461311
1.255356
1.049794
0.844710
0.640997
0.447694
0.267156
0.099103
-0.078965
-0.267827
-0.460402
-0.651130
-0.832530
-1.017804
-1.199811
-1.377834
-1.523489
-1.569025
-1.592257
-1.581267
-1.534103
-1.452261
-1.332594
-1.193607
-1.042134
-0.890507
-0.694251
-0.484144
-0.262622
-0.052519
0.095409
0.160500
0.215510
0.299655
0.288132
0.138841
-0.018785
-0.160104
-0.299081
-0.428988
-0.555918
-0.662753
-0.766510
-0.854877
-0.704571
-0.481433
-0.208024
0.065923
0.342951
0.552072
0.714737
0.860602
0.821423
0.768259
0.724682
0.710029
0.686689
0.673510
0.540742
0.330001
0.110230
-0.146672
-0.336449
-0.559574
-0.485857
-0.480415
-0.648633
-0.461765
-0.505116
-0.451613
-0.490471
-0.292812
-0.070998
0.150268
0.350182
0.553898
0.614622
0.635208
0.630894
0.656702
0.680604
0.719624
0.693228
0.544338
0.344936
0.106177
-0.120025
-0.271086
-0.388418
-0.523325
-0.667870
-0.570177
-0.460476
-0.328481
-0.188702
-0.051180
0.091566
0.169302
0.057149
0.006942
-0.094403
-0.242909
-0.444877
-0.629816
-0.799300
-0.969035
-1.123832
-1.240253
-1.357387
-1.449538
-1.500166
-1.540701
-1.551654
-1.517885
-1.458164
-1.293656
-1.123479
-0.948627
-0.780059
-0.597510
-0.412278
-0.233290
-0.059312
0.096849
0.254026
0.413977
0.582663
0.777148
0.976523
1.176545
1.377140
1.578243
1.779801
1.979215
2.181707
2.382346
2.581721
2.691538
2.458115
2.343995
2.166347
1.984213
1.797266
1.615589
1.428937
1.240636
1.050598
0.864292
0.672567
0.480875
0.289224
0.097620
-0.093925
-0.249720
-0.420030
-0.487826
-0.643164
-0.824964
-1.005763
-1.129996
-1.241883
-1.338921
-1.414463
-1.476765
-1.500817
-1.515823
-1.402825
-1.284532
-1.090094
-1.113198
-1.203242
-1.277254
-1.350216
-1.385941
-1.281273
-1.259525
-1.154085
-1.035380
-0.905703
-0.766975
-0.620786
-0.468418
-0.310943
-0.149211
0.016090
0.181112
0.315418
0.440842
0.593237
0.688013
0.649919
0.515834
0.383180
0.265946
0.145322
0.036904
-0.073982
-0.176108
-0.251622
-0.333035
-0.402722
-0.442520
-0.468831
-0.313651
-0.117648
0.080182
0.277036
0.474801
0.669733
0.875011
0.953548
1.024515
1.221615
1.386493
1.582437
1.593938
1.423950
1.243241
1.052969
0.889229
0.699272
0.488307
0.320077
0.130930
-0.042348
-0.230253
-0.400811
-0.461213
-0.426544
-0.363424
-0.288252
-0.210610
-0.117213
-0.011229
0.106528
0.226053
0.355370
0.486826
0.551775
0.477825
0.333312
0.216887
0.067725
-0.120111
-0.323675
-0.510588
-0.668058
-0.837822
-0.977628
-1.111754
-1.213099
-1.246649
-1.178980
-1.090105
-0.988931
-0.955581
-1.118178
-1.244413
-1.310291
-1.275545
-1.204959
-1.105774
-0.986911
-0.824397
-0.644162
-0.463218
-0.405767
-0.254028
-0.062940
0.126795
0.316796
0.509428
0.700133
0.893335
1.087096
1.281185
1.475560
1.673515
1.870701
2.068666
2.270763
2.453592
2.710989
2.493850
2.282274
2.072394
1.865554
1.653973
1.448672
1.246179
1.038692
0.835959
0.631174
0.427505
0.223094
0.020290
-0.095219
0.005279
-0.004558
-0.199347
-0.381659
-0.560415
-0.726030
-0.887785
-1.033162
-1.163856
-1.277179
-1.375614
-1.455691
-1.528990
-1.510497
-1.501324
-1.459500
-1.409914
-1.298417
-1.205660
-1.073511
-0.935201
-0.764984
-0.597830
-0.432636
-0.243874
-0.056416
0.136587
0.318330
0.490795
0.631961
0.714167
0.761333
0.707103
0.688409
0.678029
0.558004
0.428390
0.271209
0.136557
0.008625
-0.111813
-0.283735
-0.321718
-0.290415
-0.139295
0.058387
0.256752
0.436150
0.641084
0.664334
0.527601
0.340960
0.132639
-0.072222
-0.268500
-0.456799
-0.509307
-0.462515
-0.269685
-0.211936
-0.398934
-0.529840
-0.464273
-0.385508
-0.191782
0.018001
0.227678
0.435118
0.649060
0.743853
0.571850
0.390611
0.199708
0.004357
-0.047054
0.073001
0.201148
0.305536
0.321479
0.217233
0.214030
0.296259
0.239841
0.141652
-0.006643
-0.175442
-0.339649
-0.498491
-0.651065
-0.796327
-0.932982
-1.059620
-1.174580
-1.276014
-1.362032
-1.430640
-1.487209
-1.508948
-1.516253
-1.501837
-1.427666
-1.373619
-1.301183
-1.212067
-1.112144
-1.005433
-0.876374
-0.726998
-0.590872
-0.436986
-0.267591
-0.085390
-0.030094
-0.050635
0.022366
0.217456
0.418770
0.615087
0.817041
1.016717
1.221486
1.414670
1.611539
1.795961
1.994133
2.192492
2.385043
2.576414
2.716513
2.621233
2.374340
2.128407
1.883713
1.638630
1.395438
1.158561
0.960789
0.761234
0.586389
0.441414
0.284585
0.151103
0.141987
0.000702
-0.238280
-0.475554
-0.721229
-0.954900
-1.145539
-1.294731
-1.407486
-1.461023
-1.444146
-1.217784
-1.179523
-1.277843
-1.349474
-1.288970
-1.151390
-0.971664
-0.772781
-0.683654
-0.631629
-0.392234
-0.156877
-0.123711
0.036004
0.144372
0.211887
0.321951
0.426974
0.544949
0.568847
0.373360
0.161126
0.039955
0.179639
0.052563
-0.151818
-0.384805
-0.528282
-0.655989
-0.765606
-0.854771
-0.805965
-0.580851
-0.351966
-0.125630
0.124542
0.380134
0.630530
0.885023
1.107694
1.338176
1.579728
1.810163
1.687352
1.424981
1.172653
0.909466
0.652788
0.392939
0.190230
0.224247
0.055347
-0.185629
-0.425742
-0.601177
-0.603140
-0.811541
-0.768128
-0.661588
-0.520051
-0.391873
-0.228377
-0.062526
0.161333
0.376190
0.481421
0.341614
0.505716
0.685271
0.866072
0.755397
0.617429
0.508267
0.394063
0.327433
0.200566
0.005391
0.015589
-0.212429
-0.471142
-0.597810
-0.443682
-0.561854
-0.705026
-0.884876
-1.063488
-1.258590
-1.409342
-1.366691
-1.295015
-1.215384
-1.145192
-1.276887
-1.472289
-1.616309
-1.602486
-1.560680
-1.481214
-1.328593
-1.166198
-0.957445
-0.757229
-0.554864
-0.317965
-0.072875
0.124794
0.102754
0.106203
0.277929
0.500289
0.665309
0.860209
1.049652
1.198877
1.445863
1.692498
1.939364
2.185578
2.432929
2.621290
2.839850
2.617613
2.395961
2.174727
1.952626
1.731464
1.509740
1.288196
1.065734
0.844513
0.622232
0.400032
0.389575
0.391052
0.206380
-0.010188
-0.221415
-0.440263
-0.615278
-0.810272
-1.006627
-1.189182
-1.326071
-1.369057
-1.338499
-1.156432
-1.147536
-1.197984
-1.171121
-1.028666
-0.852069
-0.673358
-0.459665
-0.213754
0.013964
0.118936
0.171339
0.153877
0.124535
0.019080
-0.202017
-0.420187
-0.638245
-0.837853
-1.021639
-1.185632
-1.337231
-1.380750
-1.200483
-0.996155
-0.717825
-0.532119
-0.241071
0.068675
0.351517
0.566872
0.670618
0.584681
0.456573
0.323368
0.210002
0.250668
0.458190
0.673945
0.879289
0.771048
0.554911
0.329775
0.107959
-0.110086
-0.338472
-0.360919
-0.341301
-0.444848
-0.483291
-0.335250
-0.349497
-0.276946
-0.038156
0.191319
0.423836
0.651898
0.820958
0.674441
0.479582
0.264757
0.317780
0.429561
0.565701
0.533834
0.360320
0.092024
-0.200057
-0.501615
-0.716060
-0.956861
-1.168296
-1.344557
-1.327955
-1.171321
-1.003107
-0.835401
-0.639010
-0.425771
-0.208326
-0.002454
0.064241
0.105059
0.103669
0.037486
-0.139362
-0.366141
-0.567968
-0.769728
-0.965047
-1.119211
-1.174302
-1.119524
-1.077660
-1.310598
-1.346032
-1.318099
-1.152713
-0.967532
-0.773814
-0.581470
-0.394972
-0.177984
0.035183
0.253883
0.395649
0.369714
0.489897
0.709584
0.931317
1.153172
1.375131
1.595778
1.816681
2.036682
2.257122
2.477386
2.697237
2.839957
