2.604781
2.333214
2.067614
1.802629
1.539089
1.277528
1.020049
0.758196
0.497901
0.238499
-0.020800
-0.140780
-0.072098
-0.250431
-0.484554
-0.704981
-0.904821
-1.092557
-1.255009
-1.377712
-1.467118
-1.381112
-1.195461
-0.986417
-0.770150
-0.546977
-0.316185
-0.074506
0.164470
0.414042
0.661255
0.908849
1.161576
1.387089
1.498583
1.544912
1.292575
1.035233
0.781089
0.524387
0.271602
0.015894
-0.234884
-0.488962
-0.736574
-0.987778
-1.237056
-1.475538
-1.716829
-1.951474
-1.880840
-1.612627
-1.266218
-0.900798
-0.553215
-0.187384
0.160727
0.431396
0.568171
0.476548
0.303958
0.142425
-0.027945
-0.162998
-0.231913
0.019133
0.272521
0.509258
0.305406
0.042481
-0.217441
-0.447274
-0.432341
-0.231677
-0.184060
-0.372497
-0.423051
-0.296953
-0.066944
0.196507
0.464639
0.522175
0.290436
0.042118
0.083628
0.250868
0.430103
0.533653
0.449480
0.182271
-0.112456
-0.407435
-0.704758
-1.010062
-1.309767
-1.576407
-1.773005
-1.776872
-1.535542
-1.285253
-1.042419
-0.786437
-0.538231
-0.279398
-0.028118
0.232310
0.485515
0.739597
0.994394
1.249789
1.350757
1.250325
1.074813
0.802126
0.532259
0.266934
0.005092
-0.251642
-0.502087
-0.745212
-0.975071
-1.191148
-1.285968
-1.231591
-1.144515
-1.028480
-0.877710
-0.712284
-0.535425
-0.344549
-0.111979
-0.076605
-0.133146
0.129826
0.379682
0.636555
0.882710
1.135506
1.384198
1.638475
1.893211
2.141652
2.388092
2.607734
2.679242
2.487598
2.278651
2.071213
1.864627
1.658262
1.452482
1.247155
1.042246
0.837767
0.633989
0.457813
0.274214
0.099857
-0.069806
-0.253510
-0.444331
-0.629303
-0.810634
-0.993723
-1.165835
-1.341665
-1.500127
-1.538714
-1.558379
-1.527312
-1.469383
-1.378223
-1.255441
-1.109600
-0.947460
-0.765064
-0.568213
-0.358846
-0.139939
0.047712
0.106124
0.207676
0.261712
0.285915
0.153198
-0.003641
-0.150763
-0.291487
-0.431180
-0.556083
-0.657068
-0.769714
-0.675810
-0.503807
-0.286674
-0.012255
0.262403
0.500252
0.669253
0.823197
0.793486
0.747568
0.709764
0.681805
0.664623
0.651659
0.525141
0.347923
0.127491
-0.103744
-0.306104
-0.496433
-0.458796
-0.634103
-0.459026
-0.605926
-0.472381
-0.533201
-0.476872
-0.274376
-0.070222
0.150594
0.344628
0.546414
0.637052
0.646494
0.645460
0.674394
0.706718
0.742077
0.762846
0.670687
0.506063
0.282691
0.021541
-0.239386
-0.457602
-0.563398
-0.715738
-0.719586
-0.608692
-0.502082
-0.372131
-0.234526
-0.101711
0.049399
0.163880
0.105687
0.042165
-0.011089
-0.173983
-0.355674
-0.557603
-0.755966
-0.919901
-1.091519
-1.226611
-1.358713
-1.459385
-1.550245
-1.594361
-1.610308
-1.613206
-1.570440
-1.450227
-1.284456
-1.113147
-0.931934
-0.747812
-0.567185
-0.389713
-0.202198
-0.036061
0.111434
0.266460
0.437864
0.569744
0.767486
0.969753
1.172283
1.371776
1.571802
1.772305
1.973233
2.174544
2.376201
2.573902
2.682168
2.484363
2.285890
2.092948
1.901565
1.711442
1.520270
1.328444
1.139313
0.949370
0.759464
0.569600
0.379274
0.189609
0.000026
-0.189458
-0.376687
-0.418920
-0.601173
-0.784352
-0.930421
-1.079316
-1.203739
-1.310713
-1.385610
-1.429330
-1.441907
-1.350535
-1.246104
-1.114454
-0.945825
-1.010108
-1.110445
-1.179074
-1.246894
-1.232027
-1.178122
-1.185635
-1.065388
-0.916964
-0.752772
-0.583864
-0.391642
-0.207892
0.000414
0.170017
0.318310
0.448005
0.591262
0.704491
0.707369
0.576534
0.439243
0.307238
0.181189
0.061822
-0.050042
-0.169055
-0.263847
-0.348280
-0.421303
-0.481947
-0.529292
-0.390138
-0.207130
-0.032152
0.144986
0.323936
0.510570
0.695502
0.825129
0.861705
0.855775
0.923279
1.114375
1.307436
1.500133
1.606115
1.467877
1.280311
1.095772
0.910937
0.744450
0.580620
0.388380
0.196339
0.004524
-0.187728
-0.378576
-0.562686
-0.565262
-0.532880
-0.468238
-0.408919
-0.337201
-0.237754
-0.144880
-0.027577
0.082488
0.200146
0.292265
0.248517
0.120915
-0.005665
-0.141963
-0.330049
-0.490363
-0.640673
-0.782149
-0.922963
-1.034877
-1.170325
-1.268479
-1.325986
-1.378999
-1.359079
-1.245346
-1.135083
-1.052835
-1.180419
-1.337741
-1.303910
-1.229384
-1.140095
-1.032998
-0.866192
-0.695879
-0.522782
-0.370186
-0.219831
-0.029321
0.154633
0.342388
0.517806
0.696089
0.876978
1.062562
1.248433
1.434596
1.615563
1.798410
1.988494
2.172949
2.330954
2.488020
2.579455
2.282208
2.001120
1.726251
1.463457
1.203446
0.934539
0.661819
0.392940
0.124542
-0.024019
-0.007489
-0.211744
-0.444389
-0.688344
-0.913004
-1.112372
-1.282066
-1.419093
-1.440534
-1.267162
-1.076402
-0.872374
-0.669119
-0.445978
-0.207810
0.017167
0.250819
0.495876
0.739338
0.979214
1.216807
1.404404
1.509830
1.458260
1.195244
0.933168
0.671411
0.410041
0.149148
-0.111154
-0.370429
-0.629280
-0.885405
-1.140140
-1.392050
-1.640173
-1.887340
-2.113305
-1.909321
-1.592247
-1.263120
-0.928370
-0.593136
-0.257577
0.064723
0.363949
0.507557
0.469111
0.292463
0.120481
-0.039711
-0.186279
-0.402291
-0.350531
-0.165927
0.090102
0.327887
0.377601
0.101008
-0.167418
-0.430328
-0.537503
-0.428848
-0.206583
-0.291976
-0.470940
-0.380798
-0.201684
0.061878
0.321027
0.588626
0.435999
0.192297
-0.015118
0.168824
0.358178
0.499684
0.496038
0.252800
-0.010151
-0.293345
-0.576078
-0.858197
-1.131686
-1.413232
-1.638079
-1.790437
-1.682519
-1.428480
-1.171185
-0.911159
-0.649211
-0.385862
-0.121460
0.143750
0.409595
0.675949
0.942713
1.209815
1.396450
1.332213
1.214198
0.927654
0.639464
0.354722
0.071661
-0.201554
-0.469012
-0.724513
-0.963531
-1.191561
-1.160052
-1.075528
-0.984022
-0.848780
-0.710996
-0.539006
-0.353774
-0.157650
0.057723
0.027272
0.074556
0.337281
0.590621
0.748278
0.956882
1.208448
1.445608
1.692397
1.946669
2.194512
2.436823
2.585949
2.548363
2.295252
2.045462
1.796479
1.548276
1.300065
1.051101
0.803487
0.554973
0.306472
0.057988
-0.098569
-0.071816
-0.309816
-0.529779
-0.740265
-0.943018
-1.125473
-1.285545
-1.432845
-1.534785
-1.546800
-1.371256
-1.188207
-0.975350
-0.758793
-0.529692
-0.299154
-0.061528
0.178141
0.420699
0.666034
0.913641
1.163400
1.340990
1.476159
1.524788
1.290270
1.044540
0.801092
0.553912
0.311949
0.065418
-0.174766
-0.415687
-0.657251
-0.892341
-1.132579
-1.361270
-1.584146
-1.810346
-2.027182
-1.903433
-1.646138
-1.342470
-1.021695
-0.706065
-0.392099
-0.083632
0.237632
0.511419
0.674052
0.634194
0.491187
0.319894
0.159511
0.011664
-0.142425
-0.171440
-0.161113
0.071880
0.309536
0.303756
0.053394
-0.195887
-0.166433
-0.017024
-0.135353
-0.297961
-0.208808
-0.122820
0.148853
0.445126
0.633344
0.439694
0.404747
0.568079
0.642413
0.536204
0.325791
0.046400
-0.254334
-0.557755
-0.860496
-1.151629
-1.385325
-1.562010
-1.717653
-1.477930
-1.244372
-1.015590
-0.775433
-0.533554
-0.290382
-0.052441
0.192814
0.438657
0.679665
0.926572
1.168953
1.213660
1.099366
0.919388
0.664369
0.413683
0.165859
-0.077446
-0.315854
-0.551211
-0.773025
-0.984908
-1.191488
-1.210988
-1.153451
-1.064956
-0.949089
-0.803167
-0.639488
-0.455746
-0.269893
-0.053305
-0.055675
-0.075703
0.167386
0.411222
0.655665
0.896997
1.142557
1.382305
1.626016
1.870297
2.112062
2.352575
2.549563
2.904179
2.651667
2.397629
2.155071
1.912785
1.666267
1.438182
1.201084
0.966696
0.731675
0.499140
0.472178
0.460587
0.226336
-0.002568
-0.230093
-0.424650
-0.626652
-0.843225
-1.053388
-1.251211
-1.286908
-1.306123
-1.249594
-1.085981
-1.121012
-1.135662
-1.026272
-0.893847
-0.740464
-0.569309
-0.390049
-0.197831
0.005065
0.133428
0.200790
0.201346
0.164884
0.118560
-0.046900
-0.259534
-0.470492
-0.684319
-0.882664
-1.068570
-1.239874
-1.398581
-1.360828
-1.162170
-0.938855
-0.695662
-0.548975
-0.290179
-0.046777
0.214591
0.471645
0.659970
0.714209
0.591257
0.462365
0.329842
0.220054
0.149413
0.358585
0.555490
0.771842
0.609290
0.387134
0.166264
-0.056546
-0.272015
-0.444945
-0.336055
-0.390171
-0.538267
-0.372021
-0.328092
-0.336271
-0.114063
0.085416
0.307935
0.529013
0.750880
0.713335
0.557313
0.345597
0.364917
0.498363
0.565323
0.446819
0.233467
-0.004813
-0.248379
-0.489607
-0.707818
-0.896561
-1.104245
-1.303462
-1.364786
-1.202757
-1.024197
-0.841832
-0.624037
-0.384442
-0.139076
0.033657
0.076261
0.112849
0.080900
-0.085260
-0.290598
-0.470274
-0.638716
-0.804603
-0.949010
-1.067567
-1.126989
-1.094705
-1.021685
-1.200473
-1.263786
-1.259585
-1.146676
-0.961886
-0.770961
-0.573923
-0.426902
-0.208541
0.021980
0.253612
0.429264
0.448142
0.551501
0.775183
1.005899
1.239001
1.467955
1.692282
1.916959
2.141939
2.354135
2.566426
2.768750
2.911246
2.790899
2.593492
2.374907
2.157106
1.939370
1.722096
1.504186
1.287775
1.072000
0.858845
0.662610
0.476987
0.298213
0.107930
-0.096929
-0.293132
-0.493649
-0.691687
-0.886782
-1.078350
-1.265672
-1.353960
-1.415431
-1.429117
-1.409874
-1.362218
-1.297508
-1.174572
-1.071514
-0.931971
-0.749411
-0.571553
-0.378979
-0.173109
0.004674
0.121457
0.182297
0.256863
0.269262
0.184303
0.010784
-0.158092
-0.314885
-0.477278
-0.622929
-0.764275
-0.886967
-1.010898
-0.930389
-0.742358
-0.462748
-0.153799
0.147045
0.402112
0.585797
0.745224
0.832157
0.769524
0.717117
0.679526
0.665023
0.645482
0.637078
0.449044
0.232987
-0.004611
-0.270061
-0.491771
-0.677847
-0.854698
-0.701826
-0.836694
-0.773801
-0.712715
-0.895859
-0.700853
-0.816671
-0.642608
-0.427524
-0.169636
0.096923
0.292551
0.528606
0.618220
0.634594
0.654695
0.686410
0.718994
0.762775
0.780608
0.684404
0.512189
0.312544
0.032971
-0.275973
-0.522093
-0.655512
-0.769173
-0.849718
-0.725187
-0.577127
-0.430796
-0.270093
-0.106839
0.062194
0.183677
0.165448
0.085611
0.021050
-0.121903
-0.306171
-0.491958
-0.687497
-0.867847
-1.030248
-1.149856
-1.267852
-1.338481
-1.381611
-1.429829
-1.413088
-1.374181
-1.303329
-1.138720
-0.957125
-0.761032
-0.571395
-0.378337
-0.182368
0.016095
0.202967
0.370200
0.548592
0.731665
0.929631
1.142220
1.356655
1.572259
1.786151
2.000760
2.216014
2.431848
2.647094
2.791767
