2.643466
2.432626
2.225701
2.018691
1.812550
1.606680
1.401133
1.195792
0.990722
0.786110
0.582732
0.410932
0.227235
0.075226
-0.105041
-0.295904
-0.485139
-0.676115
-0.864998
-1.051357
-1.234647
-1.414158
-1.562780
-1.625261
-1.649401
-1.639385
-1.591019
-1.525888
-1.403661
-1.278258
-1.135480
-0.973395
-0.773665
-0.582645
-0.359032
-0.146833
0.023428
0.087001
0.164195
0.230668
0.311626
0.249980
0.094738
-0.049783
-0.186592
-0.321478
-0.451115
-0.571875
-0.682731
-0.782593
-0.853686
-0.874429
-0.594500
-0.325254
-0.055026
0.190452
0.452780
0.639068
0.795073
0.886790
0.835891
0.794464
0.759635
0.721463
0.709453
0.687426
0.500829
0.302542
0.062837
-0.160642
-0.361970
-0.584584
-0.424530
-0.525500
-0.440297
-0.597324
-0.633969
-0.439805
-0.493280
-0.298170
-0.077526
0.146378
0.342712
0.550229
0.594928
0.599223
0.602903
0.613618
0.635404
0.663976
0.635940
0.478402
0.281708
0.060783
-0.099977
-0.155644
-0.273496
-0.398318
-0.531315
-0.447555
-0.319341
-0.184758
-0.041626
0.053798
0.027120
-0.049367
-0.086742
-0.249256
-0.427848
-0.610731
-0.775950
-0.942094
-1.093002
-1.218535
-1.318008
-1.407191
-1.451509
-1.487382
-1.493911
-1.456335
-1.371925
-1.207945
-1.038441
-0.864362
-0.696637
-0.524496
-0.339707
-0.161152
0.004669
0.158336
0.313192
0.474773
0.652620
0.854126
1.052175
1.250898
1.450219
1.648577
1.847541
2.045859
2.247322
2.446879
2.595150
2.645877
2.822085
2.615848
2.393466
2.170859
1.948577
1.725846
1.503986
1.280869
1.058673
0.835494
0.612374
0.390699
0.388517
0.409272
0.207821
-0.009784
-0.222005
-0.442059
-0.628976
-0.826205
-1.017734
-1.210119
-1.341327
-1.388446
-1.360389
-1.173439
-1.156194
-1.213684
-1.158831
-1.025049
-0.831689
-0.614020
-0.394682
-0.166050
0.063889
0.168113
0.225612
0.211262
0.184713
0.105416
-0.116999
-0.332617
-0.551440
-0.762438
-0.940458
-1.112713
-1.266016
-1.404339
-1.253182
-1.065606
-0.777797
-0.628768
-0.352763
-0.066690
0.225234
0.497539
0.702035
0.780101
0.676568
0.537258
0.404762
0.294587
0.264717
0.478035
0.692598
0.892932
0.739376
0.518689
0.295346
0.078538
-0.137179
-0.361797
-0.279354
-0.320617
-0.473306
-0.319941
-0.280747
-0.217353
0.025126
0.247930
0.467936
0.638200
0.816968
0.648904
0.455444
0.318897
0.442729
0.561001
0.590161
0.455861
0.217519
-0.084924
-0.386948
-0.651837
-0.851429
-1.091945
-1.289266
-1.342356
-1.189566
-1.035509
-0.859713
-0.673811
-0.459887
-0.248565
-0.029864
0.053989
0.081738
0.111527
0.025205
-0.141303
-0.389792
-0.592208
-0.777077
-0.978924
-1.132477
-1.206713
-1.152254
-1.114226
-1.186238
-1.327868
-1.364941
-1.341438
-1.160308
-0.975597
-0.791515
-0.594089
-0.438134
-0.225839
-0.007053
0.207764
0.378169
0.351199
0.435954
0.656031
0.878372
1.100852
1.323451
1.544610
1.766055
1.986511
2.207455
2.428147
2.648678
2.822325
2.728925
2.508897
2.294152
2.082658
1.874899
1.661668
1.456446
1.252980
1.067247
0.897600
0.692759
0.488045
0.283479
0.080129
-0.030279
0.034317
0.025566
-0.168533
-0.358111
-0.536836
-0.708527
-0.866863
-1.012175
-1.142065
-1.263968
-1.354804
-1.424940
-1.492035
-1.487859
-1.475287
-1.432116
-1.373262
-1.268054
-1.171429
-1.037629
-0.888211
-0.725707
-0.553657
-0.375507
-0.189626
0.002754
0.200619
0.386308
0.526994
0.650649
0.700144
0.716086
0.590080
0.628598
0.560621
0.422943
0.291110
0.150723
0.016523
-0.110734
-0.250312
-0.415169
-0.330139
-0.169267
0.031926
0.233651
0.415323
0.605809
0.730579
0.588033
0.394070
0.183833
-0.020711
-0.219145
-0.410635
-0.572837
-0.531718
-0.415227
-0.251645
-0.336923
-0.553144
-0.569742
-0.450911
-0.330087
-0.123400
0.083785
0.286357
0.461696
0.660213
0.740670
0.546126
0.380122
0.190345
0.002415
-0.106271
0.024899
0.149537
0.264673
0.270585
0.168825
0.196723
0.276982
0.216912
0.149157
-0.009363
-0.177801
-0.327537
-0.485771
-0.637876
-0.782835
-0.919442
-1.046296
-1.161772
-1.264128
-1.351482
-1.421933
-1.473667
-1.505258
-1.515742
-1.504783
-1.437813
-1.379559
-1.306950
-1.232192
-1.131398
-1.017504
-0.892236
-0.746667
-0.611841
-0.458817
-0.305933
-0.118134
0.009856
-0.016643
0.025370
0.224055
0.428715
0.622829
0.827928
1.028050
1.223605
1.422717
1.630000
1.826573
2.015081
2.208760
2.403100
2.590920
2.732150
2.859788
2.658486
2.446293
2.234696
2.020087
1.802070
1.588081
1.366498
1.148989
0.927526
0.710355
0.569314
0.446370
0.288906
0.077767
-0.135163
-0.349151
-0.553496
-0.727860
-0.914015
-1.104493
-1.288447
-1.360123
-1.379074
-1.317787
-1.118119
-1.168759
-1.170821
-1.123240
-0.980183
-0.813373
-0.620492
-0.431463
-0.213441
0.011605
0.120283
0.225236
0.186504
0.156548
0.074814
-0.150971
-0.374828
-0.596247
-0.801126
-0.986589
-1.148689
-1.298166
-1.342018
-1.153757
-0.953467
-0.695762
-0.553806
-0.294542
-0.037291
0.217652
0.460230
0.651022
0.723642
0.600859
0.470275
0.332511
0.223408
0.313785
0.528865
0.745607
0.729341
0.510609
0.292527
0.075543
-0.141902
-0.361436
-0.348495
-0.299421
-0.377294
-0.448420
-0.314207
-0.303826
-0.205274
0.042386
0.278714
0.515435
0.734130
0.638358
0.444627
0.261144
0.373811
0.484857
0.605542
0.561167
0.353754
0.089287
-0.194281
-0.477594
-0.657032
-0.892936
-1.114341
-1.311453
-1.343311
-1.195114
-1.033824
-0.862240
-0.682535
-0.476153
-0.272793
-0.068119
0.071018
0.104240
0.136226
0.111035
-0.000459
-0.218922
-0.411225
-0.611110
-0.795029
-0.959946
-1.102899
-1.170312
-1.088063
-1.129310
-1.307135
-1.324989
-1.281126
-1.101719
-0.913823
-0.719428
-0.523922
-0.300962
-0.182389
0.028849
0.243599
0.381278
0.356594
0.456997
0.677942
0.897650
1.118935
1.339636
1.560448
1.782757
2.006956
2.229928
2.456775
2.684807
2.856550
2.449847
2.322453
2.133778
1.943460
1.753229
1.563099
1.375247
1.187792
0.998268
0.806365
0.614494
0.425342
0.233617
0.044874
-0.146627
-0.334799
-0.482502
-0.540001
-0.715173
-0.900274
-1.053929
-1.176804
-1.285002
-1.363954
-1.416193
-1.434115
-1.372389
-1.259684
-1.096228
-1.057336
-1.136729
-1.214965
-1.291884
-1.332562
-1.228905
-1.195009
-1.085646
-0.946075
-0.799565
-0.646792
-0.482783
-0.312017
-0.136852
0.051259
0.229707
0.349766
0.490140
0.609796
0.686440
0.605059
0.470954
0.342470
0.206733
0.091084
-0.016702
-0.115737
-0.220615
-0.299768
-0.383651
-0.438929
-0.480731
-0.386520
-0.199636
-0.013386
0.175122
0.363629
0.553266
0.743984
0.897528
0.996845
1.189831
1.384600
1.575438
1.659429
1.472192
1.286728
1.099574
0.912354
0.746809
0.555302
0.377102
0.186189
0.003081
-0.183035
-0.363860
-0.499201
-0.464181
-0.414846
-0.344176
-0.262395
-0.184171
-0.079291
0.026994
0.141792
0.264202
0.393395
0.509106
0.635326
0.488675
0.379149
0.242640
0.104037
-0.078980
-0.262469
-0.447700
-0.623539
-0.780987
-0.942604
-1.075898
-1.200762
-1.267925
-1.315377
-1.238663
-1.159770
-1.064764
-0.983455
-1.146110
-1.271922
-1.384632
-1.402080
-1.362188
-1.297234
-1.202836
-1.083387
-0.952136
-0.771648
-0.593032
-0.460372
-0.374886
-0.187895
0.002222
0.193393
0.383167
0.574465
0.764816
0.955840
1.146891
1.338098
1.529512
1.721917
1.913810
2.106671
2.299936
2.448541
2.577143
2.315032
2.059659
1.803625
1.548945
1.362575
1.134354
0.994406
0.818641
0.657595
0.474145
0.268065
0.111382
0.100116
0.122103
-0.054818
-0.303957
-0.553843
-0.783793
-0.967521
-1.150121
-1.318864
-1.477706
-1.578460
-1.635385
-1.574081
-1.402235
-1.167339
-1.150746
-1.243943
-1.320442
-1.388137
-1.244536
-1.063039
-0.870047
-0.689248
-0.556066
-0.571996
-0.507986
-0.250821
-0.012083
0.003065
0.161787
0.283643
0.376565
0.462791
0.583602
0.696545
0.821519
0.693674
0.501379
0.313699
0.360233
0.383784
0.191347
-0.016247
-0.228363
-0.392828
-0.538963
-0.671448
-0.780241
-0.878288
-0.814528
-0.707530
-0.534000
-0.288000
-0.049784
0.154865
0.149850
0.379016
0.630816
0.882564
1.134806
1.387272
1.639710
1.879152
1.752867
1.499618
1.249824
0.999869
0.744433
0.491358
0.242091
0.032321
-0.200556
-0.437225
-0.654277
-0.790229
-0.873532
-0.764673
-0.656092
-0.511352
-0.369674
-0.163792
0.053683
0.206704
0.144175
0.288205
0.528495
0.616994
0.514414
0.386625
0.292083
0.212797
0.106806
-0.083122
-0.099214
-0.336702
-0.561273
-0.601978
-0.635477
-0.774903
-0.953399
-1.121551
-1.285865
-1.340259
-1.280623
-1.189818
-1.138172
-1.403683
-1.509688
-1.475530
-1.399992
-1.279176
-1.127431
-0.916673
-0.663658
-0.395570
-0.156012
0.072864
0.118721
0.128000
0.294683
0.492720
0.663507
0.829946
1.012458
1.207394
1.451810
1.700733
1.946531
2.189884
2.417135
2.579383
2.719944
2.524436
2.315470
2.107724
1.899919
1.693136
1.486803
1.280705
1.075042
0.869734
0.665356
0.466139
0.298997
0.125340
-0.050922
-0.237668
-0.426483
-0.618446
-0.802200
-0.982349
-1.165796
-1.345513
-1.502222
-1.549262
-1.589659
-1.567994
-1.522653
-1.433375
-1.317148
-1.176624
-1.014540
-0.852571
-0.657663
-0.448715
-0.230082
-0.020083
0.101596
0.155615
0.236998
0.282164
0.225219
0.071518
-0.079966
-0.224301
-0.360787
-0.492100
-0.613935
-0.723690
-0.817868
-0.826921
-0.645926
-0.386577
-0.111620
0.149055
0.395092
0.589741
0.762107
0.846245
0.793678
0.751189
0.719047
0.679937
0.676395
0.650111
0.504562
0.295580
0.087873
-0.171415
-0.350548
-0.580829
-0.447986
-0.609347
-0.525259
-0.509671
-0.644384
-0.467081
-0.527177
-0.328806
-0.119660
0.119889
0.324768
0.525693
0.613192
0.613042
0.623289
0.643849
0.674602
0.709784
0.690409
0.546713
0.369923
0.134441
-0.128246
-0.325066
-0.407013
-0.549727
-0.688146
-0.607416
-0.490201
-0.363616
-0.224236
-0.086236
0.062804
0.136064
0.114079
0.036062
-0.049891
-0.205053
-0.401509
-0.596220
-0.786986
-0.954311
-1.106226
-1.221884
-1.346401
-1.432017
-1.496727
-1.542730
-1.546904
-1.522414
-1.466478
-1.304147
-1.135750
-0.962387
-0.784914
-0.604019
-0.420260
-0.242057
-0.060904
0.088826
0.243038
0.400972
0.571697
0.765583
0.964223
1.166818
1.366503
1.566722
1.767417
1.968537
2.167618
2.369607
2.567772
2.721510
