2.675721
2.464378
2.255449
2.048084
1.841113
1.634581
1.428610
1.222838
1.017290
0.812465
0.608382
0.439309
0.256084
0.086028
-0.094850
-0.283357
-0.474872
-0.622372
-0.808184
-0.990964
-1.170091
-1.346663
-1.533445
-1.576478
-1.624600
-1.583829
-1.567762
-1.482854
-1.395233
-1.266986
-1.113284
-0.938257
-0.745582
-0.538312
-0.321543
-0.120420
0.017538
0.087497
0.141287
0.204940
0.240482
0.083612
-0.067200
-0.210541
-0.345784
-0.487199
-0.604197
-0.709850
-0.809966
-0.876314
-0.728299
-0.461435
-0.192991
0.076042
0.318005
0.527905
0.705742
0.845441
0.787677
0.742389
0.712540
0.693332
0.660049
0.662030
0.572033
0.440517
0.228331
0.015321
-0.219278
-0.411445
-0.531206
-0.506150
-0.570277
-0.482702
-0.647421
-0.472562
-0.503441
-0.271660
-0.062925
0.178085
0.383913
0.564567
0.613804
0.620816
0.637981
0.664851
0.686063
0.717633
0.759120
0.600094
0.414218
0.199251
-0.071406
-0.260433
-0.357821
-0.483805
-0.606018
-0.574300
-0.451023
-0.317846
-0.177096
-0.037099
0.108579
0.145290
0.114383
0.043848
-0.068533
-0.237636
-0.428748
-0.610799
-0.808960
-0.963856
-1.111678
-1.238093
-1.344419
-1.427876
-1.486038
-1.537376
-1.545504
-1.512700
-1.422619
-1.275220
-1.105312
-0.917610
-0.752259
-0.570552
-0.386127
-0.210294
-0.034742
0.113967
0.271399
0.430206
0.603362
0.800047
0.997642
1.200434
1.399237
1.601531
1.802403
2.000681
2.200344
2.401809
2.599562
2.678421
2.556195
2.391536
2.194928
1.999852
1.805214
1.611062
1.417419
1.224039
1.030953
0.838201
0.646484
0.454732
0.266147
0.092476
-0.068726
-0.220236
-0.382920
-0.556827
-0.727826
-0.902184
-1.073549
-1.233711
-1.394833
-1.554601
-1.701290
-1.764963
-1.760469
-1.708763
-1.632493
-1.535218
-1.401018
-1.240847
-1.065230
-0.892028
-0.687708
-0.472997
-0.249827
-0.019775
0.141500
0.217209
0.281947
0.338241
0.383124
0.283213
0.151039
0.025725
-0.095782
-0.212779
-0.325809
-0.417466
-0.498254
-0.510682
-0.345762
-0.108694
0.133497
0.404536
0.591108
0.745709
0.810884
0.783440
0.748047
0.716592
0.689183
0.665324
0.650723
0.496589
0.303213
0.100884
-0.101944
-0.272296
-0.174245
-0.283070
-0.266260
-0.326131
-0.190905
-0.282419
-0.133240
0.061033
0.261545
0.456314
0.600661
0.617530
0.632091
0.644087
0.665409
0.695902
0.719348
0.648765
0.495492
0.298008
0.041521
-0.110656
-0.279936
-0.435267
-0.481586
-0.397427
-0.292892
-0.187244
-0.069866
0.054695
0.175039
0.210484
0.158732
0.106562
-0.033485
-0.186034
-0.375594
-0.576236
-0.769329
-0.935112
-1.105811
-1.248666
-1.385948
-1.497142
-1.598055
-1.656214
-1.702715
-1.703998
-1.639048
-1.486570
-1.339383
-1.185813
-1.026983
-0.863789
-0.696943
-0.535491
-0.370478
-0.224286
-0.091244
0.048718
0.197840
0.362008
0.547865
0.734458
0.924858
1.112475
1.300611
1.489211
1.678225
1.866369
2.055146
2.243293
2.430218
2.557533
2.447886
2.256930
2.065665
1.874352
1.683182
1.492173
1.301348
1.110732
0.940352
0.748787
0.558801
0.365810
0.174416
-0.015071
-0.208116
-0.392463
-0.476481
-0.623510
-0.803649
-0.981168
-1.113501
-1.236835
-1.335073
-1.401146
-1.440374
-1.453230
-1.337016
-1.206528
-1.033882
-1.043499
-1.128188
-1.217009
-1.288598
-1.318010
-1.225324
-1.212980
-1.092928
-0.939311
-0.789620
-0.628433
-0.457973
-0.276496
-0.084948
0.110803
0.241687
0.362162
0.510464
0.640405
0.723970
0.618209
0.475681
0.338153
0.221136
0.096203
-0.021541
-0.114441
-0.214450
-0.304431
-0.383305
-0.450063
-0.503719
-0.429394
-0.245269
-0.060883
0.126831
0.313855
0.501549
0.691494
0.856448
0.905041
1.022799
1.216959
1.411845
1.603676
1.651556
1.458557
1.267630
1.081550
0.893719
0.700761
0.507814
0.320720
0.133104
-0.051150
-0.239634
-0.423275
-0.528169
-0.488560
-0.453197
-0.385739
-0.306042
-0.215155
-0.120717
-0.018825
0.100124
0.224043
0.346121
0.469036
0.462426
0.328268
0.198900
0.076662
-0.115929
-0.299051
-0.470998
-0.634506
-0.787659
-0.928180
-1.073306
-1.193785
-1.263947
-1.303437
-1.224979
-1.137775
-1.035512
-0.951396
-1.099130
-1.251211
-1.379908
-1.360377
-1.309470
-1.238733
-1.138771
-1.013153
-0.853268
-0.677866
-0.500760
-0.447335
-0.278394
-0.091413
0.098859
0.286941
0.477718
0.668624
0.859641
1.048909
1.240185
1.429932
1.617336
1.807872
1.997675
2.188689
2.378651
2.447741
2.800969
2.601561
2.391468
2.181935
1.967772
1.753379
1.541321
1.321710
1.106064
0.886493
0.670588
0.451541
0.305065
0.338534
0.181980
-0.026804
-0.241852
-0.448369
-0.636179
-0.818900
-1.015712
-1.197224
-1.370970
-1.430217
-1.442005
-1.412177
-1.221165
-1.224332
-1.230729
-1.206827
-1.062519
-0.895566
-0.710612
-0.511435
-0.301017
-0.081667
0.093894
0.217869
0.245476
0.214787
0.196450
0.031507
-0.186625
-0.409956
-0.630777
-0.833696
-1.001991
-1.156526
-1.305603
-1.311016
-1.125929
-0.918884
-0.664359
-0.537554
-0.292090
-0.038553
0.215461
0.469850
0.691734
0.822654
0.863028
0.723031
0.591913
0.451509
0.321640
0.203517
0.379205
0.594277
0.798879
0.691254
0.474279
0.257149
0.040248
-0.176120
-0.228001
-0.291836
-0.417011
-0.255402
-0.242535
-0.110696
0.139513
0.312415
0.576204
0.784928
0.737929
0.525586
0.470796
0.580963
0.619443
0.511246
0.261207
-0.015465
-0.291706
-0.558039
-0.725047
-0.949503
-1.163282
-1.362244
-1.256516
-1.105665
-0.943229
-0.771585
-0.576654
-0.378569
-0.170900
0.013936
0.068764
0.094805
0.063652
0.003684
-0.158677
-0.372331
-0.573674
-0.763045
-0.934417
-1.081676
-1.197749
-1.162446
-1.198617
-1.320989
-1.339902
-1.298267
-1.127821
-0.945565
-0.754693
-0.567025
-0.376772
-0.167570
0.042682
0.250344
0.341859
0.282491
0.422886
0.639668
0.857309
1.074125
1.291813
1.510513
1.729778
1.950091
2.171077
2.393367
2.619970
2.798042
2.545084
2.277725
2.016905
1.756687
1.496396
1.239737
0.983093
0.724547
0.467430
0.210672
-0.046347
-0.073168
-0.124966
-0.368058
-0.596990
-0.815175
-1.012246
-1.194751
-1.355399
-1.477779
-1.580275
-1.422914
-1.233116
-1.027691
-0.817819
-0.584744
-0.356574
-0.117454
0.124739
0.372218
0.619780
0.871822
1.123933
1.332522
1.590413
1.630807
1.475179
1.230598
0.976824
0.723435
0.470506
0.218140
-0.033534
-0.284339
-0.534038
-0.782300
-1.028648
-1.272372
-1.512388
-1.746952
-1.973122
-1.992532
-1.737365
-1.408336
-1.062001
-0.715572
-0.385608
-0.039026
0.272072
0.480042
0.496900
0.357300
0.183254
0.020721
-0.128482
-0.296644
-0.237909
0.011266
0.256458
0.487787
0.313052
0.051718
-0.205405
-0.458785
-0.475592
-0.287830
-0.241570
-0.442401
-0.354806
-0.180691
0.091118
0.362216
0.617593
0.477707
0.259499
0.038211
0.186268
0.357725
0.508992
0.464824
0.220296
-0.068066
-0.371237
-0.673660
-0.984987
-1.281129
-1.536858
-1.713280
-1.661648
-1.421379
-1.176929
-0.929600
-0.680213
-0.429313
-0.177266
0.075668
0.329306
0.577529
0.832420
1.087662
1.328899
1.287335
1.200034
0.952886
0.690641
0.431277
0.175816
-0.075075
-0.320133
-0.559160
-0.791281
-1.000390
-1.201082
-1.152445
-1.070322
-0.977667
-0.841787
-0.685513
-0.518522
-0.336301
-0.116579
0.004045
-0.070412
0.104232
0.353609
0.603953
0.855087
1.111484
1.363569
1.616142
1.861382
2.108120
2.353179
2.547459
2.557042
2.323096
2.069082
1.815464
1.562261
1.309139
1.092407
0.959912
0.770684
0.586427
0.388214
0.228026
0.095186
0.081427
0.091262
-0.090212
-0.336970
-0.584703
-0.802902
-0.988034
-1.216949
-1.384593
-1.516627
-1.613224
-1.621572
-1.539011
-1.373770
-1.118914
-1.151605
-1.237003
-1.315868
-1.365622
-1.238658
-1.040635
-0.857296
-0.673561
-0.544956
-0.636544
-0.435002
-0.183962
0.039637
-0.003794
0.193539
0.312041
0.422719
0.504920
0.642239
0.751177
0.896395
0.853698
0.638866
0.620436
0.446952
0.294293
0.083458
-0.118442
-0.290257
-0.456530
-0.609624
-0.727240
-0.845908
-0.903772
-0.687119
-0.676635
-0.449558
-0.207458
0.033997
0.120540
0.236777
0.491179
0.745834
0.999918
1.256035
1.511673
1.764704
1.880059
1.636534
1.379751
1.127601
0.876433
0.644239
0.389802
0.145580
-0.057520
-0.285849
-0.525832
-0.751079
-0.945208
-0.862019
-0.766066
-0.650543
-0.507672
-0.350181
-0.121399
0.074797
0.105312
0.094141
0.288333
0.451114
0.574084
0.452388
0.342103
0.236457
0.167798
0.071446
-0.114374
-0.160577
-0.422154
-0.654542
-0.588100
-0.690288
-0.847573
-1.046019
-1.202701
-1.336000
-1.314861
-1.228321
-1.135618
-1.259675
-1.482928
-1.487813
-1.422809
-1.314516
-1.175811
-0.964042
-0.718853
-0.465216
-0.220456
0.025567
0.114435
0.106275
0.204923
0.351638
0.479532
0.656906
0.830865
1.019686
1.192280
1.438223
1.688778
1.935431
2.183077
2.406810
2.558089
2.543988
2.280041
2.018495
1.758337
1.498916
1.239432
0.980857
0.743915
0.484907
0.226196
-0.033438
-0.241501
-0.163462
-0.322394
-0.557942
-0.771445
-0.969411
-1.147294
-1.313630
-1.436806
-1.521985
-1.499133
-1.296066
-1.086190
-0.862821
-0.629376
-0.388234
-0.138939
0.111798
0.367238
0.624059
0.883351
1.144310
1.391319
1.511224
1.527486
1.276579
1.021648
0.767485
0.508724
0.255915
0.004223
-0.252628
-0.501742
-0.748673
-1.001169
-1.242278
-1.478127
-1.718314
-1.950595
-1.838016
-1.587602
-1.253002
-0.917626
-0.582129
-0.246549
0.089087
0.409885
0.639734
0.651572
0.510531
0.320832
0.161436
-0.004551
-0.149281
-0.226759
-0.112607
0.140366
0.384866
0.292283
0.028132
-0.228302
-0.370462
-0.295621
-0.085088
-0.194749
-0.363389
-0.253559
-0.043635
0.232439
0.514496
0.388006
0.153232
0.160432
0.339653
0.509291
0.612499
0.494880
0.232585
-0.071836
-0.392164
-0.712217
-1.031879
-1.350955
-1.584621
-1.766376
-1.667622
-1.427408
-1.182206
-0.934192
-0.690612
-0.437235
-0.182586
0.073044
0.323166
0.574590
0.832587
1.085631
1.339442
1.391050
1.263232
1.059045
0.793721
0.531527
0.271601
0.015499
-0.237621
-0.483090
-0.724336
-0.957972
-1.173529
-1.320408
-1.257424
-1.179895
-1.070165
-0.931489
-0.759642
-0.581792
-0.388356
-0.156383
-0.112593
-0.303809
-0.093537
0.161526
0.413637
0.673562
0.903079
1.160692
1.412318
1.665259
1.834815
2.088446
2.341114
2.545211
