-23
2
3
-1
-14
-8
-7
-2
5
2
1
12
15
17
-1
-15
-31
-25
-11
2
24
42
74
90
100
100
66
18
-20
-34
-48
-44
-40
-21
-14
6
36
76
105
107
88
44
13
-14
-28
-19
-13
-7
-12
-2
-6
-13
-17
-25
-33
-53
-59
-48
-38
-17
-6
-19
-31
-27
-22
-19
-2
17
46
68
81
94
90
77
65
46
45
50
40
20
1
-10
-6
0
-5
-17
-22
-13
9
26
51
73
89
76
68
40
23
17
38
55
70
59
37
6
-1
3
1
-20
-21
-19
-11
1
23
34
37
19
-10
-31
-19
9
46
45
34
-4
-43
-65
-48
-16
31
58
61
50
39
54
53
45
26
5
-3
-1
17
13
-2
-26
-38
-34
4
48
65
68
53
45
41
55
68
60
41
21
15
17
45
67
82
99
89
58
9
-10
-29
-21
-17
4
11
18
32
41
30
20
13
23
48
62
50
17
-8
-16
-3
2
-10
-43
-79
-94
-64
-41
-21
-21
-30
-38
-38
-33
-32
-19
-7
9
-7
-11
-27
-32
-31
-7
26
37
31
12
0
-2
11
15
22
19
13
13
29
50
43
13
-2
-6
1
2
10
26
47
65
61
39
19
-11
-33
-45
-34
-23
-21
-25
-25
-18
-23
-17
-22
-17
-21
-7
-16
-26
-35
-42
-47
-52
-68
-100
-108
-90
-52
-16
2
-6
-35
-51
-42
5
39
77
65
27
-3
1
3
-14
-47
-80
-94
-86
-70
-41
-22
14
27
30
25
20
2
-20
-29
-52
-68
-82
-72
-51
-36
-24
-34
-40
-41
-21
7
36
50
39
1
-33
-55
-75
-89
-105
-96
-68
-15
28
33
22
8
21
43
60
36
-15
-59
-51
-13
12
20
-7
-32
-37
-20
8
31
42
36
20
27
46
57
48
43
23
15
-6
-24
-34
-29
7
51
83
93
87
70
56
44
24
11
20
64
103
128
128
110
90
72
69
49
36
21
30
49
79
95
94
86
94
114
132
124
97
58
41
55
74
99
89
67
23
-9
-7
21
66
106
102
59
27
18
39
61
98
109
107
66
30
-8
-16
-4
18
27
19
14
22
39
50
42
28
26
46
51
60
54
35
27
32
39
27
8
-6
-11
-29
-35
-36
-21
-6
3
-3
-16
-45
-58
-65
-39
5
39
62
67
71
70
85
92
91
69
81
104
134
134
109
68
38
45
43
36
6
-14
-18
-5
5
2
-24
-47
-34
-19
5
37
62
93
103
111
106
100
89
57
12
-17
-27
-26
2
41
50
40
20
5
16
24
45
56
64
58
45
21
-5
-21
-30
-47
-64
-53
-19
34
60
59
32
19
8
18
20
24
47
63
99
112
103
91
88
78
67
66
49
33
25
21
31
20
16
-2
1
7
33
31
15
-5
-16
-12
9
37
48
54
41
16
-21
-35
-32
-24
-3
1
-18
-43
-54
-56
-51
-27
1
26
27
18
26
49
85
107
112
77
43
10
-5
2
12
11
-15
-24
-47
-41
-34
4
20
12
1
-10
-9
-10
-14
-25
-21
10
34
26
-1
-35
-61
-70
-67
-55
-55
-55
-42
-23
13
41
56
35
21
3
-6
-9
-4
-6
-21
-36
-42
-30
1
32
41
44
36
26
2
-23
-27
-29
-24
-3
6
24
44
42
33
30
29
21
-7
-42
-53
-59
-51
-38
-29
-11
0
19
28
28
42
32
8
-23
-27
-26
-7
24
56
77
83
88
72
78
71
69
46
5
-35
-60
-53
-10
27
45
53
58
63
49
28
12
7
17
20
-6
-40
-53
-31
-8
14
9
7
23
51
76
78
80
59
47
32
25
28
25
37
32
9
-5
-5
12
17
7
-11
-32
-37
-22
-16
-13
-28
-37
-32
1
40
44
17
-21
-47
-59
-50
-21
4
7
-28
-81
-132
-130
-98
-56
-26
-21
-35
-45
-29
-16
-13
-23
-26
-27
-41
-57
-62
-62
-65
-50
-50
-51
-61
-71
-64
-27
14
51
65
60
31
6
-9
16
20
30
35
52
81
99
97
62
23
-5
-7
-9
-22
-37
-57
-43
-15
9
8
10
30
41
56
55
37
19
11
39
59
71
55
33
26
45
66
79
83
82
60
24
-12
-27
-28
-8
23
36
36
31
16
4
18
57
100
99
56
-11
-75
-105
-93
-73
-75
-93
-119
-123
-104
-61
-45
-31
-26
-34
-33
-32
-14
-4
-10
-25
-39
-39
-7
35
45
15
-45
-103
-120
-91
-67
-69
-89
-101
-93
-62
-25
-6
-17
-28
-30
-13
-14
-18
-28
-39
-36
-19
-5
1
12
15
12
11
4
8
21
17
2
-11
2
43
80
84
72
44
23
-1
-4
-3
11
17
8
-10
-28
-16
9
49
71
52
16
-23
-35
-43
-26
-3
18
25
27
26
14
18
24
27
32
36
50
49
60
76
92
105
120
113
85
44
37
55
72
78
63
47
49
56
58
55
48
44
28
3
-7
8
40
85
105
101
90
87
83
84
74
54
36
52
73
79
62
37
39
56
86
97
85
78
71
73
67
44
34
-1
-27
-32
-10
14
29
29
13
10
14
16
17
22
18
15
11
-1
-33
-66
-63
-31
18
42
46
34
29
54
83
87
82
69
58
56
54
49
33
18
32
47
59
56
41
25
21
23
14
10
6
-1
9
20
19
-9
-37
-39
-30
-20
-15
-12
-4
6
3
-4
-27
-27
-24
-3
23
50
61
56
53
63
69
71
69
43
14
11
7
40
47
29
0
-45
-60
-48
12
76
140
155
133
84
27
-11
-22
-14
1
14
22
10
-5
-16
-3
13
43
61
61
46
34
36
36
38
44
54
66
80
87
72
58
40
32
24
22
20
15
21
41
42
24
-2
-9
-5
3
7
8
-1
17
13
3
-32
-66
-75
-59
-32
-17
-21
-31
-28
-21
-18
-6
-17
-30
-38
-36
-30
-19
-19
-34
-65
-71
-66
-54
-49
-43
-36
-18
-4
1
-30
-64
-76
-60
-33
-14
2
12
18
27
27
27
29
36
28
30
41
51
62
68
66
66
65
77
79
75
80
77
69
50
19
-19
-61
-83
-99
-102
-101
-91
-73
-93
-114
-154
-170
-166
-125
-96
-54
-20
7
37
63
118
168
204
192
141
82
45
43
52
79
121
158
160
155
147
153
177
185
185
181
174
168
161
157
161
167
161
162
187
192
192
171
139
132
130
106
74
60
69
91
107
129
132
123
118
105
120
123
125
111
80
63
66
84
93
106
95
80
67
42
11
0
-9
-6
-5
-5
20
35
46
60
62
52
16
-28
-71
-88
-76
-59
-42
-30
-18
-1
19
39
43
12
-19
-56
-80
-89
-84
-79
-73
-57
-43
-34
-17
-4
3
-3
-10
-29
-49
-50
-40
-18
5
15
20
22
14
25
12
14
27
37
30
6
-8
-26
-33
-22
-3
13
15
14
-1
0
-12
-24
-17
28
89
129
139
111
61
2
-33
-41
-47
-28
-23
-21
-21
-1
37
67
74
68
58
53
68
81
84
63
22
-29
-57
-48
-20
-6
-6
-9
-20
-28
-39
-43
-40
-1
27
39
33
32
53
64
57
22
-21
-41
-36
-8
5
12
3
0
16
29
31
-1
-27
-37
-43
-29
-14
-2
14
17
27
32
33
40
31
15
9
2
2
0
9
17
21
27
28
26
27
27
28
18
6
-16
-27
-31
0
7
5
-19
-24
-13
25
53
67
56
50
54
61
68
76
54
33
6
-11
-24
-30
-25
-38
-38
-35
-17
-7
1
10
4
6
7
20
40
65
73
44
9
-25
-43
-46
-39
-22
-21
-13
-10
-5
-21
-41
-58
-59
-42
-22
-18
-32
-25
-19
2
21
24
21
-1
-18
-27
-12
13
39
38
26
15
6
-5
-11
-8
-2
13
27
27
9
-17
-25
-20
-5
14
14
-1
-13
-23
-27
-16
10
32
37
23
-1
-31
-33
-24
-3
4
12
6
-12
-22
-17
-5
-1
-13
-29
-49
-48
-24
-16
-32
-53
-69
-68
-35
-15
-16
-34
-34
-24
3
29
27
13
-1
-3
17
37
45
43
22
6
1
5
-5
-22
-29
-53
-45
-31
-5
10
9
12
6
16
22
27
21
12
0
-9
-21
-32
-53
-64
-57
-34
-18
-9
-4
-10
-16
-5
0
-9
-11
-14
-2
-6
3
6
26
36
41
37
22
25
19
15
11
16
12
-1
3
-1
-14
-24
-27
-20
-1
8
1
-15
-32
-37
-48
-40
-15
0
8
-5
-3
-4
5
18
21
23
18
21
-2
-15
-29
-18
8
26
37
17
5
-7
-12
-18
-19
-31
-44
-64
-74
-78
-90
-91
-62
-49
-52
-80
-129
-159
-151
-135
-102
-68
-32
-1
1
0
-14
-33
-40
-26
-6
8
30
13
12
12
30
51
81
102
97
63
21
1
-13
-5
-8
-20
-44
-54
-17
16
62
91
104
102
103
88
60
21
-6
-23
-42
-60
-69
-78
-73
-68
-58
-47
-20
-16
-20
-38
-49
-61
-62
-35
-16
-20
-44
-66
-62
-33
17
47
39
6
-11
-12
7
12
5
-20
-44
-65
-85
-77
-51
-32
-33
-47
-55
-39
-11
25
32
41
50
66
78
90
98
95
63
49
45
68
72
72
57
63
87
104
102
87
86
78
77
81
77
62
58
57
66
56
48
37
52
76
110
118
108
97
93
113
135
136
102
80
96
143
174
164
116
50
16
7
24
43
64
87
98
99
94
102
114
136
152
134
106
78
52
43
70
101
121
115
106
89
67
47
32
30
40
57
62
50
35
17
1
0
20
45
58
62
38
19
27
62
97
103
95
71
43
17
8
-2
1
27
56
73
75
69
58
61
60
52
44
51
83
73
45
-4
-24
-15
14
41
38
35
41
57
81
87
79
47
20
10
13
8
14
7
8
19
47
71
64
50
19
-12
-29
-33
-29
-19
-1
-3
-15
-35
-46
-33
-13
11
28
30
23
9
-1
-4
20
36
43
36
22
3
-6
-6
-21
-52
-69
-60
-36
-8
-1
-10
-23
-22
1
13
16
14
15
3
-12
-37
-56
-58
-38
-19
-11
-3
7
21
24
21
14
-1
-5
-2
0
-3
1
0
-12
-20
-35
-40
-51
-51
-60
-66
-67
-97
-131
-148
-140
-119
-110
-121
-133
-153
-172
-165
-140
-103
-87
-99
-113
-107
-83
-75
-76
-73
-63
-60
-67
-80
-94
-84
-77
-79
-90
-95
-88
-80
-58
-42
-29
-47
-56
-61
-60
-57
-52
-59
-68
-64
-55
-48
-56
-79
-104
-97
-60
-15
4
-4
-22
-22
-12
8
6
-15
-28
0
43
97
128
112
65
32
4
-10
-17
-21
-17
-16
-24
-32
-49
-54
-38
-8
31
57
64
38
23
10
5
-13
-38
-59
-76
-72
-44
-14
4
21
15
-3
-10
-5
19
53
81
86
73
62
66
83
89
103
85
48
2
-27
-22
-4
20
23
19
18
44
81
103
94
47
1
-13
3
14
20
6
-1
-10
-3
13
22
34
60
65
54
29
23
21
38
48
48
40
48
59
69
68
55
25
-15
-29
-16
17
45
52
43
48
64
75
59
32
13
13
28
64
82
83
67
63
70
72
62
38
7
1
-2
-2
1
21
47
81
90
90
53
14
-1
9
32
32
8
-42
-63
-72
-56
-52
-57
-63
-68
-58
-32
-3
9
26
41
45
48
56
65
67
68
57
30
14
11
21
32
39
33
25
18
39
82
114
145
130
84
26
-12
-29
-31
-28
-23
-19
-12
9
20
12
0
-25
-57
-80
-92
-92
-69
-31
-5
-10
-42
-72
-89
-68
-34
1
3
-7
-9
-13
-9
-14
-42
-66
-72
-47
-35
-26
-28
-39
-42
-31
-5
11
18
19
12
9
15
20
25
32
50
73
77
79
67
50
36
30
24
15
20
22
27
34
65
75
55
27
5
13
41
75
95
94
72
40
20
14
11
-16
-35
-47
-45
-43
-32
-8
1
4
4
14
24
37
44
55
72
93
123
141
151
140
102
69
45
42
35
31
24
10
16
35
57
78
84
79
61
24
-13
-46
-87
-93
-78
-41
-8
6
1
4
32
54
65
49
28
5
-1
20
45
78
82
91
79
76
78
67
43
5
-35
-58
-48
-15
12
0
-14
-25
-25
-2
12
27
41
43
49
48
62
83
98
104
112
125
121
102
90
97
90
91
71
86
112
143
155
150
155
167
167
175
163
152
141
154
177
182
179
162
144
120
104
110
131
158
175
157
128
113
99
86
82
89
101
118
132
151
149
141
130
114
111
103
77
48
13
5
24
52
104
131
133
122
92
74
79
104
129
122
100
62
46
61
93
103
80
45
7
-4
10
38
43
34
19
-4
-30
-55
-49
-31
0
28
40
45
37
36
23
24
30
23
13
-1
2
0
-3
-18
-29
-25
-8
14
2
-23
-47
-45
-15
13
23
-1
-25
-34
-30
-23
-25
-47
-83
-103
-93
-77
-64
-65
-77
-98
-127
-136
-133
-108
-81
-71
-72
-93
-100
-98
-79
-46
-39
-42
-49
-49
-37
-19
8
19
0
-29
-48
-53
-39
-8
-5
-10
-35
-50
-56
-56
-47
-48
-54
-82
-100
-126
-125
-103
-98
-102
-112
-103
-85
-55
-39
-31
-49
-70
-97
-100
-85
-56
-57
-62
-45
-18
-1
-19
-44
-60
-69
-55
-50
-40
-29
-14
-12
-19
-35
-49
-51
-44
-26
-28
-41
-59
-74
-65
-36
-9
-4
-10
-17
-15
-22
-13
-18
-33
-53
-70
-62
-44
-11
17
27
35
35
35
24
6
-3
-25
-39
-48
-61
-54
-24
1
10
-3
8
40
72
91
78
44
24
1
6
12
37
48
53
50
56
58
55
64
70
69
66
69
68
59
43
25
-4
-1
15
21
24
21
23
33
47
53
46
28
16
19
24
15
16
-1
7
31
37
21
12
0
12
24
25
19
8
-9
-21
-51
-43
-17
17
43
57
75
83
85
84
79
79
86
76
43
12
5
31
60
98
99
96
83
78
63
45
41
38
36
23
12
-1
1
14
32
52
51
43
26
24
37
44
38
35
52
66
88
103
98
80
62
54
54
61
77
68
49
31
26
23
17
18
20
19
39
37
42
41
33
37
29
35
41
41
44
39
35
36
39
37
26
-1
-20
-48
-59
-43
-25
-15
-16
-14
-14
-9
12
30
35
22
8
-11
-32
-53
-70
-69
-46
-30
-30
-17
-5
10
12
11
4
-3
-16
-23
-25
-29
-27
-20
-20
-4
6
4
-12
-36
-37
-34
-30
-40
-55
-73
-42
-16
10
22
23
33
25
37
34
24
13
-7
-26
-59
-70
-71
-54
-24
-17
-26
-56
-80
-102
-113
-130
-144
-176
-187
-185
-146
-121
-107
-115
-101
-80
-43
-30
-43
-54
-58
-63
-67
-81
-93
-96
-74
-27
-4
11
7
11
7
-6
-45
-87
-101
-88
-36
2
16
16
-2
-15
-20
-3
25
47
39
15
-8
-10
3
20
33
29
3
-4
0
17
51
76
68
33
-17
-48
-51
-26
10
28
28
9
18
8
26
43
59
44
10
-11
-16
5
42
75
80
78
62
35
8
-7
-15
-7
10
36
49
44
44
51
56
70
63
50
60
69
85
84
89
82
70
68
84
114
129
149
136
121
106
109
108
102
87
64
49
54
67
84
106
122
131
116
91
81
65
69
73
77
81
71
74
74
81
96
92
80
60
49
42
50
51
39
11
2
-1
20
25
27
25
42
65
60
24
-19
-43
-38
-23
8
15
-5
-25
-19
-11
-8
-15
-38
-56
-49
-23
2
-12
-34
-63
-60
-57
-49
-79
-107
-105
-86
-60
-51
-40
-38
-26
-10
22
24
18
-3
-33
-44
-38
-24
-25
-18
-15
-6
11
23
27
7
-13
-31
-35
-33
-33
-42
-61
-58
-37
-15
-20
-35
-67
-80
-55
-28
-14
-13
-18
-10
2
19
24
18
20
27
31
21
15
18
32
57
77
65
27
-18
-46
-58
-57
-44
-35
-9
18
41
35
8
-39
-87
-90
-66
-64
-89
-135
-158
-148
-128
-110
-106
-112
-112
-120
-136
-131
-97
-70
-70
-86
-97
-77
-44
-20
-25
-36
-38
-19
6
48
91
106
89
53
9
-9
16
52
65
45
17
3
7
25
36
44
51
49
50
42
52
71
101
117
110
79
37
26
40
57
66
57
50
32
26
25
24
43
63
66
48
39
33
50
61
72
69
60
77
90
86
72
43
25
6
9
13
9
-6
-20
-14
11
56
79
79
61
45
37
40
39
28
5
-8
3
12
41
61
71
63
56
48
27
7
-8
-13
-8
-8
0
-4
-3
-1
16
37
61
67
48
21
2
-5
-4
0
7
22
53
80
82
60
40
16
11
17
24
37
43
63
61
46
19
0
11
35
58
52
10
-37
-62
-56
-20
27
43
32
29
59
103
130
136
107
60
25
9
8
8
-10
-38
-45
-11
66
133
187
194
158
108
72
69
87
114
118
103
62
31
9
15
32
68
99
105
114
117
114
101
73
33
3
6
35
62
78
81
81
82
85
78
77
80
101
112
116
109
67
50
0
2
-1
14
36
60
80
84
86
78
77
79
78
71
63
42
10
-16
-25
-30
-46
-54
-66
-75
-74
-69
-60
-60
-57
-57
-57
-53
-43
-37
-38
-34
-40
-41
-44
-48
-56
-71
-74
-82
-91
-97
-86
-76
-61
-43
-34
-20
-7
8
6
2
-5
-16
-24
-23
-9
-5
3
11
18
15
10
14
15
16
13
13
11
24
37
40
40
44
44
40
29
19
5
13
31
53
49
41
27
19
22
32
43
42
45
38
34
35
39
41
38
42
43
44
41
41
43
44
53
53
48
38
33
24
30
41
44
40
33
33
37
51
71
90
99
99
102
108
98
93
87
80
72
68
69
62
53
44
34
24
18
17
2
-10
-15
-17
-9
-1
4
4
9
18
21
8
7
-5
-15
-23
-29
-29
-33
-25
-22
-17
-7
2
3
-6
-7
-10
-3
2
13
16
22
29
35
27
16
15
8
23
35
39
25
11
5
9
14
17
8
-6
-21
-31
-36
-34
-34
-46
-62
-72
-74
-76
-62
-48
-28
-25
-22
-11
-12
-16
-22
-29
-33
-30
-32
-32
-28
-13
7
17
31
27
23
20
20
20
21
26
20
17
16
25
33
37
45
48
47
38
40
36
36
41
43
49
57
73
74
74
73
72
70
71
79
76
70
63
51
38
27
31
24
17
14
10
7
8
13
18
28
40
48
45
40
19
-3
-10
-2
15
20
26
20
10
6
16
28
31
27
13
5
5
3
-5
-23
-32
-42
-42
-46
-45
-49
-48
-38
-39
-44
-54
-49
-42
-27
-13
-6
-10
-8
-5
-1
9
20
21
10
-7
-7
-14
-4
8
21
17
7
3
2
12
25
34
37
46
47
38
20
1
-17
-29
-27
-18
-5
2
7
6
1
8
10
11
13
22
23
18
15
3
-5
-11
-11
-12
-11
0
0
-1
-5
9
10
19
26
17
7
0
9
14
27
45
51
46
29
21
5
-1
-6
-10
-9
1
19
26
39
47
51
42
34
27
14
9
8
2
-1
7
17
19
8
-4
-17
-31
-25
-25
-15
-5
10
13
-1
0
0
11
24
43
51
39
29
14
9
9
17
27
36
49
45
35
28
35
42
47
41
30
7
-10
-20
-31
-36
-41
-46
-57
-59
-51
-55
-51
-44
-36
-29
-22
-8
-3
3
3
2
-7
-11
-10
-13
-14
-17
-21
-25
-22
-19
-14
-2
15
24
27
31
29
28
28
31
28
23
23
18
2
-12
-13
-5
-3
-1
-13
-28
-34
-28
-23
-16
-7
-13
-22
-26
-19
-20
-15
-8
0
-5
-8
-10
-12
-5
1
5
-2
-20
-20
-24
-23
-22
-22
-18
-9
2
2
0
1
2
-4
0
6
8
18
22
28
30
36
30
13
2
1
11
20
26
21
9
0
7
17
27
36
37
34
28
28
33
36
52
59
59
52
48
36
32
31
32
32
29
28
13
-4
-17
-19
-24
-27
-31
-44
-49
-44
-34
-31
-27
-22
-18
-10
-2
3
2
-5
-14
-22
-23
-16
-12
-23
-32
-42
-52
-47
-38
-18
-10
5
0
-7
-10
-8
-9
-12
-3
5
11
19
24
27
32
44
49
52
52
66
73
69
58
35
14
-4
-6
-3
14
26
28
17
7
12
15
18
20
23
22
21
27
18
14
7
9
6
8
16
13
15
9
-2
-16
-23
-25
-24
-18
-1
15
19
22
19
17
23
33
48
58
67
62
52
48
53
55
43
35
19
9
10
13
14
10
10
10
8
3
12
16
26
44
53
53
49
45
33
31
32
34
34
30
30
28
37
48
55
51
41
28
1
-14
-23
-25
-17
-6
1
0
-3
-8
-3
-1
5
11
15
14
14
6
0
2
2
10
20
39
50
40
32
19
13
22
32
30
15
-2
-17
-28
-40
-44
-54
-60
-58
-56
-52
-46
-30
-16
3
8
6
-9
-18
-14
-11
-4
9
17
12
9
11
10
21
24
22
6
-1
-3
2
13
27
39
39
37
30
30
44
65
83
83
86
80
71
65
67
71
67
68
54
36
22
16
14
4
3
6
15
23
24
13
5
5
1
-12
-27
-31
-32
-30
-21
-15
-9
-3
12
20
28
35
31
19
6
1
-10
-5
1
16
29
30
28
21
21
26
32
23
14
7
-2
-5
0
3
3
10
10
4
1
0
-1
-6
-2
-11
-20
-26
-17
-9
-17
-22
-35
-28
-9
8
11
-1
1
11
25
33
32
16
2
1
3
13
19
29
17
10
-2
-11
-21
-27
-28
-39
-47
-54
-61
-69
-72
-56
-45
-24
0
15
14
6
6
7
16
30
36
25
14
3
-1
-4
-10
-16
-26
-29
-34
-41
-42
-31
-20
-3
20
38
49
52
54
53
51
54
42
30
13
12
6
-1
-1
1
2
4
18
27
35
39
38
34
33
40
39
42
43
41
35
27
30
21
26
29
23
12
2
-1
-3
3
16
35
37
33
23
6
-6
-11
-14
-28
-38
-39
-40
-22
-10
-12
-33
-37
-33
-20
-11
0
-3
-14
-16
-17
-13
-7
-4
-6
-5
5
12
10
9
19
24
33
40
41
31
18
14
1
-1
-5
-18
-27
-29
-21
-24
-21
-20
-21
-30
-44
-50
-59
-57
-46
-35
-32
-31
-31
-30
-20
-1
16
18
14
2
-6
-2
2
4
-8
-6
-2
10
26
33
34
19
10
1
-2
0
8
14
18
36
49
60
58
48
35
16
6
1
-7
-17
-14
-6
12
36
42
27
7
-8
-13
-1
17
37
45
43
41
35
42
54
55
48
31
24
10
9
14
22
28
34
38
30
19
6
2
-3
6
8
7
5
3
6
8
20
26
29
38
46
44
35
28
19
14
5
1
0
-4
-8
-20
-32
-42
-39
-40
-47
-56
-67
-72
-59
-28
2
23
35
35
22
7
8
-1
2
7
17
16
11
-1
-23
-39
-45
-33
-25
-21
-17
-27
-17
-2
19
25
18
13
4
2
-5
-6
-18
-12
-15
-15
-17
-17
-19
-24
-15
-12
-11
-15
-7
5
25
49
56
53
39
23
9
0
4
-3
-11
-28
-28
-22
-3
16
25
18
14
14
18
26
39
42
36
22
8
-10
-21
-21
-12
-3
2
4
-4
-11
-9
-5
1
17
30
27
22
17
12
4
-1
-6
-15
-19
-18
-9
-11
-7
-12
-15
-19
-16
-12
-17
-3
12
22
26
22
14
2
9
15
21
14
9
-4
-11
-12
-15
-26
-29
-30
-36
-39
-40
-51
-57
-58
-44
-34
-26
-20
-19
-28
-39
-44
-56
-61
-63
-66
-67
-55
-40
-35
-37
-46
-54
-68
-76
-78
-76
-60
-37
-20
-16
-18
-25
-36
-39
-37
-33
-34
-15
2
21
29
37
37
27
23
18
15
19
25
30
27
35
38
42
42
49
51
53
54
46
35
31
39
46
60
67
60
44
25
21
17
18
26
26
23
18
12
9
15
34
53
62
64
57
38
24
26
40
51
60
57
48
38
31
24
7
1
-5
-9
-6
7
27
50
75
83
74
55
44
36
34
36
31
27
22
25
23
28
46
56
49
26
13
7
18
43
55
49
33
16
3
2
7
16
26
33
43
35
30
28
32
32
34
37
27
22
19
19
12
10
12
17
23
20
10
-11
-18
-21
-13
1
16
22
11
5
-9
-24
-34
-30
-20
-13
1
2
-4
-11
-1
8
22
38
41
37
25
25
28
49
75
88
76
44
23
-4
-15
-23
-41
-57
-72
-70
-70
-60
-44
-24
-5
11
21
19
27
38
51
61
65
55
28
1
-9
-9
-10
-15
-23
-38
-46
-42
-30
-11
11
21
25
18
15
5
-8
-11
-12
-3
12
39
65
84
92
81
67
54
57
53
52
60
60
59
57
58
46
39
33
36
38
34
25
5
-13
-17
-13
-10
-3
3
-8
-19
-25
-19
-19
-13
-9
-12
-13
-6
-1
5
14
13
1
-12
-30
-44
-51
-42
-24
-5
2
3
8
2
9
15
19
25
27
18
3
1
0
4
6
23
31
33
29
17
7
2
4
-1
-6
-4
2
2
-1
4
-1
2
4
5
7
8
10
-5
-10
-7
-3
-6
-8
-10
-19
-26
-34
-36
-46
-52
-54
-58
-42
-16
14
24
31
39
50
57
57
46
28
24
14
6
2
-4
-1
5
10
3
-1
-3
6
18
23
30
28
29
26
23
12
8
11
15
17
23
35
35
27
17
8
8
8
30
39
46
51
49
42
38
36
30
26
17
12
6
16
27
28
26
21
16
8
2
-4
-9
-2
8
6
-7
-13
-22
-25
-22
-13
-1
-1
1
-6
-19
-27
-25
-20
-13
2
9
11
10
18
20
28
33
27
7
-24
-37
-48
-48
-50
-53
-62
-69
-66
-64
-61
-52
-36
-14
13
34
27
21
16
18
22
21
23
14
7
7
4
3
15
26
36
51
62
61
48
32
16
4
-1
5
6
0
-4
-20
-34
-41
-40
-33
-27
-16
-12
-3
2
17
32
45
56
58
54
52
61
59
55
45
33
18
22
39
38
32
22
12
13
15
25
24
29
38
49
53
57
66
68
73
72
64
46
25
8
-7
-13
-14
-6
-10
-4
-6
-7
0
15
32
47
71
78
68
47
29
20
14
17
15
12
11
13
10
2
2
0
-7
-6
0
4
7
16
21
28
37
50
55
53
45
31
17
9
6
-10
-18
-19
-20
-21
-27
-25
-37
-33
-22
-5
2
9
14
8
-2
-12
-19
-26
-14
-3
0
-3
-6
-3
-1
2
0
4
10
18
19
13
16
16
6
-9
-27
-41
-47
-35
-24
-23
-26
-28
-36
-43
-36
-36
-40
-47
-48
-48
-40
-31
-34
-40
-40
-27
-18
-4
0
6
8
11
10
-1
-13
-18
-19
-28
-34
-28
-22
-8
4
15
9
5
4
-1
-1
-5
-5
-12
-17
-14
-13
-1
15
25
19
18
7
5
3
12
21
18
18
15
8
13
21
24
20
25
25
21
9
-5
-14
-15
-5
0
-1
-10
-19
-31
-36
-32
-30
-31
-33
-25
-21
-10
2
11
14
14
27
36
49
54
53
48
43
35
24
10
-8
-30
-58
-68
-67
-61
-52
-47
-44
-47
-42
-34
-27
-16
-7
-5
-6
1
2
4
1
-7
-16
-28
-28
-32
-35
-39
-31
-16
8
46
75
87
84
77
68
67
71
69
59
43
37
18
11
5
6
5
5
8
1
8
17
22
25
37
56
69
75
73
62
52
50
47
40
34
36
37
26
23
15
11
15
28
36
33
25
12
-1
-7
-7
-5
-14
-17
-18
-15
-7
10
13
4
-1
-9
-10
-2
13
17
13
22
35
53
66
80
81
85
92
95
97
97
95
80
65
56
48
42
36
35
28
22
22
23
20
13
14
4
2
7
16
17
17
13
7
10
17
18
12
16
23
30
38
33
27
16
22
23
16
8
8
16
18
22
21
22
22
28
25
25
26
17
1
-13
-20
-22
-22
-11
-1
3
8
17
16
18
22
26
21
18
20
21
26
25
22
20
12
7
-11
-16
-15
-5
5
21
36
36
34
30
35
40
53
59
57
54
55
67
69
72
58
46
43
54
62
58
54
39
23
13
8
14
15
23
23
21
11
13
20
36
53
57
55
55
65
71
82
86
82
67
49
41
24
21
24
29
26
24
27
22
20
18
11
-1
-12
-14
-23
-21
-15
-11
-8
-4
2
6
5
2
-6
-13
-8
-5
-11
-13
-19
-21
-33
-36
-44
-54
-64
-77
-90
-99
-94
-84
-69
-51
-38
-40
-44
-38
-32
-36
-45
-49
-56
-48
-33
-17
-4
2
3
-7
-11
-10
-6
-1
8
13
15
16
21
28
32
34
36
32
35
43
43
18
-5
-29
-45
-42
-27
-4
6
15
21
32
41
50
46
28
15
-3
-21
-28
-19
-1
8
18
13
1
-11
-18
-21
-12
9
16
16
15
24
28
31
32
21
3
-16
-15
-15
-5
1
5
6
0
12
12
28
41
49
47
37
36
30
36
43
39
34
32
39
38
38
39
46
51
55
47
32
21
20
22
14
17
25
32
44
47
43
26
15
3
-12
-22
-23
-22
-26
-21
-22
-25
-27
-25
-19
-12
11
33
56
71
79
75
67
56
40
23
16
19
7
1
5
11
23
34
48
51
52
46
38
27
24
31
33
47
59
60
42
22
11
1
-2
-2
-5
-7
6
14
12
11
9
7
0
-3
-14
-27
-41
-42
-47
-49
-47
-42
-32
-18
-2
6
8
17
21
28
38
45
39
23
3
-16
-36
-43
-30
24
24
2
-13
-38
-39
-36
-34
-38
-36
-29
-27
-19
-5
12
23
23
19
10
14
19
20
16
23
27
22
11
-3
-10
-22
-26
-29
-31
-40
-46
-50
-51
-36
-29
-27
-21
-16
-13
-14
-2
7
14
15
18
18
17
18
8
-4
-13
-17
-19
-14
-3
0
-8
-29
-36
-41
-28
-15
-8
-9
-8
-9
-14
-18
-15
-14
-22
-25
-34
-49
-59
-58
-54
-47
-41
-36
-40
-43
-48
-49
-50
-34
-24
-19
-22
-23
-16
-13
-5
-8
-16
-24
-14
-5
-9
-19
-35
-44
-44
-29
-19
-14
-3
7
15
21
19
7
2
12
32
46
46
40
17
-1
-9
-12
-20
-31
-35
-39
-34
-24
-16
-7
-2
4
3
-7
-13
-26
-24
-3
32
46
52
51
53
55
58
56
51
40
36
26
15
5
-14
-29
-40
-41
-41
-50
-49
-42
-32
-15
-4
8
22
45
65
74
75
77
77
74
68
52
29
14
10
10
15
14
11
2
1
12
21
27
25
20
14
21
34
33
35
26
14
-5
-13
-13
-8
6
17
28
18
5
-4
-11
-9
-11
-14
-23
-20
-22
-31
-35
-29
-23
-20
-13
-8
2
8
9
3
-5
-1
2
16
21
23
9
-3
1
6
12
12
11
1
0
1
6
2
5
21
23
28
26
18
4
-7
-11
-15
-9
-3
-4
-6
7
31
45
52
56
52
40
38
46
60
76
88
90
81
67
51
37
35
38
38
28
22
12
3
-1
5
3
-5
-3
-8
-5
-1
5
8
7
11
9
0
-8
-1
8
24
40
41
39
32
36
34
35
29
19
8
4
10
4
12
19
17
11
2
-1
-4
6
26
42
43
44
50
48
53
55
58
45
29
3
-17
-19
-11
2
6
11
13
15
16
23
29
30
32
29
28
24
29
31
27
31
20
6
-8
-2
-4
-6
-8
0
5
11
19
20
32
53
67
65
47
31
4
-4
-4
0
3
10
25
33
33
25
8
-9
-13
0
26
51
65
64
50
42
39
29
20
18
13
3
8
10
21
30
36
37
29
36
48
63
78
97
109
107
108
95
79
60
47
33
18
9
-8
-24
-35
-33
-35
-30
-27
-26
-24
-10
8
12
18
25
26
21
16
22
24
33
32
27
17
9
7
6
7
8
9
9
16
30
36
42
41
35
18
2
-6
-21
-31
-38
-43
-54
-50
-53
-57
-62
-60
-55
-46
-30
-18
-15
-14
-19
-31
-40
-37
-34
-32
-26
-13
-8
-4
6
8
10
9
17
17
14
15
13
16
17
25
16
11
12
17
23
22
21
9
4
3
-3
-15
-22
-21
-23
-15
-7
3
7
4
2
-4
-6
1
0
-17
-16
-8
2
7
7
5
-1
-2
-9
-12
-18
-19
-23
-29
-23
-14
5
19
29
26
19
24
32
44
47
46
20
0
-13
-26
-40
-50
-49
-44
-32
-18
-6
-6
-4
-4
-13
-13
-9
-5
-4
-11
-9
-11
-7
-7
-18
-31
-34
-26
-16
-9
-2
2
0
11
22
26
23
17
8
-2
-6
-20
-33
-40
-40
-35
-28
-16
-17
-18
-19
-11
3
5
7
1
-3
5
26
38
46
49
41
27
23
31
40
50
59
60
51
39
34
27
24
21
16
7
-1
-10
-34
-51
-62
-55
-36
-19
-4
-8
-10
-15
-21
-32
-26
-13
-1
12
18
19
16
24
26
20
9
-1
-3
-6
0
-6
-10
-14
-2
12
23
31
28
22
25
32
33
31
41
41
31
9
-10
-17
-8
6
19
23
23
35
49
72
93
108
106
93
88
76
80
89
90
74
47
24
4
0
9
11
8
6
10
9
19
24
22
16
11
12
6
8
21
34
36
45
44
37
29
27
33
45
65
70
65
57
56
57
55
54
44
34
25
24
19
14
11
0
-10
-24
-28
-19
2
28
45
50
50
57
49
43
32
16
-4
-20
-26
-37
-37
-31
-28
-39
-48
-61
-78
-85
-79
-64
-51
-33
-21
-19
-16
-12
-2
-7
-3
2
0
2
9
9
3
7
2
-3
-9
-12
-13
-19
-6
8
22
27
30
18
6
4
2
-8
-9
-8
-1
6
10
9
3
4
15
15
21
29
29
19
3
-4
-9
4
21
37
33
17
-1
-14
-20
-11
-11
-17
-14
-12
-12
-14
-16
-10
-10
-7
-9
-24
-31
-31
-16
-10
8
14
13
8
1
-11
-23
-28
-35
-37
-36
-32
-33
-39
-31
-18
5
21
30
23
10
7
1
3
-4
-5
-11
-11
-7
-15
-24
-33
-27
-24
-15
-8
-10
-12
-18
-14
-14
-16
-18
-23
-36
-39
-35
-33
-28
-16
-7
-8
-8
-21
-41
-59
-63
-61
-58
-50
-47
-53
-48
-41
-40
-51
-56
-56
-48
-38
-31
-35
-49
-52
-59
-60
-61
-51
-43
-38
-31
-28
-29
-27
-9
6
24
37
27
6
-13
-19
-27
-22
-18
-11
-7
-5
-3
-14
-13
-11
-9
-13
-21
-20
-23
-17
-14
-8
-11
-9
-9
-15
-9
5
19
18
17
13
1
-13
-18
-16
-13
3
15
23
31
39
42
39
48
43
32
19
12
11
14
20
27
26
23
17
6
1
13
20
22
19
22
18
19
22
19
17
15
26
33
46
51
45
34
21
24
19
21
19
16
11
10
15
14
19
22
26
24
29
35
30
29
28
25
17
15
11
12
17
40
65
68
64
55
50
48
47
40
22
17
-2
-19
-29
-24
-9
3
17
21
16
6
3
1
6
17
28
23
16
13
9
11
16
26
19
14
6
2
17
30
37
33
32
37
39
46
50
56
56
53
49
35
30
33
40
39
41
45
45
51
58
61
55
61
62
58
51
46
38
19
16
8
8
12
18
25
21
22
20
15
14
21
28
33
40
39
29
16
7
-3
4
25
33
30
11
0
-11
-7
-1
-1
-6
-17
-11
-9
-1
8
11
3
-9
-20
-36
-38
-29
-11
7
22
35
30
24
14
4
-2
4
10
14
17
24
26
15
14
11
14
16
28
38
34
34
19
2
-4
-1
1
-5
-13
-25
-29
-32
-34
-44
-58
-68
-78
-79
-73
-56
-45
-35
-24
-13
-6
-5
6
6
12
16
12
3
-5
-5
-10
-11
-11
-13
-11
-7
-1
-6
-1
13
23
29
38
45
53
66
72
66
37
12
-9
-24
-29
-24
-19
-19
-14
-20
-24
-20
-16
-8
-8
0
4
2
0
0
5
4
5
2
0
7
24
41
56
67
68
60
48
43
38
45
54
57
44
29
21
7
7
16
22
19
15
22
24
32
36
42
43
48
52
46
42
40
35
22
13
6
5
6
13
21
21
35
39
41
30
17
3
-10
-7
-4
-6
0
20
42
58
72
64
48
35
34
32
28
26
27
33
34
39
34
31
33
25
8
-10
-17
-28
-31
-23
-16
-12
-17
-7
-13
1
14
25
26
19
18
9
12
19
24
21
17
13
7
8
22
34
38
42
42
42
40
44
45
39
40
37
37
39
47
48
41
47
49
48
43
38
24
7
2
1
8
8
9
-1
0
2
4
4
2
-2
-8
-6
12
30
44
48
53
47
50
51
48
31
12
6
3
16
27
32
28
29
35
28
27
27
28
26
39
57
63
67
69
66
56
45
27
7
-11
-22
-22
-23
-6
9
11
7
6
0
-5
1
-11
-32
-47
-49
-47
-41
-31
-23
-17
-21
-16
-17
-8
-4
-2
5
19
40
50
56
58
54
37
18
3
-20
-31
-41
-48
-57
-64
-57
-60
-50
-38
-31
-32
-26
-16
-14
-14
-17
-18
-21
-17
-12
-8
-4
1
10
7
9
2
1
0
10
21
24
32
28
22
13
3
-9
-27
-31
-33
-29
-25
-22
-24
-25
-11
-2
6
5
9
8
-2
2
4
8
14
17
6
-6
-11
-18
-26
-30
-22
-13
1
15
19
14
14
26
34
44
49
52
45
44
43
34
35
36
37
28
25
17
4
-4
-9
3
14
40
53
55
42
32
19
8
8
4
4
8
17
15
20
26
24
21
24
42
56
64
71
60
48
37
36
30
29
24
13
1
-14
-16
-24
-30
-44
-54
-64
-58
-35
-20
-7
8
10
-1
-22
-32
-40
-28
-17
-14
-21
-35
-38
-36
-28
-21
-16
-28
-30
-43
-61
-70
-67
-60
-59
-45
-36
-21
-9
5
19
24
35
32
30
27
22
11
-3
-16
-24
-32
-39
-40
-43
-42
-38
-32
-29
-28
-31
-53
-62
-71
-61
-56
-42
-17
-1
19
35
40
38
29
23
11
8
4
0
0
4
10
7
5
-3
-9
-22
-10
-1
3
6
17
26
34
38
32
23
21
-16
-20
-3
2
16
29
36
34
29
38
26
6
-1
-4
13
24
38
27
21
15
12
5
7
3
-7
-15
-18
-13
-19
-14
-17
-15
-4
-5
-11
-4
10
23
20
5
-6
-13
-14
-8
-13
-15
-11
4
13
23
21
20
7
3
-4
-12
-22
-25
-19
-26
-25
-29
-39
-34
-21
-4
3
-9
-20
-42
-64
-72
-70
-46
-7
23
23
3
-19
-28
-23
-7
7
20
40
54
55
45
32
28
24
39
53
58
48
30
-3
-29
-37
-37
-26
-23
-10
-11
-19
-30
-27
-21
-18
4
7
-1
-17
-27
-49
-45
-30
-24
-22
-14
-6
0
4
-2
-3
-20
-37
-44
-50
-37
-15
4
5
7
10
9
11
24
38
50
54
41
38
21
10
5
-4
7
16
21
28
27
18
6
8
-2
-7
-16
-15
-18
-23
-28
-22
-13
-2
-2
24
26
28
27
5
-13
-20
-21
-17
-6
1
-9
-21
-37
-29
-28
-15
-1
20
19
-2
-17
-36
-29
-20
-12
-13
1
14
4
0
-12
-12
-8
5
17
24
27
27
16
-9
-26
-38
-32
-6
29
55
59
58
43
27
19
11
11
7
21
22
16
5
-5
-12
-16
-1
3
4
-12
-16
-21
-19
-14
-22
-23
-15
5
21
26
25
15
-3
-18
-15
-14
-2
6
-3
-5
-8
-15
-28
-36
-34
-17
-1
12
2
-6
-9
2
10
8
3
-8
-13
-23
-33
-30
-29
-18
-28
-29
-37
-31
-32
-30
-17
-9
5
17
35
7
-14
-33
-40
-28
-13
-5
3
8
21
28
28
17
12
1
-4
-4
-17
-39
-40
-20
-11
-12
-4
-1
9
12
10
7
8
17
29
31
20
-1
-30
-39
-32
-22
-24
-15
-8
8
12
12
24
27
42
26
9
3
8
14
5
8
17
25
18
15
7
15
36
33
33
31
30
3
-22
-27
-23
-11
2
-4
-12
-24
-11
2
10
11
8
2
1
5
-3
-12
-21
-19
-24
-32
-32
-22
-9
4
11
5
8
-3
-7
-16
-9
-1
0
-13
-10
-13
-14
1
0
-7
-16
-20
-12
-1
2
-16
-36
-43
-24
-12
-11
4
4
13
4
7
-3
-3
-10
-24
-21
-16
-2
4
14
23
28
14
12
22
28
21
20
11
21
21
26
17
13
10
10
3
-7
-25
-38
-35
-12
1
2
-4
-15
-18
0
29
43
32
5
-35
-62
-74
-56
-40
-24
1
2
-5
-23
-33
-29
-24
-8
-15
-21
-50
-56
-60
-50
-26
-18
-8
-2
10
8
19
24
23
20
11
21
17
20
22
22
9
12
1
-14
-22
-26
-26
-20
-6
3
2
1
1
1
-9
-7
2
11
14
12
5
1
9
4
-18
-28
-28
-26
-21
-1
18
22
25
13
15
12
22
20
14
8
21
29
38
42
27
14
5
6
0
13
18
22
10
2
2
7
18
21
18
6
-2
5
3
1
9
16
17
8
-13
-30
-35
-28
-19
-14
-13
-20
-36
-32
-22
-11
0
20
25
9
-1
7
12
14
30
30
31
10
-9
-29
-36
-20
-3
12
17
26
15
10
12
9
-8
-16
-16
-3
3
14
19
15
0
2
-3
3
0
-19
-35
-36
-34
-40
-38
-15
20
48
65
57
41
24
20
17
10
11
7
14
15
27
24
2
-11
-37
-45
-32
2
28
43
55
44
32
21
24
25
17
14
4
-2
-5
-4
4
5
11
-11
-34
-56
-62
-67
-67
-63
-62
-58
-48
-35
-43
-38
-32
-26
-28
-27
-27
-41
-40
-37
-29
-48
-52
-65
-61
-49
-34
-17
-10
-6
-13
-29
-29
-25
-17
-32
-47
-63
-71
-59
-37
-18
-14
-12
-32
-53
-61
-42
-12
15
39
34
20
8
3
2
4
12
21
26
25
16
-17
-34
-29
-11
-11
-10
-22
-32
-32
-27
-22
-17
-12
-17
-23
-29
-30
-22
-22
-3
12
10
3
-12
-17
-28
-14
-18
-29
-44
-50
-55
-52
-29
-14
0
-4
-11
-23
-40
-39
-28
-15
-14
-12
-22
-28
-10
2
16
19
6
-7
-32
-24
-8
17
27
21
-7
-27
-30
-28
-12
15
37
45
42
38
22
4
-5
5
22
41
51
53
39
25
16
14
20
45
46
22
-4
-30
-33
-17
0
23
35
43
27
2
-17
-12
6
19
32
18
-3
-22
-31
-28
-23
-12
-6
-2
12
19
4
-7
-3
9
18
22
15
-4
-5
-8
0
5
5
3
-8
-7
-1
7
1
-2
-7
-5
12
32
60
61
66
64
58
46
38
33
42
53
57
49
45
35
28
8
8
1
-6
-8
-15
-5
2
21
39
42
38
28
17
7
11
7
2
-4
5
16
20
23
13
-3
3
11
19
17
2
-7
-27
-26
-18
-9
12
23
23
17
11
13
24
43
58
57
32
18
9
6
23
28
40
29
32
27
21
27
24
20
5
-3
-6
-7
-6
2
12
10
20
15
5
0
-4
-1
0
-4
-20
-39
-28
-20
-12
-8
-2
-1
-4
-9
-3
-8
-5
-14
-14
-10
1
12
6
-1
3
10
13
10
11
0
-4
-12
-17
-23
-21
-22
-16
-5
0
-3
0
14
36
40
38
25
24
13
21
15
14
16
14
7
-10
-8
5
15
14
18
20
32
44
40
37
42
46
36
11
5
-3
-3
-12
-17
-18
-6
8
16
6
-5
-8
-18
-7
2
9
9
15
16
7
3
0
0
-20
-35
-24
-16
8
15
7
-5
-11
0
12
27
35
33
19
23
8
4
-7
-1
-7
-18
-22
-25
-11
-13
-1
-4
2
15
16
8
-14
-15
-15
-12
-3
2
7
7
2
-18
-29
-26
-21
-23
-29
-29
-40
-36
-37
-28
-29
-19
-7
2
14
22
10
-18
-20
-18
-13
-17
-27
-36
-47
-32
-35
-34
-40
-34
-28
-35
-28
-30
-33
-36
-28
-21
-8
0
-5
-6
-18
-10
-4
2
17
21
22
29
31
20
6
-2
-3
-6
0
12
23
32
43
44
30
27
31
31
37
25
17
2
-12
-14
-27
-30
-20
-7
1
8
11
-4
-13
-29
-34
-28
-14
-2
5
-5
7
18
34
46
41
28
10
-1
-13
-22
-28
-32
-22
-13
-9
-18
-23
-5
0
4
-9
-9
-22
-31
-35
-34
-21
-20
-10
-12
-7
-4
-2
-1
2
18
23
30
39
38
37
33
40
37
44
36
28
20
19
25
22
14
12
-3
-10
-3
10
11
2
-2
3
4
3
-12
-18
-20
3
23
26
32
24
22
16
10
8
4
10
-6
-13
-16
-9
-29
-45
-56
-57
-61
-55
-44
-36
-28
-28
-45
-45
-44
-21
-20
-24
-22
-25
-30
-32
-29
-37
-42
-40
-43
-47
-45
-31
-5
20
33
15
-2
-18
-12
-13
-5
-2
3
-4
-6
-12
-27
-19
-5
2
-6
-18
-23
-10
10
25
38
30
24
25
17
16
15
13
13
27
29
25
17
6
-5
-13
-12
-14
-10
-21
-10
-9
-2
2
-1
0
2
7
-20
-16
-9
17
29
20
12
-11
-11
-4
15
31
31
21
5
-4
0
15
8
22
21
20
11
1
-9
-9
-1
-2
-11
-24
-27
-33
-39
-48
-43
-23
-3
7
2
-11
-17
-14
-16
-18
-15
-32
-39
-35
-28
-25
-24
-14
-17
-22
-32
-44
-56
-70
-70
-69
-54
-41
-36
-52
-60
-55
-56
-53
-48
-48
-42
-29
-14
-9
-12
-10
-19
-18
-14
-20
-21
-26
-17
-10
-13
-10
-4
-5
2
3
6
2
0
3
3
7
25
21
26
37
38
52
45
37
18
2
-9
-15
-24
-29
-39
-57
-70
-65
-61
-67
-79
-79
-65
-32
-9
9
6
6
-2
-19
-21
-27
-20
-16
-3
14
14
8
-11
-11
-19
-2
8
16
13
6
0
-24
-31
-36
-18
12
42
46
31
24
12
-2
-16
-18
-8
-1
18
21
24
11
-4
-9
-16
-12
-18
-22
-19
-9
-9
-16
-14
-11
-11
-10
-16
-20
0
21
35
25
11
-3
-29
-33
-22
-3
18
29
43
47
38
32
23
15
24
27
20
2
-9
-21
-34
-32
-25
-15
-6
-2
1
-5
-5
-7
2
16
29
34
30
26
24
25
18
30
20
13
9
6
11
13
25
19
10
2
-4
-7
-2
14
27
24
18
13
-1
5
14
22
27
29
24
20
14
25
30
38
52
45
29
15
5
-1
-4
-2
2
0
4
0
1
4
10
6
3
-8
-20
-52
-68
-77
-70
-63
-50
-38
-30
-19
-20
-9
-14
-14
-24
-47
-60
-59
-57
-56
-46
-47
-43
-32
-11
2
6
-1
-10
-25
-27
-17
-6
6
12
11
1
1
3
3
-2
9
12
9
7
7
7
3
9
13
5
14
11
16
16
18
23
13
15
-6
-20
-15
8
36
54
58
46
27
12
-4
-6
-6
11
13
16
15
31
42
35
12
-3
-30
-31
-23
-36
-34
-31
-10
-10
-2
2
-2
2
-9
-10
-24
-25
-19
-18
-7
-1
-1
1
12
20
33
31
45
50
41
29
13
-1
-6
-1
1
3
0
-14
-26
-26
-20
-13
-16
-13
-23
-16
-11
5
-5
-29
-30
-29
-29
-23
-22
-22
-15
5
22
27
12
4
-6
-15
-8
-12
-14
-14
-1
5
18
25
29
30
31
18
1
-9
-4
-2
-6
-6
7
11
28
43
49
33
19
6
-7
-2
0
10
-9
-8
-10
-1
15
18
15
3
7
8
15
11
19
20
33
45
33
16
13
14
15
-2
-21
-40
-61
-67
-58
-45
-21
11
25
33
29
29
20
14
15
16
9
2
-1
-1
18
32
40
22
6
-2
-19
-19
-21
-15
-20
-37
-47
-44
-23
2
12
-6
-16
-20
-27
-34
-36
-38
-41
-44
-48
-42
-32
-22
-20
-37
-36
-42
-40
-32
-23
-15
-20
-4
8
18
29
19
1
-14
-14
-7
1
5
3
-10
-8
20
41
51
58
58
53
48
32
19
8
-8
-25
-33
-23
2
30
32
29
13
-6
-7
-5
4
2
2
-2
-13
-11
-12
-8
-29
-26
-25
-16
-15
-13
-26
-31
-27
-14
-11
-14
-9
-2
-4
0
-12
-26
-27
-27
-18
-14
-4
0
-7
-13
-10
-17
-18
-14
-16
-7
-2
6
4
-1
1
9
13
10
1
-17
-22
-20
-3
1
15
22
6
-10
-13
-19
-29
-34
-40
-37
-20
-8
8
9
17
21
16
-2
-14
-14
-5
12
13
13
5
14
20
15
13
6
7
14
24
20
12
15
7
-5
-13
-5
0
-3
-5
-10
-13
-23
-31
-29
-9
5
8
-8
-23
-27
-35
-34
-29
-21
-15
-19
-31
-49
-46
-31
-17
-6
-6
4
1
0
10
8
-4
-4
-24
-42
-60
-68
-72
-64
-50
-34
-22
-19
-13
-25
-48
-52
-53
-41
-30
-16
-5
-9
-6
-16
-27
-35
-32
-32
-26
-12
-19
-38
-56
-54
-55
-46
-48
-42
-43
-26
-8
6
22
24
21
5
-13
-20
-30
-23
-3
16
24
31
36
38
21
5
-12
-21
-24
-28
-34
-35
-29
-21
-16
-8
2
5
2
4
1
-2
11
2
10
6
1
-19
-28
-25
-17
-9
-9
0
-3
-10
-17
-12
-4
9
21
11
0
-10
-23
-35
-26
-13
-5
-7
-10
2
18
37
49
27
16
11
20
20
10
-1
-6
-3
6
14
19
37
59
60
52
45
50
55
52
53
56
64
89
93
82
66
34
22
29
51
66
57
43
20
6
10
19
27
27
32
41
35
33
39
29
24
22
30
40
48
44
40
37
46
41
42
40
59
43
39
35
41
33
29
35
26
26
19
20
40
54
52
27
3
2
17
22
40
43
44
23
13
-2
-12
-8
-2
-14
-11
-12
-3
-4
9
13
16
19
15
15
9
18
16
9
8
11
9
-1
13
17
25
22
14
5
5
7
10
11
-6
-26
-35
-31
-6
23
29
21
15
-9
-1
7
0
-19
-37
-33
-31
-27
-22
-10
-6
-7
-24
-36
-36
-22
-7
-19
-19
-22
-38
-33
-24
-13
-6
-7
-22
-15
-4
12
26
27
29
25
22
11
13
3
2
6
6
-5
-13
-6
-9
-6
-2
-7
-11
-16
-6
-1
8
12
4
-1
-6
-8
-1
-4
7
10
7
-1
-2
-9
-5
5
17
20
12
-5
-16
-20
-2
-5
-20
-34
-37
-29
-13
10
20
26
31
41
40
26
11
4
-4
-10
-12
-16
-6
2
3
0
3
3
-12
-31
-41
-41
-40
-39
-41
-21
2
36
42
39
38
14
-6
-27
-26
-32
-29
-21
-8
-13
-33
-43
-58
-56
-43
-33
-31
-26
-20
-18
-17
0
8
12
2
-15
-29
-32
-7
7
1
-8
-30
-38
-35
-12
5
15
20
8
6
-2
10
16
24
27
21
12
5
9
-3
-17
-8
-5
9
3
3
-1
1
9
5
18
43
69
71
50
25
2
-13
-23
-12
2
22
41
44
33
20
3
-14
-22
-12
-4
-11
-15
-34
-51
-55
-33
-21
-3
20
30
24
12
4
3
-5
-1
-2
-11
-29
-42
-40
-32
-18
-10
-6
-7
-10
-16
-26
-20
-12
3
24
33
18
11
7
3
-4
2
21
24
15
-2
-17
-29
-40
-35
-38
-30
-22
-29
-32
-35
-27
-26
-43
-39
-40
-37
-19
-15
-19
-17
-20
-22
-31
-34
-35
-25
-26
-27
-34
-35
-12
7
20
12
-3
-20
-36
-40
-51
-52
-50
-39
-35
-34
-36
-36
-35
-32
-30
-40
-41
-19
-4
4
6
11
7
-2
-8
-12
-18
-21
-24
-42
-38
-28
-13
-22
-42
-46
-53
-48
-40
-39
-52
-58
-65
-81
-87
-85
-77
-71
-60
-58
-60
-66
-66
-75
-64
-43
-16
3
12
11
-3
-26
-37
-47
-49
-53
-41
-45
-40
-22
-3
-15
-31
-40
-27
-12
1
-5
-6
-13
0
11
22
33
30
18
9
8
7
14
28
30
23
7
10
6
26
38
46
36
27
27
28
35
33
30
21
28
39
40
41
31
25
21
28
39
40
29
11
-11
-22
-15
5
20
21
22
25
21
25
21
20
12
9
-9
-23
-13
3
28
36
19
8
-6
-7
0
-6
7
10
3
-4
-1
12
31
36
45
30
24
20
29
29
29
28
19
26
26
38
34
27
36
42
45
35
17
1
9
15
19
22
15
4
-4
-4
4
19
34
44
31
4
-15
-23
-22
-8
15
25
25
34
24
18
0
-1
5
3
6
-4
-18
-21
-27
-23
-14
1
18
20
10
-1
-10
-12
-9
-2
1
12
26
23
23
31
47
55
45
29
-2
-7
5
14
20
24
20
3
-13
-20
-10
4
27
36
25
12
1
-1
-21
-18
-17
-3
-1
11
14
15
18
14
10
14
7
0
-13
-22
-18
-11
-6
-5
-16
-26
-26
-22
-15
-5
9
1
6
9
0
-10
-24
-30
-26
-20
-11
4
2
10
15
11
2
-9
-24
-28
-31
-24
-19
-20
-8
-6
-16
-16
-15
-13
-10
-1
7
6
17
6
-3
-13
-23
-14
-15
-6
4
0
6
13
16
27
32
23
2
-7
-10
-8
-21
-22
-31
-27
-11
7
5
-3
-10
-21
-11
-10
7
9
7
20
26
19
5
-9
-18
-14
6
11
9
-9
-25
-33
-30
-10
-1
2
-19
-40
-57
-57
-43
-45
-39
-43
-37
-35
-30
-21
-11
-15
-2
3
16
19
28
24
13
24
31
43
42
45
34
17
8
1
-4
-2
5
6
1
-8
-23
-47
-62
-65
-72
-64
-46
-38
-38
-41
-35
-32
-26
-21
-20
-20
-16
-6
-13
-2
-2
-1
-6
-18
-26
-44
-42
-23
-7
-8
0
2
0
-7
-10
-2
5
7
7
13
17
16
2
-12
-8
-3
4
0
-5
-22
-34
-36
-43
-55
-59
-49
-36
-22
-25
-36
-47
-55
-42
-46
-35
-25
-18
-19
-17
-4
11
18
9
-11
-36
-47
-34
-21
1
13
9
-2
-6
-5
-7
-10
4
24
21
11
-8
-28
-27
-27
-40
-56
-57
-34
-11
-1
-5
-1
-16
5
-4
-5
-20
-19
-19
-27
-15
-13
-10
-8
-6
-6
-13
-29
-44
-60
-61
-52
-57
-62
-63
-62
-61
-44
-26
-23
-20
-14
-13
-7
-13
-11
-12
-13
-19
-25
-40
-36
-28
-19
-15
-3
22
27
30
18
-1
-4
-10
5
1
5
-1
-5
4
11
16
-5
-27
-46
-65
-58
-49
-36
-33
-31
-28
-17
1
30
38
25
10
-4
-5
9
25
30
26
31
25
23
28
45
52
64
71
76
64
51
55
33
30
33
23
19
4
14
26
30
35
29
31
26
25
7
11
26
45
46
52
52
46
35
19
11
7
18
22
5
-9
-7
19
41
69
67
54
38
19
12
9
32
59
74
64
49
24
-2
-2
0
-7
-15
-14
-8
20
33
38
32
31
30
41
47
49
49
31
8
3
-8
9
31
40
35
21
11
-8
0
13
27
26
15
2
-11
-13
-6
11
18
37
36
32
13
6
-2
-2
9
22
21
16
14
7
10
27
46
44
28
21
9
4
2
-8
-13
-23
-16
5
15
32
18
5
-6
-9
-20
-24
-24
-10
-9
-11
-15
-15
4
28
28
9
0
11
12
22
19
22
14
3
-4
-7
-4
-12
-25
-43
-48
-40
-33
-20
-10
-7
-4
-8
-3
-7
-9
-15
-12
-2
13
21
2
-3
3
11
8
3
5
-2
-4
4
2
4
7
6
4
8
-1
-7
-16
-16
-18
-27
-30
-22
-12
13
25
28
12
-5
-6
-11
-4
1
9
-4
-19
-28
-40
-44
-21
7
25
32
30
25
19
11
0
-7
-3
2
1
-3
-3
-8
-19
-9
-10
-19
-26
-31
-27
-29
-21
-14
-17
-10
-7
-2
-5
-17
-35
-39
-24
-1
19
15
18
11
7
9
6
-4
-12
-15
-15
-10
-3
0
-9
-22
-32
-21
-14
11
26
4
-12
-14
-15
-20
-29
-24
-19
-9
-6
-8
-14
-22
-19
-3
25
35
34
16
27
37
28
20
15
19
11
10
2
-8
-17
-27
-39
-33
-24
-2
5
-1
-13
-23
-20
-1
-5
-4
-2
7
13
21
33
30
21
14
5
-3
-10
-14
-22
-33
-33
-21
-1
16
35
35
23
5
-6
-14
0
9
8
17
19
32
25
36
54
74
74
50
26
1
-1
13
15
13
18
10
-3
-19
-26
-18
-25
-26
-51
-77
-88
-77
-51
-33
-9
0
3
-5
-19
-37
-46
-40
-30
-27
-28
-31
-50
-65
-57
-38
-5
19
50
58
47
28
10
4
10
21
32
42
33
23
13
6
-4
-16
-22
-16
-5
1
-1
3
-8
-12
-5
10
13
12
10
22
24
20
6
-12
-5
-1
4
8
16
23
21
16
15
22
29
35
33
33
38
30
20
5
5
16
25
55
52
47
31
27
27
37
51
42
26
11
1
14
12
26
25
30
33
29
12
18
21
40
39
22
8
-9
-12
-11
-12
-19
-27
-41
-53
-38
-7
13
16
13
2
-17
-29
-35
-31
-33
-27
-24
-16
1
20
15
-7
-26
-39
-44
-49
-56
-63
-68
-49
-49
-46
-54
-50
-40
-34
-25
-29
-37
-38
-24
-23
-6
9
25
24
18
1
-25
-32
-30
-24
-11
-8
1
-4
-21
-28
-42
-34
-28
-20
-26
-30
-36
-30
-34
-34
-37
-38
-33
-3
16
38
50
44
34
24
17
16
-1
-15
-38
-41
-30
10
34
34
39
38
45
46
47
21
0
-19
-20
-23
-30
-17
0
18
38
29
25
22
34
32
31
37
46
41
35
32
15
2
-15
-17
-12
-10
-21
-55
-55
-44
-25
-9
-11
-8
-17
-31
-32
-39
-43
-47
-59
-51
-43
-20
-23
-44
-63
-72
-70
-56
-42
-48
-62
-69
-69
-65
-60
-64
-64
-79
-74
-88
-82
-89
-83
-85
-84
-70
-59
-63
-76
-80
-76
-65
-55
-49
-53
-48
-38
-27
-11
-1
-5
-10
-14
-11
-32
-44
-34
-15
-7
-23
-39
-59
-60
-49
-43
-43
-43
-40
-44
-41
-31
-20
-16
2
17
33
34
35
22
11
3
-6
-18
-14
-4
11
15
31
27
25
15
10
19
19
22
30
34
37
35
19
11
25
48
66
64
57
39
40
60
70
72
63
50
33
6
-8
-7
-2
9
12
-8
-19
-28
-22
-15
-1
12
15
15
15
21
28
29
34
37
49
52
45
27
21
16
3
0
5
15
16
22
26
30
22
23
32
37
47
36
20
10
13
16
18
22
16
10
9
21
25
25
30
34
29
15
14
-1
-1
12
19
32
35
37
36
34
49
49
59
53
43
22
7
1
-2
-5
-2
3
8
23
33
42
32
31
27
26
27
29
13
0
-10
-3
3
3
16
14
7
2
21
51
64
64
37
14
16
7
-1
0
18
36
33
20
3
-11
-15
-5
-5
11
12
10
13
20
33
35
30
15
-7
-22
-9
18
42
56
61
45
31
18
7
0
-5
-6
-6
-13
-26
-29
-27
-12
-1
20
18
24
7
9
2
6
2
-7
1
5
18
30
47
46
33
28
24
29
21
10
-9
-37
-51
-56
-36
-18
-3
1
15
27
22
0
-21
-25
-25
-22
-8
4
19
18
23
-5
-10
-5
7
7
-11
-13
-13
-1
11
17
14
-5
-23
-42
-33
-15
-6
-26
-30
-32
-24
-4
10
19
17
12
3
-4
-16
-14
-17
-30
-40
-40
-36
-23
-18
-15
-20
-4
5
8
5
-3
-19
-31
-32
-33
-28
-24
-10
-10
-10
-8
-11
-15
-21
-17
-13
-3
7
12
2
-8
-19
-30
-31
-33
-34
-40
-42
-33
-42
-37
-36
-26
-27
-33
-36
-37
-29
-8
9
8
0
-12
-26
-17
-12
1
-3
-8
-20
-33
-39
-31
-23
-24
-26
-40
-45
-46
-42
-32
-34
-25
-27
-34
-28
-10
3
-58
-59
-60
-52
-47
-44
-38
-41
-48
-57
-59
-50
-39
-28
-22
-33
-48
-56
-70
-79
-69
-62
-49
-38
-32
-33
-33
-36
-34
-42
-42
-36
-38
-32
-31
-29
-34
-30
-31
-37
-42
-39
-38
-38
-46
-44
-49
-40
-31
-21
-36
-30
-44
-48
-65
-66
-56
-48
-36
-45
-59
-70
-69
-63
-50
-35
-26
-36
-46
-50
-50
-54
-51
-52
-42
-37
-30
-33
-40
-42
-39
-44
-39
-38
-38
-25
-14
-6
-12
-29
-33
-39
-32
-18
-2
-7
-2
-2
-16
-14
-10
9
16
20
17
-1
-11
-10
-5
2
2
15
15
2
-2
-12
2
-3
-3
-10
-25
-24
-18
-3
6
26
28
25
19
26
34
42
48
51
34
6
-4
-19
-19
-11
-8
1
15
31
36
37
41
46
42
29
29
25
39
48
42
30
23
32
36
41
42
37
28
24
18
4
-16
-24
-29
-24
-22
-18
-22
-10
6
12
0
-2
-6
-4
-1
0
4
-2
10
10
9
8
9
12
11
9
0
-13
-22
-26
-37
-42
-36
-22
-11
-1
16
25
31
46
54
48
34
21
1
2
13
16
15
10
15
8
1
-2
9
31
44
44
27
19
21
21
10
-8
-6
-16
-16
-16
-8
2
16
10
-2
-9
-10
-4
-7
-2
-1
-5
-15
-34
-41
-52
-34
-35
-26
-27
-30
-36
-37
-21
-3
-2
2
11
2
1
-17
-32
-39
-24
6
37
58
74
67
39
10
-4
0
10
8
-4
-17
-29
-36
-33
-16
17
47
50
39
22
5
4
12
19
22
23
20
-5
-15
-28
-25
-29
-20
-28
-40
-48
-38
-22
-14
5
11
23
24
20
6
-16
-23
-23
-24
-22
-21
-28
-35
-32
-35
-33
-31
-18
-3
0
7
-4
-17
-27
-21
-26
-27
-35
-38
-32
-19
1
-1
-5
-10
-11
-20
-19
-15
-18
-15
-21
-25
-25
-21
-18
-17
-16
-11
2
-3
-6
-17
-33
-31
-20
4
10
25
29
30
29
37
31
30
38
35
30
19
21
16
21
28
19
5
-7
-12
-15
-32
-31
-32
-27
-30
-27
-27
-27
-11
-8
-7
-6
-4
-7
0
7
0
-14
-37
-35
-26
-4
14
6
-10
-28
-32
-28
-14
2
18
24
21
21
12
17
24
29
22
25
27
31
29
21
21
14
37
45
54
63
70
66
57
50
41
26
16
23
20
12
6
0
-6
-8
7
19
31
36
34
27
20
30
33
38
46
37
27
29
36
33
28
18
9
3
0
11
16
21
18
9
-2
-4
-16
-25
-32
-22
-12
-7
-5
-7
-22
-37
-45
-41
-28
-12
-2
-12
-16
-13
-2
6
11
-2
-12
-34
-50
-63
-71
-54
-36
-25
-32
-31
-37
-39
-40
-47
-48
-45
-26
-20
-9
-11
-27
-36
-50
-44
-43
-34
-18
-21
-26
-30
-18
-16
-16
-14
-16
-19
-15
-15
-23
-31
-34
-33
-44
-45
-47
-39
-28
-15
-5
-9
-9
-22
-39
-52
-47
-30
-17
4
10
-1
-18
-30
-44
-53
-45
-51
-53
-68
-70
-72
-70
-64
-57
-46
-35
-23
-25
-30
-29
-24
-19
-15
-14
-22
-27
-31
-33
-34
-38
-29
-37
-43
-39
-41
-33
-32
-17
-6
6
22
27
26
30
33
26
10
-2
-13
-20
-7
1
9
12
20
34
39
50
54
50
50
54
53
50
62
62
64
62
69
64
56
57
55
53
45
41
33
24
26
23
23
13
6
-7
-8
3
-3
-6
-13
-8
3
16
25
27
26
25
37
46
47
40
20
1
2
3
-4
-15
-11
-2
5
11
6
-12
-18
-22
-15
-22
-18
-20
-31
-41
-47
-51
-54
-44
-35
-32
-32
-39
-43
-42
-26
-31
-38
-46
-43
-40
-47
-50
-57
-60
-61
-45
-35
-18
-4
-6
-16
-19
-15
-15
-10
-14
-6
-15
-22
-21
-28
-26
-21
-15
-22
-30
-31
-43
-43
-43
-47
-55
-62
-63
-63
-53
-40
-26
-26
-11
-5
-1
-2
-4
-10
-19
-17
-29
-38
-44
-35
-22
-16
-5
-5
-8
-6
-1
-1
4
16
23
23
15
12
5
-4
-5
-14
-12
-3
8
10
17
22
25
23
22
27
23
20
13
1
-6
-6
13
9
14
19
25
25
34
41
36
30
28
32
25
15
5
-2
5
17
23
17
11
8
3
11
15
20
9
9
1
-1
5
17
32
33
40
39
32
29
19
7
1
13
15
17
8
8
2
14
32
42
47
57
70
71
61
47
32
4
-13
-14
-14
4
24
36
35
37
37
32
35
37
38
27
35
42
40
34
25
26
23
27
16
-4
-14
-15
-8
-3
16
24
27
27
33
44
43
50
36
21
8
7
10
3
4
11
19
17
12
-6
-8
2
11
13
19
32
25
17
8
-1
-6
-6
-4
-2
1
14
23
27
24
10
-19
-42
-59
-61
-57
-30
-1
5
15
8
4
-5
-3
6
15
15
14
9
-6
-9
-7
-11
-16
-15
-9
-13
-13
-30
-42
-48
-43
-33
-39
-34
-44
-45
-43
-32
-18
-7
-3
-22
-47
-69
-69
-60
-41
-19
-7
0
0
4
5
15
17
9
-5
-32
-30
-33
-16
-3
3
5
13
20
19
13
16
18
18
17
16
-1
-5
-8
-14
-19
-13
-2
1
12
17
29
23
14
-3
-11
-7
7
9
-6
-3
-18
-25
-29
-21
-16
-12
-10
-6
-6
-9
-8
-8
-4
9
18
22
19
4
-8
-13
-12
-5
-19
-35
-47
-61
-63
-59
-55
-55
-48
-38
-38
-38
-40
-46
-57
-57
-52
-47
-47
-43
-39
-38
-30
-29
-24
-19
-10
-8
-7
-3
-8
-11
-8
2
5
-3
5
12
20
30
44
48
34
22
-4
-16
-9
17
31
47
47
30
3
-17
-8
3
27
44
51
42
17
0
-5
6
27
37
22
5
3
-1
1
0
1
10
16
21
13
21
30
28
17
6
5
2
-4
-4
-12
-18
-11
-6
-3
-9
-7
13
21
31
25
8
-2
-1
-4
-5
5
-8
-10
-22
-25
-42
-56
-67
-71
-69
-55
-30
-9
10
22
32
30
22
5
-15
-27
-32
-31
-37
-35
-22
-19
-19
-17
-25
-28
-24
-13
2
13
11
1
-20
-23
-21
-13
-8
-1
-3
-10
-5
-3
-8
-12
-13
-19
-31
-46
-61
-69
-54
-23
8
21
24
8
-12
-28
-35
-33
-32
-25
-34
-45
-46
-39
-35
-39
-37
-40
-37
-38
-36
-43
-50
-44
-36
-23
-18
-19
-31
-36
-34
-39
-47
-53
-46
-46
-46
-45
-38
-29
-17
-14
-11
-10
-9
-16
-34
-44
-55
-55
-47
-28
-5
-6
-4
-10
-12
-15
-8
3
2
10
16
10
8
10
0
3
16
21
27
23
27
15
-1
-9
-9
-4
6
18
13
11
5
-10
-27
-40
-33
-29
-7
3
4
-9
-16
-18
-26
-25
-23
-24
-27
-20
-4
-6
-4
-11
-2
2
7
9
0
-12
-25
-25
-23
-8
4
12
22
22
26
15
19
17
12
18
24
22
12
5
2
-8
-14
-18
-31
-42
-40
-42
-50
-62
-53
-48
-33
-27
-26
-31
-32
-29
-34
-44
-45
-49
-53
-54
-47
-52
-48
-39
-23
-7
7
15
13
12
10
21
22
25
31
21
15
13
7
2
1
2
7
12
15
15
13
21
18
11
11
13
7
4
6
10
9
5
8
-1
-19
-28
-39
-34
-22
0
19
24
35
36
33
27
25
15
6
-5
-9
-8
12
31
23
21
18
17
8
2
-4
-14
-14
-8
3
6
6
8
9
18
27
23
12
11
12
13
18
17
21
11
4
-4
-16
-10
1
11
3
-2
-2
-8
-2
0
2
6
19
25
34
32
31
18
15
16
18
11
-3
-7
-15
-20
-3
7
14
32
47
63
79
75
59
36
22
16
5
-7
-13
-13
-8
5
24
36
39
37
34
26
27
34
34
40
36
26
8
-6
-19
-25
-21
-10
3
0
-1
-11
-15
-12
-4
1
-1
-2
-2
2
5
8
12
4
3
-4
-13
-9
6
8
15
15
17
14
14
15
10
7
-1
-11
-18
-17
-11
-18
-22
-21
-19
-25
-33
-31
-28
-29
-31
-29
-27
-14
-3
-7
-3
-5
-6
-23
-34
-37
-47
-45
-28
-14
-8
-9
-24
-32
-37
-39
-38
-43
-35
-38
-43
-54
-47
-43
-32
-30
-35
-40
-36
-26
-21
-21
-17
-17
-18
-19
-8
-6
-5
1
-4
-22
-45
-54
-56
-53
-56
-65
-67
-60
-37
-28
-19
-15
-18
-28
-26
-13
-10
-11
-23
-36
-46
-39
-31
-38
-39
-29
-18
-9
-2
-6
-23
-40
-55
-60
-64
-62
-58
-55
-58
-45
-30
-11
4
7
7
4
-3
-17
-20
-14
-21
-28
-35
-26
-19
-20
-13
-12
-4
-3
