-3
-7
-13
-12
-17
-24
-23
-19
-20
-28
-33
-28
-21
-1
7
2
-4
-8
-12
-20
-10
-1
-7
-13
-27
-29
-30
-16
-2
6
-1
-3
-29
-66
-86
-89
-76
-56
-31
-7
6
23
18
15
10
3
-12
-33
-26
-13
1
9
14
7
-4
-1
-1
0
-7
-10
-24
-22
-11
2
11
8
5
-14
-27
-40
-44
-39
-28
-11
-13
-6
13
29
36
21
15
2
4
12
14
10
3
10
4
10
12
17
10
11
7
5
8
19
38
33
23
7
3
20
38
34
15
10
16
25
30
40
46
49
55
46
40
44
55
63
66
68
63
56
36
31
11
3
1
6
-1
11
21
33
42
53
48
37
28
29
18
14
10
8
13
25
33
31
31
40
49
43
40
28
17
1
8
23
44
52
40
10
-14
-27
-28
-36
-30
-27
-31
-27
-27
-26
-28
-26
-28
-26
-14
1
9
5
-11
-27
-36
-39
-23
-23
-16
-9
-11
-15
-17
-4
16
43
63
70
60
40
27
6
1
-3
6
13
20
27
23
27
33
50
61
69
51
14
-30
-57
-62
-52
-32
-7
11
25
34
27
15
4
-3
-13
-12
-6
8
13
26
34
42
39
43
39
35
35
20
-3
-22
-35
-35
-25
-4
5
6
8
13
0
-9
-24
-26
-41
-55
-55
-59
-44
-28
-31
-37
-50
-46
-41
-28
-26
-30
-49
-55
-58
-59
-59
-55
-57
-71
-91
-101
-115
-98
-70
-44
-24
-11
-10
-17
-40
-56
-62
-62
-47
-41
-40
-40
-38
-41
-46
-42
-53
-61
-68
-54
-41
-36
-30
-40
-50
-51
-52
-57
-67
-70
-63
-56
-55
-45
-55
-49
-34
-28
-20
-37
-52
-74
-67
-53
-35
-26
-30
-18
-18
-17
-14
-16
-26
-37
-36
-27
-16
2
10
14
25
19
17
11
10
3
-8
-6
-9
-13
-16
-11
-1
10
37
49
42
24
5
4
1
10
5
9
1
6
4
2
10
1
-10
-17
-23
-16
-3
4
-3
-19
-38
-38
-41
-33
-16
-3
3
-3
-12
-33
-37
-36
-36
-30
-16
4
17
20
27
25
27
26
23
9
-1
-11
-3
-5
11
6
16
22
32
38
24
23
12
22
25
42
55
58
64
57
56
58
73
81
80
84
75
67
63
69
74
72
61
30
6
-5
5
18
15
12
-4
-20
-24
-22
-13
-14
-16
-32
-52
-55
-54
-53
-47
-37
-35
-42
-56
-54
-51
-38
-27
-17
-30
-39
-43
-47
-41
-33
-21
-17
-12
-25
-39
-47
-58
-58
-58
-53
-49
-58
-58
-45
-41
-37
-26
-19
-22
-32
-42
-44
-33
-16
-4
-7
-26
-38
-46
-35
-20
-2
9
18
21
9
-12
-21
-15
-2
8
12
-2
-9
-11
-4
8
21
32
18
2
-11
-14
-19
-14
-10
-6
-2
1
-3
-14
-17
-17
-13
-13
5
17
19
22
5
-16
-44
-50
-39
-24
7
32
40
40
33
25
31
47
50
46
33
22
6
-9
-11
-11
4
12
23
9
-6
-8
-11
-4
4
18
15
11
0
-16
-31
-33
-23
-19
-11
-10
-13
-26
-31
-38
-44
-42
-33
-24
-24
-25
-27
-28
-21
-9
4
5
-2
-11
-20
-27
-19
-13
-15
0
-2
4
11
12
10
4
-1
-13
-30
-33
-23
-9
-5
2
-5
-16
-30
-35
-46
-41
-27
-13
-8
-12
-20
-33
-36
-22
-7
-1
0
2
5
1
0
-21
-41
-59
-61
-59
-53
-44
-32
-32
-23
-13
-17
-12
-2
-4
4
7
12
15
5
6
0
3
24
35
34
20
5
2
-1
11
25
36
35
42
38
37
45
43
42
42
45
39
23
19
9
4
0
-2
-13
-24
-32
-29
-35
-26
-18
-20
-12
-8
-10
-15
-23
-21
-24
-18
-20
-16
-18
-10
0
5
24
30
26
1
-15
-24
-28
-19
-5
6
12
21
24
19
10
6
10
17
32
26
11
6
13
29
24
28
10
5
2
8
15
-1
-5
-17
-31
-38
-45
-39
-28
-2
17
18
16
12
11
14
14
-3
-26
-33
-26
-21
-9
4
11
7
1
11
14
27
38
49
51
44
32
9
-1
-4
0
-1
1
14
17
26
23
10
-7
-24
-38
-55
-54
-33
-3
10
16
5
1
8
16
22
11
6
-11
-28
-37
-32
-19
4
25
39
44
35
33
15
9
6
2
-12
-28
-33
-35
-26
-15
-21
-21
-26
-12
-3
7
14
9
-3
-7
-1
-2
-2
6
16
25
28
23
-3
-20
-40
-40
-41
-21
-2
6
11
14
14
11
14
4
-14
-27
-36
-42
-41
-25
-14
-8
-8
-23
-40
-56
-47
-24
-11
-18
-11
-14
-8
-8
-11
-17
-13
3
21
38
54
48
38
25
16
5
-2
0
5
13
17
22
18
24
31
39
37
33
27
14
7
13
19
17
12
1
-13
-8
9
20
28
39
46
43
33
16
-3
-30
-33
-29
-16
-5
6
13
14
22
25
19
9
9
5
2
2
-21
-40
-59
-55
-49
-35
-17
-5
-1
-4
-2
-3
6
16
22
15
3
-6
-25
-22
-20
-12
-15
-18
-16
-24
-35
-43
-38
-36
-25
-14
-26
-27
-26
-20
-13
-8
-9
-18
-24
-25
-23
-30
-18
-2
4
8
3
0
-16
-11
-8
-2
0
12
18
11
8
-4
-6
-1
5
2
-5
-8
-9
-7
-9
-1
-3
2
7
0
-15
-24
-21
-17
0
11
25
37
45
53
35
22
12
13
9
9
9
7
17
20
17
-1
-8
-9
-13
-9
-5
-2
-10
-10
-13
-14
-13
-9
-12
-18
-8
-1
-9
-19
-23
-16
-10
7
12
14
15
12
5
-16
-26
-44
-54
-60
-59
-58
-55
-49
-52
-51
-45
-25
-20
-16
-16
-20
-35
-45
-45
-44
-35
-28
-25
-33
-44
-40
-49
-50
-45
-34
-12
5
17
4
-10
-19
-30
-41
-45
-44
-46
-41
-31
-20
-9
1
-2
-9
-7
-9
-14
-24
-27
-23
-19
-22
-20
-16
-17
-2
-6
-5
1
18
26
22
16
9
16
33
57
74
77
82
76
72
73
86
94
105
109
96
77
68
70
76
80
81
71
46
18
0
-9
-12
-11
-21
-38
-47
-52
-53
-48
-38
-23
-33
-42
-45
-46
-35
-24
-22
-26
-28
-41
-58
-73
-74
-68
-62
-57
-67
-75
-75
-59
-45
-32
-19
-11
-15
-22
-31
-42
-48
-43
-37
-26
-17
-7
-12
-13
0
13
18
15
15
15
18
19
22
16
12
9
-3
-3
-2
-6
-14
-19
-7
-9
-2
0
-2
-9
-23
-17
-5
14
23
12
2
0
0
5
9
6
8
-1
13
26
42
49
43
27
4
1
4
14
19
18
9
-2
11
11
19
17
23
30
35
39
43
40
46
50
49
40
34
20
1
-10
-4
-5
5
16
22
20
9
10
16
18
26
19
20
20
19
14
4
6
13
17
18
3
-13
-23
-12
7
5
17
16
11
-1
-12
-17
-27
-29
-36
-37
-29
-23
-23
-39
-45
-44
-33
-26
-17
-30
-47
-52
-53
-59
-58
-52
-49
-43
-40
-51
-67
-68
-64
-50
-27
0
12
6
-13
-19
-18
-3
15
21
16
5
0
-21
-30
-44
-43
-47
-36
-26
-27
-29
-24
-22
-28
-33
-30
-26
-24
-16
-13
-13
-3
5
13
24
29
31
28
21
4
-14
-24
-17
-7
-7
3
-2
-2
14
36
54
57
61
46
22
-10
-31
-38
-28
-1
15
19
5
-8
-34
-44
-50
-47
-45
-43
-32
-38
-38
-30
-18
-8
-2
8
-2
-4
-11
-24
-26
-23
-10
-8
-10
-14
-15
-15
1
11
8
4
2
10
17
32
32
31
33
42
49
42
47
46
39
35
30
25
16
11
-9
-26
-29
-15
3
25
51
57
57
57
66
55
44
34
30
19
9
9
6
9
13
12
13
7
12
3
9
21
29
17
12
4
-7
-13
-17
-18
-16
-6
-8
-10
-6
14
23
26
23
20
17
0
-10
-14
-18
-19
-30
-30
-20
7
28
35
45
43
31
15
6
-5
-13
-9
-4
12
33
45
44
39
29
12
-3
-10
-1
0
-3
2
3
-1
-8
-10
-22
-27
-20
-19
-18
-23
-19
-20
-6
1
10
0
-4
-17
-38
-43
-35
-25
-18
-9
0
1
0
2
-2
-14
-24
-27
-30
-26
-21
-27
-48
-56
-61
-53
-40
-16
6
22
36
33
24
17
15
14
6
5
-7
-16
-12
4
8
14
13
9
4
-10
-19
-31
-35
-28
-24
-29
-28
-17
-2
17
25
26
18
5
6
9
22
38
48
37
24
11
-2
-1
3
22
31
36
41
29
27
26
27
24
36
31
35
33
36
37
18
3
-16
-29
-31
-24
-15
-4
1
-1
-2
2
7
-2
-20
-25
-32
-33
-25
-8
4
8
2
0
-1
-13
-18
-29
-27
-29
-35
-44
-45
-27
-18
-4
5
10
5
3
-1
-16
-17
-15
-7
-17
-28
-32
-32
-23
-11
-3
-15
-5
-3
-4
-7
-10
-6
-12
-9
-15
-15
-10
-13
-21
-37
-34
-38
-36
-34
-25
-19
-25
-20
-23
-27
-25
-20
-14
-6
5
8
16
15
9
-14
-28
-30
-21
-25
-21
-6
-3
4
0
-7
-19
-39
-42
-48
-29
-13
-3
-6
-4
2
-1
0
13
16
5
-7
-24
-24
-20
-8
-6
-18
-36
-54
-58
-45
-31
-20
-24
-17
-20
-29
-34
-28
-13
0
22
24
14
-9
-20
-17
-10
2
-4
-4
2
14
10
11
14
13
4
-19
-24
-30
-17
-1
6
2
-1
-4
-15
-13
-11
-24
-46
-67
-73
-84
-85
-71
-50
-41
-38
-45
-50
-51
-38
-35
-45
-54
-68
-87
-85
-76
-53
-32
-8
-7
-25
-51
-67
-63
-59
-36
-28
-28
-26
-23
-34
-49
-58
-54
-31
-7
22
31
16
4
-14
-26
-21
-11
-5
-5
-7
-8
-8
1
7
18
31
42
49
39
20
12
-4
0
12
15
4
-10
-22
-27
-21
0
16
22
28
26
18
17
17
9
-7
-17
-18
-8
1
17
29
37
40
36
23
18
17
10
-1
1
10
19
26
32
35
34
23
-2
-19
-29
-29
-36
-41
-35
-29
-24
-11
2
1
-2
-7
-15
-23
-33
-38
-44
-47
-47
-48
-60
-59
-54
-50
-40
-37
-42
-50
-59
-49
-40
-31
-19
-17
-17
-20
-17
-28
-25
-24
-21
-21
-26
-24
-28
-36
-42
-51
-59
-61
-59
-51
-42
-27
-26
-31
-26
-21
-19
-19
-15
-25
-25
-35
-38
-51
-49
-35
-27
-20
-17
-29
-36
-43
-33
-32
-31
-28
-30
-28
-22
-14
-18
-18
-17
-12
-17
-21
-13
-18
-30
-42
-56
-62
-49
-34
-27
-25
-34
-27
-24
-5
7
-7
-22
-32
-35
-39
-35
-32
-19
-8
8
18
13
12
-1
-19
-29
-17
0
12
29
31
43
51
63
64
75
86
94
97
105
105
101
75
72
66
67
70
75
78
75
75
56
36
14
9
-3
-5
-6
-13
-18
-25
-22
-32
-39
-41
-38
-37
-37
-29
-20
-8
5
14
20
27
22
12
3
-4
5
14
25
17
9
2
7
8
-4
-10
-23
-26
-17
-1
4
-4
0
11
17
19
14
5
-5
-17
-26
-30
-35
-26
-25
-13
1
5
-6
-18
-14
-8
2
8
12
6
5
6
-2
-5
-6
-2
-10
-7
-8
-5
-3
3
9
11
6
-3
-25
-25
-19
-2
-9
0
8
19
18
10
-3
-10
-1
-1
-3
-5
0
4
6
11
6
4
-4
-2
6
9
20
24
23
24
14
2
0
4
7
8
8
10
-1
-8
5
21
30
26
13
-4
-19
-13
6
26
24
23
8
4
-18
-38
-61
-69
-66
-72
-67
-53
-37
-22
-4
0
-7
-23
-29
-29
-36
-34
-29
-14
4
19
27
17
16
6
-10
-29
-38
-39
-42
-27
-24
-19
-16
-9
-5
-8
-6
-5
-11
-10
-3
2
13
28
37
36
20
21
9
4
1
1
4
18
31
25
20
16
16
20
25
35
41
48
47
40
31
32
42
42
38
31
13
-9
-21
-21
-12
-6
7
22
27
33
22
5
-9
-15
-17
-24
-9
12
27
42
51
47
40
43
34
23
16
22
25
15
6
-3
3
7
3
-9
-18
-21
-25
-30
-26
-4
3
21
34
43
31
16
9
-3
-1
-5
-8
-24
-31
-42
-49
-48
-36
-13
2
18
14
-1
-20
-13
-10
-12
-4
-6
-8
-23
-32
-39
-54
-53
-58
-47
-26
-9
4
-1
5
-1
-12
-15
-10
-1
8
10
0
-16
-35
-39
-45
-32
-15
-13
-23
-43
-47
-59
-61
-67
-65
-66
-67
-51
-43
-27
-15
-14
-22
-33
-40
-49
-56
-49
-49
-54
-44
-31
-19
-8
-6
-1
-9
-11
-11
-9
-15
-11
-15
-6
0
-1
-1
1
15
20
26
28
18
3
-6
-10
-7
-7
1
-2
-13
-24
-29
-32
-49
-60
-74
-81
-73
-48
-22
0
15
16
10
-8
-14
-25
-21
-8
1
6
1
5
5
14
23
23
23
14
15
13
8
12
15
14
19
13
4
1
-3
-9
-5
13
19
13
-10
-29
-41
-50
-36
-34
-28
-30
-30
-29
-42
-43
-59
23
6
-14
-33
-43
-40
-36
-31
-19
5
25
37
48
45
27
10
-13
-25
-30
-25
-15
-16
-10
-14
-19
-19
-9
15
36
62
60
41
11
-13
-34
-40
-38
-34
-33
-33
-19
-11
-10
-12
-30
-43
-50
-41
-35
-19
1
4
-6
-29
-41
-52
-47
-35
-23
-24
-22
-28
-46
-55
-56
-43
-37
-32
-26
-30
-35
-42
-52
-61
-66
-69
-72
-66
-52
-40
-38
-28
-18
-14
-12
-12
-15
-16
-14
-16
-24
-36
-47
-47
-39
-24
-10
-10
-7
2
4
4
-1
-8
-17
-16
-3
-5
-9
-9
-13
-16
-25
-27
-33
-29
-21
-16
-18
-22
-25
-33
-31
-22
-18
-17
-19
-12
-10
-1
11
17
12
10
14
14
18
18
16
7
6
5
11
17
22
20
3
3
3
9
15
13
9
-1
4
9
17
23
30
30
27
16
13
5
2
5
9
14
17
17
16
9
7
12
7
11
12
19
21
22
22
20
25
29
23
16
10
16
10
-5
-11
-19
-24
-24
-20
-15
-12
-12
-11
-24
-31
-32
-30
-22
-16
-24
-38
-48
-54
-59
-55
-48
-39
-48
-60
-63
-55
-32
-9
-4
-14
-16
-19
-20
-16
-17
-22
-30
-24
-18
-1
11
19
12
1
2
3
-4
-6
-2
5
18
29
41
37
27
23
7
5
-3
-4
-5
3
12
1
-8
-7
-2
1
1
3
0
5
17
21
13
16
24
26
25
20
15
2
-5
-9
-13
-6
4
14
21
37
50
61
66
60
47
22
19
14
16
12
21
18
21
28
32
21
4
-5
-12
-11
-13
-6
-1
-3
-2
-18
-20
-8
5
18
19
30
34
35
37
33
24
23
22
10
12
10
9
0
-5
5
6
15
19
20
12
1
-7
-13
-7
1
14
14
11
-5
-30
-41
-41
-34
-36
-32
-39
-51
-54
-50
-40
-34
-29
-34
-36
-31
-12
-1
2
-1
-9
-24
-34
-32
-23
-13
-6
-17
-36
-50
-51
-60
-57
-40
-21
-5
1
13
5
-4
-15
-19
-20
-19
-16
-25
-25
-14
0
-2
-5
-19
-42
-55
-52
-43
-27
-10
6
7
7
8
9
2
9
6
7
12
19
17
8
5
12
17
22
31
32
16
-1
-19
-30
-29
-18
-18
-22
-23
-24
-20
-11
4
5
4
13
16
18
26
42
53
66
70
68
50
27
16
1
-1
-5
-7
-5
-4
9
11
18
20
12
-6
-17
-16
-20
-9
1
9
9
14
22
31
34
32
27
15
10
9
4
6
7
1
-9
-14
-20
-25
-25
-22
-19
-24
-21
-22
-20
-17
-7
-5
-2
2
-12
-25
-40
-37
-31
-19
0
1
4
-1
1
-7
-16
-26
-29
-36
-33
-16
-1
18
29
36
33
28
22
6
2
11
18
18
11
6
-6
-11
-12
-12
-9
-9
-6
-7
5
18
30
33
37
32
26
24
30
39
43
44
37
21
7
-2
-17
-33
-39
-49
-45
-44
-35
-33
-31
-21
-22
-27
-23
-10
0
5
6
-5
-14
-24
-22
-30
-33
-37
-44
-51
-55
-56
-60
-56
-46
-34
-33
-31
-29
-39
-46
-43
-33
-29
-26
-27
-38
-43
-51
-54
-57
-53
-55
-67
-77
-81
-82
-84
-75
-80
-81
-80
-68
-59
-54
-47
-55
-73
-93
-100
-94
-84
-66
-61
-64
-73
-63
-55
-50
-39
-35
-29
-32
-28
-27
-19
-3
10
9
4
1
-8
-5
1
4
0
-6
-3
-7
3
7
-2
-24
-45
-55
-56
-43
-25
-6
0
13
19
10
7
0
5
0
6
9
17
30
39
40
33
43
53
57
59
67
73
64
48
27
20
32
58
74
80
83
69
52
34
23
12
10
24
40
51
63
70
67
60
54
42
32
21
21
19
28
36
37
24
9
13
11
17
23
26
25
14
6
-8
-11
-16
-10
-15
-14
-23
-34
-36
-29
-19
-16
-14
-20
-34
-35
-27
-18
-14
-8
-7
-12
-8
-1
3
4
11
4
-9
-17
-10
0
6
18
15
14
9
11
6
11
17
9
-7
-22
-25
-38
-48
-51
-43
-33
-28
-13
-6
5
19
29
35
41
47
43
32
28
23
20
17
13
2
-2
-9
-13
-30
-39
-40
-40
-34
-27
-21
-13
-4
-14
-29
-40
-28
-10
3
17
17
9
8
8
1
-6
-8
-7
-4
0
7
4
-6
-2
-3
3
11
25
27
25
26
21
18
14
16
20
18
26
32
33
21
11
-6
-9
1
14
29
34
34
19
15
19
23
15
9
10
13
21
28
26
13
-2
-10
-12
-8
4
13
13
16
11
10
13
32
49
44
33
10
-7
-19
-26
-26
-33
-28
-26
-27
-38
-36
-44
-42
-36
-40
-50
-60
-54
-55
-45
-24
-6
6
12
19
12
9
6
-4
-13
-19
-16
-19
-14
-17
-13
-14
-14
-11
-20
-15
-10
-2
3
8
11
3
-8
-15
-16
-15
5
15
17
0
-14
-31
-50
-51
-49
-41
-27
-23
-25
-36
-42
-51
-49
-37
-11
8
22
43
52
52
46
42
27
13
-8
-27
-47
-55
-50
-50
-47
-39
-31
-23
-22
-15
-9
0
10
4
-1
-1
12
22
30
36
40
39
44
48
46
41
31
14
-2
-10
-11
-13
-5
3
18
26
38
38
14
-10
-32
-37
-32
-11
-1
-3
-18
-17
-14
-13
-10
-19
-34
-44
-51
-59
-58
-50
-43
-39
-29
-9
-4
-3
-12
-27
-46
-68
-74
-75
-66
-56
-48
-46
-43
-31
-32
-40
-53
-63
-73
-74
-58
-52
-35
-27
-23
-26
-26
-25
-26
-22
-10
3
0
-4
-9
-13
-13
-8
4
12
22
16
-1
-12
-13
-7
-11
6
3
3
0
6
7
8
14
13
11
11
15
17
7
1
-3
-2
10
17
14
13
18
13
5
2
1
-6
-11
-8
-8
5
21
30
33
41
50
47
43
40
40
36
34
29
21
21
19
19
7
0
-5
-14
-13
-11
-3
-1
1
9
10
11
12
11
12
20
21
15
0
-3
-10
-8
-6
-8
-15
-13
-9
-5
-6
-5
-1
-10
-20
-23
-26
-25
-22
-15
-19
-19
-18
-22
-24
-19
-15
-17
-24
-21
-32
-39
-41
-40
-47
-51
-48
-55
-51
-47
-40
-40
-45
-42
-40
-29
-19
-12
-7
7
18
14
-5
-15
-16
-6
13
13
14
6
12
15
17
34
37
35
21
7
-1
-3
8
16
14
7
0
-4
-2
4
11
16
26
39
38
29
12
-7
-18
-19
-2
0
7
13
15
19
13
10
3
4
1
11
10
8
3
-8
-6
1
5
4
0
3
-8
-15
-14
-7
0
3
-5
-21
-38
-40
-38
-42
-41
-50
-58
-59
-54
-46
-43
-29
-27
-39
-56
-65
-72
-73
-72
-71
-59
-33
2
26
41
48
42
36
30
32
22
12
7
2
1
0
9
6
10
13
11
3
2
7
8
11
20
27
34
41
40
27
24
27
33
31
26
18
-5
-12
-16
-14
-15
-5
-2
-6
-12
-9
-9
-17
-18
-24
-30
-24
-22
-22
-23
-16
-2
13
18
23
13
0
-14
-14
-13
-6
1
-6
-5
2
2
-9
-27
-38
-50
-45
-32
-11
3
10
12
-6
-16
-22
-24
-24
-19
-6
-2
6
1
-15
-35
-43
-39
-25
-9
5
6
0
2
8
14
9
4
0
-1
5
12
7
2
-9
-20
-27
-27
-26
-24
-23
-21
-21
-23
-26
-27
-30
-29
-22
-26
-25
-23
-21
-22
-24
-23
-26
-28
-24
-22
-18
-20
-20
-26
-29
-27
-25
-28
-23
-14
-12
-13
-12
-10
-19
-21
-22
-22
-12
-6
10
9
7
0
-2
-1
1
10
13
26
28
20
3
-4
-2
6
22
27
16
-9
-23
-36
-38
-25
-6
5
2
-3
-13
-24
-18
-12
4
16
38
39
46
42
41
31
20
12
1
-6
-15
-19
-23
-15
5
11
10
12
9
8
8
14
8
11
15
10
10
14
17
16
11
12
10
5
3
0
-19
-28
-29
-20
-18
-7
-13
-23
-25
-9
4
15
19
16
7
-2
-3
-1
2
11
8
3
-9
-5
-2
4
20
31
34
28
19
-10
-21
-32
-41
-51
-50
-42
-35
-33
-26
-21
-18
-26
-32
-52
-56
-54
-47
-47
-44
-36
-40
-32
-22
-14
-13
-23
-27
-35
-30
-23
-23
-22
-12
-2
0
2
7
10
11
16
17
15
11
15
22
20
19
12
-1
-3
-2
3
9
18
23
21
16
19
22
25
30
24
18
10
7
-2
-10
-12
-9
-4
0
8
-3
-14
-21
-31
-30
-26
-14
-17
-26
-32
-28
-27
-16
-7
-11
-16
-22
-23
-30
-35
-47
-59
-65
-62
-50
-47
-36
-34
-40
-47
-44
-36
-33
-22
-18
-13
-6
-2
7
5
12
1
-3
-15
-22
-32
-47
-52
-57
-65
-69
-66
-61
-51
-34
-24
-20
-22
-24
-36
-43
-40
-38
-36
-36
-26
-25
-12
0
6
8
4
1
-16
-31
-37
-32
-26
-9
7
16
13
6
-2
-11
-15
-17
-24
-25
-23
-19
-16
-6
9
25
37
39
24
-1
-9
-16
-18
-16
-16
-13
-10
-1
10
18
26
30
23
9
-14
-31
-47
-43
-28
-23
-28
-37
-38
-37
-35
-23
-14
-7
0
1
-5
-13
-16
-22
-25
-30
-38
-51
-56
-52
-48
-33
-22
-14
-19
-20
-29
-36
-41
-32
-20
-10
-10
-19
-42
-56
-49
-27
-10
-1
-10
-31
-46
-48
-34
-20
5
12
12
9
8
4
1
15
18
15
12
14
14
18
37
52
60
61
58
45
41
40
35
24
13
14
20
40
59
66
52
34
21
0
-13
-22
-30
-39
-40
-43
-39
-41
-33
-27
-21
-4
10
23
39
52
64
60
54
33
15
-7
-17
-18
-18
0
9
17
15
16
13
17
30
31
22
13
13
17
32
50
67
70
70
72
68
70
67
56
41
35
31
23
16
12
11
14
18
26
19
14
11
7
4
-1
1
-10
-6
9
32
38
47
49
51
47
40
24
5
-5
-11
-10
-7
-6
-7
-13
-9
-9
-8
-7
-1
6
14
26
30
29
29
31
35
31
35
25
18
12
9
5
4
6
8
6
12
17
15
17
15
10
1
-15
-23
-30
-24
-14
-9
-13
-16
-5
-3
-4
1
4
2
2
2
-6
-6
4
6
3
-2
-5
-4
-1
6
13
11
14
13
6
3
2
4
-5
7
8
18
14
6
-4
-20
-20
-23
-24
-25
-22
-21
-14
0
4
7
12
20
23
19
17
14
5
-1
-1
-8
-16
-22
-34
-41
-36
-24
-21
-14
-4
12
25
39
41
31
20
17
16
15
12
12
-6
-7
-2
6
0
-9
-26
-38
-37
-32
-30
-27
-17
-8
0
8
12
20
15
13
-4
-14
-27
-24
-22
-25
-24
-26
-21
-16
-4
-12
-15
-17
-22
-27
-29
-16
-6
2
2
-1
-17
-28
-25
-26
-27
-30
-37
-47
-55
-49
-48
-38
-30
-20
-14
-5
5
2
7
10
10
-5
-24
-36
-48
-48
-33
-15
5
12
8
0
-8
-12
-13
-20
-19
-24
-26
-25
-14
-8
-13
-13
-20
-33
-30
-8
20
31
32
11
-7
-17
-17
-20
-19
-13
-22
-26
-24
-6
5
12
6
1
-8
-12
-8
-12
-15
-17
-24
-31
-33
-32
-29
-24
-19
-27
-43
-55
-51
-35
-13
14
31
23
13
1
-18
-18
-18
-15
-22
-27
-32
-36
-39
-39
-33
-27
-19
-21
-29
-38
-41
-49
-55
-59
-63
-67
-74
-62
-48
-32
-16
-12
-12
-17
-17
-26
-25
-19
-13
-7
-9
-19
-44
-50
-49
-36
-18
-7
9
11
6
-8
-25
-39
-38
-26
-11
7
15
16
3
-1
14
13
17
5
-2
-23
-28
-24
-21
-11
-7
-15
-36
-49
-56
-59
-48
-27
-8
1
2
-12
-22
-26
-16
-3
8
15
9
-2
-11
-9
-5
5
18
11
1
3
4
8
9
10
9
11
8
19
16
20
25
23
13
10
11
20
26
33
36
40
39
39
22
12
13
19
14
0
-6
-16
-6
2
12
6
6
6
-5
-10
-14
-4
9
34
49
57
61
63
62
58
55
42
28
12
3
-11
-24
-25
-26
-23
-10
5
19
29
34
29
21
12
16
8
4
3
7
10
10
11
3
5
15
18
14
4
3
-7
-16
-20
-23
-19
-13
10
7
12
8
2
-4
-2
1
1
4
9
12
4
-5
-23
-45
-52
-43
-24
-10
1
9
12
22
30
33
22
17
1
-13
-19
-21
-29
-37
-42
-54
-60
-46
-19
12
29
38
34
25
17
9
-11
-21
-26
-18
-10
9
35
45
46
47
36
22
0
-15
-28
-28
-28
-24
-27
-16
3
14
14
11
5
-7
-11
-21
-36
-45
-51
-46
-41
-27
-23
-20
-17
-9
7
13
16
10
-3
-12
-28
-37
-52
-44
-37
-30
-18
0
13
18
24
25
21
17
18
7
10
19
31
36
37
43
35
42
53
65
69
61
61
54
53
52
51
56
62
71
68
63
61
59
58
66
73
65
50
32
14
5
1
3
-16
-33
-52
-57
-52
-25
-3
7
7
1
-15
-29
-20
-6
13
12
5
-9
-14
-4
9
11
-1
-12
-26
-32
-34
-32
-42
-40
-34
-26
-15
-13
-6
-1
1
5
-7
-15
-28
-35
-36
-26
-21
-27
-25
-25
-20
-25
-27
-26
-28
-26
-12
2
7
11
9
9
6
2
-7
-25
-29
-30
-34
-40
-41
-43
-61
-70
-87
-99
-98
-93
-91
-89
-75
-63
-49
-37
-23
-18
-11
-7
-13
-28
-41
-31
-24
-13
-6
-12
-26
-39
-44
-56
-52
-39
-20
-9
-2
1
-4
-12
-9
-3
8
19
24
11
7
4
3
-1
-6
-7
-20
-32
-44
-49
-53
-42
-26
-16
-11
-7
-5
-10
-10
-15
-23
-28
-29
-20
-13
4
13
3
-3
-2
3
14
30
38
41
31
13
-9
-33
-38
-38
-30
-25
-24
-34
-39
-42
-37
-34
-37
-36
-47
-50
-43
-35
-25
-14
-1
4
5
1
-8
-23
-26
-21
-18
-11
-7
-9
-17
-14
-2
13
33
41
37
20
9
-1
-3
5
11
15
5
1
-2
1
7
25
41
48
44
33
20
17
24
25
18
14
5
6
16
34
34
28
15
-3
-13
-21
-10
-14
-9
-4
6
18
28
37
29
24
23
20
5
-12
-20
-27
-21
-18
-15
-20
-13
-8
-11
-17
-27
-36
-52
-57
-55
-47
-32
-19
-12
-15
-23
-32
-38
-38
-33
-30
-37
-31
-35
-41
-49
-49
-48
-53
-55
-58
-61
-53
-41
-30
-25
-18
-21
-31
-43
-44
-34
-11
10
8
-15
-41
-52
-54
-47
-44
-40
-42
-43
-38
-42
-42
-34
-26
-22
-22
-30
-54
-70
-68
-52
-35
-21
-9
-11
-14
-23
-33
-35
-24
-8
0
-6
-19
-30
-40
-34
-28
-24
-20
-19
-23
-38
-45
-50
-49
-36
-19
-5
1
1
-13
-27
-31
-22
-12
-14
-16
-34
-46
-50
-32
-19
0
15
23
22
13
15
29
53
74
66
32
-16
-60
-91
-93
-63
-15
28
50
52
27
9
6
14
18
29
31
22
7
-11
-20
-25
-9
13
38
56
58
40
0
-26
-48
-55
-46
-28
-20
-26
-33
-43
-50
-45
-30
-22
-21
-21
-24
-30
-34
-29
-24
-10
7
11
6
-11
-18
-28
-30
-28
-30
-37
-38
-34
-35
-26
-14
-8
-9
-21
-25
-40
-36
-24
-9
-7
-3
3
-4
-8
-11
-5
-1
9
11
6
-1
-4
-3
0
13
25
30
33
29
27
25
36
37
29
17
8
0
-3
14
32
43
49
52
49
36
31
17
11
10
19
19
8
3
-2
-1
2
16
14
14
14
11
3
-1
3
-5
-5
-8
-9
-11
-10
-3
-2
0
3
3
-9
-28
-42
-52
-51
-44
-39
-34
-13
9
22
33
35
36
38
49
50
37
23
16
17
14
17
12
-1
-12
-13
-13
-17
-14
-16
-22
-33
-36
-40
-25
-4
20
37
47
51
51
52
64
64
53
31
19
-6
-17
-27
-32
-32
-25
-9
2
22
42
59
64
62
49
27
8
-1
-8
-16
-12
-2
6
21
38
51
58
65
64
51
37
26
13
0
8
17
28
34
40
44
39
39
35
28
26
33
35
32
32
15
9
5
7
8
-5
-8
-23
-29
-30
-21
-21
-25
-24
-31
-32
-33
-19
-14
-6
8
10
11
7
11
6
0
3
7
9
17
21
9
1
-2
0
0
2
4
-1
-5
0
5
18
34
51
50
44
38
40
45
60
68
67
64
61
55
44
38
22
9
4
14
29
38
48
48
45
43
46
47
47
50
44
28
12
2
-3
-2
15
24
26
19
14
4
-2
-3
-4
-4
-1
12
10
13
7
-4
-11
-9
-6
-13
-19
-20
-15
-14
-12
-13
-17
-13
-16
-28
-47
-51
-46
-40
-36
-31
-26
-31
-26
-24
-25
-28
-31
-27
-24
-9
-9
-11
-15
-12
-17
-16
-17
-20
-22
-20
-11
-8
-9
-6
-11
-15
-22
-26
-33
-32
-25
-16
-7
5
24
22
25
32
36
30
16
5
-14
-18
-20
-20
-25
-29
-14
-16
-13
-21
-26
-27
-16
0
4
9
-1
-9
-24
-29
-31
-23
-6
5
8
-6
-15
-22
-26
-24
-12
-6
-10
-9
-20
-23
-14
-1
15
18
17
-4
-35
-69
-85
-94
-93
-79
-68
-66
-71
-64
-55
-34
-12
1
-3
-19
-24
-34
-33
-31
-29
-33
-36
-30
-31
-19
-14
-11
-19
-32
-37
-47
-45
-38
-34
-42
-47
-54
-62
-59
-53
-41
-40
-33
-45
-63
-82
-95
-98
-99
-82
-76
-68
-57
-39
-22
-16
-7
-7
-15
-20
-18
-31
-46
-54
-60
-60
-53
-46
-42
-40
-36
-31
-27
-24
-18
-24
-22
-24
-27
-39
-48
-44
-39
-22
-7
1
0
-4
-3
-2
-1
-5
1
-9
-20
-31
-42
-32
-15
1
0
-11
-25
-41
-45
-37
-28
-29
-27
-23
-26
-28
-26
-17
-6
11
15
2
-13
-28
-29
-25
-10
-8
-2
-3
2
-1
0
16
26
40
39
44
36
34
34
36
33
35
37
26
18
5
-11
-18
-20
-7
-3
0
6
5
2
9
27
39
50
50
46
40
39
40
37
30
33
39
34
33
17
10
4
2
4
-1
4
5
8
10
23
27
34
42
47
51
57
64
58
40
36
33
47
56
68
61
50
40
37
35
34
18
-2
-20
-23
-19
-13
-1
14
10
8
2
-3
-11
-13
-11
-10
-5
4
21
34
45
41
15
-21
-45
-49
-43
-24
-14
-14
-21
-25
-21
-18
-2
-7
-26
-48
-54
-46
-38
-22
-14
-2
12
21
15
-10
-32
-53
-67
-64
-50
-24
-4
20
25
24
19
22
20
26
36
42
39
35
33
34
43
56
64
58
41
27
10
11
11
24
38
55
71
61
42
25
17
14
30
48
51
53
43
36
19
13
16
18
3
-8
-16
-25
-17
-8
0
10
9
17
17
26
28
26
27
37
39
41
45
34
17
1
-12
-13
-12
-15
-22
-29
-36
-40
-49
-50
-39
-35
-35
-44
-45
-54
-49
-34
-12
0
7
18
6
6
12
8
-1
-24
-46
-68
-76
-66
-54
-44
-39
-27
-23
-17
-9
-11
-17
-29
-30
-22
-9
5
15
12
15
11
16
20
20
5
-19
-23
-27
-27
-26
-24
-27
-29
-20
-14
-1
6
7
-6
-23
-30
-32
-32
-37
-30
-34
-32
-25
-25
-24
-27
-21
-25
-25
-24
-18
-11
-3
1
-1
2
3
-3
-14
-28
-28
-24
-2
16
30
27
24
17
-1
-16
-26
-27
-32
-23
-15
-16
-16
-17
-19
-26
-27
-28
-33
-35
-30
-23
-20
-6
-13
-17
-15
-7
2
6
12
7
2
-7
-7
-12
-17
-10
1
6
9
1
-15
-24
-32
-36
-40
-43
-33
-34
-28
-29
-32
-42
-44
-38
-36
-28
-25
-26
-32
-38
-41
-53
-61
-67
-57
-50
-36
-30
-35
-40
-47
-59
-77
-75
-77
-77
-78
-76
-68
-65
-57
-56
-52
-49
-38
-33
-42
-49
-60
-69
-71
-58
-37
-13
14
22
24
18
17
16
18
18
10
1
-5
0
-1
8
20
33
42
42
38
17
-3
-17
-26
-37
-34
-26
-25
-27
-34
-30
-35
-31
-19
-11
5
15
22
17
12
2
-14
-22
-26
-26
-28
-15
-3
9
18
17
6
-17
-33
-53
-63
-63
-47
-31
-17
4
10
8
-1
1
-3
-13
-25
-54
-84
-105
-110
-109
-101
-88
-72
-56
-44
-36
-42
-42
-37
-27
-19
-8
2
-9
-27
-46
-52
-45
-33
-16
-12
-13
-17
-32
-51
-60
-51
-46
-32
-22
-15
-14
-16
-12
-16
-15
-11
-8
-10
-6
-5
-1
0
-5
-6
-19
-24
-39
-44
-49
-40
-32
-25
-16
-9
-8
-8
-1
3
11
23
22
22
16
19
27
36
44
35
31
27
36
25
9
-2
-8
-6
1
14
13
21
27
34
31
30
42
47
53
53
42
30
27
30
33
38
43
38
22
7
-7
-12
-7
2
19
24
32
31
26
22
28
31
37
52
52
44
31
24
15
4
7
9
20
27
40
34
24
15
7
6
18
34
40
40
39
29
23
20
26
32
35
30
23
12
3
3
1
11
18
18
16
14
26
29
29
25
27
21
24
24
21
31
45
56
51
32
14
3
-3
5
16
18
29
36
39
35
29
27
20
31
38
41
29
10
-15
-29
-23
-13
13
43
79
94
99
97
85
70
62
62
59
49
32
6
-20
-39
-40
-41
-28
-11
-3
-3
-11
-12
-20
-18
-14
-12
-25
-29
-36
-41
-39
-32
-20
-15
-4
0
-5
-9
-20
-24
-24
-13
-5
-13
-35
-52
-61
-61
-41
-21
-5
4
8
3
-14
-18
-25
-19
-9
8
21
22
28
15
-2
-15
-13
-12
-1
14
24
27
24
28
26
38
53
61
55
40
34
27
31
30
28
22
26
-88
-40
-13
43
69
55
12
7
28
39
19
-13
-28
-35
-18
2
24
36
25
23
20
49
60
42
14
-3
9
21
22
11
10
23
43
80
96
89
84
74
92
118
97
69
50
55
41
32
21
28
31
30
7
-19
-4
8
19
-6
-9
-17
-5
18
38
54
44
42
20
32
46
58
41
25
10
21
15
35
35
47
68
58
71
46
39
18
18
22
21
50
47
71
51
46
34
42
33
1
-17
-14
-1
13
25
29
25
-1
-22
-34
-43
-45
-48
-39
-22
10
21
-5
-40
-75
-86
-75
-34
-19
-12
-27
-22
-14
-36
-31
-16
14
40
33
8
7
-5
-13
6
8
25
-2
-16
-69
-97
-99
-65
-33
-61
-84
-84
-46
-4
1
-25
-64
-58
-33
-26
-32
-43
-46
-33
-27
-6
9
25
37
36
22
-12
4
21
57
82
67
41
-2
-21
-22
-3
23
-2
-21
-32
-23
5
18
40
34
29
22
41
59
74
95
100
64
4
-39
-55
-6
33
50
47
20
4
1
24
57
83
80
84
88
112
92
79
37
32
45
57
83
105
136
141
126
79
41
18
10
41
49
31
8
19
39
51
30
-21
-44
-39
-12
4
-11
5
9
22
8
-25
-41
-30
-12
12
8
26
20
10
7
-17
4
7
15
-2
0
7
31
68
85
87
49
14
1
-2
22
62
51
0
-58
-61
1
49
76
91
55
9
-48
-53
-31
3
22
6
-32
-43
-13
-1
7
-15
-19
-45
-40
-43
-29
-10
20
31
44
20
-17
-45
-38
3
39
45
29
-21
-54
-73
-61
-18
10
21
7
-26
-39
-38
-28
-1
8
-19
-58
-90
-82
-57
-30
-2
-3
-7
-9
5
10
3
14
-7
-26
-56
-80
-82
-56
18
41
45
-3
-23
-24
-10
-9
-13
-18
-9
15
16
4
-30
-35
-42
-24
-8
-7
-21
-9
1
25
55
36
21
4
16
33
34
23
-6
17
52
93
117
95
73
52
50
62
65
83
72
84
82
94
103
103
77
76
96
116
104
96
95
104
85
102
78
51
23
-12
-30
-11
15
32
24
16
11
4
-8
-13
-17
-2
5
10
-8
-9
18
54
86
105
92
76
40
41
42
82
93
86
46
-6
-26
-19
35
91
95
65
18
-7
-14
14
40
49
49
18
33
31
38
11
-3
-29
-20
15
20
20
20
26
58
88
99
74
31
33
55
69
58
35
36
36
54
51
43
23
14
16
-1
2
-11
-5
12
24
36
51
37
19
-14
-43
-47
-36
-18
20
10
26
32
19
-15
-35
-25
19
58
83
80
41
23
15
17
17
22
3
0
-13
-12
-20
-18
11
15
19
6
10
11
-2
11
27
69
80
53
26
15
17
43
46
68
75
62
28
10
25
59
126
152
145
117
68
33
9
17
26
24
15
26
33
12
10
-20
-38
-30
-27
4
29
14
-3
-34
-29
30
72
62
36
3
18
27
49
23
16
-12
-26
-22
19
39
33
10
10
21
18
5
-11
-5
10
36
47
36
8
0
-25
-16
-7
34
44
33
-15
-67
-77
-62
-30
22
49
38
-15
-35
-23
-3
3
-17
-41
-70
-52
-15
9
10
8
6
9
-2
4
10
30
44
35
25
34
86
113
122
89
46
12
16
-7
-20
-20
-7
26
22
11
-8
-61
-64
-56
-15
9
30
48
32
23
14
18
40
71
92
96
73
65
78
91
89
69
29
7
11
15
8
0
-34
-73
-94
-87
-46
-19
-38
-74
-101
-61
-16
7
29
51
64
22
-25
-48
-64
-36
-33
-23
-33
-12
-8
-20
-45
-66
-63
-61
-65
-56
-49
-21
-21
-41
-51
-26
1
2
-30
-18
18
47
50
33
13
15
10
4
3
-9
-24
-48
-56
-38
-2
-12
-2
-5
4
12
-15
-65
-104
-125
-117
-120
-145
-178
-209
-205
-183
-157
-168
-194
-195
-177
-136
-92
-55
-38
-30
9
19
71
96
90
60
42
34
25
17
12
42
62
50
26
3
13
53
54
57
67
84
89
69
61
62
77
107
98
92
79
84
90
99
78
51
24
32
39
59
19
-21
-48
-53
-28
-8
5
-1
8
22
33
26
23
14
1
-8
-24
-16
-8
17
24
41
9
-15
-44
-32
13
35
45
26
26
16
6
-18
-36
-33
-19
-28
-35
-18
28
45
40
16
0
-18
-19
-21
-29
-42
-56
-69
-49
-50
-59
-63
-40
-15
-7
-45
-69
-90
-89
-43
-19
2
-4
15
3
-1
-15
-20
-24
-32
-25
-18
-43
-81
-112
-110
-83
-46
-17
8
0
-14
-42
-58
-63
-69
-85
-108
-100
-65
-34
3
-10
-28
-39
-29
-32
-42
-64
-70
-64
-32
-8
-12
-14
-18
-6
16
33
28
4
-18
0
19
-1
-15
-22
-21
29
29
42
21
16
30
56
72
63
46
6
31
40
35
18
-30
-19
4
47
57
76
73
65
51
18
32
42
43
52
61
58
34
-7
-44
-48
-27
6
21
6
5
6
14
17
11
16
1
-4
-6
-29
-50
-46
-49
-5
20
54
19
7
-39
-33
-36
-24
-36
-45
-36
-30
-46
-53
-61
-82
-78
-61
-11
4
3
-10
-17
-16
-8
22
18
31
28
27
41
58
67
43
33
-23
-28
-13
44
82
86
70
67
49
49
35
51
42
55
26
14
15
36
90
111
138
124
87
53
37
68
55
33
-12
-45
-36
-3
23
37
23
46
29
34
14
17
21
52
47
43
45
12
-2
-46
-26
-17
-7
31
55
50
15
-15
0
17
42
20
-21
-36
-23
-3
12
-25
-29
-18
8
42
40
29
30
57
78
92
62
31
-9
8
21
8
-10
-37
-3
25
34
10
-28
-37
-19
9
32
45
38
-3
-7
-5
14
45
38
7
-26
-29
14
39
18
-10
-42
-44
-7
44
77
45
11
-8
4
30
45
24
13
14
22
25
3
-23
-49
-39
-30
-14
-24
-34
-15
6
32
30
22
2
6
32
32
34
6
-23
-70
-98
-99
-60
-62
-55
-94
-99
-104
-94
-88
-66
-40
-19
-12
-24
-31
-52
-42
-37
-16
-25
-53
-78
-66
-9
25
2
-66
-116
-147
-121
-123
-115
-132
-146
-123
-131
-152
-154
-146
-107
-77
-76
-43
-58
-68
-72
-93
-71
-51
-39
-29
-54
-61
-68
-38
-26
-34
-81
-123
-94
-72
-30
-31
-42
-61
-29
4
4
-17
-62
-94
-83
-40
-23
-27
-67
-67
-71
-79
-90
-104
-76
-60
-35
-38
-76
-106
-106
-82
-47
-21
-29
-66
-79
-85
-78
-61
-31
-29
-24
-26
-23
-28
-40
-68
-74
-60
-44
-35
-28
-62
-57
-42
-22
9
-3
-29
-40
-41
-46
-9
-12
-22
-70
-85
-94
-87
-83
-37
-5
-5
-9
-22
-35
-46
-57
-63
-89
-115
-139
-97
-65
-5
12
13
-11
-31
-17
11
21
13
5
27
21
29
32
42
50
30
27
39
39
37
26
3
3
1
1
-10
-33
-37
-35
4
51
57
33
-5
-2
13
24
7
-22
-44
-33
-2
32
49
53
56
60
116
128
108
67
49
43
37
35
14
2
6
32
37
36
27
27
42
43
32
33
17
17
28
39
31
25
0
1
34
69
60
29
-24
-44
-11
29
48
8
-12
-21
-19
-3
14
35
13
-11
-44
-27
6
18
19
57
96
107
57
14
-2
-6
-7
2
22
36
39
42
42
17
0
-9
3
4
36
13
-5
-25
-26
-7
17
25
18
8
7
-12
-15
-32
-14
20
42
75
46
0
-18
-21
13
19
26
14
-2
-28
-31
-3
43
60
37
-3
-17
-19
-27
-34
-22
8
46
55
31
-11
-12
15
44
68
64
45
10
-9
11
6
12
22
41
63
78
88
105
108
106
93
76
68
41
22
11
25
51
56
46
39
15
24
69
102
97
60
35
57
91
113
116
107
83
73
29
21
20
41
68
83
94
105
106
120
92
69
34
24
-1
-5
17
50
92
138
158
148
115
91
82
94
80
67
37
24
25
38
56
114
125
135
132
102
54
-6
-49
-58
-38
-8
17
25
11
-1
19
52
85
102
101
58
23
-21
-47
-33
-8
21
41
59
68
51
30
5
-13
-20
8
46
90
108
108
79
56
40
54
63
52
35
5
-5
-7
-22
-43
-48
-15
17
63
72
58
40
16
14
2
10
24
62
54
60
48
59
55
72
52
38
32
16
-19
-35
-39
-13
-4
17
31
49
70
83
72
62
54
41
25
1
-8
0
18
41
40
22
4
-12
-1
19
52
48
30
10
13
35
59
82
102
98
89
51
17
-24
-9
-8
-7
-16
-24
-13
-18
-12
-17
-30
-47
-57
-99
-93
-89
-45
5
37
68
59
57
37
24
-1
-12
-27
-45
-40
-34
-28
-37
-36
-16
-4
13
-2
-31
-65
-56
-41
-11
-12
-7
-20
-10
-8
-8
-25
-50
-43
-40
-42
-39
-50
-42
-34
-20
-15
-26
-34
-42
-41
-54
-59
-63
-56
-33
-15
-10
-25
-30
-11
17
61
63
35
17
-9
-20
-22
-3
21
35
21
-7
-32
-51
-41
-48
-76
-73
-80
-54
-47
-33
-28
-19
7
27
54
86
80
40
2
-9
1
5
-40
-51
-54
-24
18
30
12
-14
-62
-94
-108
-52
-33
-42
-38
-29
-22
-15
-23
-41
-28
-25
-43
-43
-29
0
23
19
21
23
17
12
-10
-15
-3
3
-20
-48
-55
-63
-50
-16
44
92
91
79
65
48
27
3
6
29
38
26
-5
5
29
65
96
125
129
104
49
17
4
19
36
25
-3
-22
-25
-24
-23
-33
-59
-85
-116
-108
-89
-34
22
42
18
-2
-9
-4
3
-6
-33
-53
-78
-97
-98
-69
-22
10
17
27
20
10
-3
-25
-47
-66
-69
-29
-5
-1
7
-2
24
38
31
8
-17
-14
8
35
57
61
29
19
4
-2
5
8
-24
-79
-120
-116
-90
-34
26
85
112
83
44
0
7
21
41
25
5
-15
-35
-2
29
58
65
64
80
86
69
53
13
-21
-26
0
39
58
41
30
39
71
84
65
37
17
28
49
49
44
36
64
87
86
50
27
33
51
59
48
20
0
11
32
41
37
37
38
11
-17
-43
-39
-20
12
37
39
34
3
-29
-34
-28
-34
-30
-26
-16
-13
-3
-19
-30
-11
23
44
40
20
15
21
1
-30
-57
-58
-49
-49
-82
-98
-99
-75
-66
-24
-23
-22
-20
-31
-20
-33
-31
-29
-41
-21
-5
18
33
26
-10
-49
-79
-69
-34
7
54
59
21
-12
-24
-7
2
21
0
4
-18
-27
-22
-13
-3
-11
-36
-31
-13
-10
-21
-31
-42
-26
-12
22
49
62
72
57
32
21
-13
-24
-31
3
24
24
35
30
37
26
39
66
98
113
98
82
63
43
32
40
45
29
2
-24
-42
-58
-41
10
71
102
106
95
51
28
6
18
10
25
33
44
68
103
102
83
36
22
-4
10
-10
6
-17
-29
-43
-56
-45
-29
-20
5
15
3
-29
-55
-51
-29
-16
-7
-7
-30
-18
-15
10
-3
-6
-41
-34
-26
11
44
52
83
85
83
56
33
-1
-31
-34
-41
-51
-59
-74
-75
-47
0
30
35
6
-17
-44
-37
-36
-34
-32
-12
8
17
20
15
13
-26
-57
-54
-64
-43
-48
-48
-71
-84
-59
-42
-26
-26
-20
-2
25
16
-14
-40
-25
0
19
12
-11
-3
-5
16
22
19
33
45
46
51
77
62
46
14
6
16
24
14
-27
-61
-63
-38
-12
13
24
21
21
-17
-52
-73
-59
-8
17
28
20
-1
-16
-18
-22
-6
-1
17
26
31
41
65
63
80
84
70
56
16
0
-12
-8
32
69
87
99
80
50
17
3
-1
10
25
46
56
72
69
51
22
7
5
5
13
9
1
1
14
30
29
26
23
27
9
20
1
4
-17
-13
-11
-2
-25
-46
-67
-59
-27
10
19
17
20
6
1
-11
-27
-30
-18
-22
-14
-3
11
38
52
50
26
-11
-54
-73
-89
-86
-79
-78
-56
-51
-57
-65
-52
-16
-1
3
-16
-30
-47
-74
-87
-73
-56
-25
-10
-19
-45
-53
-62
-55
-54
-50
-25
-10
-16
-38
-63
-55
-24
20
39
46
23
13
25
43
57
49
25
-5
-24
-34
-47
-68
-58
-13
27
54
58
48
39
33
31
21
12
6
9
8
21
32
53
63
51
23
5
-4
-16
-18
-22
8
4
-32
-63
-80
-71
-51
-1
27
50
31
-7
-36
-50
-24
-16
-32
-36
-46
-31
-22
-2
-14
-34
-44
-29
-32
-38
-52
-75
-76
-70
-77
-69
-59
-31
-3
27
33
21
11
-9
-8
-30
-50
-58
-69
-65
-15
19
43
39
41
57
88
109
120
98
58
35
30
34
44
37
41
65
67
52
23
15
-1
-21
-36
-51
-41
-41
-25
-35
-40
-34
-16
-12
-5
-17
-31
-40
-51
-47
-53
-52
-62
-87
-108
-87
-64
-38
-31
-47
-67
-84
-85
-50
-50
-52
-80
-90
-105
-107
-108
-114
-94
-91
-92
-100
-89
-45
-5
22
8
-25
-68
-68
-55
-20
-3
-11
-36
-53
-36
-28
-26
-33
-54
-57
-47
-41
-62
-102
-134
-96
-57
-31
-25
-45
-54
-63
-50
-25
-2
10
-8
-3
2
4
-8
-5
18
40
40
9
-11
-48
-47
-38
-20
-36
-59
-90
-83
-41
-11
13
-9
-6
2
17
31
19
-12
-49
-53
-62
-65
-68
-66
-56
-35
-11
-8
-13
-35
-37
-23
-9
6
11
7
5
10
17
20
17
-4
-34
-47
-37
-23
-7
-8
-9
-19
-8
15
47
59
60
58
34
-3
-43
-71
-64
-54
-67
-115
-158
-179
-197
-196
-203
-223
-221
-210
-179
-144
-120
-97
-91
-86
-76
-28
19
74
76
47
4
4
33
59
60
27
-6
-19
-1
35
56
76
91
107
139
132
114
85
88
84
81
48
37
54
56
59
53
40
50
62
82
87
99
101
101
104
118
131
139
117
77
46
36
72
98
108
110
98
98
107
119
113
73
45
28
17
26
11
14
26
33
28
14
21
39
61
54
42
17
13
17
29
44
23
12
-14
-43
-47
-28
-26
-31
1
36
69
91
110
93
52
17
7
45
64
56
29
0
-7
-21
-22
-24
-7
6
27
31
44
56
75
84
69
50
41
44
35
27
27
27
28
27
-4
-29
-24
9
25
8
-3
-12
1
28
45
44
53
72
98
86
70
35
24
20
25
20
18
30
33
28
11
5
6
17
38
44
41
31
17
5
25
63
99
113
104
107
97
92
78
84
96
107
134
128
113
81
34
3
-8
-8
16
16
16
6
3
19
35
39
62
89
123
120
93
85
74
81
84
57
68
108
136
142
119
108
119
110
129
140
134
101
54
4
-11
3
28
61
84
108
130
154
153
119
82
58
64
65
65
54
28
14
-5
9
0
-15
-8
-17
-37
-56
-69
-60
-48
-35
-56
-61
-80
-83
-73
-44
7
32
27
-12
-37
-49
-58
-47
-41
-67
-74
-75
-32
38
91
119
108
98
49
-7
-21
-50
-33
-36
-56
-75
-86
-83
-66
-67
-74
-56
-15
28
65
65
67
57
65
63
50
28
14
-17
-30
-27
-11
24
61
81
89
92
95
56
10
-5
-6
4
-11
-6
55
86
88
61
39
55
65
55
30
31
42
52
75
87
99
91
84
75
57
39
31
19
24
26
24
3
6
21
18
6
4
16
26
37
50
64
63
71
77
83
80
46
18
-20
-22
-4
2
27
22
29
37
49
48
27
13
-7
-20
-47
-48
-32
-20
-9
-7
15
36
30
9
-21
-22
-23
-22
-30
-35
-47
-42
-17
9
36
46
64
54
29
9
4
9
14
14
13
34
55
59
36
32
47
48
44
10
1
-12
-20
-17
-2
14
19
-12
-29
-43
3
31
59
77
67
65
30
20
-20
-13
-5
-5
0
29
39
62
50
39
21
-5
-10
4
8
5
-19
-37
-47
-42
-39
-27
-24
-9
-20
-14
21
24
23
7
9
22
0
-27
-46
-37
-16
15
29
22
7
-11
-40
-44
-35
-13
8
16
1
-30
-31
-25
-13
9
46
52
32
-7
-28
-37
-12
-7
-29
-59
-54
-39
-25
-41
-46
-21
-6
24
34
35
22
-15
-43
-46
-17
22
40
34
12
-23
-24
-13
-11
-6
3
7
20
-2
8
17
25
9
-7
-7
6
16
6
-13
-7
-13
-15
-38
-50
-63
-70
-65
-43
-13
18
26
5
-37
-75
-104
-107
-100
-77
-40
3
64
116
130
130
103
68
43
29
14
-11
-16
-12
-6
5
14
40
48
48
32
23
6
3
-15
-43
-65
-46
-22
-16
-9
-5
25
57
88
80
53
24
5
-4
4
14
16
7
7
24
42
55
52
47
29
31
21
28
10
10
-18
-26
-18
-35
-34
-27
0
12
0
-4
-4
3
18
29
24
21
9
-10
-24
-18
10
23
28
10
-9
6
1
6
-16
-34
-28
-28
-38
-54
-66
-62
-55
-56
-49
-32
-13
-22
-41
-48
-31
-29
-65
-76
-80
-72
-69
-50
-41
-20
-5
-11
-23
-18
-5
4
-14
-24
-34
-23
-2
14
2
-33
-67
-74
-65
-62
-57
-53
-30
-12
-5
-25
-22
-28
-44
-63
-50
-46
-47
-67
-61
-54
-47
-45
-51
-58
-52
-22
-38
-58
-89
-96
-69
-54
-45
-46
-49
-57
-68
-57
-30
-7
-5
-26
-50
-69
-66
-21
6
26
23
29
35
28
17
-1
-21
-39
-46
-57
-80
-87
-101
-107
-99
-87
-67
-27
-20
2
0
5
-3
-1
3
22
11
-7
-17
-17
-21
-7
13
16
-26
-83
-110
-119
-71
-37
-12
-11
-10
15
58
81
72
49
35
46
84
78
61
34
4
8
22
41
48
45
30
31
14
6
-26
-67
-91
-85
-77
-70
-57
-34
-19
-7
-12
-41
-74
-86
-79
-59
-38
-27
-30
-31
-26
-37
-67
-100
-107
-102
-77
-48
-37
-31
-29
-1
28
59
57
34
-13
-59
-77
-88
-83
-63
-38
-12
17
30
21
1
-6
-22
-12
5
8
-11
-52
-89
-97
-68
-13
21
5
-15
-9
27
59
63
44
24
20
17
4
-10
-11
-8
0
0
18
24
37
47
43
57
82
117
112
101
89
69
55
35
25
23
33
45
69
60
30
6
-14
-12
8
14
28
27
26
-4
11
46
100
117
121
75
35
-21
-15
12
53
91
74
37
15
49
78
114
121
96
64
33
26
30
33
52
60
59
55
38
51
59
70
77
61
92
104
111
68
35
17
12
39
49
59
50
33
-9
-32
-30
5
24
21
21
27
29
29
-1
-22
-43
-36
-36
-14
-5
4
-10
-19
-21
9
40
66
65
43
15
-8
-29
-35
-27
-9
-19
-45
-64
-53
-36
-12
-1
13
28
42
29
10
8
-5
4
-4
11
10
-5
-30
-56
-59
-62
-49
-45
-49
-75
-114
-124
-102
-61
-62
-74
-84
-90
-80
-56
-22
-11
-17
-45
-48
-38
-16
1
18
23
42
42
51
49
60
63
72
64
35
-6
-33
-41
-39
-14
1
23
5
4
13
19
16
14
21
17
35
17
-4
-28
-28
-19
-13
-16
-24
-10
-1
-5
-14
-27
-10
-8
-1
8
22
26
11
8
5
10
21
44
53
65
78
73
68
27
-3
-29
-38
-21
-5
12
4
-7
-19
-37
-28
-13
7
20
14
1
-3
-23
-28
-33
17
55
63
41
24
21
22
15
-11
-42
-55
-43
-30
-31
-20
-11
0
41
58
78
86
107
115
104
57
14
-27
-40
-38
-37
-56
-65
-55
-22
12
24
27
21
7
2
1
0
-7
-32
-32
-9
13
12
0
12
35
36
38
33
63
74
91
74
75
86
81
47
37
43
79
85
63
21
-7
-13
-25
-24
-22
1
8
11
7
17
28
40
61
70
74
71
55
39
9
-7
-7
9
34
40
29
9
18
53
81
83
96
87
80
50
15
3
4
3
-34
-41
-47
-48
-48
-43
-11
25
63
76
91
60
33
-11
-53
-69
-64
-41
-26
-8
-9
-17
-17
-16
-4
0
3
-1
-26
-44
-51
-38
-10
-4
-21
-53
-65
-57
-22
5
39
42
31
10
21
27
47
82
85
78
58
39
3
-20
-26
-17
-1
9
18
18
36
45
58
62
65
61
32
9
11
33
53
66
30
-13
-42
-35
-14
4
9
13
13
-4
-10
-5
2
29
25
14
-5
-18
-2
3
26
31
40
53
58
45
44
69
87
101
98
95
56
17
-16
-29
-25
-35
-30
-50
-74
-77
-52
-5
41
53
22
5
18
45
52
24
-28
-77
-95
-81
-39
-7
12
22
13
19
32
34
43
51
65
69
69
81
75
60
42
26
16
9
3
10
13
31
40
20
-16
-41
-46
-22
-18
-33
-80
-113
-102
-50
-16
5
-9
-28
-32
-25
-18
-7
-4
17
3
-14
-38
-63
-67
-57
-59
-43
-44
-29
-32
-30
-18
-44
-66
-72
-47
-26
-10
16
37
61
61
50
34
32
21
2
-8
-20
-30
-29
-27
-12
-1
1
-2
-21
-51
-58
-60
-54
-53
-40
-18
-2
2
2
-5
-10
8
23
35
28
40
48
41
34
31
45
87
121
107
101
87
63
42
17
21
33
22
6
-24
-26
-24
5
18
40
50
55
59
44
35
12
20
15
19
7
13
23
27
23
37
60
72
86
94
94
98
58
21
-8
13
26
35
21
-17
-26
-38
-29
-53
-74
-89
-71
-45
-15
36
67
79
77
40
9
-10
-21
-26
28
-1
-40
-56
-10
33
60
109
86
84
35
4
-21
-15
48
114
117
73
14
-13
-4
27
20
15
17
41
52
48
40
36
20
26
-3
-33
-29
-13
7
-10
-39
-58
-56
-50
-2
-4
-14
-82
-147
-130
-94
-65
-52
-50
-41
-19
29
30
47
12
-25
7
17
23
9
-7
14
13
20
15
20
59
51
49
2
19
3
17
43
59
52
37
20
28
61
64
66
51
28
4
-9
-14
-13
7
43
79
71
17
-48
-73
-57
-72
-46
-5
61
87
110
82
63
18
-15
-27
-41
-42
-9
11
13
-7
-34
-52
-51
-59
-36
-26
6
15
22
11
-12
-50
-47
-18
36
17
33
-13
-27
-19
45
65
91
53
32
7
-4
-9
-31
-25
5
52
89
82
63
8
-24
32
32
61
26
26
19
19
20
-3
-38
-73
-87
-70
-58
-42
-20
51
30
12
-36
-56
-36
-34
-36
-37
-8
12
15
-1
-26
-15
-1
13
1
-12
-14
24
65
88
87
42
3
-42
-21
15
45
49
79
68
106
82
36
-4
-12
6
17
-1
-19
-34
-16
18
32
14
6
-5
-22
-9
-2
-13
-41
-81
-74
-42
-3
23
21
-5
-18
-21
-17
-14
19
-7
5
8
34
38
22
21
37
26
25
-16
-19
-16
-17
-9
-13
4
26
6
-1
-11
20
28
32
2
-38
-30
23
28
27
18
-6
8
7
11
4
-5
4
27
45
46
31
53
44
36
4
4
-5
68
40
26
-20
-49
-41
-17
2
-11
-22
-28
3
25
15
-2
-27
-16
-5
15
8
22
31
37
37
-1
-43
-83
-69
-34
5
1
-7
-23
-29
8
8
-10
-9
14
45
35
8
10
19
22
11
-15
-5
2
8
-9
40
55
74
37
10
-3
24
23
28
13
39
23
24
-8
-37
-6
-29
-15
-15
-1
-7
3
1
-14
-34
-32
-20
-24
-13
-25
-36
-38
-39
-23
-42
-44
-44
-36
-56
-24
-40
-41
-26
-27
-4
-22
-22
-25
-19
-16
-14
1
29
52
80
64
55
51
49
45
31
3
27
21
14
-26
-18
-20
-21
-22
0
51
57
36
5
-22
-28
-46
-53
-22
-26
-25
-63
-57
-37
-33
-44
-31
-15
17
28
51
19
-22
-65
-89
-83
-82
-75
-79
-59
-26
-34
-41
-80
-87
-52
-35
-26
-27
-69
-68
-70
-77
-59
-26
-15
-7
-2
12
1
-2
7
33
37
62
15
2
0
16
29
13
-11
-19
-29
-5
7
5
-3
33
29
25
-24
-57
-50
-4
9
19
-10
-8
4
32
26
42
73
79
39
-14
-67
-78
-67
-57
-41
-12
0
5
-9
-5
-8
-25
3
3
13
27
24
20
-9
-25
-15
-2
20
54
62
65
45
45
38
35
42
40
44
52
73
72
50
11
0
35
53
71
47
31
22
32
27
38
16
-7
-2
3
55
72
60
47
15
6
0
-19
-27
-29
-39
-11
-10
14
31
34
43
2
-42
-41
-22
9
47
52
61
20
-14
-13
-32
31
9
13
-26
-43
-17
-14
-22
-40
-46
-49
-43
-5
-5
10
6
-19
-33
1
8
27
15
-2
6
9
4
-16
-13
-29
-25
-50
-62
-47
-10
-7
3
3
-9
-26
-38
-4
37
82
87
57
21
-8
-10
-22
-13
-13
-7
22
55
115
105
96
53
-11
-23
-24
-30
-9
-4
8
7
0
26
45
57
34
10
-3
43
63
70
49
45
51
31
12
-6
-11
5
16
36
39
14
3
-37
-53
-44
-33
-36
-28
-6
-1
-1
-1
-13
3
-14
-29
-43
-36
7
-9
-37
-92
-100
-80
-47
-33
-18
-5
-1
-6
-23
-31
-14
-3
-13
-15
-21
-22
-9
32
66
66
37
-8
-26
-20
1
35
58
51
40
17
42
78
85
66
32
16
27
27
16
-6
-15
-2
-7
-18
-8
16
35
47
24
35
35
44
51
42
53
54
52
11
-11
-14
-15
33
28
27
-23
-60
-81
-94
-94
-75
-62
-59
-40
-21
-13
16
1
15
3
-17
-24
-30
-32
-8
43
52
34
14
-24
-27
-32
-16
-8
-5
3
22
28
43
30
20
69
72
70
18
-7
-21
-1
7
7
7
-16
-25
3
17
22
25
10
31
30
17
2
-11
-10
-2
8
7
12
6
42
67
67
36
23
5
-6
-46
-58
-51
-29
-25
-16
-5
9
0
-18
-3
22
38
35
11
8
21
68
96
80
27
-3
5
9
18
4
19
50
49
30
-20
-20
-13
-7
-13
42
40
58
31
3
5
1
1
0
6
34
50
38
0
-38
-67
-50
-57
-37
-41
-20
-28
-28
-23
-6
21
10
7
47
41
34
-23
-27
-26
8
-7
-50
-86
-87
-60
-34
-5
-16
-18
-25
-22
-29
-43
-25
17
60
58
60
19
-12
-34
-48
-51
-47
-23
-28
-14
-40
-70
-83
-56
-16
2
35
5
-6
-43
-44
-4
4
-1
-32
-25
-23
-9
3
26
37
53
67
63
66
51
5
0
-23
-25
-24
-35
-44
-68
-48
-35
1
-3
-14
-15
-39
-62
-65
-55
-20
4
12
-3
-31
-37
3
4
47
41
21
-10
-21
-36
-31
-16
-7
10
-6
-15
-35
-38
-39
-47
-45
-14
16
6
0
-7
-2
-1
-19
-14
-25
2
-15
-11
-16
-26
-13
-23
-16
16
23
22
-3
-8
7
14
36
9
-3
-14
-24
-9
3
12
17
22
38
31
37
6
25
6
4
11
11
24
23
32
23
3
-2
-9
-14
-21
-34
12
21
15
-15
-65
-56
-61
-62
-44
-9
16
15
13
-5
9
44
44
32
12
-13
19
32
40
35
18
1
-1
19
42
75
76
91
83
43
-3
-62
-59
-33
-18
-19
-1
4
18
5
5
25
66
89
74
49
9
2
22
57
62
38
0
-12
-1
14
-5
29
20
9
18
-11
-18
-36
-41
-26
-3
27
45
36
11
-1
-34
-56
-76
-27
-15
1
-13
9
19
69
52
20
-18
6
14
31
30
14
8
-6
-6
-4
-6
-16
-30
-2
-21
26
22
16
-3
-17
-35
-28
-47
-48
-49
-28
-1
3
9
-1
8
26
25
-18
-67
-101
-82
-63
-40
-22
-3
-18
-34
-44
-40
28
39
30
-18
-21
-1
-6
-26
-28
-2
-6
-15
-15
-16
27
19
6
-28
16
14
10
-37
-52
-46
-44
-17
-6
-10
-38
-37
-4
22
35
28
18
10
41
35
26
19
-19
-29
-20
-23
-26
-31
-45
-44
-48
-30
-23
-29
-52
-69
-38
-30
-15
-15
-23
-23
-37
-58
-80
-80
-57
-25
-16
-36
-15
-50
-39
-39
-42
-15
9
37
19
7
-20
-8
13
3
-24
-15
21
54
51
19
-1
13
11
14
16
40
37
56
16
18
10
-2
23
12
23
10
-24
-29
-15
-9
20
23
10
-4
-10
-32
-3
-12
-16
-38
-64
-51
-7
22
40
40
47
67
77
52
8
18
11
32
49
51
68
31
4
-11
3
32
41
61
19
2
-11
17
46
61
28
-6
-37
-39
-34
-27
0
27
75
72
48
2
5
0
-3
7
2
24
16
20
17
13
-9
-10
21
31
42
45
50
47
37
-16
-74
-56
-54
-42
-43
10
36
57
25
10
7
18
10
1
5
18
27
18
-8
23
36
40
27
20
24
56
76
107
84
52
19
14
63
69
57
23
8
11
65
54
65
30
38
43
29
-2
-27
-5
18
32
41
20
25
56
37
57
17
1
-19
-54
-71
-72
-78
-48
-22
6
-6
-3
-2
7
23
8
-2
-23
-24
-12
18
9
27
31
30
29
31
25
12
20
6
-1
-8
-13
3
20
39
50
32
26
38
44
55
55
14
19
-4
12
6
-1
14
25
29
23
-13
-20
-12
0
18
7
12
-1
-4
-1
66
55
46
5
-10
-12
-9
1
-21
-15
8
17
40
11
-25
11
22
51
32
1
-5
0
23
15
17
-4
-9
16
43
39
28
4
7
19
14
7
21
4
53
41
30
9
-26
-42
-58
-63
-7
10
56
54
34
24
24
6
-6
-26
-48
-53
1
-7
-12
-51
-30
-23
-14
-24
-31
9
15
0
-36
-63
-59
3
-1
1
-37
-6
-3
37
35
27
-7
-13
-7
-14
24
-10
-18
-29
-26
11
27
10
-11
-25
-27
-21
-22
-27
23
69
86
86
78
42
26
0
-16
-20
0
0
34
41
53
44
27
20
81
67
62
18
-4
20
43
57
28
-1
13
11
47
27
24
12
9
34
16
-6
-32
-64
-61
-44
-35
-32
-43
-39
-12
-24
-32
-41
-35
-25
-11
-16
-16
12
22
35
21
21
25
6
5
-29
-40
-56
-41
-47
-49
-55
-38
-20
-5
-14
-18
-23
-43
-40
-23
-5
36
79
78
63
23
-25
-22
-20
-21
-26
-27
-16
26
21
7
-28
-65
-47
-15
-7
-9
6
-1
2
-8
-8
4
10
12
15
0
20
13
23
60
50
35
-29
-50
-19
13
43
39
18
7
8
16
40
47
63
36
13
-7
10
-6
7
-18
-24
-34
-24
-12
-15
-27
-18
-32
-10
1
23
51
36
37
-8
33
8
-3
-60
-83
-67
-48
-34
4
20
33
14
-17
-23
-20
-6
-11
7
1
-4
-3
-31
-9
-4
28
19
35
15
11
27
26
51
21
8
-22
-16
24
67
59
34
-3
-8
23
12
3
-42
-35
0
13
19
15
25
29
50
16
5
-18
-12
-17
26
37
38
17
-5
30
45
56
70
56
48
38
9
23
23
79
73
69
37
5
2
-11
-11
-11
-22
-15
-25
-11
1
35
32
14
0
-9
-2
43
52
40
-23
-57
-71
-42
-30
-32
-43
-22
-19
8
-3
-18
5
-9
49
34
27
-14
-35
4
8
18
10
6
-5
-28
-43
-13
3
20
-6
1
-4
4
-19
-14
-18
4
2
22
35
-1
-24
-55
-66
-62
-63
-19
-18
-4
-12
-21
-14
3
1
-2
13
-2
4
-33
-8
-2
-18
-13
-48
-16
-48
-55
-81
-89
-76
-30
-2
0
4
-29
-59
-60
-31
-21
-4
-17
-22
-29
-40
-57
-23
-4
11
-7
-55
-63
-44
-7
22
43
24
-3
-31
-59
-70
-72
-38
-3
3
-2
-3
-2
11
-2
-10
-14
18
-6
-14
-46
-53
-62
-64
-37
1
23
58
70
50
20
40
33
44
17
19
38
48
41
39
20
21
73
77
91
78
100
108
80
31
-9
10
16
-2
-39
-37
-9
12
22
31
30
15
-8
-6
-15
30
43
60
38
22
20
-3
4
37
35
26
-26
-35
-29
3
21
10
30
3
0
-14
-22
-1
28
27
35
24
10
7
-1
27
57
65
34
-12
-8
14
39
38
28
9
-1
-6
-19
-33
-24
-37
-40
-42
-41
-20
-5
29
86
88
78
49
58
67
33
-1
-38
-55
-50
-23
-17
-15
-13
-47
-8
-21
2
-7
24
15
20
-2
0
18
5
-23
-60
-75
-46
-27
11
-1
-17
-27
-2
-2
-2
8
-3
14
9
28
30
36
2
10
25
48
57
27
5
-17
-41
-30
-6
-3
39
23
36
28
24
23
15
3
-1
-20
-22
-32
18
24
14
-11
-57
-46
-15
13
5
6
-7
-29
-15
-3
-3
19
-15
-15
-29
-32
-27
-39
-53
-55
-51
-48
-11
5
18
-12
-55
-70
-62
-52
-60
-77
-75
-60
-2
7
10
24
-14
-35
-44
-49
-11
10
-8
-58
-109
-101
-74
-49
-40
-38
-2
-21
-22
-54
-66
-49
-41
-42
-20
-30
-51
-53
-48
-33
-2
-38
-39
-25
0
25
15
-8
-30
-16
8
8
36
29
19
7
18
22
25
4
0
-18
-23
-1
35
70
60
42
9
25
21
16
-18
-10
10
62
73
69
57
23
8
6
-11
7
20
1
-25
-43
-25
-6
-4
12
7
49
62
64
28
-2
0
36
24
19
13
8
33
68
49
23
-9
-22
-1
-1
39
22
-1
-26
-39
-22
-42
-35
-56
-64
-38
-45
-57
-83
-43
4
51
38
-3
-24
17
36
41
24
36
47
13
-31
-15
-21
36
1
-19
-28
-16
27
10
-8
-29
-15
4
48
62
30
20
-28
-42
-33
4
25
43
39
42
31
5
36
64
73
59
15
4
-7
44
29
41
-5
2
51
69
103
73
56
27
3
-7
-5
57
58
69
53
56
61
43
1
-1
24
58
68
38
56
48
96
65
62
62
67
47
44
8
3
-10
30
33
48
6
-10
-29
-21
-15
-11
6
38
49
28
12
-17
25
77
104
100
64
48
47
23
0
-29
-29
-51
-42
-45
-55
-4
-16
3
-48
-58
-41
-30
-19
-28
-44
-47
-55
-65
-56
-41
24
17
27
-16
-65
-80
-78
-53
-43
-29
-36
-2
-30
-7
20
11
13
-26
-61
-49
-20
-2
14
0
25
39
38
50
34
-1
-47
-78
-38
-25
10
9
-13
21
14
69
40
39
10
-11
-16
-16
-1
3
14
-2
-41
-35
18
38
33
19
34
53
48
32
-6
37
79
86
64
13
