13
27
25
14
1
-1
3
9
16
14
7
10
19
31
41
47
42
32
18
5
-19
-37
-39
-26
-13
-17
-11
-18
-8
15
31
28
15
2
-5
0
13
18
11
7
19
32
47
60
64
59
51
47
40
33
22
1
-18
-20
-11
-2
7
20
33
31
24
2
-13
-15
-6
-1
-12
-18
-28
-21
0
27
41
19
-11
-37
-39
-25
-3
1
-2
-6
-5
-8
0
27
48
70
71
51
16
-15
-21
-25
-23
-34
-48
-52
-42
-18
-11
-3
6
10
-1
-10
-22
-27
-21
-7
3
3
6
13
17
11
-1
-25
-55
-69
-78
-70
-48
-22
-4
3
18
25
31
28
15
-7
-34
-40
-39
-36
-39
-34
-34
-24
-11
5
14
11
0
-25
-35
-36
-29
-32
-41
-40
-42
-40
-31
-16
-1
13
15
-6
-21
-29
-28
-32
-38
-50
-68
-75
-71
-56
-38
-19
1
3
-4
-14
-28
-40
-40
-43
-38
-33
-17
-4
-1
8
11
10
-3
-14
-29
-39
-38
-47
-54
-61
-55
-50
-36
-19
-8
-5
-8
2
-1
2
5
11
18
21
32
29
33
33
39
41
40
34
8
-14
-32
-34
-31
-18
-3
7
16
29
38
30
14
-3
-29
-38
-40
-35
-37
-27
-22
-12
7
24
38
29
24
12
5
2
2
-5
-20
-28
-35
-31
-19
-2
3
0
-4
-3
2
8
20
11
3
-1
-10
-15
-28
-43
-61
-61
-40
-8
16
26
30
19
12
4
3
-8
-14
-19
-31
-29
-24
-16
-17
-18
-21
-20
-8
4
18
17
21
10
-1
-7
-11
-18
-27
-23
-7
16
40
60
59
42
21
-2
-18
-17
-11
-3
0
8
7
0
0
11
19
22
25
25
24
19
21
6
3
-7
-18
-28
-30
-12
-11
-1
3
14
22
16
15
-5
-15
-15
-8
-4
2
-6
-31
-51
-57
-46
-33
-19
-11
-15
-19
-24
-30
-41
-34
-25
-17
1
15
10
-1
-4
-3
-14
-29
-42
-47
-40
-33
-37
-57
-71
-59
-35
-4
13
13
5
6
21
30
28
12
-12
-38
-54
-61
-66
-52
-18
33
80
106
102
62
28
13
8
-6
-23
-45
-55
-46
-25
-3
4
10
2
-8
-8
-2
5
-1
-6
-18
-29
-34
-26
-15
-11
2
2
-2
-7
-3
-3
4
29
45
50
44
41
26
6
-8
-25
-38
-43
-33
-20
-1
10
10
-3
-9
-7
-6
-5
5
14
18
22
26
18
19
30
38
25
4
-13
-20
-7
19
36
31
20
17
15
32
42
48
38
33
25
17
1
-1
-9
-23
-24
-28
-16
6
31
47
39
26
-5
-32
-57
-66
-72
-64
-40
-5
18
31
24
0
-28
-52
-67
-76
-76
-71
-75
-74
-67
-53
-32
-11
12
10
0
-13
-19
-19
-25
-32
-49
-46
-30
-8
4
7
7
5
12
13
-1
-34
-43
-40
-20
-7
1
-4
-14
-17
-22
-25
-30
-34
-33
-33
-26
-26
-33
-35
-22
-10
-1
1
-6
-10
-1
12
7
-14
-53
-92
-111
-100
-62
-42
-30
-21
-6
17
34
49
38
34
30
31
23
17
27
35
58
80
91
85
76
65
50
34
8
-8
-31
-34
-39
-39
-32
-16
4
21
41
39
28
2
-23
-47
-68
-63
-49
-30
-11
4
3
-7
-13
-28
-45
-61
-70
-85
-81
-60
-34
-12
-8
-15
-36
-53
-55
-48
-31
-18
-1
-14
-27
-44
-55
-64
-60
-46
-40
-29
-23
-15
-10
-2
9
19
20
22
18
4
-14
-38
-72
-95
-107
-98
-81
-46
-20
-7
-6
9
25
35
44
29
6
-10
-13
3
23
53
62
54
37
24
9
3
9
15
19
19
27
29
36
41
36
20
2
-4
-11
0
25
41
42
32
21
4
-2
-1
3
5
7
12
10
18
20
17
5
-11
-29
-47
-48
-39
-21
-12
2
1
1
1
2
3
-7
-4
-5
6
14
22
9
-10
-27
-39
-43
-45
-41
-40
-30
-13
-1
0
-15
-31
-53
-56
-29
5
26
19
-1
-27
-32
-20
-12
-15
-18
-7
9
31
50
51
28
2
-12
-20
-13
-5
-4
-8
-6
-3
1
3
6
8
4
11
15
4
-6
-8
-1
2
15
20
27
34
44
48
39
38
25
17
11
18
22
25
30
30
29
26
24
20
26
41
46
32
8
-10
-21
-19
-12
-16
-16
-13
14
33
47
39
21
-3
-5
2
9
5
-4
-20
-26
-12
4
2
-10
-12
-2
1
14
4
-3
-1
7
10
5
3
6
17
38
48
41
22
21
27
40
52
56
59
61
73
72
57
37
28
28
30
32
30
29
42
70
80
77
60
47
35
30
32
16
9
-1
-4
-1
4
17
12
15
26
32
20
-1
-18
-22
-4
11
21
19
26
35
44
56
51
37
7
-9
-13
-2
9
30
41
35
24
9
4
11
21
14
-12
-28
-39
-28
-9
11
19
30
47
53
44
16
-2
-20
-18
-11
-11
-17
-10
9
26
43
42
14
-26
-67
-90
-105
-104
-93
-82
-73
-51
-27
-10
2
-6
-16
-30
-32
-36
-38
-30
-8
10
14
9
4
0
7
18
21
-2
-24
-53
-73
-73
-50
-19
0
13
3
-9
-16
-13
-13
-18
-31
-48
-62
-64
-50
-44
-32
-18
-9
-12
-30
-51
-62
-53
-33
-17
-13
-10
-2
-13
-26
-43
-50
-51
-38
-26
-23
-31
-35
-32
-23
-12
-14
-21
-11
9
34
39
33
15
1
-5
-7
-16
-35
-28
-14
-2
5
5
9
9
21
20
-1
-29
-45
-49
-39
-21
-9
3
6
9
1
-7
-12
-13
-20
-24
-29
-41
-47
-37
-17
15
38
53
28
0
-26
-40
-52
-57
-57
-63
-62
-50
-34
-15
0
9
13
24
32
31
12
-5
-18
-21
-17
-10
0
13
38
50
44
22
3
-20
-38
-36
-34
-32
-33
-29
-27
-20
0
12
17
5
-8
-36
-54
-53
-53
-52
-53
-40
-24
-2
18
37
46
56
59
38
8
-23
-41
-47
-39
-24
-17
-10
2
13
21
25
21
7
8
20
36
40
35
27
24
29
33
24
7
-3
-14
-28
-41
-49
-54
-47
-18
-2
12
11
15
18
15
7
-18
-47
-67
-69
-67
-60
-45
-35
-26
-20
-5
2
6
-2
-21
-35
-41
-32
-31
-29
-28
-19
-13
-4
1
-15
-35
-50
-52
-58
-71
-87
-107
-99
-73
-45
-23
-2
12
13
-1
-22
-36
-40
-22
-6
2
3
9
21
28
44
44
30
13
0
-5
-2
14
26
24
10
0
-11
-5
14
27
33
42
56
54
57
51
33
9
-9
-4
10
35
65
84
90
79
62
29
0
-16
-21
-32
-38
-38
-36
-23
-12
-7
-6
-1
3
-8
-28
-43
-47
-44
-26
-8
15
40
62
68
57
53
34
16
0
-11
-22
-33
-25
-9
17
43
68
75
70
62
41
12
-24
-54
-84
-103
-107
-102
-90
-75
-55
-50
-34
-17
0
0
-9
-19
-44
-66
-80
-73
-63
-49
-41
-41
-33
-17
-5
-9
-14
-30
-48
-55
-56
-52
-60
-64
-77
-81
-71
-42
-16
-11
-19
-42
-68
-77
-66
-43
-27
-6
-1
12
16
19
19
14
21
25
20
7
-5
-17
-21
-13
-9
-1
5
12
1
-3
-8
-12
-15
-24
-17
-11
7
25
33
28
24
26
24
29
31
24
7
-2
-3
-3
-2
6
15
20
29
22
1
-20
-31
-34
-22
7
27
32
24
13
17
19
34
33
27
28
29
38
30
24
7
-9
-14
-9
-14
-24
-31
-22
-7
5
1
-26
-56
-68
-64
-52
-47
-41
-49
-47
-46
-45
-51
-59
-66
-70
-54
-35
-24
-33
-45
-56
-60
-60
-63
-63
-67
-51
-38
-25
-18
-6
9
7
7
-2
-10
-11
-8
-18
-40
-60
-81
-78
-57
-29
-17
-22
-18
-11
1
5
1
-17
-35
-37
-34
-33
-36
-36
-37
-25
-4
7
8
3
-6
-21
-33
-33
-30
-28
-35
-40
-49
-43
-27
-6
19
30
35
22
17
25
38
41
31
1
-37
-61
-58
-28
-2
14
6
-17
-21
-7
17
31
42
37
35
29
23
6
-6
-2
7
22
33
41
34
21
14
14
14
9
6
-5
-12
-16
-13
-17
-20
-14
-19
-17
-13
-3
4
8
5
-15
-30
-32
-22
-7
5
15
12
20
26
25
12
9
9
2
-13
-34
-45
-56
-52
-49
-44
-28
-2
21
38
48
36
19
0
-14
-10
-2
29
52
66
67
66
58
49
54
54
43
29
25
24
32
41
42
38
31
29
11
-1
-8
-19
-29
-41
-44
-41
-14
14
38
42
37
25
5
5
6
8
-2
-13
-28
-47
-54
-51
-42
-37
-27
-15
-9
5
13
15
0
3
1
1
0
8
17
29
46
50
44
28
19
17
15
32
43
36
14
8
8
16
24
30
27
33
29
12
-4
-17
-31
-38
-53
-42
-30
-26
-15
-7
-4
3
-10
-25
-26
-18
-12
-19
-28
-21
-4
17
36
34
16
5
14
27
44
48
44
28
42
47
55
52
46
40
21
16
12
-1
-6
-8
-3
-8
-21
-37
-53
-58
-53
-39
-25
-3
0
-8
-29
-25
-16
-2
20
20
21
25
39
43
43
33
27
13
8
2
-9
-19
-13
-9
0
5
2
-2
-5
-1
1
-6
-12
-8
-6
-11
-8
-17
-20
-34
-30
-28
-8
20
30
23
12
0
-10
-11
-5
9
10
17
18
19
18
25
34
36
51
46
40
25
32
34
38
41
41
46
47
52
51
46
56
64
65
67
66
55
49
36
13
-8
-29
-16
-11
-1
-11
-20
-31
-32
-32
-14
-8
7
19
24
22
20
14
14
13
9
4
-4
-6
-7
-9
-14
0
10
4
-12
-30
-44
-37
-26
-16
-14
5
6
-2
-12
-25
-23
-27
-22
-24
-21
-14
-8
-14
-27
-34
-32
-23
-6
16
27
31
34
27
17
10
5
-6
-4
7
17
21
21
21
17
23
34
44
38
16
6
2
8
13
24
34
49
59
55
42
35
27
12
0
-12
-26
-27
-16
-21
-26
-21
-13
-7
5
11
21
23
30
24
17
10
10
-1
-3
7
16
20
7
-2
-21
-36
-34
-35
-24
-23
-14
-17
-16
-21
-28
-33
-29
-14
-30
-41
-59
-58
-53
-32
-18
-5
1
11
18
20
14
1
-7
-15
-8
-10
-17
-5
2
5
-18
-36
-48
-43
-28
-14
1
22
43
59
50
28
1
-18
-24
-16
-21
-33
-32
-26
-5
10
27
24
23
25
16
13
14
28
28
26
18
17
15
6
4
0
10
16
6
1
7
24
16
3
-1
13
21
44
45
38
22
22
21
15
14
13
21
31
36
27
9
-3
-7
-4
4
22
48
62
73
68
54
49
39
44
49
58
57
37
0
-16
-32
-23
-5
11
14
1
-8
-16
-3
4
7
2
7
23
30
30
35
32
29
15
11
-10
-17
-34
-36
-43
-38
-39
-32
-17
5
25
24
46
62
71
57
43
28
23
22
9
-14
-32
-42
-33
-28
-14
-12
-7
-11
7
15
24
29
25
13
4
10
9
13
-2
-21
-36
-46
-29
-24
-12
-3
-5
-19
-39
-40
-37
-23
-7
-3
-2
-14
-7
-5
-5
-5
-8
-2
15
35
45
51
45
36
23
14
21
24
31
43
53
43
44
22
-1
-10
-16
-17
-17
-13
-2
9
24
37
41
43
42
53
55
54
41
30
32
34
30
10
0
4
4
1
11
15
15
16
21
18
16
14
5
-5
-1
18
33
41
39
25
9
2
1
-1
-4
-1
-8
-17
-14
-21
-14
-13
-12
-16
-26
-29
-36
-42
-49
-38
-33
-39
-40
-54
-52
-42
-19
3
20
22
13
-7
-10
-8
-13
-11
-14
-14
-29
-36
-31
-36
-31
-19
-11
-11
-21
-23
-29
-27
-10
10
22
25
14
11
14
24
21
0
-2
-3
9
11
21
19
4
-15
-29
-30
-15
-4
0
4
17
19
11
13
31
59
90
113
116
108
89
85
75
63
54
40
31
17
12
0
-12
-21
-34
-35
-29
-4
7
19
25
22
20
9
17
16
20
29
36
36
35
33
32
30
37
29
10
-10
-27
-40
-53
-60
-65
-64
-53
-39
-28
-19
-8
-2
-7
-4
-19
-33
-38
-32
-26
-40
-41
-53
-48
-36
-17
-3
-2
-4
-6
-13
-18
-26
-34
-43
-41
-37
-21
-2
21
20
18
8
-10
-26
-39
-24
-10
11
38
47
46
39
29
21
10
6
11
7
7
-2
-19
-34
-32
-21
-27
-24
-31
-38
-44
-40
-34
-29
-22
-34
-43
-48
-36
-26
-36
-40
-49
-56
-52
-46
-41
-42
-42
-58
-65
-73
-56
-54
-49
-33
-23
4
14
28
24
14
9
14
15
14
13
9
9
24
34
33
25
19
16
12
21
21
27
27
21
7
6
11
18
21
35
45
58
61
66
55
39
23
21
24
35
51
61
54
44
29
20
11
13
5
-14
-28
-43
-40
-27
-19
-12
-12
-8
-17
-34
-42
-25
-13
-7
-4
-21
-38
-43
-38
-21
-5
4
0
-9
-9
2
3
10
21
42
47
46
37
15
-1
-8
-5
-10
-13
-26
-38
-33
-17
8
15
21
5
1
5
19
35
40
45
50
55
45
47
47
60
75
77
70
61
54
46
32
29
28
25
26
29
28
34
43
52
51
54
54
61
63
60
51
41
38
48
50
46
41
27
13
23
38
51
49
37
31
25
34
42
47
64
72
77
66
64
54
55
57
71
68
59
49
40
37
39
45
55
52
61
63
53
45
31
23
23
27
37
36
29
35
31
37
40
42
35
28
25
13
10
2
-6
-22
-20
-20
-28
-34
-36
-32
-22
-9
6
14
8
10
27
39
61
63
56
42
41
32
13
7
4
7
5
2
1
-2
-1
-4
2
11
20
12
15
26
38
40
46
50
46
34
25
21
26
27
33
27
32
50
68
71
59
56
57
71
88
89
85
76
73
52
34
32
28
29
25
25
25
30
34
33
18
11
14
17
29
37
50
47
62
58
49
39
32
25
13
-1
1
-1
9
9
2
-2
12
34
54
61
59
47
38
39
25
9
-4
-5
-8
-1
6
17
22
15
22
7
7
10
13
9
-3
3
-3
-9
-12
-15
-13
-12
-9
-23
-32
-38
-38
-32
-30
-28
-34
-43
-44
-30
-16
6
10
14
6
3
-7
-30
-27
-25
-19
-24
-32
-43
-44
-31
-33
-29
-41
-39
-42
-45
-31
-28
-36
-48
-44
-43
-22
-15
3
11
9
24
33
47
54
48
41
44
60
62
66
64
59
44
39
43
52
59
61
44
27
18
25
31
39
33
29
20
14
13
5
6
12
25
36
54
61
55
55
47
52
50
59
58
57
49
59
63
67
60
43
19
0
-5
-12
-10
-2
10
27
43
54
45
38
38
34
26
18
23
19
14
9
-3
-1
-6
-4
-5
-1
-3
2
0
5
16
23
22
32
42
58
73
80
74
69
57
51
44
62
70
72
59
41
23
5
5
1
-2
-13
-15
-13
-5
8
14
16
17
40
48
45
40
36
37
37
38
33
30
22
11
6
3
8
-6
-15
-22
-20
-26
-15
8
16
20
5
-12
-24
-36
-30
-44
-51
-45
-33
-28
-19
-16
-17
-6
3
12
12
17
24
42
56
58
45
23
6
-6
-18
-13
-4
3
9
8
9
-6
-6
-3
-12
-20
-27
-21
-9
0
15
18
21
21
25
13
11
12
12
18
28
34
18
-10
-32
-47
-45
-27
-21
-18
-22
-15
-14
-16
-22
-25
-23
-9
3
-11
-11
-18
-8
-2
12
21
17
18
27
36
40
42
35
26
25
29
34
16
17
11
11
10
12
10
7
6
0
-18
-30
-25
-27
-27
-43
-39
-25
-14
0
-4
-4
8
18
25
21
20
5
5
6
7
-9
-12
-16
-13
-8
-16
-23
-27
-34
-32
-38
-32
-29
-29
-49
-48
-46
-46
-47
-40
-30
-22
-9
-9
-10
-14
-13
-25
-26
-25
-32
-33
-36
-25
-24
-30
-29
-29
-39
-35
-29
-24
-22
-25
-20
-17
-7
15
16
29
33
24
24
24
37
39
35
26
16
-5
-28
-51
-80
-93
-89
-72
-58
-49
-45
-34
-21
-7
7
7
18
12
5
2
4
13
20
28
29
15
5
-9
-6
-23
-21
-24
-18
-9
7
10
5
3
-1
21
47
75
74
62
53
44
27
11
3
2
9
25
30
32
22
8
-6
-18
-20
-17
-13
-4
3
-1
-2
-4
0
-6
-9
-14
-16
-2
24
43
41
35
21
8
7
18
27
30
32
29
30
22
27
28
21
24
18
4
-9
-20
-30
-32
-17
-5
1
1
0
-9
-25
-30
-26
-9
9
20
17
13
3
-4
-1
3
30
28
36
32
30
25
20
31
25
19
6
3
10
21
27
14
1
1
4
4
10
17
21
29
40
55
68
70
71
56
45
40
33
25
17
14
19
22
33
27
20
19
8
1
-2
-1
0
-2
5
-1
-36
-66
-78
-70
-48
-22
-6
0
-2
-11
-16
-14
-2
-4
-17
-31
-35
-42
-32
-15
-1
2
-5
-11
-16
-10
-7
8
8
21
32
42
48
48
44
35
37
33
26
16
15
14
6
6
-4
-9
-21
-25
-33
-33
-22
-10
-5
0
0
5
1
15
16
11
12
24
28
44
51
59
49
31
11
4
16
31
27
12
-7
2
10
11
3
-7
-22
-15
3
5
10
9
23
14
15
11
14
21
25
16
4
-3
2
6
15
17
15
6
7
1
10
19
32
41
29
23
13
6
10
11
7
4
7
-2
-13
-21
-25
-16
-5
2
5
-2
-5
6
-6
-20
-27
-22
-22
-17
-13
-17
-13
-16
-13
-11
-19
-20
-10
-7
9
16
13
9
8
5
8
0
-9
-16
-9
-18
-18
-16
-11
-13
-14
-6
-4
-2
2
17
23
12
5
-15
-20
-23
-23
-11
-18
-8
-10
-13
-16
-11
2
13
29
32
26
14
6
9
18
21
15
1
-9
-5
-5
-15
-19
-23
-32
-33
-35
-32
-21
4
12
11
7
10
-2
-3
-7
-13
-24
-32
-32
-23
-12
2
14
3
6
0
-4
2
11
20
19
16
3
-1
-2
9
14
4
6
-4
-10
-14
-13
-13
-14
-12
-12
-8
4
23
32
27
28
28
28
22
15
2
-8
4
11
19
13
1
-11
-16
-9
-6
-8
-5
-3
-1
15
40
53
53
55
49
31
22
16
25
21
11
-6
-15
-9
16
37
38
35
16
3
-3
0
-2
-5
2
1
8
5
-3
-1
-19
-9
-3
17
26
41
32
38
46
50
36
10
5
11
12
13
3
-6
-6
-6
-1
9
14
14
-1
-11
-10
-18
-15
-4
7
20
35
37
28
15
7
7
10
31
37
34
27
31
41
37
44
34
11
-13
-19
-14
-16
-2
5
16
26
39
51
53
60
54
40
12
-3
-6
5
24
21
13
-1
-1
-8
-2
7
6
4
8
16
6
-8
-19
-26
-35
-36
-30
-39
-46
-47
-36
-31
-30
-33
-26
-21
-18
-31
-49
-54
-54
-54
-54
-49
-40
-38
-29
-28
-32
-22
-7
2
9
14
27
33
40
42
36
22
12
-10
-27
-41
-44
-50
-41
-28
-17
-15
-23
-17
-31
-35
-32
-27
-26
-26
-21
-18
-8
-2
4
6
3
-1
-12
-7
3
8
-7
-15
-9
-15
-21
-32
-38
-40
-22
-9
5
11
12
26
32
45
41
36
40
58
77
69
62
44
37
20
12
-1
-3
3
9
14
23
35
44
40
34
16
11
7
6
-1
2
7
-2
-2
-5
-5
-18
-24
-29
-34
-41
-38
-20
-22
-16
-20
-12
-18
-16
-13
-15
-5
-3
-1
-3
-5
-5
-6
-5
-7
17
34
59
73
66
61
54
55
47
44
38
39
39
43
41
40
58
70
75
74
81
83
85
82
86
90
85
94
87
92
92
87
82
84
98
99
98
86
70
46
31
18
9
14
27
48
52
50
50
40
46
54
75
90
95
91
89
91
95
83
73
73
87
76
69
64
60
59
65
75
71
64
49
45
46
57
49
31
17
19
38
45
52
44
43
35
40
37
34
30
21
10
3
6
1
4
21
25
24
15
-1
2
13
29
35
25
13
6
-21
-38
-35
-23
-11
-9
-10
-20
-18
-17
-4
3
7
1
-1
-12
0
13
9
3
-19
-37
-37
-25
-27
-48
-59
-57
-45
-38
-31
-21
-14
-4
-16
-25
-26
-11
-8
-15
-10
-1
5
15
17
15
17
14
15
17
10
21
26
29
28
18
8
4
5
4
5
5
2
-5
-15
-26
-33
-32
-26
-14
-6
0
4
15
26
32
26
17
17
19
24
13
20
19
13
8
-10
-24
-21
-4
14
26
32
23
20
18
27
22
7
-6
-10
2
17
41
46
48
50
60
61
58
51
44
32
15
-1
-24
-25
-18
-12
2
20
35
27
14
10
8
18
19
18
18
15
24
18
14
18
8
10
6
7
0
-12
-22
-24
-32
-46
-59
-74
-75
-60
-42
-38
-34
-39
-43
-46
-41
-42
-37
-33
-29
-23
-16
15
28
34
31
21
15
13
25
30
38
37
25
19
16
31
33
35
31
28
23
32
50
38
26
25
34
48
48
52
53
54
50
36
36
44
47
42
30
29
29
27
27
39
50
56
65
60
48
40
27
20
16
30
36
30
21
2
-2
3
17
21
18
23
29
32
37
39
33
27
18
13
-2
-18
-31
-34
-26
-11
-3
-5
-8
-18
-33
-37
-27
-8
6
14
10
-9
-14
-18
-21
-20
-9
-2
3
-5
-9
-2
-7
-15
-22
-35
-42
-41
-45
-49
-51
-45
-43
-46
-37
-36
-32
-29
-38
-37
-31
-19
-16
-24
-26
-31
-22
-12
-7
-20
-24
-23
-10
-1
3
-5
-20
-35
-36
-44
-48
-53
-45
-48
-40
-36
-15
-5
-13
-22
-37
-30
-5
18
25
20
17
15
9
2
-1
-6
2
0
-6
-3
5
14
-2
-14
-18
-21
-21
-20
-28
-48
-62
-79
-93
-92
-83
-69
-56
-42
-42
-46
-65
-68
-72
-56
-34
-13
3
9
12
8
5
0
-7
-21
-29
-28
-37
-27
-8
16
14
10
15
20
35
43
45
45
42
36
29
28
34
36
31
20
17
12
13
8
0
-14
-22
-7
7
28
43
52
50
58
61
61
55
43
35
22
38
46
48
35
19
14
17
26
23
14
9
9
9
8
18
32
35
33
39
44
56
69
71
71
57
42
11
3
15
38
58
53
29
10
4
4
11
11
27
50
58
57
48
35
20
8
3
1
14
26
36
24
22
24
20
25
26
41
55
67
70
61
49
44
32
29
33
28
18
7
2
0
3
10
13
19
24
38
34
26
14
3
0
3
16
26
39
54
54
33
4
1
-3
7
3
-3
-14
-21
-38
-51
-41
-24
-2
-6
-3
-9
-19
-24
-27
-22
-19
-4
14
28
34
43
58
59
59
45
18
10
14
7
2
-4
1
3
-2
-11
-14
-15
-6
-5
-12
-17
-19
-13
-17
-2
2
6
-1
6
8
15
18
20
14
13
22
18
15
10
9
4
1
3
-13
-20
-23
-11
-2
4
19
14
19
21
20
16
10
5
4
7
19
21
16
21
23
33
23
10
-8
-7
-7
-1
3
3
23
27
13
13
4
12
11
20
20
12
20
20
22
7
-4
-9
-8
-10
-7
-11
-8
10
17
31
33
27
14
11
9
-7
-29
-47
-49
-48
-27
-11
-7
-12
-20
-27
-17
-7
11
14
11
20
23
22
16
5
-11
-26
-29
-30
-32
-30
-38
-31
-23
-7
4
-4
-12
-25
-26
-14
-4
-10
-14
-22
-17
-17
-8
0
5
6
21
26
34
29
34
25
26
30
27
31
23
30
24
23
17
20
14
1
-4
-17
-7
-1
-7
-33
-48
-47
-53
-52
-51
-52
-51
-56
-62
-64
-59
-45
-28
-19
-1
19
26
43
45
45
49
54
56
47
33
39
38
39
42
35
25
15
19
31
39
44
48
48
50
49
36
24
25
28
30
26
19
3
-7
-11
-14
-23
-33
-29
-27
-21
-25
-26
-29
-35
-41
-57
-51
-45
-29
-32
-21
-8
2
-1
-20
-41
-65
-66
-53
-34
-11
8
17
6
0
-24
-37
-35
-17
13
23
23
6
-6
-9
-6
-4
-5
9
22
28
14
4
-11
-21
-11
-14
-3
-2
10
10
-1
3
3
0
1
-8
-20
-28
-45
-46
-51
-42
-28
-33
-30
-20
-6
4
7
3
-17
-30
-33
-24
-17
-6
2
5
3
0
-3
0
22
39
48
43
40
46
42
52
50
42
39
25
27
14
18
14
19
23
29
26
11
5
-3
-16
-19
-9
-1
13
14
7
0
10
34
43
43
37
36
40
50
57
49
39
33
25
26
31
46
54
64
75
78
70
54
42
16
2
3
-5
-11
-17
-1
20
35
43
36
28
20
11
-5
-3
4
16
9
13
13
24
26
19
12
4
16
12
2
-2
6
29
35
41
41
41
53
56
56
49
46
39
30
17
20
11
7
9
12
6
4
9
18
44
51
49
33
23
30
28
36
42
52
50
34
21
8
16
28
38
32
22
4
-5
5
34
57
57
52
38
37
34
38
36
19
21
13
11
-2
4
9
19
36
36
32
24
23
20
20
31
43
52
56
58
46
43
40
40
40
24
18
7
6
5
-7
-18
-34
-31
-37
-30
-32
-16
-20
-12
-8
-2
9
24
25
12
11
10
2
-2
0
10
11
12
0
0
9
3
-8
-30
-36
-38
-38
-32
-29
-28
-28
-26
-19
-22
-31
-43
-48
-40
-22
-8
-14
-11
-2
4
11
15
23
18
12
9
-1
0
1
6
11
12
8
-1
6
9
-1
-16
-22
-1
11
30
45
48
30
10
-2
-4
1
5
2
-7
-13
-14
-13
-14
1
16
22
28
28
18
4
-5
0
22
44
44
33
18
17
12
7
25
34
31
17
14
15
23
38
43
34
24
23
25
20
12
2
3
11
30
29
26
25
21
21
19
24
14
8
-5
-18
-25
-20
-7
-2
-5
-6
1
-4
8
11
-2
-17
-27
-31
-34
-42
-45
-42
-30
-14
-3
2
10
19
39
59
69
68
56
62
59
53
48
48
45
29
17
3
-7
-6
0
-9
-12
-20
-17
-11
1
7
12
15
20
10
-7
-7
0
8
22
36
38
34
30
30
21
13
9
3
-6
-4
-2
10
13
21
23
20
21
21
21
34
42
47
48
58
64
62
69
83
100
98
79
53
36
25
31
26
24
25
17
-1
-12
-6
3
-1
-9
-33
-59
-82
-85
-79
-70
-62
-54
-52
-48
-50
-49
-48
-39
-33
-30
-34
-30
-39
-36
-16
-1
6
6
25
34
38
34
27
12
11
11
17
27
26
27
21
23
16
15
17
27
29
34
30
37
37
37
46
48
34
27
21
32
40
39
23
13
20
21
32
28
30
24
11
10
21
38
55
65
52
44
46
53
55
49
53
46
46
61
65
66
56
56
56
61
65
52
39
38
23
19
3
12
11
12
13
17
14
21
30
43
30
1
-24
-47
-47
-43
-36
-38
-38
-54
-52
-42
-16
6
9
8
-9
-24
-40
-42
-43
-44
-39
-35
-28
-14
6
7
0
-13
-24
-32
-49
-59
-71
-67
-62
-65
-62
-62
-50
-41
-37
-28
-35
-45
-49
-45
-51
-46
-38
-25
-26
-30
-37
-55
-63
-63
-55
-38
-18
-9
-21
-46
-57
-68
-64
-58
-52
-57
-61
-67
-59
-53
-44
-53
-50
-53
-28
-12
5
21
19
19
13
21
28
26
23
13
16
27
57
74
78
84
84
84
76
66
41
29
10
7
-1
-11
-1
0
14
28
30
35
43
58
60
60
68
84
78
77
60
39
16
-1
-9
-17
-15
-20
-30
-21
-10
-4
-12
-18
-26
-21
-13
4
10
9
14
11
15
8
15
10
4
-9
-22
-37
-39
-39
-47
-49
-49
-45
-50
-60
-69
-81
-83
-75
-79
-72
-80
-77
-81
-72
-54
-36
-27
-32
-31
-37
-33
-32
-37
-52
-59
-46
-38
-15
-5
10
17
32
33
7
-10
-8
8
14
4
-17
-34
-33
-22
-19
-25
-33
-37
-32
-12
-2
8
0
2
3
8
12
27
39
45
37
20
3
2
20
38
53
57
43
27
19
29
41
47
45
55
63
73
73
60
52
53
56
65
75
92
93
107
116
117
105
95
82
66
38
24
17
17
22
24
18
14
18
28
31
51
56
53
43
28
23
21
21
20
32
42
54
53
41
32
18
5
4
12
28
33
38
30
20
3
15
28
55
75
67
55
37
34
27
27
19
14
10
15
32
25
16
3
-1
-6
-2
8
16
23
22
26
32
45
57
59
58
62
59
63
64
59
51
39
32
21
10
14
10
13
17
32
45
36
34
26
40
61
77
62
41
24
19
17
14
25
28
33
37
51
63
62
61
47
46
55
50
35
23
33
40
43
39
34
25
17
9
-14
-21
-13
-2
12
24
31
31
32
32
32
30
42
56
60
59
53
43
35
42
48
55
55
48
36
14
0
-10
-20
-21
-19
0
14
35
44
45
37
34
23
18
26
29
38
37
43
35
25
16
14
17
13
1
-27
-47
-59
-60
-44
-28
-14
-8
11
32
46
39
21
9
-5
-8
-12
-2
10
19
29
15
8
12
17
13
6
3
5
5
9
15
17
19
21
29
50
65
67
44
36
20
15
17
23
27
25
30
24
25
19
28
24
7
-14
-28
-31
-22
-16
-11
-9
6
20
23
18
15
8
8
8
8
7
15
34
39
49
52
51
42
27
29
19
19
22
17
3
-6
-14
-8
-5
5
-2
-14
-21
-26
-30
-28
-29
-27
-36
-31
-29
-18
-9
3
11
1
-5
-20
-34
-31
-27
-11
-11
-2
-14
-20
-30
-23
-16
-21
-20
-29
-34
-38
-43
-48
-50
-40
-36
7
-41
-38
-31
-25
-32
-27
-29
-20
1
3
-9
-29
-43
-50
-50
-43
-32
-22
-1
11
0
-22
-41
-43
-35
-14
2
7
-1
-12
-31
-49
-46
-40
-29
-20
-10
-6
-11
-6
-7
-2
-6
-4
-4
-12
-16
-27
-30
-24
-12
-12
-20
-22
-9
1
6
6
-4
-7
-21
-44
-67
-72
-58
-38
-29
-14
-11
-9
-4
5
5
9
4
-7
-24
-36
-36
-43
-45
-49
-52
-51
-33
2
35
64
75
68
45
29
25
22
27
38
50
50
52
52
35
10
-5
-6
-2
2
9
11
11
12
13
23
33
56
59
45
18
1
-16
-27
-28
-23
-27
-27
-14
-19
-12
-10
-11
-12
-7
17
26
29
11
-12
-35
-49
-50
-46
-32
-7
21
41
50
49
28
5
-4
3
14
34
36
29
25
28
38
33
37
39
43
42
33
19
2
11
25
35
40
36
34
24
38
50
59
63
67
68
64
54
44
37
45
54
47
35
20
9
-1
-14
-17
-22
-27
-33
-41
-47
-40
-29
-26
-15
-6
-5
-17
-37
-45
-47
-30
-20
-30
-65
-94
-97
-74
-38
-9
3
-10
-26
-42
-56
-64
-58
-47
-40
-37
-41
-44
-44
-43
-41
-48
-53
-71
-84
-85
-70
-44
-26
-16
-17
-27
-24
-19
-21
-30
-41
-41
-36
-26
-15
-18
-14
-17
-30
-54
-73
-70
-64
-43
-26
-15
-15
-23
-22
-20
-9
1
6
-1
-5
-6
-24
-43
-60
-63
-58
-39
-19
-17
-21
-19
-25
-26
-17
0
17
27
21
-6
-46
-80
-104
-113
-108
-87
-63
-46
-20
-15
-25
-47
-60
-76
-80
-71
-69
-66
-63
-45
-25
-10
-7
-23
-41
-56
-58
-68
-71
-62
-51
-38
-42
-53
-81
-98
-99
-86
-70
-50
-38
-46
-67
-82
-89
-91
-91
-82
-81
-77
-87
-116
-159
-179
-170
-140
-98
-60
-36
-32
-33
-48
-61
-58
-42
-26
-35
-39
-38
-27
-11
-12
-20
-35
-40
-44
-55
-70
-83
-88
-81
-58
-43
-41
-42
-33
-28
-15
-2
-2
-12
-30
-44
-59
-59
-51
-42
-39
-38
-27
-17
-1
21
39
41
40
35
19
11
1
-4
-6
-14
-22
-31
-33
-32
-32
-37
-32
-32
-31
-36
-35
-34
-32
-21
-6
5
14
21
18
1
-3
-15
-20
-25
-11
-6
1
8
1
-6
-11
-7
-7
-11
-9
-7
-5
0
12
25
38
46
47
35
20
9
-1
-12
-9
-2
6
5
-6
-20
-18
-11
-13
-26
-40
-33
-37
-35
-38
-40
-43
-39
-32
-28
-8
13
28
30
22
-3
-42
-77
-88
-78
-57
-23
-6
6
7
11
11
4
3
-11
-41
-69
-68
-50
-25
-15
-22
-28
-30
-23
-20
-15
-9
-1
-6
-13
-10
-18
-10
10
22
26
10
-1
-17
-24
-27
-24
-21
-18
-14
-16
-12
-1
5
11
10
20
12
9
-5
-12
-18
-7
3
3
3
7
16
12
5
-7
-26
-39
-42
-39
-48
-53
-67
-85
-99
-103
-98
-88
-62
-52
-41
-35
-24
-24
-27
-37
-51
-67
-70
-53
-47
-42
-29
-16
4
16
20
3
-17
-34
-40
-36
-26
-17
-24
-27
-31
-37
-41
-35
-16
-15
-15
-23
-27
-41
-50
-52
-56
-50
-38
-24
-17
-13
-19
-25
-31
-28
-23
-10
10
22
27
22
11
-4
-23
-29
-48
-65
-84
-81
-63
-51
-31
-39
-49
-67
-78
-92
-95
-86
-79
-74
-76
-77
-92
-102
-106
-103
-100
-93
-85
-85
-94
-108
-123
-129
-120
-105
-91
-74
-51
-45
-52
-66
-78
-86
-86
-81
-79
-79
-73
-64
-68
-71
-78
-76
-73
-64
-63
-59
-53
-40
-37
-37
-32
-31
-30
-31
-35
-33
-39
-37
-39
-47
-53
-43
-27
-11
0
-3
-16
-31
-39
-43
-37
-33
-28
-19
-8
13
7
-6
-22
-27
-34
-45
-55
-62
-46
-13
19
39
38
21
-6
-27
-32
-28
-25
-23
-19
-20
-16
-6
8
9
5
-9
-26
-43
-48
-45
-39
-23
-18
-17
-18
-5
12
27
44
44
28
7
-12
-27
-36
-42
-59
-73
-83
-77
-66
-50
-25
-9
-12
-37
-58
-73
-65
-51
-47
-59
-77
-86
-92
-87
-81
-82
-93
-102
-98
-95
-78
-73
-77
-97
-111
-109
-104
-99
-98
-109
-123
-119
-96
-67
-40
-35
-53
-80
-92
-96
-102
-101
-95
-84
-86
-79
-76
-68
-52
-26
9
20
22
6
-15
-30
-37
-37
-31
-20
-17
-21
-31
-36
-38
-43
-43
-49
-48
-36
-6
13
26
38
45
55
57
61
54
52
44
15
-21
-53
-77
-97
-109
-106
-86
-60
-24
4
11
8
-1
1
3
7
4
-6
-9
0
10
8
-3
-14
-22
-19
-9
-8
-14
-9
-6
6
10
3
-13
-42
-54
-61
-49
-34
-16
11
26
40
28
7
-10
-12
-12
-20
-23
-31
-32
-21
1
6
-5
-15
-25
-28
-25
-19
-24
-21
-23
-24
-41
-51
-57
-74
-79
-80
-75
-73
-71
-58
-48
-45
-42
-49
-59
-62
-65
-66
-53
-40
-32
-37
-40
-39
-33
-13
6
12
6
7
1
-7
-13
-2
10
19
33
45
66
89
111
122
122
121
116
112
109
107
89
76
78
91
94
85
75
62
58
55
38
21
17
16
2
-16
-18
-1
19
34
40
34
29
22
11
3
10
20
24
26
25
20
9
6
8
6
2
-9
-24
-39
-35
-32
-19
-16
-16
-11
-12
-16
-25
-40
-44
-40
-24
-4
24
40
49
41
32
13
-10
-30
-56
-86
-104
-94
-77
-46
-12
25
49
49
30
-9
-46
-64
-70
-60
-47
-24
-14
-12
-27
-37
-39
-24
-4
-1
2
-4
-18
-42
-63
-74
-80
-78
-76
-71
-67
-51
-45
-44
-53
-58
-49
-50
-44
-46
-53
-57
-53
-48
-41
-38
-50
-57
-58
-39
-24
-16
-13
-22
-29
-40
-44
-42
-36
-24
-25
-26
-39
-38
-36
-26
-22
-22
-26
-32
-35
-55
-60
-52
-41
-42
-48
-44
-38
-22
-7
-5
-18
-39
-56
-68
-69
-61
-51
-50
-51
-53
-54
-43
-30
-16
-7
2
-4
-20
-37
-48
-57
-72
-76
-78
-80
-83
-87
-84
-78
-69
-66
-62
-55
-39
-37
-50
-59
-71
-77
-74
-56
-43
-39
-33
-48
-73
-102
-127
-137
-118
-77
-35
-10
-1
2
-5
-9
-4
-1
-3
-12
-25
-44
-40
-29
-26
-36
-51
-48
-42
-21
-7
-2
-9
-21
-18
-22
-27
-36
-47
-52
-48
-50
-53
-55
-49
-49
-53
-48
-49
-49
-52
-58
-71
-88
-90
-80
-56
-34
-16
-6
-5
-5
-20
-33
-47
-46
-49
-53
-57
-60
-52
-44
-39
-53
-70
-85
-98
-106
-99
-75
-56
-27
-7
9
14
14
14
11
13
9
0
-18
-30
-40
-45
-33
-11
14
30
36
31
10
-17
-32
-42
-49
-42
-41
-41
-39
-27
-20
-18
-8
-5
-9
-25
-41
-66
-84
-92
-103
-103
-98
-82
-70
-64
-57
-52
-51
-48
-47
-57
-67
-72
-80
-96
-114
-133
-161
-172
-168
-142
-119
-92
-67
-62
-68
-74
-79
-78
-66
-61
-60
-58
-53
-51
-46
-48
-50
-50
-60
-66
-71
-83
-90
-102
-114
-106
-88
-76
-82
-85
-93
-90
-79
-53
-35
-29
-40
-58
-64
-63
-56
-55
-58
-52
-43
-24
-12
-8
-30
-56
-70
-72
-62
-44
-24
-14
-5
-10
-24
-37
-52
-50
-56
-62
-60
-55
-48
-38
-25
-28
-31
-43
-53
-57
-62
-53
-45
-25
-6
1
3
5
0
-10
-19
-24
-20
-25
-25
-23
-16
-1
9
10
-5
-4
-5
7
12
16
0
-24
-36
-43
-38
-29
-15
-7
-2
10
11
4
-16
-34
-40
-37
-15
9
21
29
34
31
44
61
69
61
39
20
0
-1
5
23
30
35
38
40
58
79
87
81
71
59
45
30
32
43
45
45
35
20
21
29
41
47
54
51
47
45
54
58
54
48
35
25
17
17
11
5
2
0
0
2
8
15
23
41
55
54
47
41
34
30
29
19
15
16
26
23
22
14
8
-2
-8
-8
-15
-11
-5
5
7
6
13
8
8
10
11
8
2
-17
-41
-59
-66
-65
-49
-20
0
2
-6
-11
-20
-28
-26
-28
-32
-43
-55
-57
-53
-36
-28
-15
-10
-7
-8
-20
-25
-39
-44
-44
-29
-21
-19
-27
-45
-62
-67
-59
-59
-54
-40
-28
-17
-10
-8
-16
-16
-13
-12
-6
2
22
26
17
-6
-34
-61
-63
-44
-14
15
32
37
31
32
28
20
8
2
-8
-30
-48
-61
-66
-60
-43
-34
-30
-21
-17
-14
-14
-17
-36
-60
-76
-89
-87
-86
-82
-85
-93
-80
-73
-69
-71
-70
-65
-51
-36
-33
-38
-49
-48
-56
-56
-56
-57
-60
-68
-66
-72
-71
-72
-76
-74
-64
-39
-25
-16
-16
-13
-15
-13
-6
-16
-21
-31
-29
-27
-22
-28
-48
-60
-64
-60
-57
-50
-48
-40
-31
-18
-18
-39
-52
-67
-76
-74
-70
-66
-70
-65
-64
-63
-67
-69
-70
-63
-43
-32
-27
-29
-32
-52
-70
-77
-84
-83
-87
-79
-81
-77
-78
-73
-73
-70
-71
-81
-82
-77
-73
-82
-90
-93
-99
-97
-90
-88
-89
-84
-84
-103
-134
-168
-188
-190
-168
-130
-95
-71
-67
-73
-86
-88
-83
-78
-76
-68
-62
-63
-67
-79
-94
-98
-92
-91
-102
-105
-115
-117
-115
-106
-95
-84
-60
-48
-43
-47
-48
-51
-46
-50
-56
-70
-73
-70
-70
-67
-61
-52
-51
-45
-39
-38
-31
-17
-7
1
9
16
7
3
2
10
16
29
34
29
26
23
17
3
-1
-3
-1
-1
4
14
16
21
8
1
9
24
25
12
-2
-22
-47
-72
-84
-88
-83
-64
-50
-43
-35
-29
-31
-44
-46
-60
-71
-83
-87
-98
-93
-88
-88
-94
-99
-96
-93
-80
-61
-44
-31
-26
-12
-14
-14
-13
-13
-20
-27
-38
-57
-63
-52
-31
-12
3
6
-5
-28
-44
-46
-31
-13
-4
-9
-13
-17
-24
-37
-44
-45
-36
-17
-1
0
-16
-24
-33
-35
-23
-3
9
-1
-12
-24
-32
-28
-19
-13
-5
1
-6
-16
-21
-17
-21
-22
-11
-7
-7
-16
-16
-17
-13
-8
-14
-21
-31
-33
-45
-42
-38
-21
-13
4
23
34
39
45
47
39
32
18
6
2
1
3
-1
2
3
0
4
8
13
6
11
0
-10
-17
-25
-33
-40
-29
-28
-31
-24
-17
-9
-19
-24
-34
-20
-11
1
5
6
13
13
9
9
27
45
62
81
88
87
83
76
59
52
44
45
39
35
38
28
38
53
74
83
82
81
75
71
61
41
24
19
18
22
26
24
20
15
15
12
9
1
-1
-9
-24
-37
-49
-65
-81
-82
-73
-51
-20
0
10
3
3
-3
-1
11
20
20
21
22
18
15
11
3
-4
-9
-15
-35
-54
-69
-74
-78
-77
-67
-66
-64
-69
-72
-72
-63
-53
-44
-23
-6
5
-2
-17
-29
-48
-54
-48
-27
-19
-12
-15
-21
-22
-9
-4
-1
10
16
14
6
-1
2
5
11
1
-12
-23
-35
-43
-57
-63
-70
-71
-73
-72
-73
-71
-57
-31
-17
7
17
18
13
13
20
20
17
4
-13
-22
-19
-16
-13
-20
-20
-22
-11
10
25
31
42
65
79
87
96
107
113
118
107
88
63
44
31
23
21
19
14
4
-1
-6
-10
-12
-24
-32
-29
-15
-6
-9
-8
-20
-32
-44
-54
-63
-78
-78
-84
-76
-73
-61
-56
-54
-54
-57
-59
-59
-53
-67
-83
-95
-93
-77
-57
-34
-25
-22
-20
-26
-38
-51
-57
-63
-57
-44
-23
-14
-3
-3
-19
-37
-63
-85
-103
-108
-105
-105
-101
-96
-92
-86
-78
-70
-69
-72
-65
-56
-63
-57
-52
-40
-34
-12
6
18
26
17
-2
-22
-29
-27
-27
-25
-31
-40
-41
-32
-28
-23
-24
-30
-38
-44
-45
-59
-60
-52
-37
-27
-25
-17
-19
-11
-8
-1
-4
-21
-27
-40
-44
-37
-36
-42
-38
-35
-35
-29
-28
-33
-55
-67
-79
-90
-90
-79
-59
-47
-35
-34
-44
-44
-40
-32
-33
-31
-38
-42
-46
-38
-28
-28
-34
-41
-35
-27
-22
-38
-51
-51
-43
-49
-59
-64
-67
-61
-54
-51
-47
-37
-26
-30
-37
-36
-23
-1
19
37
35
29
23
22
24
23
29
21
24
34
47
51
49
24
7
-5
-6
-10
-22
-21
-20
-23
-19
-6
7
12
16
7
5
7
20
30
26
32
22
20
22
21
16
3
6
10
9
-5
-13
-23
-23
-17
-15
-9
-6
3
11
23
46
50
34
6
-19
-39
-39
-35
-24
-28
-22
-16
-20
-15
-10
3
7
8
8
9
20
28
29
20
18
20
17
2
-8
-16
-32
-34
-33
-37
-50
-65
-70
-58
-36
-34
-53
-86
-114
-121
-116
-88
-67
-55
-56
-57
-68
-79
-74
-75
-81
-89
-85
-80
-76
-70
-76
-94
-107
-105
-99
-83
-62
-51
-57
-78
-105
-136
-154
-163
-155
-143
-111
-87
-77
-76
-75
-70
-68
-68
-68
-82
-83
-78
-72
-78
-90
-96
-93
-70
-39
-17
-12
-16
-35
-58
-69
-77
-83
-97
-101
-102
-103
-105
-93
-79
-59
-41
-41
-55
-70
-71
-58
-39
-32
-35
-57
-71
-68
-63
-58
-55
-62
-66
-66
-55
-61
-75
-91
-103
-103
-95
-78
-70
-53
-45
-36
-42
-52
-45
-46
-31
-19
-21
-37
-53
-60
-67
-70
-64
-60
-53
-39
-20
-6
-1
11
26
43
50
51
44
44
48
49
45
55
58
59
52
32
3
-33
-60
-69
-77
-58
-41
-29
-41
-52
-67
-76
-69
-43
-23
0
20
21
17
8
6
-8
-25
-40
-51
-57
-57
-54
-62
-70
-78
-78
-78
-64
-39
-26
-19
-27
-49
-71
-80
-65
-51
-35
-29
-39
-63
-82
-98
-100
-101
-86
-77
-69
-58
-53
-44
-36
-21
-15
-15
-5
-2
5
13
19
16
-1
-7
-10
-13
-10
-6
-2
4
14
16
16
13
23
26
29
28
18
9
-1
-7
-5
1
11
18
19
11
0
-14
-8
5
24
25
17
-4
-26
-31
-16
6
18
26
32
28
32
41
48
43
40
34
27
25
24
17
9
12
28
39
46
44
38
32
25
9
-6
-9
10
28
42
59
66
73
75
80
79
67
57
46
41
47
65
72
80
83
79
66
51
46
41
43
47
43
31
20
27
38
54
63
51
26
3
-4
-2
12
36
60
74
85
92
91
79
74
70
72
83
89
89
83
83
82
79
82
86
88
89
93
91
91
100
107
105
92
77
58
45
43
40
36
35
44
55
71
85
80
66
52
56
59
73
84
91
83
69
57
42
45
57
60
52
35
22
4
-3
-11
-14
-26
-30
-31
-33
-36
-33
-37
-44
-55
-70
-87
-101
-104
-103
-104
-97
-86
-88
-88
-93
-92
-92
-77
-62
-49
-41
-37
-39
-48
-48
-54
-60
-64
-70
-78
-93
-95
-93
-93
-90
-91
-101
-103
-101
-96
-99
-114
-124
-139
-145
-145
-141
-135
-124
-111
-106
-99
-87
-88
-101
-117
-122
-130
-124
-112
-93
-85
-80
-84
-106
-130
-155
-163
-155
-121
-93
-84
-82
-81
-93
-97
-87
-77
-69
-80
-92
-102
-108
-98
-87
-75
-73
-71
-74
-86
-88
-94
-96
-95
-93
-105
-123
-123
-126
-116
-103
-85
-78
-81
-91
-97
-96
-98
-92
-105
-114
-111
-112
-118
-125
-118
-105
-83
-62
-45
-53
-60
-64
-64
-61
-55
-47
-40
-25
-6
9
23
37
46
37
37
35
34
34
33
26
15
14
16
18
18
27
24
24
23
15
6
7
15
28
41
45
43
39
37
35
39
45
47
34
24
11
-3
-21
-35
-33
-36
-39
-31
-18
-8
-9
-9
-21
-18
-8
5
12
14
20
19
25
21
7
-15
-23
-21
-19
-7
10
19
18
9
-15
-29
-42
-40
-25
-10
4
5
-1
-5
5
12
10
20
20
20
7
-1
-10
-21
-28
-44
-54
-56
-43
-33
-22
-11
-2
-3
-8
-14
-14
-22
-21
-22
-33
-44
-47
-54
-59
-66
-65
-61
-54
-45
-51
-54
-52
-54
-65
-77
-90
-105
-108
-101
-87
-77
-50
-32
-14
-12
-8
-11
-22
-26
-33
-38
-33
-30
-24
-25
-20
-14
-16
-19
-11
0
3
2
-14
-30
-35
-26
-15
-12
0
3
3
-9
-14
-19
-18
-12
-13
-22
-35
-38
-43
-37
-32
-39
-51
-62
-60
-63
-52
-42
-41
-42
-41
-22
-12
-5
-11
-27
-56
-66
-62
-65
-68
-75
-65
-54
-35
-28
-31
-28
-26
-33
-42
-38
-33
-25
-28
-30
-37
-56
-70
-74
-66
-45
-20
-11
-13
-12
-28
-45
-65
-70
-64
-51
-19
-1
4
-1
-2
-1
3
4
-1
-17
-39
-54
-71
-65
-50
-41
-30
-30
-17
-22
-25
-27
-24
-24
-21
-18
-39
-60
-85
-90
-90
-73
-49
-28
-15
-12
-12
-29
-41
-56
-68
-67
-49
-38
-35
-32
-20
-10
3
9
6
-16
-37
-71
-100
-106
-94
-78
-73
-60
-60
-58
-60
-61
-64
-71
-67
-70
-79
-90
-91
-95
-92
-81
-68
-66
-66
-61
-68
-60
-53
-52
-66
-85
-91
-87
-65
-41
-24
-23
-34
-48
-58
-61
-50
-38
-25
-8
7
10
14
24
37
42
38
23
-4
-21
-30
-39
-44
-44
-48
-49
-48
-43
-32
-32
-19
-10
-3
3
5
0
-13
-26
-40
-51
-48
-33
-13
3
5
-9
-34
-44
-41
-45
-55
-75
-91
-104
-107
-98
-93
-80
-65
-52
-41
-29
-21
-40
-53
-62
-59
-56
-57
-60
-63
-54
-37
-23
-30
-30
-31
-26
-17
-20
-33
-60
-75
-82
-86
-82
-69
-53
-41
-26
-23
-22
-29
-40
-46
-54
-46
-44
-51
-53
-51
-60
-75
-80
-87
-80
-75
-65
-71
-71
-67
-60
-62
-64
-71
-81
-84
-81
-81
-86
-92
-84
-76
-68
-58
-50
-47
-39
-35
-36
-27
-25
-18
-20
-15
-13
-17
-21
-29
-32
-37
-37
-31
-41
-47
-48
-42
-45
-44
-49
-42
-34
-26
-26
-33
-38
-43
-50
-43
-20
-3
-7
-14
-36
-55
-64
-56
-38
-15
7
8
2
-5
-3
-2
-2
9
10
-1
-29
-40
-53
-51
-45
-52
-65
-71
-60
-59
-53
-52
-53
-44
-40
-38
-43
-44
-37
-35
-47
-67
-84
-106
-113
-103
-95
-86
-73
-54
-29
-10
-4
-3
-14
-4
-4
-11
-20
-20
-2
9
18
0
-22
-31
-16
1
12
18
7
-1
-1
10
21
32
40
45
40
38
33
22
7
0
-8
-15
-24
-23
-25
-22
-14
-24
-40
-57
-61
-59
-43
-33
-28
-35
-26
-13
-7
-12
-17
-28
-31
-46
-48
-60
-64
-63
-60
-54
-33
-17
-17
-22
-31
-37
-44
-35
-37
-48
-67
-79
-80
-81
-69
-65
-60
-63
-67
-74
-79
-63
-51
-37
-32
-46
-74
-109
-129
-140
-137
-116
-82
-51
-35
-31
-42
-61
-80
-80
-84
-76
-70
-62
-59
-53
-35
-24
-3
12
16
11
-1
-7
-20
-25
-26
-19
-20
-15
-14
-15
-26
-45
-69
-88
-89
-88
-85
-75
-57
-36
-38
-49
-62
-69
-59
-48
-41
-43
-32
-28
-21
-32
-42
-56
-66
-62
-56
-45
-35
-26
-27
-34
-35
-47
-53
-64
-71
-89
-108
-109
-100
-87
-87
-81
-85
-70
-51
-31
-15
-17
-18
-33
-38
-44
-39
-45
-39
-26
-18
-4
2
-1
-24
-41
-47
-45
-31
-18
-13
-26
-26
-22
-10
2
7
6
-4
-8
-13
-16
-27
-34
-45
-58
-54
-42
-22
-16
-22
-39
-51
-38
-26
-19
-28
-29
-36
-40
-37
-40
-46
-51
-50
-62
-60
-61
-63
-64
-63
-37
-22
-4
-4
-24
-58
-80
-77
-66
-45
-24
-10
-6
-8
-10
-21
-25
-35
-37
-45
-48
-48
-49
-40
-27
-14
-8
1
-11
-25
-36
-36
-27
-27
-24
-32
-44
-55
-49
-44
-27
-3
7
-1
-20
-29
-38
-39
-23
-15
-9
-15
-19
-33
-42
-35
-25
-7
1
-3
-26
-49
-49
-46
-45
-34
-39
-50
-57
-52
-40
-41
-47
-43
-41
-32
-16
-1
4
11
11
6
2
-8
-27
-50
-68
-82
-90
-96
-90
-83
-74
-58
-55
-56
-65
-72
-80
-83
-58
-30
-5
8
9
-1
-4
-1
3
11
17
29
21
4
-13
-36
-57
-75
-77
-69
-50
-28
-19
-17
-17
-15
-8
2
0
-3
-25
-40
-47
-66
-69
-64
-48
-28
-17
-9
-15
-18
-31
-29
-28
-18
-13
-17
-16
-16
-12
-16
-21
-23
-36
-49
-53
-61
-60
-56
-61
-66
-72
-74
-80
-87
-81
-77
-71
-70
-63
-66
-68
-69
-74
-78
-73
-45
-22
-15
-22
-40
-57
-56
-48
-46
-46
-50
-56
-62
-60
-34
-6
5
7
-14
-29
-29
-11
1
12
19
20
9
4
-1
-7
-1
12
27
31
35
39
43
49
58
68
69
68
55
38
26
30
44
53
62
58
48
40
42
40
43
46
45
41
33
29
13
-5
-9
-4
4
17
22
30
31
36
35
31
27
30
21
21
21
15
1
-7
3
21
46
66
78
74
63
49
22
22
20
20
10
6
5
2
-9
-12
-2
7
31
58
72
83
68
48
7
-56
-74
-85
-51
-4
21
34
68
72
59
27
-7
-37
-65
-58
-55
-47
-47
-40
-36
-33
-31
-32
-33
-28
-16
-12
-13
-22
-41
-66
-85
-87
-81
-60
-33
-1
16
17
10
-11
-25
-30
-30
-29
-32
-34
-44
-48
-42
-26
-20
-23
-16
-12
-7
0
-11
-34
-51
-57
-71
-76
-76
-71
-64
-49
-39
-37
-38
-49
-70
-93
-102
-104
-104
-101
-101
-101
-94
-81
-63
-51
-38
-26
-33
-47
-41
-36
-27
-29
-38
-59
-65
-58
-45
-42
-45
-45
-49
-32
-11
12
22
21
15
-11
-35
-42
-28
-22
-21
-25
-37
-47
-46
-48
-40
-32
-23
-36
-46
-58
-63
-67
-57
-50
-43
-49
-47
-44
-44
-44
-59
-80
-100
-100
-93
-71
-42
-20
-13
-23
-36
-44
-46
-35
-27
-28
-30
-28
-36
-35
-26
-20
-23
-38
-50
-67
-75
-77
-83
-92
-97
-91
-86
-76
-64
-55
-54
-59
-66
-67
-58
-38
-25
-22
-20
-16
-24
-31
-39
-46
-57
-56
-47
-36
-17
2
14
12
10
6
-3
-4
2
25
46
67
72
70
69
76
81
78
78
65
42
22
18
25
40
60
66
58
38
22
1
-13
-1
14
25
31
36
33
33
27
27
21
24
32
39
26
0
-11
-13
-3
6
16
14
28
25
1
-15
-23
-28
-31
-36
-20
1
25
45
57
66
74
56
23
13
18
32
30
27
38
49
70
82
82
58
42
40
36
41
43
43
25
26
22
31
47
60
64
41
39
32
22
19
25
33
35
30
14
-11
-34
-42
-42
-32
-17
-24
-46
-66
-54
-39
-26
-23
-37
-49
-44
-28
-27
-25
-36
-41
-61
-68
-61
-74
-80
-86
-84
-74
-68
-79
-98
-108
-100
-89
-88
-87
-81
-86
-92
-93
-109
-115
-118
-106
-101
-85
-69
-78
-103
-121
-130
-120
-98
-69
-38
-23
0
1
3
5
18
26
23
21
2
-21
-36
-36
-39
-34
-23
-16
-15
-12
-1
5
22
37
52
44
43
27
3
-15
-24
-27
-27
-27
-14
-18
-9
-6
-2
-6
4
4
22
15
9
-5
-20
-32
-12
2
18
31
41
48
50
57
65
58
44
33
23
8
-1
-18
-31
-30
-18
-14
-22
-10
-1
-3
-10
-27
-40
-50
-54
-64
-62
-54
-39
-40
-33
-23
-8
-2
0
2
5
15
24
22
5
-6
-2
-11
-7
4
12
17
13
2
-18
-19
-11
3
2
-3
-7
-12
-2
8
21
28
40
35
22
13
11
7
0
0
-9
-22
-30
-24
-32
-29
-26
-30
-31
-25
-12
-9
-1
6
11
9
2
-1
-27
-36
-37
-26
-14
-1
7
-5
-23
-42
-61
-69
-68
-46
-40
-23
-32
-51
-87
-98
-86
-91
-79
-75
-73
-84
-84
-86
-66
-46
-25
-15
-17
-28
-40
-57
-55
-38
-29
-30
-21
-20
-31
-66
-82
-89
-72
-37
-8
2
10
0
-7
-11
-5
-6
-13
-25
-34
-55
-71
-62
-42
-15
4
18
9
3
-6
-24
-27
-21
-5
-10
-17
-32
-28
-27
-30
-21
-23
-5
4
-1
2
18
42
37
24
15
25
24
37
18
-5
-21
-18
-16
-19
-14
-9
-4
-1
-3
-26
-51
-56
-49
-44
-27
-2
33
60
78
73
51
44
26
17
16
25
42
50
41
40
27
28
28
24
8
-4
-10
-13
3
11
15
10
12
22
22
21
32
39
37
17
-9
-51
-62
-58
-35
-14
-4
-22
-52
-74
-76
-77
-76
-45
-13
11
21
22
14
10
4
-2
-14
-18
-25
-34
-48
-55
-72
-85
-86
-64
-49
-33
-31
-39
-57
-59
-48
-41
-17
-19
-22
-40
-50
-40
-39
-19
3
11
0
-27
-51
-79
-80
-71
-60
-51
-52
-49
-53
-62
-63
-66
-69
-44
-22
-6
11
17
20
11
8
10
9
16
33
52
60
74
54
24
0
-6
-16
-22
-14
-7
1
27
44
45
42
30
35
34
43
37
31
43
56
64
47
34
27
12
0
1
4
2
8
2
-9
-24
-32
-43
-48
-41
-22
-10
-8
-20
-37
-58
-64
-59
-53
-46
-33
-37
-37
-19
-19
-18
-19
-21
-19
-25
-30
-44
-60
-71
-59
-58
-63
-60
-63
-62
-51
-37
-33
-20
-15
-11
-19
-15
-18
-34
-43
-42
-25
-23
-9
-3
-22
-40
-60
-71
-71
-56
-35
-20
-23
-21
-23
-34
-29
-22
-3
16
23
-2
-48
-68
-85
-82
-80
-68
-68
-69
-71
-76
-81
-74
-62
-53
-29
-1
4
-10
-33
-40
-44
-29
-6
2
-2
-13
-26
-47
-66
-64
-50
-32
-24
-20
-44
-61
-73
-88
-84
-61
-33
-27
-29
-34
-37
-34
-28
-19
-14
-6
1
10
9
22
36
60
81
98
80
44
15
-10
-30
-50
-60
-61
-55
-44
-38
-43
-39
-31
-29
-22
-2
11
16
21
33
35
23
21
14
14
18
31
41
54
61
62
52
44
30
13
-3
-8
-13
-2
6
20
10
9
-10
-40
-67
-69
-48
-29
-20
-17
-25
-28
-16
-10
-8
-16
-17
-13
-22
-15
-17
-27
-46
-59
-72
-86
-70
-64
-57
-58
-50
-52
-52
-54
-68
-71
-60
-25
-5
-8
-23
-50
-73
-71
-54
-41
-37
-42
-61
-75
-74
-58
-57
-53
-42
-25
-7
7
13
-1
-6
-11
-1
1
4
0
-17
-21
-10
5
8
21
17
5
-22
-37
-38
-32
-15
-16
-27
-38
-27
-12
0
19
13
0
-19
-21
-30
-32
-35
-41
-45
-32
-2
23
32
25
9
-8
-23
-16
-12
-1
11
9
0
-4
-21
-33
-26
-6
0
-18
-30
-37
-44
-43
-42
-47
-55
-44
-40
-31
-17
-10
-8
-33
-37
-31
-25
-14
0
20
28
37
32
18
21
28
42
38
26
-10
-44
-59
-57
-44
-44
-37
-57
-62
-62
-42
-26
-24
-13
-17
-18
-31
-33
-42
-32
-19
-9
-17
-20
-17
-19
-21
-17
-15
-24
-19
-21
-16
-1
20
40
44
55
49
45
35
38
43
35
33
27
21
11
14
5
-7
-1
2
5
3
-7
-11
-19
-6
-2
-2
2
6
10
-1
-3
-14
-9
-3
13
17
23
37
43
35
33
30
27
25
43
52
43
29
1
-23
-24
-8
14
18
12
9
0
10
18
26
16
19
17
5
3
-5
-12
-22
-13
-13
-23
-35
-50
-60
-67
-50
-40
-41
-53
-53
-29
-11
29
42
44
44
48
46
34
26
23
25
25
22
14
7
8
9
12
20
33
20
18
22
23
18
24
35
37
21
0
-18
-25
-15
7
14
31
49
58
47
33
31
36
52
74
74
55
40
22
1
-7
-2
0
0
4
-7
-17
-23
-17
-11
-23
-24
-23
-16
-5
10
29
39
66
64
55
39
21
0
-24
-41
-41
-36
-21
-21
-38
-50
-43
-24
-10
-6
-17
-45
-62
-57
-57
-55
-53
-40
-46
-37
-22
-9
4
7
5
-18
-25
-11
1
6
-1
0
-9
-17
-12
-9
-6
0
1
-9
-19
-35
-56
-83
-89
-91
-92
-93
-88
-77
-72
-57
-60
-59
-59
-48
-48
-61
-41
-33
-16
-18
-29
-57
-70
-63
-60
-58
-66
-71
-87
-92
-72
-57
-50
-45
-31
-33
-17
-21
-19
-19
-19
-2
-2
0
-10
-17
-27
-16
-3
2
15
19
13
-8
-4
-1
1
2
-6
-19
-22
-10
5
14
12
0
-10
-13
6
30
45
47
50
45
41
52
57
55
52
37
21
4
6
3
1
0
13
6
2
-10
-23
-37
-37
-23
-18
-7
5
23
44
63
77
69
69
67
63
50
41
39
24
20
7
-8
-17
-15
-9
-11
-9
-7
-10
-20
-20
-12
-7
-5
2
7
9
22
28
27
33
32
26
16
37
51
66
60
48
18
-3
-9
-20
-21
-31
-25
-19
-9
6
15
26
41
70
72
62
43
22
7
8
15
14
10
-1
-15
-32
-31
-16
-24
-23
-27
-20
-26
-15
-9
-17
-25
-52
-81
-108
-104
-88
-90
-94
-98
-94
-89
-66
-50
-36
-18
11
28
22
18
9
9
11
13
-1
-15
-27
-41
-62
-65
-61
-60
-50
-38
-31
-43
-50
-42
-36
-23
-17
-19
-26
-26
-19
-13
-3
-4
2
-10
-12
-16
-27
-29
-17
-3
1
4
-1
-10
-17
-9
-8
-16
-25
-26
-37
-49
-62
-76
-87
-71
-65
-69
-63
-70
-60
-67
-55
-63
-87
-96
-80
-57
-40
-29
-38
-41
-29
-11
8
8
16
14
9
6
2
-14
-21
-30
-41
-60
-66
-55
-49
-36
-46
-43
-42
-30
-10
0
18
33
38
34
28
28
23
23
24
22
2
-11
-32
-46
-46
-44
-43
-49
-44
-41
-43
-32
-29
-32
-45
-39
-35
-33
-30
-21
-11
-2
11
5
-6
-26
-34
-61
-77
-81
-90
-80
-67
-43
-37
-34
-30
-22
-34
-24
-16
-8
-4
-15
-15
-14
-7
5
-4
-6
-14
-22
-16
2
28
33
34
32
24
11
14
13
5
1
2
12
4
3
-1
3
13
24
35
33
52
54
50
43
29
19
12
23
29
23
13
-4
-20
-38
-32
-32
-23
-24
-14
-24
-32
-37
-41
-30
-5
27
40
43
41
26
3
-23
-23
-19
-1
27
44
57
53
37
12
2
-2
-8
-18
-21
-26
-27
-29
-17
-6
-3
4
1
-4
-1
9
12
-1
-6
-24
-34
-28
-7
2
4
6
-3
-4
-10
-1
-1
-10
-13
-26
-34
-45
-52
-70
-76
-57
-43
-36
-42
-43
-53
-59
-58
-52
-35
-12
4
11
7
-4
-15
-22
-15
11
18
32
27
25
6
-1
3
-6
-12
-24
-28
-28
-16
-12
-21
-28
-23
-7
3
20
25
15
12
13
13
6
-2
-15
-24
-21
-13
-20
-31
-32
-33
-32
-31
-25
-37
-47
-47
-40
-17
8
10
-7
-38
-44
-43
-57
-61
-67
-72
-65
-63
-61
-70
-73
-81
-90
-94
-88
-94
-111
-114
-107
-104
-86
-69
-49
-45
-44
-49
-56
-51
-48
-34
-38
-19
-8
5
20
31
42
43
57
52
41
27
30
25
10
8
-6
-11
-24
-29
-47
-58
-59
-65
-61
-50
-30
-11
-8
14
23
32
54
79
78
71
50
34
16
11
8
12
29
45
44
25
4
-3
-21
-27
-39
-39
-53
-43
-34
-31
-17
-2
13
1
-8
-38
-53
-57
-53
-50
-49
-30
-19
-6
1
9
-3
-16
-11
-4
10
17
20
1
-22
-41
-57
-65
-64
-52
-51
-44
-40
-50
-64
-69
-75
-67
-47
-21
-18
-26
-31
-28
-38
-49
-53
-52
-56
-50
-44
-43
-35
-30
-23
-30
-22
-18
-5
-3
4
-1
-7
-10
-2
-1
-7
-19
-38
-53
-46
-58
-67
-67
-60
-64
-83
-86
-89
-84
-68
-40
-22
-22
-24
-45
-58
-54
-50
-45
-62
-61
-73
-83
-92
-94
-81
-62
-33
-25
-34
-45
-47
-43
-22
-10
-5
-8
2
12
8
-4
-2
-5
-15
-15
-20
-28
-32
-28
-30
-39
-37
-39
-41
-40
-28
-19
-11
2
5
9
6
15
23
23
35
26
19
14
2
0
1
15
14
12
9
23
19
6
-6
-14
-18
-27
-44
-66
-75
-60
-52
-46
-42
-25
-20
-16
-8
-5
-4
-3
-4
-11
-22
-7
5
17
30
23
5
-11
-16
-19
-15
-3
4
-4
-5
14
34
40
56
46
29
17
11
14
12
13
2
7
8
29
38
24
13
-21
-37
-47
-40
-43
-52
-54
-67
-77
-77
-68
-56
-60
-51
-45
-29
-15
6
-1
-3
-1
7
4
-1
11
14
22
17
4
-13
-12
-14
-14
-4
2
-1
-31
-44
-45
-47
-34
-21
-28
-43
-51
-68
-72
-75
-66
-58
-51
-24
-21
-25
-31
-31
-24
-30
-19
-16
-14
-17
-9
-20
-31
-29
-34
-34
-32
-23
-13
-13
-5
-6
-20
-40
-62
-70
-66
-44
-39
-38
-42
-28
-27
-19
-12
-13
-17
-7
2
-8
-29
-53
-63
-81
-88
-98
-114
-131
-130
-118
-108
-83
-78
-70
-69
-70
-88
-111
-115
-108
-90
-76
-59
-52
-49
-28
-29
-31
-30
-22
-23
-29
-34
-30
-17
2
27
28
6
-11
-38
-48
-45
-34
-40
-34
-29
-30
-38
-48
-43
-52
-50
-50
-51
-56
-62
-55
-43
-11
18
40
34
14
-18
-53
-56
-33
-10
-1
8
8
-2
-16
-25
-27
-25
3
19
27
24
11
14
15
32
26
22
19
39
60
61
65
53
48
37
41
36
44
60
65
67
70
77
73
58
39
22
17
19
30
30
32
34
22
23
24
24
8
-4
-6
-8
-14
-14
-7
-14
-20
-22
-20
-28
-21
-23
-32
-30
-32
-32
-38
-27
-30
-36
-36
-33
-2
14
37
45
36
34
34
37
30
35
33
49
69
87
85
79
89
87
73
59
56
50
51
46
41
30
10
10
0
21
40
51
41
36
38
27
24
19
13
1
-12
-37
-59
-63
-58
-41
-48
-49
-58
-71
-68
-62
-38
-21
1
5
2
6
18
20
26
43
59
59
56
54
39
20
9
3
-2
3
11
17
18
23
16
-1
-11
-7
7
17
33
40
50
45
46
30
12
-11
-33
-49
-38
-21
-5
6
22
23
15
9
4
5
22
40
50
40
37
25
-2
-26
-22
2
18
38
30
15
6
0
8
21
25
18
7
-3
9
22
25
26
3
-29
-33
-29
-37
-63
-78
-82
-71
-63
-58
-62
-62
-45
-39
-34
-36
-30
-34
-39
-27
-8
-4
12
19
14
5
-13
-29
-35
-37
-23
-21
-17
-17
-24
-40
-39
-35
-43
-47
-58
-74
-92
-106
-118
-129
-133
-122
-106
-88
-67
-53
-36
-20
-7
-8
-11
4
16
22
7
4
-8
-18
-25
-50
-73
-91
-91
-90
-90
-88
-101
-113
-119
-113
-112
-114
-116
-105
-90
-64
-29
-23
-14
-12
2
1
9
1
-3
-7
-3
6
2
7
-3
-14
-13
-10
-1
-28
-55
-86
-117
-135
-147
-158
-163
-158
-151
-148
-136
-108
-93
-74
-53
-31
-22
-24
-24
-13
-7
4
-5
-26
-45
-45
-38
-36
-22
-23
-25
-22
2
11
31
47
57
67
86
119
136
135
122
98
81
73
71
53
42
29
16
5
-1
2
-12
-18
-19
-15
-11
1
22
20
16
14
17
27
39
48
49
39
27
7
-10
-9
-18
-31
-39
-34
-38
-44
-43
-29
-7
16
42
43
38
29
17
8
-4
-7
-15
-27
-19
-18
-4
10
26
17
8
4
-2
-15
-23
-32
-42
-39
-31
-19
-21
-9
-7
-4
6
20
28
28
29
25
13
9
17
29
39
49
43
39
45
54
58
45
54
48
47
35
32
40
44
44
30
11
-1
-2
-19
-33
-29
-19
-8
-12
-2
-8
-9
-10
-26
-32
-26
-14
-11
-25
-33
-47
-54
-54
-50
-67
-70
-66
-50
-42
-35
-31
-39
-46
-40
-39
-31
-24
-13
-20
-18
-16
9
32
45
43
19
9
17
28
25
25
16
10
-5
-13
-27
-49
-60
-79
-83
-72
-56
-59
-84
-104
-119
-126
-120
-104
-91
-93
-90
-100
-111
-114
-108
-107
-112
-109
-107
-93
-84
-64
-67
-70
-75
-74
-62
-44
-28
-37
-39
-45
-51
-58
-56
-52
-60
-51
-33
-17
-20
-29
-32
-33
-21
-1
6
6
4
-4
-17
-10
14
44
58
79
78
56
22
-10
-36
-54
-62
-57
-50
-30
-12
-2
-11
-9
-3
8
20
28
30
18
36
46
54
47
35
25
30
48
48
29
14
-4
-24
-37
-31
-22
-18
-12
-6
-9
-9
-3
-7
-3
-1
-1
-31
-40
-29
1
35
49
34
14
-1
-6
-11
-27
-15
-5
-8
-22
-33
-41
-41
-34
-28
-32
-31
-29
-29
-46
-53
-62
-77
-77
-68
-49
-27
-5
8
23
38
56
52
42
33
22
16
16
21
4
-4
-12
-17
-23
-26
-17
-23
-22
-32
-41
-59
-60
-54
-48
-36
-13
-4
-10
-7
3
17
31
34
28
16
-1
-27
-55
-55
-46
-22
-6
24
35
28
17
8
5
4
23
39
42
44
46
50
38
33
14
-8
-13
-7
-3
5
0
-7
-25
-45
-56
-61
-61
-47
-46
-51
-48
-41
-33
-31
-16
-10
-11
-22
-28
-52
-64
-71
-71
-73
-67
-61
-64
-53
-41
-30
-31
-29
-37
-48
-45
-31
-7
6
28
43
34
26
18
6
-10
-19
-32
-48
-56
-46
-36
-36
-25
-27
-21
-14
-4
2
8
17
14
13
7
15
10
-5
-7
-24
-32
-35
-31
-38
-47
-36
-34
-36
-41
-37
-23
-5
0
4
-6
-2
12
24
39
36
20
-15
-36
-63
-87
-110
-108
-93
-74
-38
-17
-14
-21
-29
-43
-46
-46
-40
-39
-45
-34
-32
-26
-8
-7
-11
-28
-39
-52
-60
-52
-48
-37
-36
-26
-28
-38
-39
-45
-33
-8
15
12
5
-1
2
4
6
18
18
24
46
53
57
43
35
11
-7
-19
-39
-49
-55
-44
-41
-38
-37
-32
-42
-43
-42
-43
-22
4
20
20
28
33
26
34
41
41
36
30
15
-6
-24
-31
-27
-34
-20
-6
2
14
19
21
24
31
32
22
13
21
14
6
-1
-16
-36
-53
-51
-42
-27
-22
-16
-17
-12
6
4
10
21
27
25
26
22
0
-13
-23
-28
-42
-45
-42
-40
-27
-14
7
13
22
32
26
36
32
22
2
15
24
41
36
21
-5
-39
-50
-53
-47
-42
-33
-32
-51
-61
-94
-108
-100
-56
-6
25
47
36
23
13
12
8
2
7
12
16
10
6
-6
-20
-17
-33
-29
-13
10
18
12
18
17
13
7
2
-5
-10
-24
-27
-34
-35
-29
-40
-36
-24
-11
-6
-5
-11
-27
-45
-52
-67
-82
-81
-76
-61
-47
-34
-33
-30
-10
0
5
-3
-4
-2
-6
-1
-22
-35
-27
-15
8
4
4
-12
-21
-32
-32
-39
-42
-31
-27
-39
-52
-53
-49
-29
-18
-19
-22
-22
-4
-1
0
6
24
35
40
24
0
-20
-26
-23
-21
-5
5
14
26
47
62
64
70
73
57
46
41
17
1
-6
-3
10
6
1
-24
-44
-51
-61
-69
-63
-47
-35
-39
-19
-5
21
31
20
-1
-26
-22
-25
-29
-26
-15
-7
-9
-4
4
12
29
33
28
15
9
-1
-8
-19
-13
-24
-22
-3
18
21
24
23
26
45
46
36
5
-10
-24
-33
-30
-16
4
12
1
-17
-40
-35
-13
12
27
39
33
23
30
51
68
63
54
22
0
-23
-32
-44
-56
-38
-42
-43
-60
-54
-55
-47
-37
-32
-27
-21
-18
-22
-15
0
12
15
17
19
13
17
26
32
35
32
29
25
29
44
48
44
36
30
15
21
24
41
37
39
29
23
28
31
19
-7
-15
-14
-19
-17
-3
20
30
45
39
40
47
49
43
21
7
-19
-40
-45
-44
-50
-58
-57
-61
-79
-104
-125
-131
-119
-90
-76
-83
-92
-89
-82
-55
-26
5
15
11
10
-17
-28
-37
-41
-41
-34
-30
