2.483940
2.276287
2.067516
1.921893
1.718775
1.508428
1.300675
1.090286
0.882733
0.672301
0.463383
0.254525
0.045738
-0.156189
-0.208985
-0.394913
-0.594162
-0.797171
-0.974597
-1.128163
-1.247136
-1.350834
-1.428298
-1.476542
-1.454615
-1.318836
-1.119976
-1.104096
-1.208126
-1.294514
-1.393178
-1.410399
-1.333681
-1.243482
-1.114575
-0.966537
-0.802491
-0.644422
-0.457249
-0.259533
-0.054255
0.143517
0.338450
0.502352
0.630603
0.802583
0.924996
1.018569
0.941606
0.786402
0.636068
0.491153
0.337626
0.204799
0.079393
-0.039022
-0.163099
-0.261878
-0.368195
-0.444798
-0.515532
-0.578858
-0.604171
-0.440134
-0.241605
-0.044281
0.157949
0.361403
0.565900
0.772892
0.980212
1.163211
1.220100
1.244823
1.257673
1.113846
0.949495
0.743041
0.539382
0.335197
0.132404
-0.074559
-0.278558
-0.476485
-0.573086
-0.521204
-0.455704
-0.361561
-0.271026
-0.186352
-0.074928
0.060174
0.187535
0.310688
0.453220
0.597458
0.750491
0.877500
0.860533
0.728972
0.565174
0.417365
0.272961
0.061689
-0.129862
-0.316810
-0.491465
-0.676339
-0.829390
-0.969788
-1.131615
-1.254445
-1.333629
-1.407287
-1.346796
-1.244420
-1.145076
-1.071061
-1.257938
-1.408538
-1.438567
-1.384523
-1.306864
-1.213696
-1.097053
-0.960141
-0.775782
-0.581697
-0.385488
-0.205275
-0.116994
0.090279
0.297792
0.505507
0.713395
0.915860
1.120450
1.326346
1.532210
1.739919
1.945732
2.153986
2.361228
2.483939
2.603320
2.340699
2.082285
1.825624
1.567706
1.312203
1.057195
0.801716
0.546683
0.291849
0.036620
-0.076146
-0.077345
-0.327159
-0.553852
-0.777401
-0.987440
-1.177238
-1.341704
-1.487761
-1.591384
-1.539839
-1.361748
-1.160200
-0.944457
-0.724193
-0.492965
-0.256541
-0.018474
0.229068
0.475847
0.727388
0.979849
1.214664
1.353093
1.429684
1.229809
0.974865
0.724107
0.473934
0.224473
-0.026501
-0.277013
-0.523586
-0.768432
-1.010978
-1.258246
-1.494260
-1.724048
-1.944247
-2.102479
-1.890290
-1.573859
-1.242751
-0.911613
-0.580455
-0.401822
-0.236612
0.080088
0.129462
0.227202
0.341617
0.512348
0.542150
0.603805
0.470661
0.309674
0.140812
-0.015294
-0.155687
-0.255515
-0.098247
0.145961
0.371018
0.175757
-0.081247
-0.335955
-0.240189
-0.077119
-0.234805
-0.317426
-0.186530
0.027555
0.323819
0.595115
0.480473
0.288884
0.456031
0.604150
0.592329
0.338923
0.059411
-0.247761
-0.554472
-0.860470
-1.150297
-1.388949
-1.564791
-1.651999
-1.401289
-1.159783
-0.915154
-0.668307
-0.419827
-0.170107
0.076761
0.326287
0.578575
0.831323
1.084451
1.323906
1.242016
1.122753
0.895639
0.634772
0.378189
0.124934
-0.123513
-0.365471
-0.598588
-0.826467
-1.036672
-1.164681
-1.111729
-1.030184
-0.927159
-0.790560
-0.635387
-0.465536
-0.279973
-0.064031
0.011087
-0.058284
0.174144
0.427274
0.676066
0.921299
1.171722
1.418897
1.663607
1.915828
2.162467
2.405276
2.605294
2.757321
2.576667
2.363323
2.151578
1.940218
1.729427
1.519428
1.309547
1.100253
0.891493
0.683162
0.482842
0.298635
0.135672
-0.044849
-0.239307
-0.431527
-0.626913
-0.813971
-0.997326
-1.181317
-1.358288
-1.465970
-1.508949
-1.496861
-1.478207
-1.412206
-1.323923
-1.191887
-1.044651
-0.897045
-0.713318
-0.516016
-0.305520
-0.106258
0.043620
0.110293
0.171954
0.224522
0.226481
0.062473
-0.097632
-0.253302
-0.401338
-0.540695
-0.667066
-0.778706
-0.880961
-0.822913
-0.669114
-0.427322
-0.146678
0.119587
0.396115
0.590199
0.749911
0.811053
0.764219
0.712065
0.679347
0.657649
0.638661
0.612403
0.473542
0.271318
0.054452
-0.195017
-0.382116
-0.538780
-0.561132
-0.723742
-0.535097
-0.628415
-0.651604
-0.563214
-0.630903
-0.415406
-0.242403
-0.009837
0.198526
0.399029
0.598177
0.606952
0.625974
0.646960
0.675878
0.707070
0.748467
0.724612
0.546738
0.343734
0.086855
-0.180822
-0.424810
-0.541220
-0.681926
-0.795951
-0.678769
-0.560631
-0.428456
-0.292591
-0.146905
0.005385
0.144910
0.134075
0.056757
0.004181
-0.133171
-0.316913
-0.505062
-0.683324
-0.869736
-1.024173
-1.159003
-1.277489
-1.382455
-1.462120
-1.505878
-1.521235
-1.514344
-1.465240
-1.353707
-1.184009
-1.008923
-0.819480
-0.636882
-0.451170
-0.271196
-0.080204
0.083351
0.233701
0.395126
0.561279
0.750142
0.954268
1.157343
1.363317
1.566326
1.769860
1.973864
2.178290
2.380841
2.584944
2.759135
0.916063
0.720145
0.522445
0.325826
0.134381
-0.054012
-0.235525
-0.409605
-0.574453
-0.782353
-1.005318
-1.227986
-1.442693
-1.644878
-1.830656
-1.919581
-1.803539
-1.575919
-1.332768
-1.117349
-0.890069
-0.661376
-0.425178
-0.185914
-0.104358
0.021735
0.091275
0.017601
0.180527
0.161358
0.107642
0.037772
-0.034970
-0.127621
-0.241672
-0.343593
-0.449143
-0.547890
-0.630571
-0.684933
-0.718658
-0.735322
-0.752345
-0.758706
-0.705807
-0.525259
-0.336314
-0.151021
0.040873
0.223694
0.443558
0.618236
0.807066
0.987339
1.122090
1.168995
1.361086
1.565355
1.764312
1.963699
2.155679
2.348291
2.534063
2.659484
2.454808
2.212080
1.970654
1.736520
1.509086
1.287824
1.143285
1.109422
0.920750
0.701374
0.487748
0.279564
0.074659
-0.128759
-0.328256
-0.524141
-0.655584
-0.711926
-0.729304
-0.724641
-0.712768
-0.681295
-0.627490
-0.558144
-0.451771
-0.360193
-0.251391
-0.145990
-0.066734
-0.012290
0.024303
-0.113239
-0.051202
-0.079787
-0.079004
-0.221939
-0.279545
-0.420773
-0.619803
-0.818604
-1.017733
-1.215457
-1.412445
-1.608572
-1.800757
-1.861114
-1.784232
-1.655338
-1.505152
-1.337650
-1.162365
-0.971737
-0.764771
-0.568062
-0.407041
-0.226472
-0.054443
0.134102
0.301596
0.493903
0.710093
0.813405
0.734303
0.656732
0.576479
0.522695
0.558440
0.772790
0.794096
0.987738
1.133398
0.984352
0.760642
0.541502
0.517342
0.582836
0.658641
0.757901
0.853401
0.916217
2.656142
2.388145
2.118595
1.849677
1.576579
1.310169
1.109699
0.930998
0.750668
0.539333
0.280109
0.202769
0.225087
0.190427
-0.063984
-0.331682
-0.603219
-0.848439
-1.078363
-1.273412
-1.446494
-1.584146
-1.667050
-1.701056
-1.618863
-1.407405
-1.204867
-1.293158
-1.374846
-1.465617
-1.396953
-1.221577
-1.015835
-0.817346
-0.653438
-0.474111
-0.650892
-0.455141
-0.184814
0.086320
0.041223
0.229120
0.356262
0.483767
0.559157
0.682152
0.818026
0.946656
0.982478
0.761459
0.555834
0.340530
0.436915
0.654899
0.604009
0.404236
0.166365
-0.006733
-0.229742
-0.419169
-0.573619
-0.723551
-0.855717
-0.969597
-1.056647
-0.819121
-0.646091
-0.570673
-0.305507
-0.038956
0.145073
0.132646
0.298854
0.553530
0.844992
1.124513
1.381179
1.327945
1.050002
0.796895
0.528492
0.253333
0.005408
-0.238341
-0.476986
-0.718489
-0.956323
-0.879292
-0.750359
-0.602993
-0.445259
-0.277940
-0.057522
0.156385
0.388832
0.557583
0.424678
0.376797
0.597895
0.833710
1.041235
0.892982
0.756373
0.632506
0.500499
0.415973
0.295355
0.085226
0.122572
-0.164772
-0.434789
-0.538044
-0.620523
-0.788246
-1.038618
-1.227594
-1.366765
-1.383944
-1.300808
-1.252014
-1.505062
-1.554100
-1.514516
-1.406161
-1.259102
-1.099404
-0.835727
-0.570562
-0.304310
-0.045449
0.218445
0.184337
0.190445
0.408353
0.636663
0.792403
0.986072
1.178943
1.392679
1.660325
1.929237
2.199162
2.469993
2.655524
2.716798
2.520859
2.319620
2.116441
1.913637
1.711250
1.509328
1.304647
1.103617
0.899584
0.695865
0.503446
0.337000
0.174658
0.026848
-0.140560
-0.296803
-0.484202
-0.669047
-0.850846
-1.029002
-1.211188
-1.382884
-1.558268
-1.609068
-1.630423
-1.604464
-1.582334
-1.496625
-1.402207
-1.270639
-1.129364
-0.995539
-0.808575
-0.629259
-0.440013
-0.242430
-0.056332
0.054337
0.098968
0.189226
0.221619
0.124358
-0.034593
-0.167960
-0.304053
-0.432334
-0.551849
-0.661607
-0.760526
-0.760445
-0.593860
-0.397951
-0.124836
0.130978
0.373611
0.558994
0.722978
0.758149
0.722976
0.684263
0.655287
0.636265
0.627307
0.589851
0.383395
0.178364
-0.049425
-0.268749
-0.456178
-0.546939
-0.441283
-0.623459
-0.538105
-0.483729
-0.594606
-0.431194
-0.572487
-0.355097
-0.170275
0.062896
0.284475
0.489598
0.625175
0.640407
0.657560
0.686136
0.724205
0.761223
0.767523
0.611223
0.433163
0.190264
-0.089009
-0.339755
-0.443723
-0.598054
-0.700149
-0.585123
-0.456768
-0.321944
-0.181104
-0.029766
0.131724
0.229180
0.175554
0.113027
0.140952
-0.003838
-0.183236
-0.400200
-0.605639
-0.800912
-0.977409
-1.138189
-1.277809
-1.383628
-1.467743
-1.519882
-1.537841
-1.493581
-1.418849
-1.244988
-1.074251
-0.893684
-0.711002
-0.530945
-0.345955
-0.155972
0.021653
0.188707
0.359175
0.525989
0.729802
0.936229
1.143190
1.350628
1.558605
1.767164
1.976241
2.185881
2.396763
2.608897
2.714830
2.682277
2.497244
2.294711
2.092538
1.890673
1.689647
1.487927
1.287153
1.086839
0.886228
0.686396
0.489314
0.308318
0.138326
-0.019478
-0.191889
-0.379643
-0.562884
-0.749032
-0.922225
-1.099123
-1.280996
-1.449681
-1.591189
-1.628155
-1.641761
-1.603920
-1.547253
-1.459304
-1.324409
-1.164777
-1.004369
-0.827266
-0.627144
-0.414426
-0.202748
-0.021691
0.082824
0.152029
0.219924
0.260698
0.145600
-0.007035
-0.149783
-0.278495
-0.408663
-0.531616
-0.640256
-0.737817
-0.833434
-0.735199
-0.564823
-0.338822
-0.055566
0.173240
0.429953
0.603933
0.757973
0.785803
0.733218
0.690029
0.670432
0.651270
0.638039
0.586543
0.440957
0.246866
0.079708
-0.168109
-0.351703
-0.497236
-0.423764
-0.582028
-0.438065
-0.506969
-0.438578
-0.510187
-0.287751
-0.068827
0.177004
0.377187
0.577670
0.616529
0.636623
0.646837
0.676993
0.712834
0.741140
0.738847
0.566134
0.390456
0.139345
-0.120322
-0.303982
-0.412457
-0.563630
-0.643428
-0.545759
-0.424809
-0.295218
-0.157918
-0.014856
0.127537
0.190812
0.132283
0.083664
-0.019605
-0.168862
-0.367915
-0.574217
-0.768793
-0.945064
-1.097742
-1.232784
-1.357228
-1.456463
-1.519927
-1.554258
-1.571157
-1.546140
-1.455947
-1.291172
-1.121140
-0.946807
-0.778005
-0.605107
-0.420859
-0.248267
-0.074508
0.071366
0.227937
0.389518
0.566832
0.761326
0.959055
1.157247
1.355848
1.554813
1.752157
1.950132
2.149917
2.348473
2.546425
2.682868
2.483831
2.268816
2.062630
1.871328
1.661073
1.460832
1.259224
1.064227
0.866886
0.667945
0.486140
0.288459
0.090741
-0.110644
-0.242856
-0.322113
-0.515200
-0.706448
-0.862720
-1.007991
-1.140845
-1.243487
-1.313998
-1.362335
-1.315753
-1.204609
-1.059919
-0.886025
-0.953610
-1.052347
-1.132524
-1.205562
-1.194685
-1.148729
-1.090506
-0.947528
-0.779990
-0.596953
-0.400266
-0.191690
0.023265
0.228397
0.371517
0.497445
0.663686
0.777097
0.789829
0.645134
0.497921
0.356850
0.226497
0.093266
-0.031832
-0.139757
-0.248728
-0.343378
-0.425448
-0.494776
-0.550300
-0.445311
-0.270325
-0.098547
0.077912
0.262395
0.453915
0.639649
0.808774
0.892972
0.900412
0.846569
0.990917
1.170518
1.358108
1.458484
1.521795
1.347756
1.155865
0.962631
0.769804
0.577373
0.386866
0.195478
0.004424
-0.186232
-0.377251
-0.568715
-0.612131
-0.578296
-0.512668
-0.451704
-0.378384
-0.293715
-0.188178
-0.078497
0.033854
0.153736
0.265960
0.307971
0.185765
0.047241
-0.069057
-0.250072
-0.411595
-0.567785
-0.702173
-0.843684
-0.975299
-1.089406
-1.204621
-1.296506
-1.370033
-1.422758
-1.434855
-1.337601
-1.223993
-1.129171
-1.114042
-1.310200
-1.437451
-1.374624
-1.306701
-1.219836
-1.121950
-0.999939
-0.821641
-0.631835
-0.459123
-0.313051
-0.217442
-0.008958
0.183103
0.379996
0.563301
0.747454
0.926032
1.117859
1.303933
1.490492
1.677479
1.864847
2.053402
2.235379
2.417056
2.488396
2.546714
2.253106
1.965854
1.682485
1.405743
1.128528
0.988670
0.836485
0.678472
0.553447
0.300101
0.161854
0.088628
0.103565
-0.005486
-0.276346
-0.543683
-0.743724
-0.531876
-0.509337
-0.686179
-0.939940
-1.108010
-1.292163
-1.421215
-1.504236
-1.553179
-1.521715
-1.345013
-1.115731
-1.085254
-1.180518
-1.256966
-1.256864
-1.085152
-0.889758
-0.695478
-0.525512
-0.455849
-0.432797
-0.177058
0.070965
0.087930
0.260390
0.383120
0.457802
0.556418
0.689663
0.798049
0.824775
0.552419
0.333294
0.446371
0.389188
0.168941
-0.113319
-0.306961
-0.465060
-0.617408
-0.750355
-0.855632
-0.705424
-0.547126
-0.325180
-0.081515
0.143653
0.136216
0.351363
0.597814
0.860006
1.117653
1.375301
1.638303
1.875509
2.027556
1.809778
1.546575
1.273530
1.016796
0.756986
0.490379
0.230618
0.059689
-0.217022
-0.481509
-0.743103
-0.930656
-0.851918
-0.749162
-0.613464
-0.384006
-0.108806
0.160043
0.019606
-0.097687
0.083184
0.022216
0.157484
0.356415
0.528541
0.427916
0.302846
0.178924
0.133998
-0.005681
-0.226333
-0.194874
-0.396593
-0.613990
-0.762871
-0.663342
-0.818497
-1.015339
-1.209089
-1.346097
-1.440745
-1.357405
-1.264120
-1.196711
-1.446056
-1.572705
-1.537687
-1.462445
-1.351432
-1.210110
-0.981897
-0.718842
-0.421750
-0.159416
0.037331
0.096134
0.091763
0.328895
0.514004
0.664779
0.820167
0.990087
1.195825
1.451944
1.708787
1.959191
2.203803
2.449755
2.554036
2.737010
2.509809
2.277841
2.049155
1.819917
1.595151
1.368633
1.142222
0.916804
0.682196
0.529175
0.375550
0.230549
0.018566
-0.191514
-0.400424
-0.605285
-0.808822
-1.007193
-1.204231
-1.351651
-1.393171
-1.417070
-1.427665
-1.392730
-1.332330
-1.254220
-1.143033
-1.018924
-0.886773
-0.737614
-0.568704
-0.389698
-0.203532
-0.009985
0.070696
0.131133
0.203359
0.223170
0.100189
-0.086984
-0.260156
-0.428678
-0.586535
-0.722702
-0.852585
-0.953809
-1.020946
-0.774062
-0.532933
-0.286355
-0.039502
0.207576
0.463523
0.661121
0.796799
0.874518
0.818019
0.773113
0.734775
0.727258
0.717685
0.578440
0.350111
0.135127
-0.099903
-0.307303
-0.498868
-0.659005
-0.586051
-0.651062
-0.512328
-0.618135
-0.609566
-0.600306
-0.450247
-0.282438
-0.067808
0.149879
0.362352
0.574346
0.680486
0.696075
0.705314
0.722519
0.749981
0.787511
0.814496
0.653311
0.464080
0.233526
-0.004830
-0.244509
-0.483402
-0.589603
-0.549870
-0.535937
-0.620543
-0.484743
-0.356512
-0.204904
-0.061375
0.075362
0.081297
-0.000282
-0.051638
-0.187760
-0.355218
-0.535145
-0.697010
-0.855877
-0.997532
-1.115228
-1.233048
-1.314021
-1.396433
-1.448012
-1.471990
-1.470413
-1.454550
-1.412971
-1.304604
-1.123008
-0.936184
-0.745114
-0.558405
-0.365756
-0.175910
0.013493
0.174117
0.319961
0.473413
0.638120
0.831415
1.038281
1.245820
1.453951
1.662607
1.871728
2.074512
2.284577
2.488588
2.687123
2.747746
2.673019
2.463670
2.257378
2.051576
1.846365
1.641558
1.437095
1.232965
1.029210
0.825880
0.623887
0.429980
0.250491
0.080338
-0.093616
-0.276670
-0.467801
-0.657091
-0.837428
-1.021299
-1.201897
-1.369606
-1.535889
-1.577385
-1.598694
-1.586199
-1.536507
-1.451859
-1.335959
-1.188559
-1.043815
-0.860456
-0.661044
-0.448467
-0.225071
-0.031611
0.072486
0.140216
0.198584
0.229749
0.150201
-0.005856
-0.150821
-0.290855
-0.431982
-0.553405
-0.664167
-0.763105
-0.823244
-0.681768
-0.498178
-0.237989
0.034870
0.323242
0.526840
0.699915
0.841162
0.802042
0.748111
0.709422
0.686145
0.655381
0.653138
0.586508
0.476680
0.269827
0.042337
-0.193811
-0.385496
-0.541759
-0.483678
-0.654260
-0.487233
-0.609033
-0.516090
-0.524221
-0.422857
-0.205904
0.032783
0.241282
0.434946
0.612544
0.638769
0.639697
0.669299
0.690633
0.723050
0.763575
0.674414
0.515571
0.295990
0.033346
-0.217904
-0.417439
-0.514562
-0.655526
-0.665792
-0.553558
-0.431573
-0.300857
-0.162339
-0.015109
0.132900
0.165186
0.105239
0.043305
-0.060196
-0.227063
-0.429406
-0.622841
-0.805620
-0.975689
-1.110994
-1.259264
-1.364681
-1.457267
-1.505568
-1.543940
-1.550878
-1.514317
-1.437948
-1.272432
-1.101538
-0.926211
-0.747221
-0.573897
-0.388808
-0.209321
-0.035705
0.108491
0.268305
0.428497
0.602665
0.799971
1.001976
1.201213
1.400954
1.601143
1.799338
2.000435
2.199804
2.399775
2.598683
2.674050
2.811709
2.593558
2.363966
2.137116
1.910959
1.686693
1.462370
1.238228
1.015507
0.791514
0.568827
0.444591
0.464055
0.333521
0.115408
-0.101683
-0.319944
-0.515270
-0.720340
-0.925997
-1.127606
-1.289948
-1.339014
-1.363586
-1.285841
-1.098133
-1.168455
-1.193225
-1.129267
-0.991529
-0.824358
-0.639011
-0.436664
-0.221504
0.001788
0.123968
0.227245
0.228768
0.191718
0.179750
0.041003
-0.177479
-0.386367
-0.602025
-0.808181
-0.996820
-1.169480
-1.331604
-1.469728
-1.331046
-1.141107
-0.881898
-0.656055
-0.486899
-0.193120
0.105459
0.404332
0.662252
0.843544
0.907064
0.795659
0.661057
0.531084
0.400316
0.293151
0.149138
0.349998
0.556782
0.704289
0.561512
0.341308
0.149808
-0.069526
-0.273127
-0.284864
-0.400555
-0.358341
-0.276830
-0.290971
-0.100351
0.130608
0.259641
0.495775
0.723355
0.669441
0.529696
0.637564
0.730436
0.634686
0.432943
0.180012
-0.085482
-0.349949
-0.622344
-0.773611
-0.982428
-1.197545
-1.390164
-1.395649
-1.233149
-1.069580
-0.896134
-0.702567
-0.480440
-0.260605
-0.030568
0.070759
0.110284
0.110771
0.066580
-0.053317
-0.269654
-0.472419
-0.661527
-0.833713
-1.004477
-1.111147
-1.157451
-1.093788
-1.243740
-1.286513
-1.263426
-1.134410
-0.958652
-0.775364
-0.586134
-0.410191
-0.194320
0.022832
0.233179
0.404922
0.451058
0.481691
0.701299
0.921244
1.140286
1.357598
1.578405
1.795336
2.008875
2.226743
2.438086
2.650467
2.814620
2.686404
2.480262
2.275368
2.070740
1.866546
1.661927
1.458519
1.254405
1.051571
0.848511
0.647291
0.459028
0.283276
0.118810
-0.051978
-0.233015
-0.421369
-0.615347
-0.799432
-0.980416
-1.157675
-1.341195
-1.506505
-1.574538
-1.626578
-1.616576
-1.589446
-1.509125
-1.418408
-1.278805
-1.137990
-0.977679
-0.800948
-0.610487
-0.408574
-0.197110
-0.003852
0.087554
0.144868
0.211790
0.274574
0.199936
0.048907
-0.095675
-0.233037
-0.369621
-0.497087
-0.608349
-0.708570
-0.814023
-0.798125
-0.631530
-0.373702
-0.100163
0.166788
0.413776
0.593565
0.762197
0.835067
0.790530
0.754940
0.710601
0.695894
0.688084
0.675370
0.478060
0.279916
0.041393
-0.205896
-0.401079
-0.611184
-0.459347
-0.509753
-0.535187
-0.485278
-0.581955
-0.448651
-0.483212
-0.287389
-0.057460
0.174492
0.376044
0.575715
0.633614
0.640169
0.657154
0.684453
0.721463
0.749854
0.733549
0.541488
0.352152
0.091872
-0.139898
-0.345183
-0.422292
-0.568135
-0.633333
-0.516413
-0.389848
-0.261516
-0.117750
0.027723
0.161463
0.138513
0.093529
0.028573
-0.121966
-0.301748
-0.504208
-0.685737
-0.871730
-1.043068
-1.174329
-1.307924
-1.396231
-1.479742
-1.514300
-1.537650
-1.513895
-1.473303
-1.319996
-1.146378
-0.979619
-0.797664
-0.622563
-0.443903
-0.262214
-0.077936
0.083190
0.236994
0.401188
0.574613
0.769274
0.969903
1.171034
1.371766
1.572302
1.774249
1.975750
2.177360
2.379564
2.581203
2.687116
2.857029
2.638154
2.419631
2.201735
1.982855
1.765037
1.545556
1.327182
1.107827
0.889789
0.670615
0.451519
0.349759
0.366728
0.204807
-0.008640
-0.221145
-0.432483
-0.620966
-0.812618
-1.007242
-1.196342
-1.352275
-1.389456
-1.372073
-1.214863
-1.144001
-1.198977
-1.189768
-1.065073
-0.873790
-0.661049
-0.446834
-0.217795
0.025391
0.135300
0.214242
0.176367
0.148983
0.078517
-0.140421
-0.357625
-0.567894
-0.775247
-0.955796
-1.115914
-1.277391
-1.368694
-1.200234
-0.998667
-0.725416
-0.545511
-0.251183
0.043953
0.329646
0.557532
0.693404
0.658674
0.526210
0.396045
0.266429
0.156457
0.236294
0.447204
0.662582
0.840410
0.697472
0.478442
0.261088
0.047164
-0.165227
-0.387616
-0.322586
-0.342713
-0.506453
-0.371490
-0.310471
-0.415971
-0.215788
0.009484
0.235509
0.473908
0.702069
0.751489
0.552974
0.351361
0.296602
0.408862
0.530921
0.499878
0.337772
0.062779
-0.234304
-0.531023
-0.707152
-0.988948
-1.185088
-1.372143
-1.292164
-1.135812
-0.979385
-0.802571
-0.609633
-0.403634
-0.189004
0.005309
0.064960
0.096473
0.083498
0.002890
-0.189472
-0.409053
-0.621714
-0.815721
-0.970558
-1.131307
-1.164851
-1.116140
-1.192709
-1.325326
-1.338997
-1.285023
-1.117996
-0.933370
-0.742678
-0.559992
-0.371249
-0.161977
0.053609
0.260556
0.364273
0.342492
0.494475
0.712887
0.929664
1.148446
1.367329
1.584823
1.802586
2.019413
2.236712
2.454429
2.671092
2.857139
2.604781
2.333214
2.067614
1.802629
1.539089
1.277528
1.020049
0.758196
0.497901
0.238499
-0.020800
-0.140780
-0.072098
-0.250431
-0.484554
-0.704981
-0.904821
-1.092557
-1.255009
-1.377712
-1.467118
-1.381112
-1.195461
-0.986417
-0.770150
-0.546977
-0.316185
-0.074506
0.164470
0.414042
0.661255
0.908849
1.161576
1.387089
1.498583
1.544912
1.292575
1.035233
0.781089
0.524387
0.271602
0.015894
-0.234884
-0.488962
-0.736574
-0.987778
-1.237056
-1.475538
-1.716829
-1.951474
-1.880840
-1.612627
-1.266218
-0.900798
-0.553215
-0.187384
0.160727
0.431396
0.568171
0.476548
0.303958
0.142425
-0.027945
-0.162998
-0.231913
0.019133
0.272521
0.509258
0.305406
0.042481
-0.217441
-0.447274
-0.432341
-0.231677
-0.184060
-0.372497
-0.423051
-0.296953
-0.066944
0.196507
0.464639
0.522175
0.290436
0.042118
0.083628
0.250868
0.430103
0.533653
0.449480
0.182271
-0.112456
-0.407435
-0.704758
-1.010062
-1.309767
-1.576407
-1.773005
-1.776872
-1.535542
-1.285253
-1.042419
-0.786437
-0.538231
-0.279398
-0.028118
0.232310
0.485515
0.739597
0.994394
1.249789
1.350757
1.250325
1.074813
0.802126
0.532259
0.266934
0.005092
-0.251642
-0.502087
-0.745212
-0.975071
-1.191148
-1.285968
-1.231591
-1.144515
-1.028480
-0.877710
-0.712284
-0.535425
-0.344549
-0.111979
-0.076605
-0.133146
0.129826
0.379682
0.636555
0.882710
1.135506
1.384198
1.638475
1.893211
2.141652
2.388092
2.607734
2.679242
2.487598
2.278651
2.071213
1.864627
1.658262
1.452482
1.247155
1.042246
0.837767
0.633989
0.457813
0.274214
0.099857
-0.069806
-0.253510
-0.444331
-0.629303
-0.810634
-0.993723
-1.165835
-1.341665
-1.500127
-1.538714
-1.558379
-1.527312
-1.469383
-1.378223
-1.255441
-1.109600
-0.947460
-0.765064
-0.568213
-0.358846
-0.139939
0.047712
0.106124
0.207676
0.261712
0.285915
0.153198
-0.003641
-0.150763
-0.291487
-0.431180
-0.556083
-0.657068
-0.769714
-0.675810
-0.503807
-0.286674
-0.012255
0.262403
0.500252
0.669253
0.823197
0.793486
0.747568
0.709764
0.681805
0.664623
0.651659
0.525141
0.347923
0.127491
-0.103744
-0.306104
-0.496433
-0.458796
-0.634103
-0.459026
-0.605926
-0.472381
-0.533201
-0.476872
-0.274376
-0.070222
0.150594
0.344628
0.546414
0.637052
0.646494
0.645460
0.674394
0.706718
0.742077
0.762846
0.670687
0.506063
0.282691
0.021541
-0.239386
-0.457602
-0.563398
-0.715738
-0.719586
-0.608692
-0.502082
-0.372131
-0.234526
-0.101711
0.049399
0.163880
0.105687
0.042165
-0.011089
-0.173983
-0.355674
-0.557603
-0.755966
-0.919901
-1.091519
-1.226611
-1.358713
-1.459385
-1.550245
-1.594361
-1.610308
-1.613206
-1.570440
-1.450227
-1.284456
-1.113147
-0.931934
-0.747812
-0.567185
-0.389713
-0.202198
-0.036061
0.111434
0.266460
0.437864
0.569744
0.767486
0.969753
1.172283
1.371776
1.571802
1.772305
1.973233
2.174544
2.376201
2.573902
2.682168
2.484363
2.285890
2.092948
1.901565
1.711442
1.520270
1.328444
1.139313
0.949370
0.759464
0.569600
0.379274
0.189609
0.000026
-0.189458
-0.376687
-0.418920
-0.601173
-0.784352
-0.930421
-1.079316
-1.203739
-1.310713
-1.385610
-1.429330
-1.441907
-1.350535
-1.246104
-1.114454
-0.945825
-1.010108
-1.110445
-1.179074
-1.246894
-1.232027
-1.178122
-1.185635
-1.065388
-0.916964
-0.752772
-0.583864
-0.391642
-0.207892
0.000414
0.170017
0.318310
0.448005
0.591262
0.704491
0.707369
0.576534
0.439243
0.307238
0.181189
0.061822
-0.050042
-0.169055
-0.263847
-0.348280
-0.421303
-0.481947
-0.529292
-0.390138
-0.207130
-0.032152
0.144986
0.323936
0.510570
0.695502
0.825129
0.861705
0.855775
0.923279
1.114375
1.307436
1.500133
1.606115
1.467877
1.280311
1.095772
0.910937
0.744450
0.580620
0.388380
0.196339
0.004524
-0.187728
-0.378576
-0.562686
-0.565262
-0.532880
-0.468238
-0.408919
-0.337201
-0.237754
-0.144880
-0.027577
0.082488
0.200146
0.292265
0.248517
0.120915
-0.005665
-0.141963
-0.330049
-0.490363
-0.640673
-0.782149
-0.922963
-1.034877
-1.170325
-1.268479
-1.325986
-1.378999
-1.359079
-1.245346
-1.135083
-1.052835
-1.180419
-1.337741
-1.303910
-1.229384
-1.140095
-1.032998
-0.866192
-0.695879
-0.522782
-0.370186
-0.219831
-0.029321
0.154633
0.342388
0.517806
0.696089
0.876978
1.062562
1.248433
1.434596
1.615563
1.798410
1.988494
2.172949
2.330954
2.488020
2.579455
2.282208
2.001120
1.726251
1.463457
1.203446
0.934539
0.661819
0.392940
0.124542
-0.024019
-0.007489
-0.211744
-0.444389
-0.688344
-0.913004
-1.112372
-1.282066
-1.419093
-1.440534
-1.267162
-1.076402
-0.872374
-0.669119
-0.445978
-0.207810
0.017167
0.250819
0.495876
0.739338
0.979214
1.216807
1.404404
1.509830
1.458260
1.195244
0.933168
0.671411
0.410041
0.149148
-0.111154
-0.370429
-0.629280
-0.885405
-1.140140
-1.392050
-1.640173
-1.887340
-2.113305
-1.909321
-1.592247
-1.263120
-0.928370
-0.593136
-0.257577
0.064723
0.363949
0.507557
0.469111
0.292463
0.120481
-0.039711
-0.186279
-0.402291
-0.350531
-0.165927
0.090102
0.327887
0.377601
0.101008
-0.167418
-0.430328
-0.537503
-0.428848
-0.206583
-0.291976
-0.470940
-0.380798
-0.201684
0.061878
0.321027
0.588626
0.435999
0.192297
-0.015118
0.168824
0.358178
0.499684
0.496038
0.252800
-0.010151
-0.293345
-0.576078
-0.858197
-1.131686
-1.413232
-1.638079
-1.790437
-1.682519
-1.428480
-1.171185
-0.911159
-0.649211
-0.385862
-0.121460
0.143750
0.409595
0.675949
0.942713
1.209815
1.396450
1.332213
1.214198
0.927654
0.639464
0.354722
0.071661
-0.201554
-0.469012
-0.724513
-0.963531
-1.191561
-1.160052
-1.075528
-0.984022
-0.848780
-0.710996
-0.539006
-0.353774
-0.157650
0.057723
0.027272
0.074556
0.337281
0.590621
0.748278
0.956882
1.208448
1.445608
1.692397
1.946669
2.194512
2.436823
2.585949
2.548363
2.295252
2.045462
1.796479
1.548276
1.300065
1.051101
0.803487
0.554973
0.306472
0.057988
-0.098569
-0.071816
-0.309816
-0.529779
-0.740265
-0.943018
-1.125473
-1.285545
-1.432845
-1.534785
-1.546800
-1.371256
-1.188207
-0.975350
-0.758793
-0.529692
-0.299154
-0.061528
0.178141
0.420699
0.666034
0.913641
1.163400
1.340990
1.476159
1.524788
1.290270
1.044540
0.801092
0.553912
0.311949
0.065418
-0.174766
-0.415687
-0.657251
-0.892341
-1.132579
-1.361270
-1.584146
-1.810346
-2.027182
-1.903433
-1.646138
-1.342470
-1.021695
-0.706065
-0.392099
-0.083632
0.237632
0.511419
0.674052
0.634194
0.491187
0.319894
0.159511
0.011664
-0.142425
-0.171440
-0.161113
0.071880
0.309536
0.303756
0.053394
-0.195887
-0.166433
-0.017024
-0.135353
-0.297961
-0.208808
-0.122820
0.148853
0.445126
0.633344
0.439694
0.404747
0.568079
0.642413
0.536204
0.325791
0.046400
-0.254334
-0.557755
-0.860496
-1.151629
-1.385325
-1.562010
-1.717653
-1.477930
-1.244372
-1.015590
-0.775433
-0.533554
-0.290382
-0.052441
0.192814
0.438657
0.679665
0.926572
1.168953
1.213660
1.099366
0.919388
0.664369
0.413683
0.165859
-0.077446
-0.315854
-0.551211
-0.773025
-0.984908
-1.191488
-1.210988
-1.153451
-1.064956
-0.949089
-0.803167
-0.639488
-0.455746
-0.269893
-0.053305
-0.055675
-0.075703
0.167386
0.411222
0.655665
0.896997
1.142557
1.382305
1.626016
1.870297
2.112062
2.352575
2.549563
2.904179
2.651667
2.397629
2.155071
1.912785
1.666267
1.438182
1.201084
0.966696
0.731675
0.499140
0.472178
0.460587
0.226336
-0.002568
-0.230093
-0.424650
-0.626652
-0.843225
-1.053388
-1.251211
-1.286908
-1.306123
-1.249594
-1.085981
-1.121012
-1.135662
-1.026272
-0.893847
-0.740464
-0.569309
-0.390049
-0.197831
0.005065
0.133428
0.200790
0.201346
0.164884
0.118560
-0.046900
-0.259534
-0.470492
-0.684319
-0.882664
-1.068570
-1.239874
-1.398581
-1.360828
-1.162170
-0.938855
-0.695662
-0.548975
-0.290179
-0.046777
0.214591
0.471645
0.659970
0.714209
0.591257
0.462365
0.329842
0.220054
0.149413
0.358585
0.555490
0.771842
0.609290
0.387134
0.166264
-0.056546
-0.272015
-0.444945
-0.336055
-0.390171
-0.538267
-0.372021
-0.328092
-0.336271
-0.114063
0.085416
0.307935
0.529013
0.750880
0.713335
0.557313
0.345597
0.364917
0.498363
0.565323
0.446819
0.233467
-0.004813
-0.248379
-0.489607
-0.707818
-0.896561
-1.104245
-1.303462
-1.364786
-1.202757
-1.024197
-0.841832
-0.624037
-0.384442
-0.139076
0.033657
0.076261
0.112849
0.080900
-0.085260
-0.290598
-0.470274
-0.638716
-0.804603
-0.949010
-1.067567
-1.126989
-1.094705
-1.021685
-1.200473
-1.263786
-1.259585
-1.146676
-0.961886
-0.770961
-0.573923
-0.426902
-0.208541
0.021980
0.253612
0.429264
0.448142
0.551501
0.775183
1.005899
1.239001
1.467955
1.692282
1.916959
2.141939
2.354135
2.566426
2.768750
2.911246
2.790899
2.593492
2.374907
2.157106
1.939370
1.722096
1.504186
1.287775
1.072000
0.858845
0.662610
0.476987
0.298213
0.107930
-0.096929
-0.293132
-0.493649
-0.691687
-0.886782
-1.078350
-1.265672
-1.353960
-1.415431
-1.429117
-1.409874
-1.362218
-1.297508
-1.174572
-1.071514
-0.931971
-0.749411
-0.571553
-0.378979
-0.173109
0.004674
0.121457
0.182297
0.256863
0.269262
0.184303
0.010784
-0.158092
-0.314885
-0.477278
-0.622929
-0.764275
-0.886967
-1.010898
-0.930389
-0.742358
-0.462748
-0.153799
0.147045
0.402112
0.585797
0.745224
0.832157
0.769524
0.717117
0.679526
0.665023
0.645482
0.637078
0.449044
0.232987
-0.004611
-0.270061
-0.491771
-0.677847
-0.854698
-0.701826
-0.836694
-0.773801
-0.712715
-0.895859
-0.700853
-0.816671
-0.642608
-0.427524
-0.169636
0.096923
0.292551
0.528606
0.618220
0.634594
0.654695
0.686410
0.718994
0.762775
0.780608
0.684404
0.512189
0.312544
0.032971
-0.275973
-0.522093
-0.655512
-0.769173
-0.849718
-0.725187
-0.577127
-0.430796
-0.270093
-0.106839
0.062194
0.183677
0.165448
0.085611
0.021050
-0.121903
-0.306171
-0.491958
-0.687497
-0.867847
-1.030248
-1.149856
-1.267852
-1.338481
-1.381611
-1.429829
-1.413088
-1.374181
-1.303329
-1.138720
-0.957125
-0.761032
-0.571395
-0.378337
-0.182368
0.016095
0.202967
0.370200
0.548592
0.731665
0.929631
1.142220
1.356655
1.572259
1.786151
2.000760
2.216014
2.431848
2.647094
2.791767
2.720037
2.498920
2.285927
2.072942
1.861386
1.650231
1.440431
1.230116
1.020265
0.811193
0.602507
0.420009
0.232103
0.068755
-0.121716
-0.312776
-0.510557
-0.696089
-0.887990
-1.074255
-1.254609
-1.429733
-1.510796
-1.548961
-1.538011
-1.508668
-1.446053
-1.352729
-1.225127
-1.081117
-0.936042
-0.757818
-0.565131
-0.360415
-0.146900
0.029520
0.114918
0.192318
0.241661
0.276116
0.144643
-0.018902
-0.170551
-0.318154
-0.457146
-0.586361
-0.696611
-0.804403
-0.888401
-0.741338
-0.478271
-0.214680
0.049327
0.328380
0.552113
0.722554
0.865370
0.814881
0.761454
0.731052
0.702416
0.683362
0.673632
0.488682
0.288608
0.054970
-0.174288
-0.359033
-0.547130
-0.524148
-0.516950
-0.626712
-0.489369
-0.646335
-0.514741
-0.551085
-0.387949
-0.222033
0.002865
0.208494
0.409137
0.605486
0.626696
0.637956
0.659288
0.671480
0.712801
0.745316
0.689060
0.519985
0.306964
0.058846
-0.189991
-0.323064
-0.443244
-0.588829
-0.678749
-0.561084
-0.444831
-0.311498
-0.168282
-0.018606
0.110733
0.110697
0.041174
0.001066
-0.118573
-0.284773
-0.477307
-0.661006
-0.834226
-0.994995
-1.120669
-1.249625
-1.358742
-1.427907
-1.487946
-1.523019
-1.529850
-1.498969
-1.434769
-1.274686
-1.096179
-0.913587
-0.738342
-0.559233
-0.376867
-0.191739
-0.014950
0.134490
0.285052
0.444225
0.610991
0.807964
1.010412
1.209011
1.412456
1.616235
1.816558
2.017481
2.218942
2.420889
2.620320
2.722351
2.786726
2.551325
2.322174
2.094200
1.868735
1.645821
1.421990
1.197881
0.975162
0.752506
0.530534
0.307883
0.329279
0.311328
0.094077
-0.123012
-0.339131
-0.553645
-0.754666
-0.958864
-1.157880
-1.349989
-1.419442
-1.447588
-1.410242
-1.230158
-1.186253
-1.195577
-1.255646
-1.117599
-0.954352
-0.771114
-0.572150
-0.361083
-0.139754
0.057906
0.179228
0.235243
0.208655
0.179488
0.129400
-0.079126
-0.285837
-0.499368
-0.701881
-0.890112
-1.060487
-1.207680
-1.353545
-1.332585
-1.144801
-0.906758
-0.641720
-0.479014
-0.214179
0.066509
0.376912
0.633279
0.798699
0.854864
0.728168
0.593081
0.466425
0.349117
0.242129
0.153368
0.361023
0.548435
0.742216
0.720604
0.511416
0.288883
0.077229
-0.133269
-0.240379
-0.254241
-0.420855
-0.294454
-0.247737
-0.208345
0.016006
0.185118
0.397344
0.631906
0.816942
0.625392
0.489080
0.597352
0.603921
0.455403
0.221578
-0.037928
-0.297215
-0.556218
-0.737200
-0.951350
-1.159612
-1.345973
-1.237689
-1.073840
-0.914244
-0.744965
-0.528999
-0.310231
-0.089263
0.049160
0.084296
0.118414
0.031671
-0.105477
-0.338747
-0.526325
-0.720158
-0.897759
-1.037428
-1.148756
-1.155175
-1.119135
-1.300676
-1.326587
-1.315282
-1.146689
-0.968776
-0.783649
-0.603934
-0.448641
-0.228029
-0.015650
0.198150
0.396246
0.337373
0.338758
0.554632
0.770697
0.988719
1.209493
1.426632
1.644090
1.856982
2.070440
2.280007
2.490417
2.697703
2.790297
2.861395
2.662030
2.445154
2.228454
2.010870
1.793445
1.576202
1.359167
1.141054
0.922998
0.713426
0.583068
0.486637
0.286411
0.077376
-0.133259
-0.348598
-0.535497
-0.728276
-0.923005
-1.104446
-1.284307
-1.316776
-1.318824
-1.174507
-1.081433
-1.142303
-1.162406
-1.033388
-0.870324
-0.668234
-0.481192
-0.263302
-0.020161
0.096424
0.186599
0.172696
0.151453
0.090346
-0.121989
-0.335935
-0.547964
-0.762358
-0.941559
-1.118422
-1.272949
-1.413419
-1.321807
-1.141145
-0.897560
-0.680991
-0.468216
-0.184716
0.109311
0.393378
0.594864
0.710266
0.639788
0.503211
0.367700
0.257515
0.166053
0.366030
0.579102
0.760218
0.616154
0.397557
0.182222
-0.032649
-0.243214
-0.460895
-0.401941
-0.328573
-0.380431
-0.524509
-0.367096
-0.326360
-0.372545
-0.153222
0.068269
0.302135
0.533734
0.732722
0.650506
0.464316
0.312070
0.436980
0.557046
0.585298
0.450683
0.224387
-0.060256
-0.355476
-0.639845
-0.721979
-0.995915
-1.200182
-1.373501
-1.327191
-1.170827
-1.003414
-0.837531
-0.644538
-0.429540
-0.221679
-0.011925
0.069205
0.117968
0.115354
0.051124
-0.087670
-0.307337
-0.517078
-0.729481
-0.901522
-1.050411
-1.123502
-1.095701
-1.080698
-1.256368
-1.285999
-1.253224
-1.083652
-0.905892
-0.717348
-0.528760
-0.341024
-0.127444
0.081863
0.292339
0.432544
0.410673
0.509653
0.727079
0.944636
1.162304
1.378534
1.595053
1.811826
2.027728
2.244091
2.460591
2.676888
2.861439
1.369743
1.197696
1.060019
0.846415
0.646332
0.503746
0.557173
0.605177
0.664648
0.734993
0.798302
0.745920
0.554931
0.325415
0.116925
-0.097544
-0.302034
-0.492636
-0.687862
-0.887931
-1.085553
-1.279711
-1.469370
-1.648639
-1.788987
-1.710061
-1.549484
-1.365118
-1.174765
-0.980378
-0.783166
-0.583917
-0.392942
-0.237654
-0.133598
0.016828
-0.068826
-0.018879
0.094136
0.037087
-0.022947
-0.105514
-0.210342
-0.337181
-0.474050
-0.618580
-0.752382
-0.864008
-0.949303
-1.012229
-1.050616
-1.076725
-1.030186
-0.850826
-0.662706
-0.488744
-0.311305
-0.131102
0.052044
0.250476
0.421315
0.595005
0.766310
0.795617
0.857116
1.056308
1.257702
1.452043
1.642615
1.833630
2.025037
2.216789
2.405526
2.589615
2.464997
2.256526
2.053167
1.848619
1.647597
1.446478
1.247366
1.048428
0.850031
0.815407
0.792970
0.606221
0.419095
0.229719
0.042522
-0.141508
-0.321460
-0.497491
-0.668595
-0.852774
-0.942262
-0.952222
-0.900457
-0.860028
-0.789782
-0.692793
-0.572706
-0.442665
-0.290663
-0.191960
-0.130681
-0.090826
-0.088898
-0.209909
-0.149413
-0.224162
-0.327814
-0.478787
-0.666672
-0.857120
-1.041491
-1.222758
-1.406266
-1.578007
-1.725734
-1.674761
-1.537955
-1.395260
-1.233586
-1.061212
-0.879313
-0.689158
-0.517996
-0.361041
-0.194316
-0.020643
0.149575
0.314059
0.514145
0.683366
0.655614
0.602568
0.560744
0.525420
0.496512
0.663137
0.861209
1.054863
1.251895
1.374065
2.583938
2.322477
2.062875
1.804028
1.546014
1.288358
1.029494
0.794580
0.537042
0.279616
0.020905
-0.213377
-0.155475
-0.294844
-0.520994
-0.736885
-0.934472
-1.113142
-1.275038
-1.392075
-1.497143
-1.510883
-1.304765
-1.099439
-0.870884
-0.639264
-0.398803
-0.150980
0.099059
0.353645
0.610345
0.869806
1.131262
1.364347
1.490629
1.564052
1.321110
1.062391
0.809339
0.551312
0.299697
0.042744
-0.206747
-0.461943
-0.708083
-0.951344
-1.200565
-1.435761
-1.675877
-1.908436
-1.847695
-1.613509
-1.291122
-0.964371
-0.631097
-0.297738
0.035682
0.309173
0.553949
0.663752
0.553291
0.379021
0.216069
0.043339
-0.161045
-0.214396
-0.044921
0.208321
0.445652
0.212642
-0.047463
-0.299703
-0.360667
-0.228286
-0.077238
-0.288310
-0.365623
-0.244187
-0.020907
0.259027
0.511526
0.336696
0.094336
0.152332
0.333842
0.488561
0.595016
0.500213
0.223239
-0.089492
-0.351262
-0.610637
-0.899015
-1.229462
-1.510757
-1.698945
-1.797052
-1.546117
-1.302307
-1.054673
-0.812943
-0.567936
-0.306049
-0.064577
0.192003
0.443140
0.695328
0.953639
1.207103
1.389460
1.304866
1.161638
0.897678
0.636485
0.377667
0.122057
-0.130641
-0.376608
-0.619678
-0.850486
-1.069159
-1.284008
-1.279850
-1.214274
-1.111969
-0.975553
-0.817166
-0.644016
-0.453860
-0.224238
-0.100335
-0.193246
-0.189653
0.065118
0.316547
0.572747
0.832820
1.086238
1.334895
1.590299
1.850726
2.104540
2.356960
2.584764
2.538888
2.344460
2.129988
1.920682
1.701969
1.493056
1.284287
1.080085
0.871541
0.663204
0.459181
0.254594
0.049196
-0.170302
-0.219184
-0.394278
-0.593615
-0.700136
-0.874958
-1.033173
-1.150645
-1.243713
-1.321142
-1.364619
-1.231300
-1.082106
-0.886968
-0.962198
-1.066572
-1.168798
-1.245976
-1.205625
-1.192687
-1.101886
-0.969903
-0.815560
-0.645499
-0.463543
-0.269239
-0.085171
0.126071
0.294316
0.412069
0.581325
0.699995
0.771925
0.664088
0.507549
0.356592
0.211961
0.073272
-0.062496
-0.186077
-0.296914
-0.404205
-0.496599
-0.570141
-0.636036
-0.639594
-0.456099
-0.284216
-0.125957
0.067859
0.253028
0.450059
0.638709
0.808583
0.882792
0.896144
0.869716
1.033584
1.217128
1.410962
1.585148
1.492092
1.305801
1.106260
0.902272
0.698436
0.497161
0.296743
0.100908
-0.093300
-0.292553
-0.471426
-0.670319
-0.664349
-0.608362
-0.542078
-0.465741
-0.395319
-0.289368
-0.173042
-0.049686
0.068046
0.194224
0.334407
0.425893
0.377430
0.231965
0.091798
-0.056436
-0.249677
-0.410338
-0.557388
-0.697061
-0.844721
-0.966069
-1.075455
-1.191590
-1.287653
-1.366325
-1.410200
-1.423362
-1.335807
-1.224690
-1.116753
-1.091781
-1.282232
-1.379691
-1.313364
-1.243564
-1.142468
-1.051549
-0.933791
-0.730338
-0.536366
-0.361121
-0.214084
-0.089811
0.111469
0.316624
0.515054
0.709502
0.889589
1.085372
1.281527
1.478005
1.668028
1.858608
2.056066
2.247423
2.427091
2.544562
2.559432
2.318792
2.065108
1.811823
1.558999
1.308662
1.081894
0.959499
0.782939
0.627240
0.464410
0.240996
0.038952
0.011887
0.024375
-0.071706
-0.293304
-0.540255
-0.779459
-0.989688
-1.120766
-1.326045
-1.474842
-1.590798
-1.634453
-1.644442
-1.494406
-1.306184
-1.168810
-1.235643
-1.311461
-1.366879
-1.329121
-1.108162
-0.882182
-0.716232
-0.554726
-0.426348
-0.579889
-0.355798
-0.093582
0.116796
0.080817
0.280234
0.390698
0.490431
0.603297
0.728192
0.845343
0.980320
0.812135
0.611083
0.427562
0.488345
0.487131
0.282492
0.077540
-0.116696
-0.291413
-0.422010
-0.554037
-0.669575
-0.762278
-0.675314
-0.524859
-0.309482
-0.073736
0.161184
0.298080
0.349808
0.595317
0.844166
1.093196
1.342137
1.549036
1.713760
1.575755
1.326538
1.077361
0.828229
0.577823
0.328236
0.119388
-0.112467
-0.350640
-0.581411
-0.803449
-0.771719
-0.670597
-0.569796
-0.451307
-0.300431
-0.093305
0.107237
0.214687
0.118642
0.293325
0.528445
0.621303
0.526846
0.410298
0.306947
0.213384
0.103820
-0.091717
-0.110121
-0.231268
-0.463477
-0.674216
-0.635296
-0.726589
-0.901149
-1.105706
-1.273656
-1.390015
-1.346658
-1.283539
-1.212821
-1.339370
-1.561704
-1.571017
-1.518865
-1.428216
-1.304294
-1.124142
-0.888645
-0.611979
-0.383507
-0.154329
0.047142
0.042045
0.087666
0.336782
0.515382
0.670309
0.844121
1.030791
1.211823
1.456409
1.701476
1.939548
2.182291
2.421836
2.561999
2.643466
2.432626
2.225701
2.018691
1.812550
1.606680
1.401133
1.195792
0.990722
0.786110
0.582732
0.410932
0.227235
0.075226
-0.105041
-0.295904
-0.485139
-0.676115
-0.864998
-1.051357
-1.234647
-1.414158
-1.562780
-1.625261
-1.649401
-1.639385
-1.591019
-1.525888
-1.403661
-1.278258
-1.135480
-0.973395
-0.773665
-0.582645
-0.359032
-0.146833
0.023428
0.087001
0.164195
0.230668
0.311626
0.249980
0.094738
-0.049783
-0.186592
-0.321478
-0.451115
-0.571875
-0.682731
-0.782593
-0.853686
-0.874429
-0.594500
-0.325254
-0.055026
0.190452
0.452780
0.639068
0.795073
0.886790
0.835891
0.794464
0.759635
0.721463
0.709453
0.687426
0.500829
0.302542
0.062837
-0.160642
-0.361970
-0.584584
-0.424530
-0.525500
-0.440297
-0.597324
-0.633969
-0.439805
-0.493280
-0.298170
-0.077526
0.146378
0.342712
0.550229
0.594928
0.599223
0.602903
0.613618
0.635404
0.663976
0.635940
0.478402
0.281708
0.060783
-0.099977
-0.155644
-0.273496
-0.398318
-0.531315
-0.447555
-0.319341
-0.184758
-0.041626
0.053798
0.027120
-0.049367
-0.086742
-0.249256
-0.427848
-0.610731
-0.775950
-0.942094
-1.093002
-1.218535
-1.318008
-1.407191
-1.451509
-1.487382
-1.493911
-1.456335
-1.371925
-1.207945
-1.038441
-0.864362
-0.696637
-0.524496
-0.339707
-0.161152
0.004669
0.158336
0.313192
0.474773
0.652620
0.854126
1.052175
1.250898
1.450219
1.648577
1.847541
2.045859
2.247322
2.446879
2.595150
2.645877
2.822085
2.615848
2.393466
2.170859
1.948577
1.725846
1.503986
1.280869
1.058673
0.835494
0.612374
0.390699
0.388517
0.409272
0.207821
-0.009784
-0.222005
-0.442059
-0.628976
-0.826205
-1.017734
-1.210119
-1.341327
-1.388446
-1.360389
-1.173439
-1.156194
-1.213684
-1.158831
-1.025049
-0.831689
-0.614020
-0.394682
-0.166050
0.063889
0.168113
0.225612
0.211262
0.184713
0.105416
-0.116999
-0.332617
-0.551440
-0.762438
-0.940458
-1.112713
-1.266016
-1.404339
-1.253182
-1.065606
-0.777797
-0.628768
-0.352763
-0.066690
0.225234
0.497539
0.702035
0.780101
0.676568
0.537258
0.404762
0.294587
0.264717
0.478035
0.692598
0.892932
0.739376
0.518689
0.295346
0.078538
-0.137179
-0.361797
-0.279354
-0.320617
-0.473306
-0.319941
-0.280747
-0.217353
0.025126
0.247930
0.467936
0.638200
0.816968
0.648904
0.455444
0.318897
0.442729
0.561001
0.590161
0.455861
0.217519
-0.084924
-0.386948
-0.651837
-0.851429
-1.091945
-1.289266
-1.342356
-1.189566
-1.035509
-0.859713
-0.673811
-0.459887
-0.248565
-0.029864
0.053989
0.081738
0.111527
0.025205
-0.141303
-0.389792
-0.592208
-0.777077
-0.978924
-1.132477
-1.206713
-1.152254
-1.114226
-1.186238
-1.327868
-1.364941
-1.341438
-1.160308
-0.975597
-0.791515
-0.594089
-0.438134
-0.225839
-0.007053
0.207764
0.378169
0.351199
0.435954
0.656031
0.878372
1.100852
1.323451
1.544610
1.766055
1.986511
2.207455
2.428147
2.648678
2.822325
2.728925
2.508897
2.294152
2.082658
1.874899
1.661668
1.456446
1.252980
1.067247
0.897600
0.692759
0.488045
0.283479
0.080129
-0.030279
0.034317
0.025566
-0.168533
-0.358111
-0.536836
-0.708527
-0.866863
-1.012175
-1.142065
-1.263968
-1.354804
-1.424940
-1.492035
-1.487859
-1.475287
-1.432116
-1.373262
-1.268054
-1.171429
-1.037629
-0.888211
-0.725707
-0.553657
-0.375507
-0.189626
0.002754
0.200619
0.386308
0.526994
0.650649
0.700144
0.716086
0.590080
0.628598
0.560621
0.422943
0.291110
0.150723
0.016523
-0.110734
-0.250312
-0.415169
-0.330139
-0.169267
0.031926
0.233651
0.415323
0.605809
0.730579
0.588033
0.394070
0.183833
-0.020711
-0.219145
-0.410635
-0.572837
-0.531718
-0.415227
-0.251645
-0.336923
-0.553144
-0.569742
-0.450911
-0.330087
-0.123400
0.083785
0.286357
0.461696
0.660213
0.740670
0.546126
0.380122
0.190345
0.002415
-0.106271
0.024899
0.149537
0.264673
0.270585
0.168825
0.196723
0.276982
0.216912
0.149157
-0.009363
-0.177801
-0.327537
-0.485771
-0.637876
-0.782835
-0.919442
-1.046296
-1.161772
-1.264128
-1.351482
-1.421933
-1.473667
-1.505258
-1.515742
-1.504783
-1.437813
-1.379559
-1.306950
-1.232192
-1.131398
-1.017504
-0.892236
-0.746667
-0.611841
-0.458817
-0.305933
-0.118134
0.009856
-0.016643
0.025370
0.224055
0.428715
0.622829
0.827928
1.028050
1.223605
1.422717
1.630000
1.826573
2.015081
2.208760
2.403100
2.590920
2.732150
2.859788
2.658486
2.446293
2.234696
2.020087
1.802070
1.588081
1.366498
1.148989
0.927526
0.710355
0.569314
0.446370
0.288906
0.077767
-0.135163
-0.349151
-0.553496
-0.727860
-0.914015
-1.104493
-1.288447
-1.360123
-1.379074
-1.317787
-1.118119
-1.168759
-1.170821
-1.123240
-0.980183
-0.813373
-0.620492
-0.431463
-0.213441
0.011605
0.120283
0.225236
0.186504
0.156548
0.074814
-0.150971
-0.374828
-0.596247
-0.801126
-0.986589
-1.148689
-1.298166
-1.342018
-1.153757
-0.953467
-0.695762
-0.553806
-0.294542
-0.037291
0.217652
0.460230
0.651022
0.723642
0.600859
0.470275
0.332511
0.223408
0.313785
0.528865
0.745607
0.729341
0.510609
0.292527
0.075543
-0.141902
-0.361436
-0.348495
-0.299421
-0.377294
-0.448420
-0.314207
-0.303826
-0.205274
0.042386
0.278714
0.515435
0.734130
0.638358
0.444627
0.261144
0.373811
0.484857
0.605542
0.561167
0.353754
0.089287
-0.194281
-0.477594
-0.657032
-0.892936
-1.114341
-1.311453
-1.343311
-1.195114
-1.033824
-0.862240
-0.682535
-0.476153
-0.272793
-0.068119
0.071018
0.104240
0.136226
0.111035
-0.000459
-0.218922
-0.411225
-0.611110
-0.795029
-0.959946
-1.102899
-1.170312
-1.088063
-1.129310
-1.307135
-1.324989
-1.281126
-1.101719
-0.913823
-0.719428
-0.523922
-0.300962
-0.182389
0.028849
0.243599
0.381278
0.356594
0.456997
0.677942
0.897650
1.118935
1.339636
1.560448
1.782757
2.006956
2.229928
2.456775
2.684807
2.856550
2.449847
2.322453
2.133778
1.943460
1.753229
1.563099
1.375247
1.187792
0.998268
0.806365
0.614494
0.425342
0.233617
0.044874
-0.146627
-0.334799
-0.482502
-0.540001
-0.715173
-0.900274
-1.053929
-1.176804
-1.285002
-1.363954
-1.416193
-1.434115
-1.372389
-1.259684
-1.096228
-1.057336
-1.136729
-1.214965
-1.291884
-1.332562
-1.228905
-1.195009
-1.085646
-0.946075
-0.799565
-0.646792
-0.482783
-0.312017
-0.136852
0.051259
0.229707
0.349766
0.490140
0.609796
0.686440
0.605059
0.470954
0.342470
0.206733
0.091084
-0.016702
-0.115737
-0.220615
-0.299768
-0.383651
-0.438929
-0.480731
-0.386520
-0.199636
-0.013386
0.175122
0.363629
0.553266
0.743984
0.897528
0.996845
1.189831
1.384600
1.575438
1.659429
1.472192
1.286728
1.099574
0.912354
0.746809
0.555302
0.377102
0.186189
0.003081
-0.183035
-0.363860
-0.499201
-0.464181
-0.414846
-0.344176
-0.262395
-0.184171
-0.079291
0.026994
0.141792
0.264202
0.393395
0.509106
0.635326
0.488675
0.379149
0.242640
0.104037
-0.078980
-0.262469
-0.447700
-0.623539
-0.780987
-0.942604
-1.075898
-1.200762
-1.267925
-1.315377
-1.238663
-1.159770
-1.064764
-0.983455
-1.146110
-1.271922
-1.384632
-1.402080
-1.362188
-1.297234
-1.202836
-1.083387
-0.952136
-0.771648
-0.593032
-0.460372
-0.374886
-0.187895
0.002222
0.193393
0.383167
0.574465
0.764816
0.955840
1.146891
1.338098
1.529512
1.721917
1.913810
2.106671
2.299936
2.448541
2.577143
2.315032
2.059659
1.803625
1.548945
1.362575
1.134354
0.994406
0.818641
0.657595
0.474145
0.268065
0.111382
0.100116
0.122103
-0.054818
-0.303957
-0.553843
-0.783793
-0.967521
-1.150121
-1.318864
-1.477706
-1.578460
-1.635385
-1.574081
-1.402235
-1.167339
-1.150746
-1.243943
-1.320442
-1.388137
-1.244536
-1.063039
-0.870047
-0.689248
-0.556066
-0.571996
-0.507986
-0.250821
-0.012083
0.003065
0.161787
0.283643
0.376565
0.462791
0.583602
0.696545
0.821519
0.693674
0.501379
0.313699
0.360233
0.383784
0.191347
-0.016247
-0.228363
-0.392828
-0.538963
-0.671448
-0.780241
-0.878288
-0.814528
-0.707530
-0.534000
-0.288000
-0.049784
0.154865
0.149850
0.379016
0.630816
0.882564
1.134806
1.387272
1.639710
1.879152
1.752867
1.499618
1.249824
0.999869
0.744433
0.491358
0.242091
0.032321
-0.200556
-0.437225
-0.654277
-0.790229
-0.873532
-0.764673
-0.656092
-0.511352
-0.369674
-0.163792
0.053683
0.206704
0.144175
0.288205
0.528495
0.616994
0.514414
0.386625
0.292083
0.212797
0.106806
-0.083122
-0.099214
-0.336702
-0.561273
-0.601978
-0.635477
-0.774903
-0.953399
-1.121551
-1.285865
-1.340259
-1.280623
-1.189818
-1.138172
-1.403683
-1.509688
-1.475530
-1.399992
-1.279176
-1.127431
-0.916673
-0.663658
-0.395570
-0.156012
0.072864
0.118721
0.128000
0.294683
0.492720
0.663507
0.829946
1.012458
1.207394
1.451810
1.700733
1.946531
2.189884
2.417135
2.579383
2.719944
2.524436
2.315470
2.107724
1.899919
1.693136
1.486803
1.280705
1.075042
0.869734
0.665356
0.466139
0.298997
0.125340
-0.050922
-0.237668
-0.426483
-0.618446
-0.802200
-0.982349
-1.165796
-1.345513
-1.502222
-1.549262
-1.589659
-1.567994
-1.522653
-1.433375
-1.317148
-1.176624
-1.014540
-0.852571
-0.657663
-0.448715
-0.230082
-0.020083
0.101596
0.155615
0.236998
0.282164
0.225219
0.071518
-0.079966
-0.224301
-0.360787
-0.492100
-0.613935
-0.723690
-0.817868
-0.826921
-0.645926
-0.386577
-0.111620
0.149055
0.395092
0.589741
0.762107
0.846245
0.793678
0.751189
0.719047
0.679937
0.676395
0.650111
0.504562
0.295580
0.087873
-0.171415
-0.350548
-0.580829
-0.447986
-0.609347
-0.525259
-0.509671
-0.644384
-0.467081
-0.527177
-0.328806
-0.119660
0.119889
0.324768
0.525693
0.613192
0.613042
0.623289
0.643849
0.674602
0.709784
0.690409
0.546713
0.369923
0.134441
-0.128246
-0.325066
-0.407013
-0.549727
-0.688146
-0.607416
-0.490201
-0.363616
-0.224236
-0.086236
0.062804
0.136064
0.114079
0.036062
-0.049891
-0.205053
-0.401509
-0.596220
-0.786986
-0.954311
-1.106226
-1.221884
-1.346401
-1.432017
-1.496727
-1.542730
-1.546904
-1.522414
-1.466478
-1.304147
-1.135750
-0.962387
-0.784914
-0.604019
-0.420260
-0.242057
-0.060904
0.088826
0.243038
0.400972
0.571697
0.765583
0.964223
1.166818
1.366503
1.566722
1.767417
1.968537
2.167618
2.369607
2.567772
2.721510
2.849854
2.641209
2.419030
2.197771
1.977016
1.756459
1.536062
1.315712
1.095453
0.875298
0.655267
0.434828
0.419950
0.413013
0.206662
-0.007118
-0.223392
-0.435104
-0.621856
-0.815856
-1.016575
-1.205550
-1.325929
-1.361702
-1.347961
-1.176339
-1.147395
-1.189643
-1.184530
-1.042853
-0.862506
-0.663648
-0.461744
-0.247005
-0.011479
0.119415
0.193002
0.182259
0.162254
0.107527
-0.089626
-0.306915
-0.522626
-0.726563
-0.916335
-1.088503
-1.250694
-1.400178
-1.373770
-1.186923
-0.958813
-0.688933
-0.506259
-0.198570
0.109912
0.397705
0.627042
0.737516
0.680536
0.545481
0.419256
0.286500
0.180577
0.256140
0.465577
0.684150
0.797417
0.625252
0.405253
0.188846
-0.026988
-0.238083
-0.452027
-0.419583
-0.328410
-0.353503
-0.518579
-0.375237
-0.320553
-0.296178
-0.058589
0.146649
0.382429
0.613650
0.770348
0.608013
0.446759
0.353312
0.460588
0.562577
0.503486
0.301537
0.028937
-0.257868
-0.540874
-0.721069
-0.988947
-1.191998
-1.368306
-1.311508
-1.144097
-0.978249
-0.803435
-0.602271
-0.388469
-0.172770
0.006058
0.061700
0.090060
0.063328
-0.020887
-0.239743
-0.459729
-0.672116
-0.864940
-1.032901
-1.143995
-1.125189
-1.089844
-1.270285
-1.303862
-1.268748
-1.115981
-0.938192
-0.753198
-0.562539
-0.374009
-0.162389
0.050526
0.258901
0.422143
0.403282
0.497882
0.718278
0.936035
1.154073
1.372352
1.590838
1.807317
2.024196
2.241427
2.455589
2.670503
2.851055
2.528589
2.245877
1.970245
1.699899
1.432658
1.164136
0.976445
0.821169
0.680841
0.548998
0.390116
0.144839
0.029405
0.011901
0.012328
-0.132572
-0.390535
-0.646167
-0.847375
-1.048000
-1.229898
-1.398161
-1.531232
-1.601142
-1.673365
-1.639003
-1.511342
-1.327860
-1.131277
-1.195085
-1.274335
-1.324899
-1.289157
-1.106348
-0.902903
-0.759647
-0.563177
-0.435747
-0.494116
-0.249111
0.005877
0.172285
0.163620
0.361008
0.501826
0.563171
0.678318
0.807727
0.933659
0.998198
0.740368
0.510388
0.527591
0.571793
0.379455
0.149438
-0.070800
-0.238696
-0.377786
-0.509092
-0.616337
-0.702348
-0.548106
-0.399803
-0.198500
0.034894
0.261678
0.375167
0.418352
0.640397
0.891173
1.136878
1.382867
1.625942
1.669899
1.409243
1.149533
0.904428
0.654642
0.412008
0.243404
-0.018563
-0.271119
-0.520028
-0.748896
-0.680801
-0.586837
-0.474370
-0.345404
-0.201953
0.036461
0.256087
0.352266
0.232218
0.414605
0.621113
0.750444
0.638259
0.495215
0.378737
0.312250
0.190003
0.019147
-0.045406
-0.158173
-0.371356
-0.576254
-0.603566
-0.634778
-0.775871
-0.991581
-1.168244
-1.320641
-1.419171
-1.349215
-1.272673
-1.233512
-1.411672
-1.611178
-1.606542
-1.578781
-1.487944
-1.393656
-1.257046
-1.016447
-0.759948
-0.481553
-0.235925
-0.040535
0.029824
0.035868
0.207406
0.419331
0.556579
0.690439
0.849038
1.005681
1.241383
1.486664
1.724421
1.963145
2.202713
2.435732
2.535860
2.439705
2.248813
2.058446
1.868393
1.678090
1.489388
1.299571
1.111022
0.920504
0.731313
0.539593
0.349651
0.162040
-0.028001
-0.217924
-0.398529
-0.435089
-0.597456
-0.781399
-0.963155
-1.094210
-1.214286
-1.306378
-1.371205
-1.419686
-1.344159
-1.207093
-1.045794
-1.109964
-1.200518
-1.290912
-1.346851
-1.275129
-1.215116
-1.104546
-0.975125
-0.830175
-0.669806
-0.504809
-0.325385
-0.133944
0.053329
0.189011
0.328068
0.457472
0.607708
0.586597
0.457439
0.334597
0.206176
0.084319
-0.030152
-0.136374
-0.233372
-0.320178
-0.395737
-0.475849
-0.509266
-0.527841
-0.347032
-0.167701
0.016618
0.204756
0.384204
0.571910
0.757110
0.940117
1.127140
1.315326
1.503550
1.695152
1.707479
1.515970
1.324908
1.152340
0.961703
0.793550
0.606867
0.420180
0.236408
0.049016
-0.137797
-0.317980
-0.498948
-0.506818
-0.448060
-0.393338
-0.309902
-0.231418
-0.127278
-0.028950
0.091958
0.206407
0.327959
0.464055
0.577969
0.539270
0.416019
0.283665
0.173771
-0.009261
-0.176972
-0.358295
-0.521038
-0.675221
-0.836817
-0.986373
-1.120990
-1.235930
-1.261469
-1.299652
-1.220158
-1.140641
-1.045665
-0.966483
-1.108253
-1.251173
-1.353882
-1.408827
-1.385551
-1.330199
-1.255733
-1.165643
-1.037290
-0.890080
-0.708830
-0.534841
-0.434455
-0.304041
-0.115111
0.071746
0.263076
0.452978
0.640706
0.832466
1.020603
1.210681
1.399287
1.587433
1.776039
1.965455
2.156040
2.306447
2.439931
2.429009
2.227188
2.028776
1.833447
1.632725
1.437724
1.240378
1.060480
0.868286
0.678321
0.483977
0.291870
0.099805
-0.095858
-0.290663
-0.368380
-0.505454
-0.692605
-0.876693
-1.007270
-1.151531
-1.263067
-1.348250
-1.385778
-1.384580
-1.279000
-1.159646
-0.978673
-0.971012
-1.058898
-1.142926
-1.209809
-1.234099
-1.152247
-1.141316
-1.006712
-0.850171
-0.676085
-0.488071
-0.272079
-0.064392
0.150348
0.309226
0.430673
0.592425
0.711658
0.775242
0.647329
0.508457
0.375252
0.238376
0.107355
-0.005765
-0.122023
-0.217653
-0.314858
-0.402016
-0.463451
-0.525145
-0.475094
-0.293850
-0.117035
0.055147
0.234799
0.420533
0.606720
0.779611
0.889272
0.905375
0.984781
1.172796
1.309700
1.492587
1.587850
1.494273
1.302895
1.130830
0.940566
0.751054
0.561557
0.372402
0.183083
0.027195
-0.143924
-0.333396
-0.521856
-0.601115
-0.560741
-0.506597
-0.440572
-0.376610
-0.286315
-0.201274
-0.091736
0.025740
0.136549
0.254563
0.316752
0.219546
0.078767
-0.043080
-0.206043
-0.372549
-0.521184
-0.676779
-0.809363
-0.946739
-1.058987
-1.188371
-1.286546
-1.350012
-1.407862
-1.391742
-1.290324
-1.186836
-1.085978
-1.123142
-1.297916
-1.401980
-1.343680
-1.278048
-1.192452
-1.089546
-0.962772
-0.783279
-0.601794
-0.442251
-0.351151
-0.176237
0.018988
0.208330
0.398018
0.576810
0.756629
0.942387
1.133030
1.315034
1.501831
1.684391
1.871800
2.059409
2.238978
2.391461
2.432572
2.483436
2.192248
1.911774
1.644095
1.385999
1.132843
0.860062
0.611981
0.349300
0.091171
-0.170638
-0.100260
-0.213465
-0.443126
-0.684931
-0.909445
-1.110682
-1.278084
-1.414917
-1.508192
-1.355948
-1.178540
-0.986031
-0.773635
-0.564355
-0.348459
-0.118624
0.105985
0.341518
0.571905
0.804735
1.040632
1.270800
1.448595
1.540853
1.430129
1.177420
0.923405
0.671264
0.418468
0.167172
-0.083775
-0.333784
-0.582156
-0.829659
-1.074375
-1.316538
-1.551999
-1.785434
-2.025538
-1.867734
-1.623382
-1.313731
-1.006251
-0.692432
-0.381689
-0.070839
0.237707
0.514767
0.647163
0.574268
0.409838
0.238361
0.094978
-0.054253
-0.229309
-0.142850
0.100974
0.308839
0.066382
-0.190894
-0.425307
-0.398950
-0.178975
-0.144131
-0.368607
-0.298789
-0.182727
0.069182
0.320673
0.420359
0.185411
0.176702
0.366728
0.547289
0.630277
0.516524
0.280276
0.018583
-0.244039
-0.514994
-0.779447
-1.043383
-1.306600
-1.531251
-1.718477
-1.747937
-1.488450
-1.244407
-1.000798
-0.743616
-0.483556
-0.229520
0.027964
0.290950
0.543316
0.807399
1.061123
1.315485
1.504939
1.399662
1.284651
1.112516
0.812882
0.522582
0.235907
-0.046867
-0.322116
-0.590128
-0.848683
-1.092109
-1.271011
-1.212135
-1.146602
-1.054201
-0.938147
-0.801779
-0.631902
-0.495659
-0.300979
-0.085292
-0.107325
-0.086485
0.161341
0.405763
0.662532
0.919668
1.162225
1.400548
1.637142
1.887388
2.122390
2.351330
2.490567
2.623349
2.386258
2.132391
1.878752
1.625414
1.372304
1.140410
0.941558
0.759715
0.597210
0.371285
0.150517
0.126636
0.145517
0.094516
-0.111041
-0.358755
-0.537402
-0.737692
-0.951912
-1.198306
-1.382324
-1.518936
-1.612042
-1.658866
-1.640731
-1.486412
-1.310776
-1.071145
-1.136817
-1.224094
-1.288955
-1.356375
-1.272055
-1.068493
-0.866753
-0.695028
-0.532740
-0.432748
-0.558955
-0.363401
-0.101623
0.077703
0.036897
0.243922
0.381293
0.469654
0.578725
0.700579
0.834112
0.964910
0.770517
0.545697
0.367011
0.528799
0.544792
0.354809
0.132200
-0.074836
-0.245892
-0.405248
-0.550937
-0.680752
-0.792316
-0.746853
-0.599785
-0.544236
-0.302747
-0.060937
0.171435
0.179692
0.309932
0.498506
0.761605
1.024319
1.288677
1.540861
1.761683
1.602728
1.354843
1.107554
0.852001
0.596046
0.336625
0.076718
-0.173943
-0.403070
-0.639169
-0.878521
-0.869826
-0.780522
-0.656655
-0.529293
-0.359721
-0.214442
0.000770
0.011183
-0.024052
0.166141
0.315705
0.487474
0.386984
0.266898
0.148354
0.069107
-0.022497
0.074038
0.109873
-0.072649
-0.272540
-0.447866
-0.578633
-0.768485
-0.881452
-1.056846
-1.240319
-1.370385
-1.436161
-1.350361
-1.260790
-1.296025
-1.494344
-1.424682
-1.332191
-1.196690
-0.981935
-0.742402
-0.500533
-0.251710
-0.011797
0.154780
0.157797
0.297099
0.517514
0.693354
0.863992
1.046618
1.261077
1.509026
1.755159
2.000627
2.248265
2.492514
2.624395
2.322373
2.129842
1.938807
1.747972
1.607164
1.458699
1.399560
1.334836
1.144076
0.953973
0.763996
0.573509
0.383035
0.193313
0.002923
-0.186504
-0.375652
-0.548177
-0.585217
-0.762803
-0.941831
-1.096922
-1.231922
-1.346228
-1.425804
-1.482742
-1.508012
-1.488319
-1.401323
-1.276778
-1.110767
-1.149949
-1.219339
-1.284938
-1.330893
-1.311666
-1.239333
-1.148867
-1.008043
-0.852152
-0.684283
-0.506853
-0.321786
-0.130558
0.065663
0.242778
0.394914
0.530041
0.681192
0.769965
0.747601
0.624418
0.496068
0.373727
0.258064
0.149831
0.049810
-0.055229
-0.136770
-0.207487
-0.266554
-0.313178
-0.311963
-0.132029
0.049088
0.234249
0.417711
0.602227
0.789497
0.976020
1.086216
1.104953
1.295393
1.486875
1.591269
1.403162
1.213965
1.025705
0.835586
0.663785
0.481554
0.294134
0.107193
-0.076670
-0.262076
-0.350908
-0.318674
-0.273278
-0.200285
-0.131100
-0.051044
0.039024
0.138232
0.245742
0.360751
0.482514
0.596703
0.603299
0.475147
0.328478
0.197900
0.001172
-0.171544
-0.353621
-0.514346
-0.682607
-0.837526
-0.989363
-1.122942
-1.239177
-1.334388
-1.311998
-1.241494
-1.168615
-1.079367
-1.094153
-1.271072
-1.380640
-1.446509
-1.430499
-1.388952
-1.324201
-1.236390
-1.118480
-0.952642
-0.782662
-0.614815
-0.521543
-0.390024
-0.200864
-0.013522
0.174211
0.359683
0.550603
0.739168
0.927932
1.114756
1.302302
1.488960
1.675804
1.864070
2.052567
2.220105
2.323006
1.308126
1.115795
1.050294
0.999471
0.811569
0.644354
0.500039
0.533527
0.594042
0.649688
0.730616
0.791692
0.738387
0.554903
0.360513
0.179974
0.001705
-0.182768
-0.344916
-0.503877
-0.698191
-0.887487
-1.075186
-1.254902
-1.436345
-1.604850
-1.762310
-1.859697
-1.728807
-1.559265
-1.382358
-1.200690
-1.015797
-0.828637
-0.635533
-0.449782
-0.265883
-0.188001
-0.009432
-0.041021
-0.089104
0.084701
0.061958
0.008758
-0.064551
-0.163455
-0.293948
-0.449314
-0.572306
-0.698361
-0.800311
-0.873539
-0.929495
-0.959242
-0.993790
-0.956103
-0.820573
-0.629811
-0.446995
-0.263674
-0.077578
0.108947
0.299459
0.491407
0.683864
0.865285
0.886013
0.970555
1.168793
1.367086
1.568875
1.769206
1.971394
2.174582
2.381511
2.587743
2.458213
2.272661
2.084557
1.897174
1.706617
1.516563
1.327082
1.133747
0.940775
0.892850
0.812256
0.646337
0.469430
0.287207
0.106941
-0.079426
-0.254952
-0.427007
-0.594738
-0.800409
-0.867916
-0.895937
-0.841907
-0.817784
-0.758820
-0.676636
-0.583187
-0.473312
-0.364094
-0.250730
-0.192096
-0.135391
-0.095669
-0.155444
-0.158064
-0.160071
-0.317666
-0.415476
-0.625493
-0.823216
-1.023927
-1.214455
-1.409199
-1.599579
-1.736505
-1.677604
-1.531641
-1.365670
-1.185863
-0.996061
-0.802523
-0.606721
-0.402582
-0.200691
0.024869
0.224058
0.430435
0.618233
0.667644
0.613579
0.554051
0.522251
0.494831
0.578357
0.775008
0.972669
1.166555
1.306564
2.560776
2.286955
2.004223
1.733850
1.470876
1.217104
0.948479
0.681027
0.414238
0.150286
-0.106774
-0.005884
-0.199416
-0.431482
-0.675924
-0.902054
-1.103816
-1.277578
-1.405311
-1.460405
-1.279818
-1.099033
-0.891242
-0.687119
-0.474493
-0.255151
-0.030451
0.198562
0.431092
0.666516
0.904344
1.139979
1.352961
1.466083
1.560818
1.402422
1.144828
0.886669
0.629038
0.372408
0.115913
-0.139846
-0.394595
-0.648469
-0.901187
-1.150311
-1.398382
-1.642985
-1.882290
-2.104519
-1.879138
-1.598025
-1.285542
-0.960028
-0.646887
-0.320519
-0.007122
0.313470
0.497490
0.472615
0.312044
0.154659
-0.009135
-0.160700
-0.298129
-0.222830
0.033127
0.273765
0.395882
0.134887
-0.129268
-0.382607
-0.486722
-0.383952
-0.202700
-0.266405
-0.480937
-0.401572
-0.238916
0.018271
0.271146
0.530735
0.393204
0.151137
-0.013507
0.175937
0.357964
0.498779
0.515682
0.290203
0.032055
-0.236936
-0.511448
-0.785370
-1.052261
-1.323244
-1.566679
-1.734383
-1.721240
-1.461165
-1.211404
-0.955459
-0.692465
-0.434170
-0.176188
0.082843
0.353381
0.613610
0.874410
1.128840
1.368317
1.350378
1.244886
1.015933
0.724219
0.436067
0.152397
-0.125590
-0.396271
-0.657352
-0.905603
-1.132330
-1.179549
-1.116334
-1.025628
-0.930186
-0.792881
-0.637829
-0.467985
-0.285876
-0.057062
0.031230
-0.050985
0.176134
0.429865
0.680408
0.952332
1.196855
1.431936
1.675293
1.922531
2.170571
2.404172
2.567939
1.222513
1.042824
0.847962
0.659290
0.605128
0.644617
0.695266
0.756601
0.828056
0.894284
0.873336
0.697128
0.483780
0.305036
0.130172
-0.062515
-0.233275
-0.395012
-0.564089
-0.756886
-0.946542
-1.133893
-1.318045
-1.497589
-1.670217
-1.810086
-1.838130
-1.680432
-1.510518
-1.326694
-1.139210
-0.953998
-0.761734
-0.568223
-0.374022
-0.210986
-0.137413
0.043177
-0.026528
-0.020400
0.129925
0.092466
0.029941
-0.058963
-0.156370
-0.305313
-0.453073
-0.594060
-0.710659
-0.806009
-0.882622
-0.934616
-0.961232
-0.990875
-0.946190
-0.837575
-0.643677
-0.458615
-0.271849
-0.081296
0.110707
0.305529
0.502133
0.699910
0.883111
0.901444
0.985832
1.187031
1.390127
1.596841
1.803914
2.011300
2.223969
2.437137
2.613036
2.437205
2.247688
2.054668
1.866704
1.670279
1.474185
1.278471
1.083195
0.909872
0.899679
0.763075
0.591857
0.407571
0.225305
0.036509
-0.140916
-0.324771
-0.495027
-0.682221
-0.853898
-0.907914
-0.887412
-0.856357
-0.810273
-0.753635
-0.656106
-0.554210
-0.438990
-0.315493
-0.211755
-0.128129
-0.064027
-0.018076
-0.020539
-0.099039
-0.039831
-0.170873
-0.274347
-0.452416
-0.656754
-0.859699
-1.063950
-1.269632
-1.465415
-1.655051
-1.752735
-1.658527
-1.497961
-1.323442
-1.133750
-0.937699
-0.737901
-0.538272
-0.355009
-0.161047
0.060599
0.273321
0.476006
0.683051
0.836141
0.782011
0.721363
0.671584
0.633172
0.606494
0.701156
0.902882
1.105822
1.219138
1.154948
0.958172
0.764543
0.571081
0.525721
0.583558
0.652536
0.725082
0.809125
0.904695
0.932934
0.756135
0.546699
0.341492
0.128979
-0.078616
-0.285290
-0.476677
-0.657671
-0.846151
-1.032118
-1.214556
-1.394770
-1.567119
-1.739190
-1.889872
-1.805067
-1.627961
-1.437452
-1.247734
-1.048723
-0.855645
-0.661444
-0.474174
-0.278873
-0.161572
-0.073283
0.085194
0.033543
-0.026476
0.148093
0.131096
0.067964
-0.012489
-0.103143
-0.224504
-0.353406
-0.493636
-0.631509
-0.744816
-0.822823
-0.850058
-0.877983
-0.865971
-0.767454
-0.560178
-0.389270
-0.214843
-0.034629
0.155534
0.327310
0.513702
0.697231
0.872557
0.930395
1.037092
1.229227
1.421468
1.612385
1.802627
1.992715
2.183543
2.373971
2.558569
2.433964
2.240921
2.048806
1.857367
1.666058
1.476052
1.285396
1.093964
0.925470
0.908365
0.772680
0.596060
0.416334
0.231921
0.049810
-0.129133
-0.299728
-0.472217
-0.647460
-0.754328
-0.814337
-0.786241
-0.760477
-0.707388
-0.643890
-0.526401
-0.418775
-0.298023
-0.207932
-0.133045
-0.074236
-0.031503
-0.110369
-0.136311
-0.099249
-0.246053
-0.301911
-0.471130
-0.663255
-0.865647
-1.056678
-1.252550
-1.447487
-1.608096
-1.475444
-1.629928
-1.727882
-1.628220
-1.483776
-1.321924
-1.156453
-0.983469
-0.795579
-0.602398
-0.382627
-0.168754
0.066109
0.291833
0.521690
0.724563
0.848662
0.775151
0.682221
0.600895
0.539998
0.700046
0.867046
0.825496
1.014703
1.155949
2.581189
2.314909
2.051830
1.792279
1.530452
1.273099
1.015303
0.757410
0.499493
0.242044
-0.015468
-0.036729
-0.091085
-0.338219
-0.561952
-0.778152
-0.979487
-1.161682
-1.314844
-1.446027
-1.522259
-1.357961
-1.168556
-0.963682
-0.747116
-0.521620
-0.289216
-0.051403
0.190704
0.436671
0.684634
0.935316
1.186814
1.377764
1.508449
1.506511
1.257308
1.002458
0.747916
0.493746
0.240028
-0.013133
-0.265595
-0.511800
-0.761677
-1.009892
-1.255832
-1.498552
-1.736519
-1.967116
-2.004704
-1.754570
-1.426471
-1.080102
-0.733499
-0.386744
-0.039888
0.289622
0.526639
0.538436
0.388674
0.209970
0.042326
-0.112510
-0.319171
-0.315190
-0.146011
0.102942
0.337421
0.487778
0.223034
-0.038656
-0.292148
-0.467033
-0.301806
-0.176984
-0.234668
-0.438468
-0.344175
-0.160551
0.112693
0.382834
0.624324
0.433591
0.201776
0.088759
0.261606
0.429128
0.502242
0.366974
0.096989
-0.198926
-0.504109
-0.803713
-1.102141
-1.398945
-1.607205
-1.779410
-1.630025
-1.388969
-1.139320
-0.887237
-0.637874
-0.386918
-0.134756
0.118347
0.372194
0.626638
0.881571
1.131181
1.356620
1.262827
1.134574
0.870290
0.606978
0.347837
0.092288
-0.158925
-0.401151
-0.636836
-0.867966
-1.073599
-1.205771
-1.148316
-1.059827
-0.943821
-0.808659
-0.644756
-0.476934
-0.290308
-0.068819
0.024266
-0.057504
0.160171
0.410099
0.650933
0.918238
1.169564
1.413496
1.663075
1.924748
2.171530
2.416542
2.583577
2.361310
2.170287
1.982475
1.795503
1.607084
1.419989
1.232485
1.046289
0.859704
0.673315
0.487121
0.336230
0.149272
-0.037274
-0.205250
-0.279325
-0.189972
-0.291489
-0.318158
-0.414516
-0.537186
-0.717795
-0.896727
-1.048670
-1.191327
-1.316273
-1.419073
-1.482881
-1.525109
-1.530381
-1.425580
-1.339459
-1.227676
-1.083191
-0.985039
-1.061386
-1.136190
-1.224817
-1.280032
-1.238917
-1.191633
-1.196308
-1.170175
-1.030866
-0.874697
-0.707609
-0.531929
-0.349429
-0.161467
0.028890
0.115322
0.283792
0.412035
0.560299
0.684923
0.760958
0.710533
0.576344
0.447167
0.323593
0.206292
0.081619
-0.021367
-0.115661
-0.206039
-0.290871
-0.354005
-0.404795
-0.333341
-0.152578
0.026412
0.202905
0.383355
0.569106
0.752995
0.894658
0.929280
0.920341
0.849389
0.824752
1.030838
1.246646
1.442301
1.611385
1.672869
1.495689
1.322807
1.151202
0.969262
0.781868
0.588671
0.395531
0.202464
-0.002843
-0.202029
-0.401214
-0.462149
-0.412159
-0.349021
-0.273674
-0.187125
-0.090427
0.006633
0.080116
-0.001206
-0.138818
-0.269262
-0.438486
-0.601686
-0.757507
-0.887476
-1.022483
-1.141473
-1.256483
-1.333711
-1.392176
-1.409366
-1.414895
-1.306393
-1.197405
-1.170749
-1.278466
-1.199172
-1.079948
-0.916511
-0.749335
-0.586079
-0.419437
-0.244289
-0.067705
0.115232
0.288817
0.459415
0.631961
0.801133
0.972129
1.151045
1.331426
1.513339
1.693431
1.876299
2.057595
2.238964
2.362527
2.738615
2.533452
2.327923
2.122530
1.916594
1.710046
1.504139
1.297490
1.092080
0.885575
0.677794
0.471338
0.267574
0.269614
0.135193
-0.063678
-0.265452
-0.461859
-0.656080
-0.836740
-1.024240
-1.207371
-1.384692
-1.478948
-1.514322
-1.462818
-1.380406
-1.241416
-1.260664
-1.294533
-1.219113
-1.068604
-0.898269
-0.692465
-0.472550
-0.246278
-0.040694
0.100525
0.224054
0.227419
0.210197
0.193383
0.044248
-0.157525
-0.362052
-0.565758
-0.750597
-0.918378
-1.063814
-1.202725
-1.301430
-1.122371
-0.930800
-0.674143
-0.512117
-0.249358
0.014422
0.278982
0.535035
0.737789
0.849979
0.779099
0.651325
0.514743
0.386722
0.268246
0.127598
0.297211
0.494057
0.695220
0.877528
0.792450
0.586025
0.378541
0.171775
-0.033784
-0.215836
-0.321495
-0.373524
-0.266966
-0.271118
-0.121590
0.078442
0.220835
0.469705
0.716530
0.815731
0.625307
0.468873
0.436630
0.412289
0.265803
0.021196
-0.258933
-0.547873
-0.732674
-0.944318
-1.154279
-1.297933
-1.181268
-1.037973
-0.884177
-0.721972
-0.526309
-0.337065
-0.145277
-0.081537
-0.042103
-0.059523
-0.119575
-0.273896
-0.480197
-0.673955
-0.850956
-1.010535
-1.123604
-1.182154
-1.150256
-1.275495
-1.299129
-1.270165
-1.111092
-0.952301
-0.777262
-0.605897
-0.425807
-0.225353
-0.035178
0.162341
0.315237
0.288224
0.375147
0.582646
0.784917
0.984867
1.188993
1.393459
1.598221
1.801952
2.006205
2.210034
2.414632
2.619387
2.738464
2.822114
2.604971
2.386717
2.168467
1.949623
1.731001
1.512632
1.292896
1.073238
0.853673
0.634216
0.441845
0.501945
0.372252
0.167651
-0.044955
-0.260351
-0.472319
-0.661213
-0.850828
-1.042385
-1.227582
-1.373268
-1.404070
-1.383393
-1.188925
-1.174239
-1.236061
-1.204069
-1.055504
-0.858437
-0.657111
-0.456712
-0.208901
-0.019254
0.096673
0.146249
0.105345
0.067734
-0.056483
-0.268387
-0.488980
-0.701904
-0.898552
-1.076768
-1.232019
-1.373532
-1.340314
-1.156264
-0.910151
-0.682842
-0.450175
-0.161787
0.126820
0.394589
0.569835
0.751341
0.690652
0.658202
0.543296
0.420716
0.290253
0.176664
0.342591
0.540778
0.755138
0.644862
0.424192
0.206875
-0.013492
-0.233716
-0.407113
-0.322071
-0.377377
-0.518961
-0.349142
-0.313144
-0.310798
-0.077988
0.170988
0.401751
0.631605
0.696715
0.498122
0.296596
0.359816
0.475529
0.600710
0.606708
0.479349
0.204342
-0.081713
-0.390573
-0.652838
-0.852289
-1.092815
-1.272533
-1.336407
-1.180935
-1.014071
-0.849214
-0.662141
-0.448210
-0.237551
-0.025577
0.116787
0.151404
0.168596
0.134982
0.039853
-0.195295
-0.393188
-0.599234
-0.807769
-0.995136
-1.149213
-1.145463
-1.113326
-1.231719
-1.344919
-1.356914
-1.269298
-1.088329
-0.908238
-0.713766
-0.533578
-0.335929
-0.124160
0.088770
0.293891
0.343573
0.294406
0.500852
0.720545
0.938873
1.158800
1.378782
1.596539
1.815734
2.034310
2.253309
2.472264
2.691737
2.821599
2.828151
2.610685
2.393915
2.177707
1.961424
1.744698
1.528121
1.311714
1.095504
0.878331
0.662473
0.445496
0.295825
0.324959
0.239128
0.031387
-0.174824
-0.384066
-0.584193
-0.767951
-0.954903
-1.142950
-1.318351
-1.394971
-1.397757
-1.365809
-1.177007
-1.195580
-1.208885
-1.123379
-0.962101
-0.760898
-0.555572
-0.354087
-0.106023
0.073803
0.179396
0.173916
0.136618
0.104222
-0.077161
-0.287016
-0.502326
-0.711622
-0.892963
-1.055396
-1.206837
-1.344474
-1.222739
-1.049485
-0.783264
-0.615656
-0.323537
-0.030674
0.252921
0.486764
0.632815
0.613987
0.470630
0.351509
0.226547
0.213675
0.423725
0.606179
0.822113
0.793831
0.586076
0.365961
0.149273
-0.067184
-0.287075
-0.330152
-0.323759
-0.462505
-0.398534
-0.311122
-0.374380
-0.137518
0.103453
0.328551
0.551182
0.778094
0.747206
0.551642
0.355175
0.203715
0.317825
0.426765
0.545474
0.497994
0.309680
0.033724
-0.250088
-0.543253
-0.723506
-0.995371
-1.183552
-1.326448
-1.214473
-1.059739
-0.894465
-0.720827
-0.521988
-0.311032
-0.103139
0.034825
0.079352
0.112376
0.054098
-0.033638
-0.269041
-0.478898
-0.705729
-0.912875
-1.094305
-1.190524
-1.153621
-1.146032
-1.328933
-1.376565
-1.379630
-1.268311
-1.091491
-0.907256
-0.717312
-0.542790
-0.341609
-0.134448
0.078851
0.279428
0.307512
0.307958
0.521880
0.738129
0.954528
1.171053
1.387687
1.602915
1.818415
2.034151
2.248992
2.463353
2.677734
2.828383
2.652499
2.444627
2.239043
2.034093
1.829230
1.625795
1.422159
1.216498
1.013210
0.807962
0.604595
0.399850
0.195140
-0.010771
-0.072327
0.012001
-0.028677
-0.219232
-0.403154
-0.571064
-0.736737
-0.886405
-1.033792
-1.158752
-1.277656
-1.381912
-1.456651
-1.532622
-1.545697
-1.554657
-1.526034
-1.472113
-1.406315
-1.309061
-1.213643
-1.081849
-0.936511
-0.783456
-0.616148
-0.457692
-0.277013
-0.106739
0.086416
0.281839
0.448348
0.606243
0.726797
0.784138
0.819133
0.699993
0.750714
0.701614
0.568879
0.424923
0.269129
0.137481
0.013279
-0.130873
-0.325884
-0.247648
-0.169793
0.029490
0.229394
0.417672
0.619142
0.719568
0.539226
0.346248
0.139643
-0.062584
-0.264459
-0.467747
-0.444648
-0.390634
-0.190732
-0.187180
-0.362046
-0.478556
-0.411307
-0.331796
-0.140789
0.084143
0.309232
0.534996
0.759031
0.689822
0.511858
0.333903
0.136583
0.010316
0.147492
0.262209
0.384413
0.387019
0.322319
0.244751
0.367672
0.322552
0.258197
0.097330
-0.063598
-0.233224
-0.397418
-0.573015
-0.723986
-0.866320
-1.002126
-1.123658
-1.245970
-1.337571
-1.431878
-1.486118
-1.528562
-1.539688
-1.527855
-1.428537
-1.375680
-1.303459
-1.224996
-1.150607
-1.040865
-0.909077
-0.765552
-0.613536
-0.462048
-0.288055
-0.104386
-0.042411
-0.075395
-0.001492
0.197034
0.399462
0.602149
0.802227
1.002843
1.211435
1.409972
1.609987
1.811370
1.920013
2.097811
2.297028
2.496049
2.653209
2.838670
2.674024
2.465244
2.249495
2.028415
1.800480
1.590036
1.517701
1.355224
1.189493
1.206774
1.003786
0.789827
0.620403
0.417668
0.249675
0.037769
-0.187753
-0.414059
-0.600786
-0.780589
-0.974036
-1.159952
-1.335948
-1.375232
-1.366905
-1.260995
-1.173542
-1.189459
-1.178136
-1.057309
-0.897173
-0.727025
-0.541975
-0.352952
-0.135852
0.044557
0.143787
0.135415
0.095638
-0.015034
-0.264408
-0.503843
-0.745782
-0.938744
-1.109845
-1.282160
-1.349138
-1.156038
-0.937019
-0.701140
-0.529754
-0.279096
-0.030014
0.219033
0.446834
0.568705
0.493124
0.345928
0.210154
0.161281
0.385454
0.610689
0.737042
0.821563
0.611281
0.385291
0.158328
-0.069282
-0.295178
-0.436849
-0.355769
