-0.422174
-0.540378
-0.373649
-0.366217
-0.415347
-0.157228
0.102666
0.336449
0.570151
0.776759
0.606692
0.411101
0.200848
0.223585
0.342261
0.468285
0.487396
0.472948
0.296283
0.287248
0.109356
-0.168612
-0.430704
-0.674500
-0.863477
-1.094353
-1.296418
-1.335288
-1.178979
-1.006533
-0.829267
-0.628709
-0.418796
-0.206447
-0.000784
0.050761
0.091390
0.098793
0.013312
-0.183487
-0.388382
-0.583760
-0.766272
-0.931040
-1.082910
-1.179726
-1.127436
-1.178814
-1.310956
-1.359747
-1.335781
-1.217271
-1.018481
-0.813958
-0.602010
-0.405994
-0.182705
0.041678
0.267085
0.339861
0.276347
0.489510
0.723028
0.956400
1.188762
1.421144
1.657462
1.895711
2.135471
2.378563
2.626361
2.832908
1.301499
1.139225
1.015320
0.821915
0.626274
0.538579
0.582488
0.654638
0.719758
0.794712
0.862452
0.822302
0.637933
0.417376
0.226180
0.024600
-0.169823
-0.355322
-0.538432
-0.729664
-0.918695
-1.105291
-1.288498
-1.472218
-1.637836
-1.797438
-1.877380
-1.728525
-1.554461
-1.370979
-1.181234
-0.996728
-0.802973
-0.608218
-0.418902
-0.227712
-0.167638
0.006189
-0.006946
-0.073250
0.108635
0.104810
0.047731
-0.024000
-0.114939
-0.219308
-0.374555
-0.500790
-0.646327
-0.762143
-0.837689
-0.897530
-0.927566
-0.957528
-0.900295
-0.732331
-0.543779
-0.371229
-0.189739
-0.010680
0.175069
0.354862
0.547034
0.730525
0.887357
0.919859
1.026770
1.222591
1.417858
1.612862
1.808225
2.003911
2.199949
2.396542
2.575703
2.401381
2.210229
2.018147
1.827629
1.634785
1.442307
1.250248
1.058673
0.912310
0.900035
0.759043
0.581522
0.400844
0.216108
0.032925
-0.141377
-0.319832
-0.487111
-0.664764
-0.826250
-0.871979
-0.848944
-0.826848
-0.784519
-0.697988
-0.609031
-0.487891
-0.371387
-0.245558
-0.187277
-0.109634
-0.061175
-0.068960
-0.186934
-0.121110
-0.191958
-0.312492
-0.435167
-0.629816
-0.823534
-1.016003
-1.212071
-1.403921
-1.589383
-1.758270
-1.742749
-1.614812
-1.459437
-1.295349
-1.117989
-0.933381
-0.743887
-0.540932
-0.357636
-0.158826
0.054144
0.242373
0.449345
0.650025
0.770974
0.705449
0.650073
0.605354
0.554229
0.541769
0.735138
0.930614
1.125041
1.302326
2.721720
2.511921
2.304434
2.097735
1.891772
1.686580
1.481202
1.275493
1.069649
0.865145
0.660622
0.455425
0.250864
0.045409
-0.004302
0.060478
-0.051559
-0.248393
-0.422943
-0.592122
-0.751799
-0.905181
-1.048531
-1.173385
-1.281943
-1.371717
-1.455316
-1.518093
-1.514070
-1.511685
-1.483638
-1.430994
-1.355492
-1.259482
-1.145373
-1.015699
-0.872696
-0.718432
-0.554644
-0.382828
-0.204232
-0.019883
0.169341
0.346323
0.511496
0.649844
0.704934
0.763380
0.668554
0.681171
0.668847
0.576150
0.442912
0.282538
0.144881
0.014260
-0.116360
-0.266499
-0.373446
-0.295654
-0.104934
0.093573
0.292847
0.483893
0.688694
0.657242
0.452890
0.240090
0.037406
-0.164906
-0.366772
-0.567553
-0.508622
-0.440166
-0.276650
-0.238692
-0.442235
-0.556849
-0.452222
-0.373734
-0.152469
0.070129
0.290174
0.509335
0.715846
0.653511
0.458218
0.283236
0.083787
-0.096570
0.013474
0.141970
0.260766
0.350094
0.310886
0.169999
0.310928
0.315987
0.260989
0.127847
-0.036514
-0.198082
-0.366279
-0.530447
-0.683332
-0.836362
-0.972670
-1.091614
-1.198026
-1.306204
-1.378554
-1.451000
-1.482612
-1.498196
-1.478969
-1.426512
-1.366313
-1.297019
-1.205181
-1.110944
-0.989061
-0.855561
-0.716166
-0.569042
-0.408924
-0.242652
-0.057677
0.013998
-0.035505
-0.034929
0.166771
0.365363
0.564756
0.767865
0.971214
1.177616
1.381239
1.579875
1.784018
1.983781
2.186243
2.385328
2.585425
2.722728
2.452268
2.248850
2.051742
1.855799
1.659702
1.552139
1.356914
1.163171
0.967941
0.773671
0.579406
0.384709
0.189811
-0.004514
-0.199026
-0.391557
-0.425887
-0.607976
-0.796837
-0.959213
-1.101255
-1.231283
-1.334408
-1.403402
-1.446419
-1.409321
-1.301437
-1.166634
-0.983157
-1.065852
-1.153948
-1.224709
-1.292917
-1.266168
-1.214299
-1.149691
-1.001737
-0.849810
-0.676743
-0.492008
-0.300261
-0.105479
0.110283
0.214494
0.323254
0.437252
0.600577
0.717828
0.752516
0.623579
0.478900
0.351123
0.217857
0.091088
-0.014655
-0.125234
-0.226602
-0.317726
-0.396382
-0.448260
-0.501910
-0.377410
-0.187972
-0.014601
0.171288
0.358220
0.549249
0.737559
0.907665
0.942150
1.032866
1.226874
1.419935
1.588564
1.590956
1.450117
1.261896
1.070377
0.878710
0.683019
0.489132
0.312194
0.118563
-0.073229
-0.262438
-0.452893
-0.544620
-0.501133
-0.443778
-0.379390
-0.307508
-0.213761
-0.125297
-0.012197
0.102380
0.223484
0.345509
0.445692
0.407061
0.286974
0.129449
0.008341
-0.173277
-0.348035
-0.516590
-0.660631
-0.812130
-0.952474
-1.097406
-1.204301
-1.288517
-1.367610
-1.357867
-1.270047
-1.158682
-1.068696
-1.073380
-1.251090
-1.386999
-1.395933
-1.347459
-1.274191
-1.188135
-1.073827
-0.910865
-0.735380
-0.557088
-0.401724
-0.335291
-0.138155
0.054464
0.247387
0.432281
0.622039
0.808646
0.999420
1.187313
1.381897
1.570583
1.758583
1.949455
2.139531
2.329973
2.454051
2.837601
2.615607
2.394802
2.174534
1.954274
1.733647
1.513160
1.292836
1.072699
0.851666
0.631857
0.411587
0.407915
0.399944
0.188520
-0.022967
-0.237462
-0.450851
-0.635027
-0.829809
-1.018877
-1.208981
-1.320132
-1.351044
-1.331931
-1.129639
-1.141889
-1.190680
-1.133745
-0.989246
-0.802393
-0.591059
-0.378249
-0.155430
0.033171
0.142414
0.180902
0.153849
0.123390
0.012903
-0.205291
-0.421965
-0.636716
-0.838760
-1.025372
-1.192671
-1.348455
-1.395235
-1.220118
-1.005102
-0.710452
-0.542814
-0.244281
0.054701
0.343482
0.557520
0.666169
0.588243
0.471441
0.332281
0.217020
0.227749
0.435943
0.645704
0.762634
0.555702
0.335411
0.115366
-0.100308
-0.327935
-0.381872
-0.363925
-0.453960
-0.491705
-0.362060
-0.371362
-0.264951
-0.028885
0.198530
0.413069
0.649268
0.864143
0.836250
0.655382
0.444297
0.234522
0.285661
0.407970
0.539795
0.558479
0.421792
0.177268
-0.112467
-0.409530
-0.706536
-0.877677
-1.134244
-1.322870
-1.389288
-1.239614
-1.077223
-0.904861
-0.714737
-0.510302
-0.293952
-0.075985
0.037927
0.074198
0.095457
0.034302
-0.083750
-0.327849
-0.530515
-0.753446
-0.954531
-1.110353
-1.184256
-1.152319
-1.160747
-1.320996
-1.350701
-1.308223
-1.130544
-0.944906
-0.753125
-0.563112
-0.379528
-0.166981
0.048042
0.260961
0.391833
0.366876
0.495685
0.715486
0.935461
1.155583
1.375832
1.595814
1.813827
2.032813
2.251090
2.469253
2.687296
2.837970
2.547874
2.281338
2.017045
1.753637
1.490998
1.229206
0.998878
0.819165
0.970366
0.708490
0.446237
0.184340
-0.079337
-0.299118
-0.198263
-0.337064
-0.572353
-0.787173
-0.989235
-1.163913
-1.324184
-1.451062
-1.532729
-1.511839
-1.301359
-1.085780
-0.854161
-0.614685
-0.368070
-0.115392
0.140346
0.400706
0.662516
0.926594
1.193440
1.404261
1.529436
1.461000
1.202829
0.940293
0.683261
0.427149
0.166155
-0.087917
-0.347187
-0.598074
-0.854367
-1.099867
-1.350500
-1.585827
-1.811480
-1.958752
-1.729994
-1.418024
-1.077019
-0.751335
-0.405423
-0.068640
0.272763
0.542122
0.677163
0.564416
0.389790
0.220900
0.056108
-0.049618
-0.246980
-0.185732
0.057756
0.310473
0.437053
0.165514
-0.098540
-0.362444
-0.359552
-0.147928
-0.119565
-0.332973
-0.340589
-0.192266
0.078837
0.357565
0.538235
0.311271
0.083799
0.234155
0.397866
0.573244
0.573122
0.351505
0.040967
-0.270586
-0.596856
-0.922844
-1.248414
-1.538900
-1.732036
-1.748168
-1.506666
-1.260683
-1.019424
-0.765605
-0.509768
-0.259458
-0.000569
0.252999
0.513684
0.769365
1.031181
1.288314
1.392158
1.305074
1.155115
0.884440
0.617837
0.353200
0.091587
-0.166968
-0.419047
-0.663734
-0.903951
-1.127778
-1.351545
-1.316667
-1.245643
-1.140114
-1.004900
-0.844963
-0.664823
-0.468384
-0.234069
-0.168645
-0.258684
-0.015347
0.240118
0.503959
0.764374
1.021985
1.274965
1.542100
1.799128
2.057198
2.313701
2.548884
2.631999
2.429308
2.226379
2.023879
1.821407
1.618991
1.417920
1.213794
1.009726
0.805724
0.603612
0.399868
0.198348
-0.005027
-0.210601
-0.208450
-0.170369
-0.210123
-0.395459
-0.577714
-0.742041
-0.895019
-1.043983
-1.171748
-1.291528
-1.396893
-1.482979
-1.550712
-1.594582
-1.596483
-1.590058
-1.545396
-1.476972
-1.391149
-1.296192
-1.171826
-1.040143
-0.899485
-0.736263
-0.568936
-0.398497
-0.212035
-0.039624
0.151735
0.331482
0.514604
0.676268
0.772577
0.824683
0.781161
0.787994
0.801958
0.707959
0.571968
0.425264
0.284799
0.151290
0.025541
-0.148566
-0.223618
-0.128356
0.066323
0.266166
0.459000
0.656825
0.582058
0.373936
0.171371
-0.033918
-0.231727
-0.357735
-0.357675
-0.208150
-0.047326
-0.076089
-0.276540
-0.364176
-0.276589
-0.187690
0.033833
0.251626
0.469499
0.675498
0.659346
0.478876
0.280422
0.082777
0.090544
0.213650
0.344080
0.464904
0.592492
0.596601
0.466840
0.487314
0.576332
0.521750
0.446518
0.276360
0.107772
-0.076413
-0.245493
-0.428042
-0.599237
-0.760350
-0.905748
-1.038656
-1.178345
-1.284762
-1.393145
-1.457568
-1.511378
-1.539880
-1.555301
-1.481637
-1.437645
-1.372131
-1.286981
-1.184355
-1.069870
-0.945089
-0.799818
-0.673884
-0.514033
-0.325970
-0.152490
-0.208345
-0.281621
-0.350602
-0.147864
0.055106
0.257995
0.459445
0.661057
0.866102
1.066898
1.269132
1.470810
1.673881
1.876109
2.078766
2.281171
2.483824
2.631844
2.615399
2.438607
2.196938
1.953237
1.690578
1.446829
1.174232
0.880346
0.616030
0.339475
0.045294
-0.090054
-0.069701
-0.277113
-0.482995
-0.676719
-0.843184
-1.004616
-1.151082
-1.287380
-1.380082
-1.465262
-1.422493
-1.192189
-0.963283
-0.720471
-0.467420
-0.206737
0.054213
0.330756
0.587917
0.871963
1.128703
1.336592
1.439443
1.581713
1.501915
1.257518
0.967020
0.676070
0.386593
0.082484
-0.205105
-0.492738
-0.791592
-1.073058
-1.364030
-1.639564
-1.901178
-1.861691
-1.654046
-1.416436
-1.181559
-0.943618
-0.705633
-0.467617
-0.231960
0.006143
0.244254
0.480360
0.568870
0.526217
0.328349
0.121333
-0.071456
-0.296612
-0.289535
-0.107381
0.170997
0.385248
0.162864
-0.105011
-0.387960
-0.433141
-0.316804
-0.163078
-0.309442
-0.435605
-0.346418
-0.190631
0.098166
0.374199
0.383655
0.183163
-0.007651
0.147296
0.315243
0.479741
0.480683
0.319865
0.060425
-0.189400
-0.438948
-0.688139
-0.936853
-1.184916
-1.432055
-1.665292
-1.784000
-1.531962
-1.272345
-1.004553
-0.733221
-0.461378
-0.189229
0.085067
0.362448
0.640387
0.915608
1.198892
1.333466
1.243726
1.096861
0.875777
0.645073
0.428671
0.202626
-0.007162
-0.240268
-0.441070
-0.646457
-0.852635
-1.029073
-1.211210
-1.195704
-1.105241
-0.981221
-0.826011
-0.646143
-0.446445
-0.251794
-0.010889
-0.040270
-0.078642
0.205523
0.492815
0.792584
1.045840
1.274988
1.488146
1.789280
2.093136
2.363158
2.602847
2.641403
2.379676
2.124140
1.867749
1.613465
1.357842
1.202280
1.022009
0.864823
0.698062
0.449133
0.262929
-0.010917
-0.120500
-0.204542
-0.454711
-0.727033
-0.860730
-0.987738
-1.177294
-1.328955
-1.445048
-1.482337
-1.389114
-1.183823
-0.987625
-1.074466
-1.183074
-1.269118
-1.332623
-1.191944
-0.999725
-0.841092
-0.669779
-0.556694
-0.503170
-0.610418
-0.360492
-0.111974
-0.016093
0.057669
0.210384
0.328776
0.420729
0.508939
0.626663
0.758184
0.851197
0.675260
0.439275
0.255238
0.381164
0.347934
0.143725
-0.055204
-0.268443
-0.441661
-0.602725
-0.749469
-0.879450
-0.990021
-1.001750
-0.809068
-0.710094
-0.471679
-0.230424
0.006738
0.042541
0.143416
0.377675
0.635617
0.889826
1.148286
1.404184
1.642371
1.788446
1.667871
1.402955
1.154089
0.906934
0.653449
0.401931
0.143144
-0.108545
-0.337163
-0.572981
-0.804880
-1.030044
-0.988584
-0.882119
-0.759118
-0.618634
-0.463123
-0.355224
-0.361215
-0.162003
0.016192
-0.018682
-0.018541
0.182093
0.433745
0.446314
0.339651
0.240347
0.117018
0.048146
-0.052752
-0.251322
-0.250190
-0.454790
-0.636016
-0.732178
-0.793146
-0.957800
-1.163764
-1.278892
-1.375958
-1.319122
-1.215450
-1.136570
-1.346366
-1.406918
-1.333340
-1.220478
-1.068426
-0.859372
-0.621352
-0.361032
-0.107188
0.126119
0.261382
0.246752
0.397274
0.618082
0.791665
0.969421
1.143192
1.366895
1.616370
1.862800
2.106832
2.354487
2.487910
2.643486
2.586751
2.316175
2.055357
1.791455
1.536070
1.277989
1.117345
0.940974
0.800711
0.651235
0.465051
0.299772
0.163273
0.104463
-0.142128
-0.387873
-0.612451
-0.804323
-1.008982
-1.183853
-1.346058
-1.443548
-1.493295
-1.507590
-1.375516
-1.190152
-1.029743
-1.121034
-1.211073
-1.283456
-1.215184
-1.040463
-0.826305
-0.657973
-0.475827
-0.493028
-0.464220
-0.210497
0.014434
0.072331
0.174758
0.332135
0.431564
0.499351
0.603882
0.721040
0.849738
0.822573
0.538275
0.348042
0.483008
0.417081
0.201187
-0.035063
-0.249260
-0.412150
-0.569975
-0.697031
-0.823386
-0.888467
-0.691055
-0.682679
-0.544415
-0.308339
-0.076871
0.122701
0.126558
0.264633
0.502871
0.743920
0.985734
1.228194
1.392706
1.640650
1.851460
1.659609
1.432806
1.186061
0.938073
0.691878
0.444494
0.197189
-0.050321
-0.294050
-0.534951
-0.772479
-0.977078
-0.898266
-0.820252
-0.700781
-0.564808
-0.402806
-0.178423
0.034947
0.014808
0.030916
0.218659
0.394053
0.479751
0.360718
0.254046
0.161807
0.075442
-0.037085
-0.234149
-0.221500
-0.390062
-0.600399
-0.777059
-0.680673
-0.838142
-1.008257
-1.155130
-1.309507
-1.413296
-1.423587
-1.338995
-1.250964
-1.242606
-1.518282
-1.501112
-1.442532
-1.331610
-1.194496
-0.994800
-0.755522
-0.493236
-0.241054
-0.008019
0.158900
0.145058
0.195260
0.447027
0.588651
0.738679
0.888280
1.061423
1.272504
1.516114
1.757150
1.993621
2.230978
2.463120
2.592086
1.189714
1.026022
0.830624
0.635310
0.525043
0.578123
0.637866
0.710169
0.792250
0.883410
0.915343
0.746574
0.541314
0.326799
0.116646
-0.094510
-0.314264
-0.490145
-0.700672
-0.890514
-1.079999
-1.263727
-1.441850
-1.617644
-1.782588
-1.925851
-1.905381
-1.715310
-1.520824
-1.324136
-1.126075
-0.927094
-0.727467
-0.533596
-0.333257
-0.185081
-0.112641
0.054173
0.033258
-0.013021
0.132243
0.110126
0.051705
-0.015875
-0.094053
-0.199981
-0.328788
-0.455629
-0.585502
-0.671753
-0.745940
-0.759431
-0.775898
-0.784547
-0.717207
-0.534125
-0.355559
-0.176075
0.002821
0.187882
0.369254
0.556962
0.735279
0.911178
1.061843
1.096348
1.225644
1.418660
1.613425
1.805537
1.997091
2.190178
2.382661
2.522476
2.343122
2.149044
1.955371
1.762246
1.569252
1.374130
1.179107
1.071775
1.029879
0.862273
0.685021
0.503680
0.324486
0.137386
-0.042958
-0.214737
-0.389120
-0.574461
-0.707574
-0.772488
-0.754142
-0.727566
-0.705052
-0.635714
-0.536218
-0.423888
-0.294716
-0.180903
-0.093184
-0.025527
0.021655
0.065301
-0.058994
-0.067142
-0.035363
-0.189086
-0.261547
-0.445586
-0.639784
-0.843149
-1.038394
-1.232774
-1.432837
-1.624707
-1.813691
-1.855216
-1.754773
-1.604874
-1.447440
-1.274665
-1.095577
-0.912413
-0.720418
-0.513722
-0.306353
-0.090879
0.130873
0.342028
0.572842
0.776921
0.871726
0.781946
0.701084
0.629810
0.568735
0.518438
0.651717
0.844515
1.034865
1.190453
2.607996
2.413432
2.216693
2.020627
1.822911
1.623061
1.431382
1.232078
1.029886
0.827700
0.631832
0.433110
0.234636
0.032688
-0.169222
-0.326363
-0.226888
-0.198942
-0.362178
-0.550052
-0.709156
-0.860743
-1.003425
-1.135568
-1.255282
-1.360447
-1.448790
-1.518021
-1.577561
-1.611907
-1.592713
-1.570366
-1.514577
-1.436011
-1.350077
-1.247192
-1.129592
-0.988124
-0.838226
-0.688762
-0.520382
-0.356747
-0.180603
-0.007150
0.181494
0.351396
0.535447
0.690199
0.772467
0.839802
0.803838
0.815120
0.822174
0.724165
0.577558
0.432260
0.310387
0.179081
0.055628
-0.097773
-0.154290
-0.126155
0.056894
0.252167
0.444854
0.638831
0.473745
0.269612
0.069341
-0.126373
-0.309695
-0.300051
-0.165930
-0.006717
-0.014748
-0.214471
-0.306141
-0.264715
-0.192448
-0.014985
0.209845
0.436241
0.653985
0.660420
0.529716
0.354092
0.160823
0.120668
0.247747
0.367716
0.494383
0.609053
0.637115
0.537281
0.487280
0.601050
0.558230
0.490426
0.344896
0.157049
-0.016921
-0.196574
-0.371010
-0.549189
-0.710121
-0.862417
-1.004474
-1.146945
-1.263117
-1.362633
-1.443033
-1.501973
-1.545064
-1.568540
-1.501875
-1.464957
-1.405123
-1.324294
-1.224737
-1.108822
-0.978835
-0.836859
-0.683056
-0.524022
-0.343149
-0.192815
-0.230032
-0.342068
-0.355195
-0.157161
0.041353
0.240271
0.439530
0.639081
0.838884
1.039732
1.238060
1.439043
1.639678
1.840300
2.041312
2.243003
2.446044
2.605775
2.731308
2.505518
2.274528
2.042017
1.814162
1.586744
1.360014
1.135325
0.910790
0.682624
0.505718
0.358390
0.201148
0.011937
-0.196624
-0.402537
-0.607535
-0.808721
-1.006150
-1.197420
-1.379912
-1.434663
-1.469868
-1.464313
-1.442874
-1.386004
-1.301183
-1.194443
-1.068372
-0.932966
-0.774493
-0.608732
-0.426822
-0.236804
-0.040388
0.100846
0.150929
0.275981
0.297619
0.229017
0.043581
-0.129645
-0.298022
-0.457116
-0.601101
-0.730544
-0.849219
-0.951764
-0.766167
-0.523229
-0.273412
-0.023312
0.226985
0.486079
0.675438
0.837345
0.870016
0.812551
0.761544
0.725080
0.709012
0.687464
0.525392
0.319815
0.084360
-0.136021
-0.321582
-0.561444
-0.552556
-0.584405
-0.586514
-0.540968
-0.708853
-0.542130
-0.624078
-0.419353
-0.269261
-0.054333
0.163848
0.375490
0.588784
0.645142
0.647183
0.659679
0.682526
0.715584
0.739290
0.716435
0.598618
0.401747
0.181369
-0.063687
-0.308562
-0.410273
-0.502708
-0.611886
-0.692149
-0.577164
-0.452233
-0.318406
-0.176705
-0.014999
0.114157
0.115985
0.029550
-0.038393
-0.186546
-0.356614
-0.534805
-0.708125
-0.867348
-1.006768
-1.132239
-1.241640
-1.335982
-1.416990
-1.471882
-1.496230
-1.499471
-1.482958
-1.425833
-1.293808
-1.112443
-0.925954
-0.735289
-0.541187
-0.355940
-0.158582
0.023961
0.167209
0.318271
0.469400
0.630355
0.831949
1.039306
1.247298
1.462551
1.664897
1.874385
2.083703
2.288514
2.493409
2.693344
2.736436
2.845029
2.643783
2.432440
2.215859
1.995879
1.779940
1.560415
1.336993
1.113623
0.890316
0.667081
0.443933
0.366094
0.363829
0.296218
0.081658
-0.128856
-0.344608
-0.550862
-0.727725
-0.925703
-1.118767
-1.305363
-1.387752
-1.408615
-1.377085
-1.202235
-1.198102
-1.226654
-1.190645
-1.056275
-0.882812
-0.703388
-0.511306
-0.307150
-0.076562
0.084863
0.209870
0.213825
0.178961
0.142629
-0.063836
-0.293993
-0.527115
-0.749646
-0.939740
-1.106552
-1.272355
-1.412729
-1.238769
-1.051248
-0.797536
-0.623535
-0.357752
-0.100316
0.155181
0.408383
0.631915
0.769082
0.698336
0.551724
0.415045
0.284590
0.165553
0.331068
0.549471
0.769335
0.830383
0.629764
0.408148
0.186626
-0.034830
-0.255421
-0.296402
-0.333907
-0.501080
-0.345990
-0.300301
-0.284155
-0.025090
0.172902
0.425397
0.655173
0.822974
0.661449
0.525149
0.338937
0.405437
0.521022
0.565276
0.432038
0.201027
-0.082778
-0.359111
-0.633928
-0.789466
-1.034266
-1.245336
-1.395950
-1.254817
-1.088982
-0.921141
-0.736345
-0.532357
-0.325805
-0.117207
0.020083
0.063187
0.082186
0.027297
-0.047955
-0.265598
-0.471761
-0.664101
-0.840557
-1.003425
-1.136396
-1.146772
-1.108229
-1.261680
-1.310124
-1.307742
-1.200752
-1.020559
-0.826151
-0.629854
-0.432041
-0.219970
-0.006255
0.208791
0.373146
0.363770
0.387436
0.610288
0.833429
1.057433
1.280451
1.504972
1.729980
1.956533
2.183783
2.413811
2.647474
2.841504
1.175582
0.947143
0.732701
0.522240
0.530045
0.596724
0.678181
0.765704
0.868818
0.920714
0.739333
0.537444
0.332973
0.133883
-0.059860
-0.248680
-0.428512
-0.598122
-0.812186
-1.030643
-1.242587
-1.449817
-1.645823
-1.822658
-1.870001
-1.702506
-1.476676
-1.251375
-1.016064
-0.784155
-0.554182
-0.325091
-0.182363
-0.078875
0.061999
-0.002049
0.017441
0.130115
0.076580
0.018264
-0.071350
-0.161456
-0.272114
-0.398661
-0.496179
-0.609004
-0.710134
-0.779842
-0.814438
-0.848824
-0.886472
-0.867437
-0.814312
-0.598418
-0.412576
-0.233379
-0.040941
0.153637
0.340846
0.543770
0.720873
0.896717
0.950079
1.002149
1.221169
1.427094
1.629920
1.826825
2.021042
2.215764
2.405136
2.589526
2.554574
2.314764
2.084622
1.859986
1.638392
1.422311
1.206790
0.996528
0.936872
0.914291
0.709744
0.500553
0.295245
0.093466
-0.106678
-0.303497
-0.496094
-0.690547
-0.813117
-0.855765
-0.844291
-0.823219
-0.790953
-0.733548
-0.662119
-0.560359
-0.449783
-0.323528
-0.194563
-0.082019
0.008780
0.073223
0.086795
-0.066347
0.021101
-0.081560
-0.202923
-0.328055
-0.525929
-0.723211
-0.920527
-1.116497
-1.311163
-1.503882
-1.693515
-1.850227
-1.810255
-1.681177
-1.532151
-1.360468
-1.182190
-0.997931
-0.810783
-0.626604
-0.450044
-0.285522
-0.105269
0.078041
0.263318
0.437539
0.643144
0.849586
0.866771
0.775624
0.694290
0.610279
0.550225
0.500814
0.659946
0.872639
1.061038
1.182349
2.621839
2.346727
2.078511
1.811824
1.545055
1.280467
1.015561
0.750686
0.486142
0.221768
-0.042396
-0.048003
-0.055077
-0.307133
-0.536927
-0.753909
-0.950392
-1.131825
-1.287467
-1.407514
-1.477692
-1.312304
-1.118859
-0.901630
-0.672956
-0.436311
-0.193518
0.050343
0.301798
0.556569
0.813985
1.072485
1.329787
1.455242
1.545255
1.351512
1.089350
0.827503
0.566034
0.305026
0.048999
-0.210356
-0.468734
-0.725839
-0.981248
-1.234330
-1.484099
-1.728974
-1.966239
-1.926351
-1.683034
-1.326825
-0.970084
-0.613022
-0.272563
0.084944
0.368896
0.508363
0.426113
0.255121
0.074351
-0.081109
-0.253292
-0.401214
-0.183805
0.068693
0.316689
0.511987
0.279257
0.011551
-0.251516
-0.464617
-0.449127
-0.234418
-0.202765
-0.453344
-0.438663
-0.294716
-0.016739
0.251752
0.530771
0.506183
0.266459
0.015421
0.003291
0.177114
0.363234
0.500282
0.446168
0.180258
-0.128903
-0.441866
-0.753218
-1.067920
-1.389109
-1.641687
-1.825062
-1.725870
-1.481122
-1.231184
-0.975194
-0.717663
-0.456543
-0.197934
0.061781
0.322361
0.583630
0.839610
1.102123
1.359677
1.384604
1.289212
1.060152
0.787165
0.518671
0.254076
-0.006706
-0.259937
-0.511046
-0.746263
-0.974965
-1.185204
-1.236568
-1.161364
-1.060898
-0.938358
-0.777494
-0.608352
-0.411957
-0.194117
0.014254
-0.047568
-0.176540
0.086448
0.349825
0.608741
0.868374
1.128599
1.378078
1.623489
1.881745
2.140717
2.394832
2.624013
2.806820
2.586098
2.357735
2.130186
1.906587
1.683194
1.460978
1.236740
1.016636
0.794707
0.572780
0.351522
0.313881
0.303627
0.109708
-0.106016
-0.322583
-0.533996
-0.728262
-0.929480
-1.127395
-1.320564
-1.419706
-1.449108
-1.414773
-1.257933
-1.179976
-1.232056
-1.231115
-1.101188
-0.928570
-0.743457
-0.544834
-0.331738
-0.108500
0.061738
0.233006
0.333478
0.220351
0.193765
0.158907
0.000861
-0.206310
-0.411827
-0.614719
-0.814509
-0.987729
-1.151727
-1.290167
-1.406921
-1.222562
-1.021289
-0.762162
-0.580557
-0.338626
-0.059594
0.234924
0.516026
0.730415
0.848097
0.782705
0.644157
0.513586
0.391875
0.279966
0.203738
0.416612
0.605350
0.793038
0.662388
0.431926
0.212999
0.001779
-0.221442
-0.249900
-0.364974
-0.325762
-0.252383
-0.278137
-0.065214
0.155932
0.326990
0.557483
0.785640
0.673275
0.480350
0.533212
0.644467
0.609558
0.443854
0.203002
-0.057506
-0.315550
-0.582112
-0.754534
-0.972130
-1.180013
-1.331475
-1.198606
-1.035618
-0.858546
-0.687786
-0.473139
-0.254910
-0.034599
0.084166
0.134445
0.125889
0.059671
-0.101210
-0.330567
-0.515670
-0.708235
-0.874821
-1.033828
-1.153428
-1.156955
-1.084043
-1.150780
-1.319624
-1.330001
-1.264854
-1.097973
-0.920073
-0.730560
-0.557433
-0.367948
-0.148203
0.063884
0.267181
0.340702
0.322605
0.509210
0.725757
0.946943
1.163522
1.380432
1.597628
1.810296
2.023500
2.237178
2.446496
2.653918
2.810416
2.620897
2.420302
2.219725
2.019089
1.818841
1.617769
1.416914
1.216305
1.011729
0.812293
0.612258
0.412603
0.211090
0.009713
-0.191504
-0.332903
-0.245115
-0.201440
-0.367884
-0.559663
-0.721193
-0.874263
-1.018043
-1.150041
-1.278723
-1.370934
-1.466245
-1.529978
-1.577345
-1.613852
-1.578792
-1.545615
-1.489000
-1.403010
-1.306714
-1.193681
-1.051360
-0.911069
-0.760486
-0.599542
-0.434630
-0.244576
-0.067789
0.113525
0.298717
0.474614
0.640057
0.731724
0.798705
0.773391
0.747932
0.767043
0.683438
0.546107
0.408377
0.271906
0.149600
0.026120
-0.149573
-0.196446
-0.024496
0.171358
0.367917
0.556065
0.659990
0.449031
0.242327
0.043150
-0.159651
-0.329554
-0.320711
-0.217692
-0.037265
-0.044059
-0.191419
-0.315055
-0.307548
-0.187896
-0.018061
0.193438
0.399894
0.616494
0.629034
0.447232
0.261323
0.063375
0.087301
0.207089
0.334309
0.468244
0.591039
0.686673
0.669512
0.554515
0.681264
0.630051
0.567322
0.444293
0.272606
0.088458
-0.091672
-0.266069
-0.454783
-0.601219
-0.775168
-0.922423
-1.059010
-1.187709
-1.298089
-1.391464
-1.465480
-1.517956
-1.547146
-1.551996
-1.504495
-1.455950
-1.392797
-1.309492
-1.208242
-1.091318
-0.960894
-0.810748
-0.659613
-0.500313
-0.315471
-0.189813
-0.236869
-0.364492
-0.346498
-0.145763
0.055192
0.256334
0.455373
0.656916
0.856609
1.054969
1.258633
1.459116
1.659851
1.859608
2.059877
2.259845
2.460600
2.620762
2.457526
2.281534
2.104954
1.928110
1.752052
1.575121
1.401493
1.225296
1.047489
0.867865
0.690117
0.514514
0.337041
0.162073
-0.012381
-0.197145
-0.211005
-0.234403
-0.405057
-0.558861
-0.706489
-0.851090
-0.980646
-1.110112
-1.230325
-1.330549
-1.422248
-1.501950
-1.559376
-1.607189
-1.629192
-1.610613
-1.587426
-1.526407
-1.456010
-1.366387
-1.257388
-1.147790
-1.012958
-0.880443
-0.736528
-0.580129
-0.435141
-0.269548
-0.110884
0.048955
0.215983
0.378521
0.543409
0.706546
0.780449
0.862416
0.874238
0.886852
0.900506
0.873586
0.755353
0.624516
0.498543
0.359788
0.244862
0.136483
0.032328
-0.023626
-0.005906
-0.010382
0.157794
0.327043
0.500040
0.673990
0.644550
0.465821
0.287184
0.108644
0.088550
0.065890
0.184691
0.122053
-0.046751
-0.157831
-0.099846
0.028550
0.244651
0.456473
0.656126
0.805541
0.688337
0.535125
0.375416
0.401050
0.493053
0.475236
0.343980
0.345822
0.421873
0.349331
0.286017
0.151948
0.001139
-0.159762
-0.309979
-0.472154
-0.612897
-0.747418
-0.892544
-1.011702
-1.122255
-1.237479
-1.321901
-1.410445
-1.462409
-1.514641
-1.512691
-1.483830
-1.440533
-1.408632
-1.349158
-1.272254
-1.189370
-1.088709
-0.972870
-0.847684
-0.713684
-0.574564
-0.425794
-0.262759
-0.229602
-0.268563
-0.165468
0.011161
0.185400
0.362532
0.537551
0.712619
0.886995
1.063269
1.238419
1.415332
1.591260
1.768798
1.945594
2.121940
2.299428
2.457034
2.364462
2.192751
2.019496
1.838067
1.656650
1.475247
1.296911
1.119864
0.937527
0.755833
0.571770
0.390568
0.216577
0.048097
-0.119324
-0.293718
-0.473045
-0.538975
-0.688081
-0.857680
-0.993403
-1.127823
-1.252515
-1.350052
-1.429749
-1.491885
-1.511141
-1.498633
-1.475289
-1.416283
-1.338031
-1.229856
-1.095526
-1.004648
-1.081212
-1.141281
-1.202239
-1.243939
-1.186488
-1.131899
-1.133702
-1.045956
-0.917895
-0.766751
-0.616700
-0.448183
-0.290205
-0.116874
0.051255
0.225103
0.393990
0.505371
0.649262
0.788536
0.752028
0.627873
0.492802
0.369751
0.255645
0.138250
0.028140
-0.073811
-0.166648
-0.249361
-0.320895
-0.380279
-0.334093
-0.153422
0.028666
0.213733
0.399675
0.582976
0.770869
0.850298
0.883277
0.924782
1.077566
1.285531
1.484977
1.655829
1.641022
1.458619
1.297268
1.122620
0.940852
0.751920
0.551425
0.360558
0.169509
-0.027206
-0.227388
-0.420639
-0.455977
-0.419456
-0.369501
-0.311062
-0.230808
-0.152155
-0.049594
0.061979
0.173118
0.271253
0.198500
0.073041
-0.059445
-0.213298
-0.398489
-0.565768
-0.722232
-0.856095
-0.991832
-1.118039
-1.198057
-1.233836
-1.214066
-1.124697
-1.021005
-0.929781
-1.064292
-1.200429
-1.264227
-1.202129
-1.127308
-1.017133
-0.873630
-0.708626
-0.543401
-0.408464
-0.242264
-0.066094
0.111773
0.288358
0.464496
0.642750
0.822652
1.003372
1.184641
1.366263
1.548317
1.732427
1.914955
2.099019
2.284867
2.360334
2.696060
2.477633
2.263387
2.050086
1.837329
1.625532
1.413932
1.203002
0.992575
0.782617
0.577102
0.383239
0.241563
0.061552
-0.125481
-0.324680
-0.516400
-0.705161
-0.897740
-1.079587
-1.265360
-1.437211
-1.499680
-1.527265
-1.520192
-1.493693
-1.420656
-1.327450
-1.196403
-1.046136
-0.878875
-0.691053
-0.490509
-0.277519
-0.058172
0.087372
0.146474
0.210771
0.242838
0.257020
0.102286
-0.060716
-0.210865
-0.356111
-0.496113
-0.617527
-0.732889
-0.839832
-0.745757
-0.621831
-0.357377
-0.092329
0.189171
0.450037
0.621846
0.783089
0.833270
0.789417
0.741429
0.714077
0.692887
0.676671
0.643489
0.444554
0.242814
0.007183
-0.240019
-0.439666
-0.589102
-0.500689
-0.679894
-0.575718
-0.566194
-0.628586
-0.486486
-0.515194
-0.337770
-0.122016
0.117458
0.332507
0.538792
0.643870
0.648205
0.669026
0.686608
0.720387
0.751303
0.761950
0.621302
0.452524
0.210035
-0.057654
-0.306837
-0.398338
-0.487037
-0.621533
-0.665468
-0.556770
-0.423851
-0.295863
-0.148018
-0.000556
0.132465
0.148645
0.065022
0.011585
-0.114857
-0.287829
-0.474518
-0.653672
-0.839892
-0.993406
-1.153602
-1.274368
-1.375058
-1.453160
-1.526149
-1.551950
-1.554120
-1.529930
-1.478038
-1.325080
-1.140172
-0.963198
-0.782053
-0.597433
-0.409886
-0.225530
-0.044894
0.118367
0.270199
0.432521
0.605245
0.797313
0.999729
1.206757
1.412283
1.614558
1.822587
2.026298
2.230219
2.436291
2.636874
2.699394
2.909485
2.754984
2.543498
2.327046
2.109004
1.889468
1.674230
1.446415
1.219955
0.992932
0.766003
0.539187
0.333748
0.368178
0.249061
0.037662
-0.181690
-0.409399
-0.605239
-0.773152
-0.934946
-1.036785
-1.167117
-1.086118
-1.187598
-1.107447
-1.181932
-1.166899
-1.140410
-1.013751
-0.848149
-0.666588
-0.494555
-0.303087
-0.073975
0.112933
0.222669
0.219711
0.185050
0.125808
-0.094997
-0.327607
-0.580078
-0.796374
-0.984945
-1.163835
-1.312741
-1.334013
-1.137532
-0.923253
-0.679799
-0.527711
-0.282126
-0.036568
0.207237
0.442722
0.634346
0.705279
0.564549
0.415662
0.275024
0.154271
0.351490
0.573978
0.797264
0.783569
0.554762
0.334629
0.110389
-0.115141
-0.338572
-0.345957
-0.337958
-0.480118
-0.427017
-0.348393
-0.421953
-0.305541
-0.048231
0.218038
0.445563
0.681486
0.743432
0.508782
0.349667
0.225436
0.352001
0.460491
0.525629
0.382782
0.180707
-0.091037
-0.353718
-0.609901
-0.752802
-0.974018
-1.170950
-1.358665
-1.338854
-1.178167
-1.012025
-0.834446
-0.631152
-0.425007
-0.216619
-0.016787
0.048166
0.064817
0.096988
0.011356
-0.156860
-0.361219
-0.543930
-0.722829
-0.883947
-1.032228
-1.161386
-1.124474
-1.084551
-1.267517
-1.328165
-1.315864
-1.277688
-1.091114
-0.893270
-0.689915
-0.485487
-0.269918
-0.052391
0.166918
0.363926
0.336822
0.347594
0.575686
0.802428
1.029700
1.259333
1.486414
1.716975
1.951400
2.182862
2.421736
2.662772
2.904095
2.685322
2.477806
2.272024
2.066709
1.862006
1.657952
1.453847
1.249752
1.046346
0.843418
0.641031
0.446722
0.283501
0.115073
-0.045818
-0.227825
-0.412207
-0.600041
-0.785430
-0.967891
-1.146816
-1.315467
-1.490755
-1.570357
-1.602877
-1.588618
-1.552911
-1.466847
-1.348895
-1.203426
-1.036527
-0.865796
-0.681083
-0.481459
-0.277225
-0.060451
0.073468
0.124411
0.203172
0.247461
0.235996
0.085873
-0.061890
-0.202363
-0.343042
-0.469126
-0.582893
-0.685351
-0.789176
-0.650797
-0.503127
-0.281025
0.007689
0.270251
0.493850
0.657004
0.808062
0.766160
0.714421
0.682921
0.658773
0.649529
0.633240
0.491734
0.284422
0.055262
-0.154004
-0.329346
-0.547292
-0.434745
-0.507831
-0.556353
-0.444755
-0.567917
-0.407462
-0.532144
-0.408320
-0.189889
0.052110
0.279001
0.478110
0.634646
0.656449
0.670306
0.694279
0.718160
0.755357
0.785331
0.668203
0.499078
0.263249
-0.012553
-0.298716
-0.442019
-0.591818
-0.735508
-0.633905
-0.520980
-0.407249
-0.274741
-0.138265
0.008264
0.152129
0.193026
0.130939
0.066829
-0.039830
-0.198813
-0.404723
-0.619169
-0.807049
-0.980892
-1.139464
-1.279861
-1.398870
-1.493152
-1.559562
-1.595558
-1.599636
-1.571621
-1.442624
-1.275495
-1.103016
-0.935385
-0.754359
-0.578472
-0.399135
-0.216866
-0.044207
0.080084
0.239034
0.406144
0.585714
0.786157
0.987110
1.188510
1.390306
1.590448
1.793043
1.994227
2.195946
2.398145
2.599647
2.685895
2.623648
2.420775
2.218095
2.015369
1.813059
1.609983
1.407118
1.204490
0.997512
0.796563
0.594486
0.390782
0.187174
-0.014093
-0.217316
-0.307200
-0.225107
-0.208979
-0.397761
-0.574175
-0.737810
-0.893098
-1.044482
-1.179179
-1.304225
-1.409081
-1.495196
-1.560086
-1.601585
-1.637044
-1.609144
-1.574908
-1.516747
-1.436672
-1.336097
-1.220153
-1.070032
-0.927696
-0.775020
-0.611985
-0.442813
-0.252620
-0.086929
0.111279
0.299291
0.463036
0.618231
0.692369
0.757655
0.689296
0.627376
0.715888
0.739433
0.654835
0.516920
0.375460
0.241916
0.113217
-0.003859
-0.176007
-0.222407
-0.040902
0.157016
0.350889
0.545917
0.641397
0.442692
0.237653
0.032680
-0.172216
-0.339425
-0.341516
-0.206121
-0.043108
-0.074235
-0.278157
-0.345204
-0.295340
-0.191124
0.008582
0.220864
0.430362
0.642347
0.622621
0.434259
0.243394
0.048608
0.095892
0.219513
0.350459
0.488010
0.614351
0.689813
0.644130
0.619555
0.667641
0.602888
0.529266
0.339140
0.165288
-0.016712
-0.194075
-0.366015
-0.547836
-0.706855
-0.857079
-0.996930
-1.124767
-1.237980
-1.334890
-1.413028
-1.470237
-1.521860
-1.531267
-1.483586
-1.443597
-1.384697
-1.305286
-1.207483
-1.093521
-0.965570
-0.819883
-0.670626
-0.516635
-0.327366
-0.164992
-0.218751
-0.308356
-0.344914
-0.143831
0.057056
0.259933
0.460600
0.663916
0.865282
1.066621
1.270814
1.473021
1.675495
1.876917
2.078869
2.280461
2.482360
2.623648
1.266946
1.168449
1.008994
0.818344
0.621793
0.581372
0.614375
0.677517
0.750696
0.827865
0.905130
0.781454
0.574293
0.381966
0.198801
0.003046
-0.168169
-0.346240
-0.515301
-0.703873
-0.888595
-1.076676
-1.255087
-1.436329
-1.602257
-1.756035
-1.829859
-1.692355
-1.519995
-1.333036
-1.150630
-0.965048
-0.771305
-0.582297
-0.391944
-0.200351
-0.097793
0.017478
-0.041327
0.043761
0.121355
0.076708
0.005349
-0.089842
-0.207892
-0.351438
-0.495333
-0.628761
-0.740630
-0.837017
-0.893212
-0.952336
-1.004895
-0.984634
-0.913100
-0.717959
-0.536043
-0.355188
-0.173038
0.011601
0.201526
0.390860
0.583270
0.775229
0.848664
0.854017
1.049543
1.248140
1.447194
1.648629
1.850485
2.052709
2.257563
2.465670
2.563466
2.379143
2.192788
1.999456
1.810680
1.618236
1.426234
1.229895
1.033747
0.862008
0.844234
0.735336
0.569059
0.381077
0.194441
0.018776
-0.163758
-0.343787
-0.509485
-0.687178
-0.883621
-0.937510
-0.932054
-0.895785
-0.856640
-0.788385
-0.693943
-0.576744
-0.455424
-0.307733
-0.208418
-0.139783
-0.065256
-0.026839
-0.078425
-0.128662
-0.066623
-0.180277
-0.289980
-0.444414
-0.644682
-0.846977
-1.042264
-1.247024
-1.440166
-1.627358
-1.769704
-1.701808
-1.552461
-1.383438
-1.199510
-1.009237
-0.814486
-0.617347
-0.417293
-0.203444
0.022063
0.237072
0.459613
0.670990
0.816375
0.753505
0.681047
0.639152
0.588433
0.549315
0.705546
0.904821
1.102874
1.263571
2.501744
2.243667
2.028032
1.778373
1.529029
1.282862
1.107714
0.961811
0.789690
0.647379
0.436907
0.222912
0.127085
0.081688
0.098852
0.028806
-0.215370
-0.458497
-0.694326
-0.896468
-1.039050
-1.234530
-1.408285
-1.527250
-1.611517
-1.624043
-1.496448
-1.319310
-1.103662
-1.170118
-1.255113
-1.330783
-1.345993
-1.176130
-0.976622
-0.816373
-0.646276
-0.531128
-0.598395
-0.349928
-0.078364
-0.013136
0.074882
0.233245
0.350827
0.443245
0.548997
0.667034
0.778556
0.780120
0.547427
0.336184
0.327371
0.381860
0.205980
0.004268
-0.197368
-0.365274
-0.515280
-0.648871
-0.775303
-0.865860
-0.817435
-0.720509
-0.533029
-0.295284
-0.065084
0.136622
0.106466
0.338694
0.583198
0.827897
1.072438
1.317411
1.562754
1.808214
1.951486
1.815041
1.566786
1.321237
1.077906
0.833017
0.586892
0.340774
0.120818
-0.107646
-0.334003
-0.565024
-0.789846
-0.914471
-0.821037
-0.708129
-0.594817
-0.464969
-0.241991
0.000924
0.109310
0.029247
0.204374
0.464756
0.486540
0.379388
0.268512
0.188963
0.107721
-0.015661
-0.178875
-0.255706
-0.485346
-0.692220
-0.661489
-0.789587
-0.938405
-1.127006
-1.251555
-1.347721
-1.304953
-1.210871
-1.145623
-1.336359
-1.481254
-1.444733
-1.371320
-1.265783
-1.120165
-0.896683
-0.659711
-0.396756
-0.160393
0.032403
0.106171
0.108674
0.293624
0.499261
0.654499
0.811693
0.992063
1.179292
1.418562
1.658419
1.891018
2.128556
2.363511
2.504843
2.588781
2.472398
2.223939
1.978078
1.730601
1.483630
1.231610
1.086663
0.887455
0.707345
0.541431
0.332135
0.110436
0.099223
0.108335
-0.023505
-0.267494
-0.510158
-0.732129
-0.951067
-1.149598
-1.310900
-1.435500
-1.517445
-1.553839
-1.551078
-1.380545
-1.139825
-1.093880
-1.175147
-1.257326
-1.331491
-1.234903
-1.063151
-0.854246
-0.670664
-0.513976
-0.633566
-0.453393
-0.225640
-0.011774
-0.017672
0.150827
0.287635
0.376673
0.462854
0.563810
0.678427
0.735394
0.530404
0.349099
0.218049
0.320027
0.154772
-0.059134
-0.271287
-0.439157
-0.594021
-0.715350
-0.836285
-0.936646
-0.785757
-0.620398
-0.377483
-0.132644
0.070400
0.069922
0.332399
0.589138
0.846139
1.103357
1.358055
1.610120
1.867488
1.919539
1.672059
1.413596
1.162578
0.907852
0.653137
0.394595
0.139870
-0.000497
-0.225428
-0.451509
-0.687424
-0.900923
-0.942414
-0.838431
-0.728727
-0.599001
-0.438795
-0.222211
-0.237939
-0.046605
0.066871
0.013384
0.057511
0.044007
0.252115
0.480338
0.419561
0.320737
0.217505
0.149428
0.058284
-0.077200
-0.171967
-0.360394
-0.618686
-0.612167
-0.691855
-0.834228
-1.008833
-1.215630
-1.337147
-1.302664
-1.202181
-1.107647
-1.280710
-1.493987
-1.476420
-1.392281
-1.263402
-1.103211
-0.938143
-0.687002
-0.438680
-0.195493
0.051679
0.119042
0.110524
0.251335
0.461622
0.649558
0.806461
0.988240
1.134282
1.335729
1.586866
1.838765
2.091362
2.345138
2.587282
2.614713
2.337607
2.068570
1.802160
1.559078
1.296265
1.031529
0.767743
0.503651
0.240237
-0.023115
0.043337
-0.053266
-0.299419
-0.527122
-0.740226
-0.941806
-1.117268
-1.263826
-1.384269
-1.349514
-1.164103
-0.969565
-0.750942
-0.539857
-0.306115
-0.068687
0.172034
0.417267
0.669599
0.920849
1.170956
1.346063
1.457945
1.467482
1.208823
0.948927
0.687098
0.425440
0.166875
-0.094072
-0.351045
-0.610778
-0.869791
-1.122654
-1.378608
-1.632315
-1.874163
-2.099048
-1.902531
-1.574051
-1.223271
-0.855520
-0.500068
-0.146926
0.185277
0.401153
0.415447
0.271028
0.079475
-0.079850
-0.246591
-0.328173
-0.506923
-0.306221
-0.057477
0.186355
0.234651
-0.038373
-0.299242
-0.556826
-0.598973
-0.393907
-0.306929
-0.322101
-0.057856
0.153332
0.414280
0.599178
0.761513
0.728520
0.608369
0.365599
0.289627
0.051452
-0.161832
0.028722
0.206135
0.381017
0.416133
0.230257
-0.062652
-0.362347
-0.677412
-0.983522
-1.288263
-1.590892
-1.772041
-1.915704
-1.648967
-1.399387
-1.137410
-0.882593
-0.625939
-0.360612
-0.102001
0.164191
0.417591
0.684407
0.945273
1.206528
1.357843
1.279117
1.105635
0.832079
0.564960
0.300991
0.042276
-0.211056
-0.457268
-0.694058
-0.919453
-1.124172
-1.205139
-1.126217
-1.034921
-0.907011
-0.751280
-0.575758
-0.382937
-0.174321
0.055798
0.036004
0.080186
0.341309
0.597343
0.859420
1.116760
1.370149
1.633215
1.888096
2.143834
2.396264
2.617511
2.732679
2.539348
2.328767
2.119039
1.909565
1.700552
1.491911
1.283664
1.075817
0.868383
0.661832
0.486613
0.304834
0.132419
-0.048406
-0.240656
-0.429661
-0.622347
-0.812687
-0.996363
-1.175554
-1.354640
-1.484136
-1.533865
-1.531275
-1.524202
-1.464788
-1.370924
-1.240066
-1.090985
-0.937666
-0.767673
-0.581700
-0.370517
-0.145448
0.026225
0.096374
0.165349
0.223829
0.252424
0.102838
-0.056626
-0.206369
-0.351227
-0.494287
-0.616090
-0.739950
-0.841689
-0.927987
-0.774290
-0.543391
-0.265441
0.012982
0.294074
0.520586
0.685806
0.823129
0.780977
0.734154
0.690291
0.669565
0.643647
0.628323
0.526244
0.327680
0.129256
-0.129868
-0.344868
-0.568714
-0.576132
-0.575954
-0.649346
-0.548225
-0.673058
-0.573420
-0.602259
-0.478171
-0.279830
-0.065319
0.160320
0.357394
0.566764
0.613848
0.619513
0.633630
0.658374
0.693569
0.730774
0.776501
0.639959
0.478487
0.260650
-0.006543
-0.285965
-0.471847
-0.590764
-0.724411
-0.717440
-0.587215
-0.461107
-0.325876
-0.182536
-0.032008
0.112635
0.125977
0.070152
0.023515
-0.107744
-0.274571
-0.474105
-0.663583
-0.862284
-1.025536
-1.150811
-1.277479
-1.381325
-1.459344
-1.508926
-1.528231
-1.516498
-1.474193
-1.332335
-1.158951
-0.980754
-0.798592
-0.613140
-0.433868
-0.242870
-0.057871
0.084369
0.236122
0.398177
0.568778
0.761223
0.964259
1.167890
1.374942
1.577184
1.781705
1.987113
2.190725
2.396375
2.599857
2.734842
2.795818
2.578788
2.344933
2.111141
1.877689
1.643891
1.410995
1.176775
0.943509
0.709324
0.476422
0.242429
0.205356
0.215360
0.349110
0.507892
0.535030
0.301863
0.064847
-0.159043
-0.386042
-0.611731
-0.810052
-1.010072
-1.215909
-1.405548
-1.537092
-1.556123
-1.502415
-1.305752
-1.317819
-1.351864
-1.182139
-0.994293
-0.764155
-0.526194
-0.289978
-0.029495
0.098077
0.180393
0.183776
0.157823
0.083307
-0.143819
-0.368700
-0.592831
-0.807317
-0.985523
-1.150500
-1.301421
-1.300093
-1.105353
-0.848308
-0.624855
-0.411815
-0.094113
0.217618
0.512640
0.718260
0.806199
0.677043
0.545437
0.420758
0.297146
0.436163
0.659486
0.888124
0.930206
0.704252
0.473575
0.239759
0.009965
-0.227183
-0.240474
-0.234156
-0.369443
-0.312678
-0.224481
-0.270725
-0.114978
0.149921
0.398504
0.642558
0.886626
0.827981
0.609639
0.387267
0.440979
0.569771
0.692209
0.673057
0.487197
0.213384
-0.091751
-0.406758
-0.638269
-0.880594
-1.110773
-1.301191
-1.258175
-1.100327
-0.929672
-0.748802
-0.538391
-0.313632
-0.086499
0.089119
0.125715
0.150389
0.111607
0.011259
-0.250753
-0.478956
-0.712710
-0.930004
-1.115241
-1.271113
-1.258535
-1.208581
-1.349780
-1.499938
-1.503743
-1.398099
-1.212048
-1.016841
-0.814647
-0.627706
-0.407814
-0.179955
0.043423
0.229099
0.207139
0.279242
0.511810
0.744613
0.977611
1.210775
1.442226
1.674040
1.906170
2.137213
2.368790
2.598970
2.796298
2.410167
2.218512
2.045046
1.854159
1.662955
1.473841
1.282756
1.092423
0.902256
0.711289
0.520353
0.329454
0.139770
-0.051539
-0.240172
-0.423441
-0.483831
-0.652346
-0.832775
-1.007277
-1.141728
-1.257902
-1.349561
-1.413208
-1.445335
-1.443951
-1.345715
-1.218520
-1.053220
-1.057654
-1.147825
-1.221498
-1.276505
-1.303753
-1.205580
-1.163591
-1.033227
-0.886146
-0.732410
-0.564210
-0.374540
-0.203234
-0.010559
0.171736
0.335363
0.445568
0.605494
0.711715
0.718830
0.593879
0.451904
0.327116
0.209034
0.089580
-0.017712
-0.125733
-0.209788
-0.282729
-0.359508
-0.407942
-0.431084
-0.249346
-0.074438
0.108866
0.295717
0.479077
0.669147
0.854417
0.978239
1.067913
1.259263
1.451199
1.558139
1.581103
1.443271
1.253242
1.060675
0.870148
0.679697
0.493639
0.311365
0.121984
-0.064492
-0.250198
-0.434964
-0.457785
-0.417137
-0.362958
-0.296054
-0.217366
-0.127872
-0.028559
0.079617
0.195752
0.319002
0.437355
0.523197
0.489659
0.380543
0.236848
0.097530
-0.080846
-0.255723
-0.429140
-0.595093
-0.751911
-0.897522
-1.048758
-1.177785
-1.256678
-1.320537
-1.282021
-1.192376
-1.102062
-1.011156
-1.100565
-1.251900
-1.367308
-1.403158
-1.372777
-1.313899
-1.239141
-1.154487
-1.035853
-0.860176
-0.685580
-0.514358
-0.454304
-0.284485
-0.095888
0.095656
0.282235
0.469412
0.661274
0.851052
1.039042
1.227395
1.417695
1.605156
1.774595
1.964214
2.153014
2.341413
2.410446
2.441132
2.238800
2.039824
1.843555
1.647799
1.450868
1.254036
1.061055
0.884788
0.690289
0.497535
0.303366
0.109253
-0.083268
-0.278524
-0.398722
-0.493710
-0.679090
-0.867085
-0.992969
-1.141875
-1.253055
-1.339685
-1.392017
-1.418760
-1.296509
-1.173512
-1.004664
-1.025524
-1.108214
-1.189976
-1.254039
-1.282031
-1.182626
-1.120343
-0.974219
-0.808155
-0.626223
-0.431755
-0.227333
-0.014942
0.189804
0.349480
0.496067
0.649904
0.755827
0.756879
0.618865
0.477586
0.341737
0.217177
0.098735
-0.011883
-0.132599
-0.213793
-0.315942
-0.386171
-0.442482
-0.482504
-0.333016
-0.153705
0.020541
0.202917
0.386292
0.576058
0.760731
0.924955
0.960239
1.080975
1.262943
1.453182
1.617417
1.502288
1.339783
1.156945
0.962167
0.767340
0.575898
0.384468
0.191748
-0.000774
-0.192316
-0.383512
-0.514737
-0.492747
-0.436698
-0.367967
-0.306796
-0.215126
-0.113663
-0.021158
0.097513
0.206587
0.339081
0.461546
0.515712
0.459504
0.328285
0.203059
0.068096
-0.108542
-0.269696
-0.442846
-0.592434
-0.735142
-0.885751
-1.020638
-1.155708
-1.255471
-1.345279
-1.419749
-1.385564
-1.289572
-1.193239
-1.091264
-1.074841
-1.225032
-1.378760
-1.446860
-1.405861
-1.335806
-1.254468
-1.153644
-1.035265
-0.848956
-0.669588
-0.504063
-0.397940
-0.276133
-0.079227
0.111263
0.300646
0.490380
0.680412
0.870701
1.061209
1.251907
1.437919
1.626834
1.815712
1.994201
2.181873
2.363065
2.447006
1.238985
1.044264
1.124647
1.013622
0.852483
0.652865
0.506679
0.532979
0.585115
0.648149
0.721476
0.804449
0.862193
0.709413
0.501531
0.320036
0.145722
-0.040597
-0.212321
-0.376601
-0.540911
-0.741898
-0.933411
-1.116620
-1.296124
-1.479063
-1.646630
-1.813860
-1.909792
-1.783840
-1.609440
-1.423025
-1.233878
-1.046909
-0.857710
-0.663997
-0.472398
-0.279813
-0.194944
-0.027034
-0.013405
-0.080995
0.092612
0.094788
0.042161
-0.031474
-0.124201
-0.254630
-0.395705
-0.525020
-0.641922
-0.732046
-0.802783
-0.849732
-0.890676
-0.922301
-0.895540
-0.824268
-0.632349
-0.446151
-0.257106
-0.067106
0.125637
0.320671
0.517328
0.715634
0.916891
0.955006
1.012371
1.214877
1.415199
1.624169
1.830728
2.037545
2.251751
2.466759
2.558431
2.377349
2.192755
2.004032
1.820424
1.624334
1.436555
1.238948
1.047691
0.952648
0.871449
0.713331
0.532823
0.345168
0.159191
-0.024756
-0.206221
-0.373527
-0.554071
-0.753381
-0.803887
-0.829774
-0.795991
-0.784464
-0.741919
-0.675170
-0.600425
-0.492988
-0.389471
-0.271485
-0.205389
-0.128026
-0.087068
-0.047334
-0.155620
-0.102580
-0.171502
-0.305985
-0.421016
-0.633455
-0.846326
-1.049770
-1.260525
-1.466497
-1.662514
-1.768006
-1.679652
-1.525850
-1.353405
-1.165363
-0.969150
-0.770662
-0.574071
-0.378302
-0.171680
0.041660
0.265469
0.493179
0.681175
0.743095
0.669580
0.614261
0.557805
0.517126
0.696063
0.899055
1.096907
1.236266
1.160129
0.964487
0.768930
0.572228
0.492388
0.551694
0.622043
0.686884
0.775127
0.857464
0.901508
0.737683
0.508542
0.300854
0.098639
-0.132859
-0.338868
-0.534860
-0.732981
-0.923823
-1.112305
-1.293060
-1.473089
-1.643664
-1.805532
-1.942823
-1.903520
-1.723038
-1.522283
-1.319883
-1.124149
-0.920486
-0.723300
-0.519091
-0.321107
-0.192688
-0.114300
0.036953
0.033877
-0.025176
0.127735
0.116436
0.061468
-0.003334
-0.083346
-0.192998
-0.318558
-0.445217
-0.572874
-0.670247
-0.717443
-0.740244
-0.747714
-0.748956
-0.666880
-0.472906
-0.297837
-0.119489
0.061498
0.239519
0.424856
0.612845
0.803609
0.981482
1.091526
1.116747
1.313117
1.508134
1.703394
1.897140
2.092195
2.287443
2.482935
2.450071
2.256351
2.062730
1.868725
1.674456
1.480791
1.283042
1.090772
1.070140
0.964632
0.786714
0.605504
0.426638
0.238738
0.058331
-0.115087
-0.294294
-0.475450
-0.651899
-0.727387
-0.734243
-0.709721
-0.698169
-0.638208
-0.553794
-0.428267
-0.323523
-0.199746
-0.100487
-0.029529
0.036291
0.078354
0.051068
-0.071072
-0.013717
-0.118111
-0.216426
-0.334473
-0.532661
-0.731001
-0.938086
-1.138293
-1.341847
-1.544042
-1.739030
-1.880078
-1.797766
-1.719101
-1.563101
-1.396826
-1.221614
-1.038578
-0.848773
-0.647188
-0.431289
-0.223771
0.009189
0.247631
0.473266
0.711062
0.870126
0.822035
0.732688
0.648253
0.566805
0.514507
0.476801
0.671844
0.866963
1.061366
1.160182
2.471645
2.376789
2.290289
2.099470
1.860257
1.621855
1.383773
1.145741
0.999819
0.824622
0.650638
0.483130
0.275471
0.065595
0.029273
0.052065
-0.007612
-0.236723
-0.470571
-0.682550
-0.888277
-1.049420
-1.281264
-1.417787
-1.501540
-1.547151
-1.556050
-1.405161
-1.228294
-1.073115
-1.147231
-1.230589
-1.290479
-1.322281
-1.171357
-0.983330
-0.814881
-0.641375
-0.502410
-0.530336
-0.475335
-0.243594
-0.022062
0.008474
0.141266
0.275556
0.379145
0.475510
0.584274
0.704412
0.817022
0.735483
0.493656
0.321113
0.430036
0.328550
0.100199
-0.131282
-0.276601
-0.443877
-0.563731
-0.686057
-0.791314
-0.837474
-0.663123
-0.658196
-0.449603
-0.222237
0.005742
0.115748
0.156843
0.377779
0.619355
0.861301
1.103853
1.343308
1.567010
1.805056
1.855034
1.618060
1.382947
1.141014
0.902579
0.667916
0.425674
0.183961
-0.041969
-0.255196
-0.479885
-0.695336
-0.915818
-0.889588
-0.794118
-0.697394
-0.565671
-0.435236
-0.189804
-0.033203
-0.096085
0.044160
0.236245
0.377269
0.309180
0.237574
0.141197
0.059198
-0.039387
-0.195575
-0.216873
-0.449704
-0.655799
-0.699171
-0.695739
-0.864336
-1.041801
-1.179166
-1.289171
-1.319606
-1.232095
-1.133142
-1.172988
-1.397364
-1.433394
-1.376606
-1.268470
-1.132918
-0.925685
-0.700174
-0.453817
-0.226221
0.019516
0.082010
0.174270
0.410184
0.584886
0.746186
0.924503
1.129289
1.361471
1.594321
1.825172
2.057017
2.287844
2.472968
2.479695
2.203206
1.937397
1.675141
1.408129
1.155215
0.896923
0.642271
0.387324
0.132441
-0.119889
-0.139191
-0.147326
-0.393948
-0.628280
-0.852319
-1.050476
-1.237624
-1.388106
-1.500936
-1.540579
-1.369869
-1.170604
-0.971113
-0.761545
-0.544205
-0.313919
-0.086525
0.144808
0.382019
0.616475
0.859621
1.100253
1.333346
1.462216
1.542553
1.391518
1.140823
0.890463
0.641179
0.391439
0.143781
-0.102657
-0.350230
-0.596063
-0.838806
-1.079233
-1.317899
-1.548130
-1.778460
-2.000492
-1.854391
-1.614926
-1.293247
-0.953703
-0.614040
-0.274298
0.065500
0.405337
0.657546
0.732001
0.608778
0.450577
0.284483
0.128971
0.001109
-0.176787
-0.120231
0.110181
0.310191
0.070252
-0.184392
-0.325234
-0.124358
-0.035446
-0.273440
-0.293449
-0.152948
-0.000907
0.265281
0.514344
0.352337
0.347404
0.526676
0.699957
0.730815
0.542930
0.280502
0.012442
-0.265938
-0.549593
-0.824146
-1.106908
-1.377762
-1.562566
-1.730633
-1.624679
-1.382972
-1.149050
-0.899378
-0.647658
-0.404823
-0.150076
0.105510
0.357539
0.609419
0.866834
1.124586
1.371600
1.411755
1.293538
1.124081
0.839150
0.565638
0.289281
0.020910
-0.244009
-0.502072
-0.751347
-0.990957
-1.214252
-1.286584
-1.238307
-1.160261
-1.055575
-0.927802
-0.780463
-0.616793
-0.439599
-0.228063
-0.106685
-0.155068
-0.142074
0.101474
0.346233
0.591971
0.838512
1.098630
1.339659
1.581739
1.836158
2.073889
2.307809
2.484550
2.563545
2.308124
2.056743
1.805870
1.555594
1.329790
1.125576
1.016557
0.810961
0.668334
0.482279
0.275939
0.154126
0.131575
0.012689
-0.215377
-0.459912
-0.691312
-0.904913
-0.978874
-1.090370
-1.343777
-1.468799
-1.532768
-1.555449
-1.395605
-1.195607
-1.094541
-1.183650
-1.265869
-1.341851
-1.275566
-1.111652
-0.894051
-0.725964
-0.579733
-0.535987
-0.572065
-0.332761
-0.077118
0.006695
0.086038
0.233451
0.341546
0.405598
0.514252
0.640816
0.758861
0.809698
0.543561
0.291337
0.378432
0.384766
0.195210
0.021250
-0.200338
-0.369615
-0.515403
-0.670672
-0.792484
-0.895439
-0.894895
-0.724291
-0.607622
-0.374307
-0.137622
0.088649
0.098420
0.257700
0.505146
0.753476
1.002118
1.250725
1.501970
1.725814
1.844930
1.721499
1.474952
1.228524
0.987318
0.733596
0.484964
0.238914
0.000744
-0.229088
-0.455985
-0.685687
-0.921287
-0.948416
-0.865790
-0.762203
-0.621991
-0.501589
-0.267825
-0.028156
0.056678
0.004360
0.192267
0.348572
0.516545
0.421045
0.313236
0.212079
0.133117
0.056214
-0.091847
-0.211621
-0.307072
-0.528811
-0.721419
-0.649709
-0.779403
-0.937935
-1.139935
-1.275833
-1.362280
-1.322692
-1.214753
-1.140746
-1.305850
-1.483649
-1.440331
-1.358462
-1.244435
-1.089341
-0.860482
-0.613747
-0.377416
-0.140717
0.103507
0.152249
0.158361
0.363323
0.561291
0.728074
0.902663
1.065797
1.268761
1.511923
1.752805
1.990592
2.232605
2.472372
2.565656
2.521640
2.259314
1.999528
1.741405
1.483900
1.226396
0.968766
0.712208
0.455418
0.198035
-0.058814
-0.077048
-0.103449
-0.348001
-0.568014
-0.777070
-0.971580
-1.144634
-1.292337
-1.425084
-1.506242
-1.384898
-1.186308
-0.981816
-0.759845
-0.531369
-0.294681
-0.053293
0.192486
0.441798
0.693587
0.947940
1.203855
1.397090
1.510670
1.588945
1.343721
1.089987
0.836722
0.579459
0.327116
0.075557
-0.175026
-0.424378
-0.678693
-0.925062
-1.168777
-1.408803
-1.653628
-1.882032
-2.040417
-1.838317
-1.544713
-1.212005
-0.865255
-0.533285
-0.201121
0.131182
0.413874
0.578073
0.514963
0.356503
0.189381
0.024332
-0.128201
-0.003856
0.106734
0.347793
0.473088
0.207540
-0.051154
-0.305140
-0.426425
-0.274248
-0.143621
-0.277683
-0.425374
-0.338678
-0.165987
0.109275
0.382794
0.614706
0.411935
0.183082
0.076145
0.253635
0.421868
0.527530
0.459588
0.188072
-0.099709
-0.416469
-0.733365
-1.047618
-1.349039
-1.589678
-1.765502
-1.684069
-1.444061
-1.199614
-0.960388
-0.710135
-0.458385
-0.205506
0.048246
0.302686
0.556825
0.807619
1.058446
1.305148
1.320185
1.235114
1.026296
0.763396
0.503715
0.247006
-0.004687
-0.251336
-0.494757
-0.727232
-0.951013
-1.158128
-1.257759
-1.204705
-1.108308
-0.997113
-0.859965
-0.700992
-0.513077
-0.322666
-0.094650
-0.061353
-0.100257
0.147729
0.395886
0.649316
0.907063
1.157586
1.402736
1.655409
1.850190
2.074559
2.322063
2.523044
0.960951
0.789609
0.592965
0.391699
0.196650
0.007678
-0.175908
-0.349673
-0.512905
-0.720664
-0.937154
-1.147426
-1.353254
-1.552197
-1.741072
-1.877253
-1.797804
-1.594176
-1.485155
-1.264578
-1.044050
-0.826794
-0.609880
-0.392002
-0.187021
-0.106278
0.049190
0.045529
-0.027368
0.143140
0.126482
0.060974
-0.019504
-0.102380
-0.203326
-0.326001
-0.444235
-0.568610
-0.677265
-0.770838
-0.843577
-0.877352
-0.902337
-0.947312
-0.923846
-0.870630
-0.635528
-0.458008
-0.278876
-0.086278
0.089664
0.277008
0.476861
0.656125
0.839436
0.957112
1.000508
1.203987
1.405688
1.598964
1.796792
1.983140
2.175801
2.363262
2.550650
2.606615
2.370687
2.144815
1.926864
1.709701
1.493442
1.281722
1.074073
0.958772
0.940347
0.768837
0.566086
0.368099
0.172791
-0.020442
-0.210644
-0.395851
-0.579227
-0.752156
-0.796155
-0.844813
-0.801209
-0.774777
-0.735716
-0.671664
-0.583222
-0.463840
-0.355902
-0.228466
-0.114429
-0.043069
0.013205
0.036680
-0.104414
-0.042420
-0.131653
-0.240210
-0.392087
-0.584843
-0.777820
-0.968954
-1.158627
-1.348772
-1.537304
-1.719185
-1.748212
-1.631525
-1.505522
-1.352585
-1.189806
-1.020074
-0.829439
-0.624364
-0.434408
-0.270979
-0.093253
0.090188
0.274964
0.444589
0.662493
0.843141
0.828747
0.744785
0.670688
0.613539
0.578784
0.771286
0.920483
1.063712
1.181398
0.979094
0.769060
0.562868
0.567347
0.635715
0.701997
0.791807
0.887110
0.960161
2.799723
2.582717
2.365597
2.148176
1.929986
1.712011
1.494281
1.275226
1.056244
0.837347
0.618548
0.399867
0.349037
0.348132
0.174451
-0.037757
-0.248851
-0.464449
-0.646707
-0.835681
-1.026729
-1.211588
-1.354997
-1.388859
-1.367065
-1.175128
-1.172601
-1.204487
-1.160432
-1.010966
-0.813950
-0.613595
-0.395789
-0.167734
0.041990
0.167484
0.214416
0.180081
0.164464
0.067280
-0.159150
-0.373718
-0.586152
-0.795858
-0.975368
-1.136491
-1.283979
-1.427337
-1.268144
-1.074011
-0.828077
-0.648951
-0.385650
-0.102523
0.191621
0.463555
0.663399
0.776548
0.698444
0.562821
0.426793
0.318530
0.247847
0.454522
0.669127
0.794529
0.620744
0.404045
0.187742
-0.028082
-0.248088
-0.291273
-0.296453
-0.411883
-0.351217
-0.282658
-0.322968
-0.082443
0.180448
0.410118
0.639720
0.762534
0.623416
0.416338
0.355477
0.466419
0.584660
0.674692
0.589630
0.398545
0.113827
-0.182250
-0.489150
-0.670614
-0.926105
-1.147869
-1.319551
-1.331434
-1.191803
-1.026448
-0.852049
-0.670516
-0.459800
-0.246313
-0.034413
0.096257
0.123301
0.147082
0.075397
-0.034159
-0.270631
-0.506306
-0.726038
-0.908797
-1.069127
-1.194611
-1.163817
-1.091888
-1.234601
-1.370369
-1.367139
-1.294184
-1.113574
-0.925822
-0.732581
-0.548134
-0.357448
-0.146597
0.065436
0.273920
0.347996
0.314906
0.490482
0.707667
0.926690
1.145788
1.363617
1.581699
1.800003
2.017658
2.235676
2.453685
2.672216
2.799345
1.296889
1.106995
1.055514
0.998051
0.800338
0.605096
0.496242
0.546792
0.592741
0.665416
0.748154
0.824798
0.790458
0.614302
0.374332
0.165189
-0.041849
-0.260405
-0.441196
-0.639609
-0.832150
-1.023127
-1.210027
-1.394645
-1.574116
-1.745497
-1.874059
-1.785002
-1.622052
-1.430532
-1.244545
-1.055365
-0.863985
-0.667929
-0.476911
-0.277609
-0.195780
-0.053637
0.007397
-0.076708
0.049563
0.115695
0.053449
-0.011871
-0.088906
-0.183062
-0.304092
-0.441441
-0.578126
-0.708712
-0.796656
-0.867629
-0.922389
-0.951051
-0.935655
-0.850042
-0.651510
-0.478100
-0.301576
-0.122579
0.063946
0.235893
0.415396
0.600984
0.779192
0.915515
0.926395
1.091672
1.285669
1.477575
1.667667
1.858115
2.048876
2.236900
2.427532
2.551807
2.356984
2.161219
1.966734
1.773008
1.580084
1.387407
1.195342
1.003396
0.926944
0.889779
0.715144
0.534643
0.352771
0.169567
-0.009412
-0.184841
-0.356944
-0.531150
-0.708400
-0.813019
-0.847139
-0.809516
-0.786695
-0.725155
-0.628745
-0.513565
-0.395064
-0.281317
-0.224150
-0.167774
-0.128835
-0.174374
-0.236857
-0.175412
-0.304418
-0.397713
-0.543119
-0.729396
-0.919079
-1.107640
-1.294622
-1.479288
-1.652825
-1.764140
-1.678981
-1.558331
-1.409986
-1.248291
-1.075833
-0.895836
-0.708462
-0.529216
-0.359300
-0.166135
0.018952
0.201946
0.404836
0.590833
0.661527
0.608359
0.552151
0.520103
0.500842
0.622068
0.814895
1.000062
1.200992
1.299972
2.689016
2.497827
2.289065
2.081528
1.874226
1.667613
1.461311
1.255356
1.049794
0.844710
0.640997
0.447694
0.267156
0.099103
-0.078965
-0.267827
-0.460402
-0.651130
-0.832530
-1.017804
-1.199811
-1.377834
-1.523489
-1.569025
-1.592257
-1.581267
-1.534103
-1.452261
-1.332594
-1.193607
-1.042134
-0.890507
-0.694251
-0.484144
-0.262622
-0.052519
0.095409
0.160500
0.215510
0.299655
0.288132
0.138841
-0.018785
-0.160104
-0.299081
-0.428988
-0.555918
-0.662753
-0.766510
-0.854877
-0.704571
-0.481433
-0.208024
0.065923
0.342951
0.552072
0.714737
0.860602
0.821423
0.768259
0.724682
0.710029
0.686689
0.673510
0.540742
0.330001
0.110230
-0.146672
-0.336449
-0.559574
-0.485857
-0.480415
-0.648633
-0.461765
-0.505116
-0.451613
-0.490471
-0.292812
-0.070998
0.150268
0.350182
0.553898
0.614622
0.635208
0.630894
0.656702
0.680604
0.719624
0.693228
0.544338
0.344936
0.106177
-0.120025
-0.271086
-0.388418
-0.523325
-0.667870
-0.570177
-0.460476
-0.328481
-0.188702
-0.051180
0.091566
0.169302
0.057149
0.006942
-0.094403
-0.242909
-0.444877
-0.629816
-0.799300
-0.969035
-1.123832
-1.240253
-1.357387
-1.449538
-1.500166
-1.540701
-1.551654
-1.517885
-1.458164
-1.293656
-1.123479
-0.948627
-0.780059
-0.597510
-0.412278
-0.233290
-0.059312
0.096849
0.254026
0.413977
0.582663
0.777148
0.976523
1.176545
1.377140
1.578243
1.779801
1.979215
2.181707
2.382346
2.581721
2.691538
2.458115
2.343995
2.166347
1.984213
1.797266
1.615589
1.428937
1.240636
1.050598
0.864292
0.672567
0.480875
0.289224
0.097620
-0.093925
-0.249720
-0.420030
-0.487826
-0.643164
-0.824964
-1.005763
-1.129996
-1.241883
-1.338921
-1.414463
-1.476765
-1.500817
-1.515823
-1.402825
-1.284532
-1.090094
-1.113198
-1.203242
-1.277254
-1.350216
-1.385941
-1.281273
-1.259525
-1.154085
-1.035380
-0.905703
-0.766975
-0.620786
-0.468418
-0.310943
-0.149211
0.016090
0.181112
0.315418
0.440842
0.593237
0.688013
0.649919
0.515834
0.383180
0.265946
0.145322
0.036904
-0.073982
-0.176108
-0.251622
-0.333035
-0.402722
-0.442520
-0.468831
-0.313651
-0.117648
0.080182
0.277036
0.474801
0.669733
0.875011
0.953548
1.024515
1.221615
1.386493
1.582437
1.593938
1.423950
1.243241
1.052969
0.889229
0.699272
0.488307
0.320077
0.130930
-0.042348
-0.230253
-0.400811
-0.461213
-0.426544
-0.363424
-0.288252
-0.210610
-0.117213
-0.011229
0.106528
0.226053
0.355370
0.486826
0.551775
0.477825
0.333312
0.216887
0.067725
-0.120111
-0.323675
-0.510588
-0.668058
-0.837822
-0.977628
-1.111754
-1.213099
-1.246649
-1.178980
-1.090105
-0.988931
-0.955581
-1.118178
-1.244413
-1.310291
-1.275545
-1.204959
-1.105774
-0.986911
-0.824397
-0.644162
-0.463218
-0.405767
-0.254028
-0.062940
0.126795
0.316796
0.509428
0.700133
0.893335
1.087096
1.281185
1.475560
1.673515
1.870701
2.068666
2.270763
2.453592
2.710989
2.493850
2.282274
2.072394
1.865554
1.653973
1.448672
1.246179
1.038692
0.835959
0.631174
0.427505
0.223094
0.020290
-0.095219
0.005279
-0.004558
-0.199347
-0.381659
-0.560415
-0.726030
-0.887785
-1.033162
-1.163856
-1.277179
-1.375614
-1.455691
-1.528990
-1.510497
-1.501324
-1.459500
-1.409914
-1.298417
-1.205660
-1.073511
-0.935201
-0.764984
-0.597830
-0.432636
-0.243874
-0.056416
0.136587
0.318330
0.490795
0.631961
0.714167
0.761333
0.707103
0.688409
0.678029
0.558004
0.428390
0.271209
0.136557
0.008625
-0.111813
-0.283735
-0.321718
-0.290415
-0.139295
0.058387
0.256752
0.436150
0.641084
0.664334
0.527601
0.340960
0.132639
-0.072222
-0.268500
-0.456799
-0.509307
-0.462515
-0.269685
-0.211936
-0.398934
-0.529840
-0.464273
-0.385508
-0.191782
0.018001
0.227678
0.435118
0.649060
0.743853
0.571850
0.390611
0.199708
0.004357
-0.047054
0.073001
0.201148
0.305536
0.321479
0.217233
0.214030
0.296259
0.239841
0.141652
-0.006643
-0.175442
-0.339649
-0.498491
-0.651065
-0.796327
-0.932982
-1.059620
-1.174580
-1.276014
-1.362032
-1.430640
-1.487209
-1.508948
-1.516253
-1.501837
-1.427666
-1.373619
-1.301183
-1.212067
-1.112144
-1.005433
-0.876374
-0.726998
-0.590872
-0.436986
-0.267591
-0.085390
-0.030094
-0.050635
0.022366
0.217456
0.418770
0.615087
0.817041
1.016717
1.221486
1.414670
1.611539
1.795961
1.994133
2.192492
2.385043
2.576414
2.716513
2.621233
2.374340
2.128407
1.883713
1.638630
1.395438
1.158561
0.960789
0.761234
0.586389
0.441414
0.284585
0.151103
0.141987
0.000702
-0.238280
-0.475554
-0.721229
-0.954900
-1.145539
-1.294731
-1.407486
-1.461023
-1.444146
-1.217784
-1.179523
-1.277843
-1.349474
-1.288970
-1.151390
-0.971664
-0.772781
-0.683654
-0.631629
-0.392234
-0.156877
-0.123711
0.036004
0.144372
0.211887
0.321951
0.426974
0.544949
0.568847
0.373360
0.161126
0.039955
0.179639
0.052563
-0.151818
-0.384805
-0.528282
-0.655989
-0.765606
-0.854771
-0.805965
-0.580851
-0.351966
-0.125630
0.124542
0.380134
0.630530
0.885023
1.107694
1.338176
1.579728
1.810163
1.687352
1.424981
1.172653
0.909466
0.652788
0.392939
0.190230
0.224247
0.055347
-0.185629
-0.425742
-0.601177
-0.603140
-0.811541
-0.768128
-0.661588
-0.520051
-0.391873
-0.228377
-0.062526
0.161333
0.376190
0.481421
0.341614
0.505716
0.685271
0.866072
0.755397
0.617429
0.508267
0.394063
0.327433
0.200566
0.005391
0.015589
-0.212429
-0.471142
-0.597810
-0.443682
-0.561854
-0.705026
-0.884876
-1.063488
-1.258590
-1.409342
-1.366691
-1.295015
-1.215384
-1.145192
-1.276887
-1.472289
-1.616309
-1.602486
-1.560680
-1.481214
-1.328593
-1.166198
-0.957445
-0.757229
-0.554864
-0.317965
-0.072875
0.124794
0.102754
0.106203
0.277929
0.500289
0.665309
0.860209
1.049652
1.198877
1.445863
1.692498
1.939364
2.185578
2.432929
2.621290
2.839850
2.617613
2.395961
2.174727
1.952626
1.731464
1.509740
1.288196
1.065734
0.844513
0.622232
0.400032
0.389575
0.391052
0.206380
-0.010188
-0.221415
-0.440263
-0.615278
-0.810272
-1.006627
-1.189182
-1.326071
-1.369057
-1.338499
-1.156432
-1.147536
-1.197984
-1.171121
-1.028666
-0.852069
-0.673358
-0.459665
-0.213754
0.013964
0.118936
0.171339
0.153877
0.124535
0.019080
-0.202017
-0.420187
-0.638245
-0.837853
-1.021639
-1.185632
-1.337231
-1.380750
-1.200483
-0.996155
-0.717825
-0.532119
-0.241071
0.068675
0.351517
0.566872
0.670618
0.584681
0.456573
0.323368
0.210002
0.250668
0.458190
0.673945
0.879289
0.771048
0.554911
0.329775
0.107959
-0.110086
-0.338472
-0.360919
-0.341301
-0.444848
-0.483291
-0.335250
-0.349497
-0.276946
-0.038156
0.191319
0.423836
0.651898
0.820958
0.674441
0.479582
0.264757
0.317780
0.429561
0.565701
0.533834
0.360320
0.092024
-0.200057
-0.501615
-0.716060
-0.956861
-1.168296
-1.344557
-1.327955
-1.171321
-1.003107
-0.835401
-0.639010
-0.425771
-0.208326
-0.002454
0.064241
0.105059
0.103669
0.037486
-0.139362
-0.366141
-0.567968
-0.769728
-0.965047
-1.119211
-1.174302
-1.119524
-1.077660
-1.310598
-1.346032
-1.318099
-1.152713
-0.967532
-0.773814
-0.581470
-0.394972
-0.177984
0.035183
0.253883
0.395649
0.369714
0.489897
0.709584
0.931317
1.153172
1.375131
1.595778
1.816681
2.036682
2.257122
2.477386
2.697237
2.839957
2.675721
2.464378
2.255449
2.048084
1.841113
1.634581
1.428610
1.222838
1.017290
0.812465
0.608382
0.439309
0.256084
0.086028
-0.094850
-0.283357
-0.474872
-0.622372
-0.808184
-0.990964
-1.170091
-1.346663
-1.533445
-1.576478
-1.624600
-1.583829
-1.567762
-1.482854
-1.395233
-1.266986
-1.113284
-0.938257
-0.745582
-0.538312
-0.321543
-0.120420
0.017538
0.087497
0.141287
0.204940
0.240482
0.083612
-0.067200
-0.210541
-0.345784
-0.487199
-0.604197
-0.709850
-0.809966
-0.876314
-0.728299
-0.461435
-0.192991
0.076042
0.318005
0.527905
0.705742
0.845441
0.787677
0.742389
0.712540
0.693332
0.660049
0.662030
0.572033
0.440517
0.228331
0.015321
-0.219278
-0.411445
-0.531206
-0.506150
-0.570277
-0.482702
-0.647421
-0.472562
-0.503441
-0.271660
-0.062925
0.178085
0.383913
0.564567
0.613804
0.620816
0.637981
0.664851
0.686063
0.717633
0.759120
0.600094
0.414218
0.199251
-0.071406
-0.260433
-0.357821
-0.483805
-0.606018
-0.574300
-0.451023
-0.317846
-0.177096
-0.037099
0.108579
0.145290
0.114383
0.043848
-0.068533
-0.237636
-0.428748
-0.610799
-0.808960
-0.963856
-1.111678
-1.238093
-1.344419
-1.427876
-1.486038
-1.537376
-1.545504
-1.512700
-1.422619
-1.275220
-1.105312
-0.917610
-0.752259
-0.570552
-0.386127
-0.210294
-0.034742
0.113967
0.271399
0.430206
0.603362
0.800047
0.997642
1.200434
1.399237
1.601531
1.802403
2.000681
2.200344
2.401809
2.599562
2.678421
2.556195
2.391536
2.194928
1.999852
1.805214
1.611062
1.417419
1.224039
1.030953
0.838201
0.646484
0.454732
0.266147
0.092476
-0.068726
-0.220236
-0.382920
-0.556827
-0.727826
-0.902184
-1.073549
-1.233711
-1.394833
-1.554601
-1.701290
-1.764963
-1.760469
-1.708763
-1.632493
-1.535218
-1.401018
-1.240847
-1.065230
-0.892028
-0.687708
-0.472997
-0.249827
-0.019775
0.141500
0.217209
0.281947
0.338241
0.383124
0.283213
0.151039
0.025725
-0.095782
-0.212779
-0.325809
-0.417466
-0.498254
-0.510682
-0.345762
-0.108694
0.133497
0.404536
0.591108
0.745709
0.810884
0.783440
0.748047
0.716592
0.689183
0.665324
0.650723
0.496589
0.303213
0.100884
-0.101944
-0.272296
-0.174245
-0.283070
-0.266260
-0.326131
-0.190905
-0.282419
-0.133240
0.061033
0.261545
0.456314
0.600661
0.617530
0.632091
0.644087
0.665409
0.695902
0.719348
0.648765
0.495492
0.298008
0.041521
-0.110656
-0.279936
-0.435267
-0.481586
-0.397427
-0.292892
-0.187244
-0.069866
0.054695
0.175039
0.210484
0.158732
0.106562
-0.033485
-0.186034
-0.375594
-0.576236
-0.769329
-0.935112
-1.105811
-1.248666
-1.385948
-1.497142
-1.598055
-1.656214
-1.702715
-1.703998
-1.639048
-1.486570
-1.339383
-1.185813
-1.026983
-0.863789
-0.696943
-0.535491
-0.370478
-0.224286
-0.091244
0.048718
0.197840
0.362008
0.547865
0.734458
0.924858
1.112475
1.300611
1.489211
1.678225
1.866369
2.055146
2.243293
2.430218
2.557533
2.447886
2.256930
2.065665
1.874352
1.683182
1.492173
1.301348
1.110732
0.940352
0.748787
0.558801
0.365810
0.174416
-0.015071
-0.208116
-0.392463
-0.476481
-0.623510
-0.803649
-0.981168
-1.113501
-1.236835
-1.335073
-1.401146
-1.440374
-1.453230
-1.337016
-1.206528
-1.033882
-1.043499
-1.128188
-1.217009
-1.288598
-1.318010
-1.225324
-1.212980
-1.092928
-0.939311
-0.789620
-0.628433
-0.457973
-0.276496
-0.084948
0.110803
0.241687
0.362162
0.510464
0.640405
0.723970
0.618209
0.475681
0.338153
0.221136
0.096203
-0.021541
-0.114441
-0.214450
-0.304431
-0.383305
-0.450063
-0.503719
-0.429394
-0.245269
-0.060883
0.126831
0.313855
0.501549
0.691494
0.856448
0.905041
1.022799
1.216959
1.411845
1.603676
1.651556
1.458557
1.267630
1.081550
0.893719
0.700761
0.507814
0.320720
0.133104
-0.051150
-0.239634
-0.423275
-0.528169
-0.488560
-0.453197
-0.385739
-0.306042
-0.215155
-0.120717
-0.018825
0.100124
0.224043
0.346121
0.469036
0.462426
0.328268
0.198900
0.076662
-0.115929
-0.299051
-0.470998
-0.634506
-0.787659
-0.928180
-1.073306
-1.193785
-1.263947
-1.303437
-1.224979
-1.137775
-1.035512
-0.951396
-1.099130
-1.251211
-1.379908
-1.360377
-1.309470
-1.238733
-1.138771
-1.013153
-0.853268
-0.677866
-0.500760
-0.447335
-0.278394
-0.091413
0.098859
0.286941
0.477718
0.668624
0.859641
1.048909
1.240185
1.429932
1.617336
1.807872
1.997675
2.188689
2.378651
2.447741
2.800969
2.601561
2.391468
2.181935
1.967772
1.753379
1.541321
1.321710
1.106064
0.886493
0.670588
0.451541
0.305065
0.338534
0.181980
-0.026804
-0.241852
-0.448369
-0.636179
-0.818900
-1.015712
-1.197224
-1.370970
-1.430217
-1.442005
-1.412177
-1.221165
-1.224332
-1.230729
-1.206827
-1.062519
-0.895566
-0.710612
-0.511435
-0.301017
-0.081667
0.093894
0.217869
0.245476
0.214787
0.196450
0.031507
-0.186625
-0.409956
-0.630777
-0.833696
-1.001991
-1.156526
-1.305603
-1.311016
-1.125929
-0.918884
-0.664359
-0.537554
-0.292090
-0.038553
0.215461
0.469850
0.691734
0.822654
0.863028
0.723031
0.591913
0.451509
0.321640
0.203517
0.379205
0.594277
0.798879
0.691254
0.474279
0.257149
0.040248
-0.176120
-0.228001
-0.291836
-0.417011
-0.255402
-0.242535
-0.110696
0.139513
0.312415
0.576204
0.784928
0.737929
0.525586
0.470796
0.580963
0.619443
0.511246
0.261207
-0.015465
-0.291706
-0.558039
-0.725047
-0.949503
-1.163282
-1.362244
-1.256516
-1.105665
-0.943229
-0.771585
-0.576654
-0.378569
-0.170900
0.013936
0.068764
0.094805
0.063652
0.003684
-0.158677
-0.372331
-0.573674
-0.763045
-0.934417
-1.081676
-1.197749
-1.162446
-1.198617
-1.320989
-1.339902
-1.298267
-1.127821
-0.945565
-0.754693
-0.567025
-0.376772
-0.167570
0.042682
0.250344
0.341859
0.282491
0.422886
0.639668
0.857309
1.074125
1.291813
1.510513
1.729778
1.950091
2.171077
2.393367
2.619970
2.798042
2.545084
2.277725
2.016905
1.756687
1.496396
1.239737
0.983093
0.724547
0.467430
0.210672
-0.046347
-0.073168
-0.124966
-0.368058
-0.596990
-0.815175
-1.012246
-1.194751
-1.355399
-1.477779
-1.580275
-1.422914
-1.233116
-1.027691
-0.817819
-0.584744
-0.356574
-0.117454
0.124739
0.372218
0.619780
0.871822
1.123933
1.332522
1.590413
1.630807
1.475179
1.230598
0.976824
0.723435
0.470506
0.218140
-0.033534
-0.284339
-0.534038
-0.782300
-1.028648
-1.272372
-1.512388
-1.746952
-1.973122
-1.992532
-1.737365
-1.408336
-1.062001
-0.715572
-0.385608
-0.039026
0.272072
0.480042
0.496900
0.357300
0.183254
0.020721
-0.128482
-0.296644
-0.237909
0.011266
0.256458
0.487787
0.313052
0.051718
-0.205405
-0.458785
-0.475592
-0.287830
-0.241570
-0.442401
-0.354806
-0.180691
0.091118
0.362216
0.617593
0.477707
0.259499
0.038211
0.186268
0.357725
0.508992
0.464824
0.220296
-0.068066
-0.371237
-0.673660
-0.984987
-1.281129
-1.536858
-1.713280
-1.661648
-1.421379
-1.176929
-0.929600
-0.680213
-0.429313
-0.177266
0.075668
0.329306
0.577529
0.832420
1.087662
1.328899
1.287335
1.200034
0.952886
0.690641
0.431277
0.175816
-0.075075
-0.320133
-0.559160
-0.791281
-1.000390
-1.201082
-1.152445
-1.070322
-0.977667
-0.841787
-0.685513
-0.518522
-0.336301
-0.116579
0.004045
-0.070412
0.104232
0.353609
0.603953
0.855087
1.111484
1.363569
1.616142
1.861382
2.108120
2.353179
2.547459
2.557042
2.323096
2.069082
1.815464
1.562261
1.309139
1.092407
0.959912
0.770684
0.586427
0.388214
0.228026
0.095186
0.081427
0.091262
-0.090212
-0.336970
-0.584703
-0.802902
-0.988034
-1.216949
-1.384593
-1.516627
-1.613224
-1.621572
-1.539011
-1.373770
-1.118914
-1.151605
-1.237003
-1.315868
-1.365622
-1.238658
-1.040635
-0.857296
-0.673561
-0.544956
-0.636544
-0.435002
-0.183962
0.039637
-0.003794
0.193539
0.312041
0.422719
0.504920
0.642239
0.751177
0.896395
0.853698
0.638866
0.620436
0.446952
0.294293
0.083458
-0.118442
-0.290257
-0.456530
-0.609624
-0.727240
-0.845908
-0.903772
-0.687119
-0.676635
-0.449558
-0.207458
0.033997
0.120540
0.236777
0.491179
0.745834
0.999918
1.256035
1.511673
1.764704
1.880059
1.636534
1.379751
1.127601
0.876433
0.644239
0.389802
0.145580
-0.057520
-0.285849
-0.525832
-0.751079
-0.945208
-0.862019
-0.766066
-0.650543
-0.507672
-0.350181
-0.121399
0.074797
0.105312
0.094141
0.288333
0.451114
0.574084
0.452388
0.342103
0.236457
0.167798
0.071446
-0.114374
-0.160577
-0.422154
-0.654542
-0.588100
-0.690288
-0.847573
-1.046019
-1.202701
-1.336000
-1.314861
-1.228321
-1.135618
-1.259675
-1.482928
-1.487813
-1.422809
-1.314516
-1.175811
-0.964042
-0.718853
-0.465216
-0.220456
0.025567
0.114435
0.106275
0.204923
0.351638
0.479532
0.656906
0.830865
1.019686
1.192280
1.438223
1.688778
1.935431
2.183077
2.406810
2.558089
2.543988
2.280041
2.018495
1.758337
1.498916
1.239432
0.980857
0.743915
0.484907
0.226196
-0.033438
-0.241501
-0.163462
-0.322394
-0.557942
-0.771445
-0.969411
-1.147294
-1.313630
-1.436806
-1.521985
-1.499133
-1.296066
-1.086190
-0.862821
-0.629376
-0.388234
-0.138939
0.111798
0.367238
0.624059
0.883351
1.144310
1.391319
1.511224
1.527486
1.276579
1.021648
0.767485
0.508724
0.255915
0.004223
-0.252628
-0.501742
-0.748673
-1.001169
-1.242278
-1.478127
-1.718314
-1.950595
-1.838016
-1.587602
-1.253002
-0.917626
-0.582129
-0.246549
0.089087
0.409885
0.639734
0.651572
0.510531
0.320832
0.161436
-0.004551
-0.149281
-0.226759
-0.112607
0.140366
0.384866
0.292283
0.028132
-0.228302
-0.370462
-0.295621
-0.085088
-0.194749
-0.363389
-0.253559
-0.043635
0.232439
0.514496
0.388006
0.153232
0.160432
0.339653
0.509291
0.612499
0.494880
0.232585
-0.071836
-0.392164
-0.712217
-1.031879
-1.350955
-1.584621
-1.766376
-1.667622
-1.427408
-1.182206
-0.934192
-0.690612
-0.437235
-0.182586
0.073044
0.323166
0.574590
0.832587
1.085631
1.339442
1.391050
1.263232
1.059045
0.793721
0.531527
0.271601
0.015499
-0.237621
-0.483090
-0.724336
-0.957972
-1.173529
-1.320408
-1.257424
-1.179895
-1.070165
-0.931489
-0.759642
-0.581792
-0.388356
-0.156383
-0.112593
-0.303809
-0.093537
0.161526
0.413637
0.673562
0.903079
1.160692
1.412318
1.665259
1.834815
2.088446
2.341114
2.545211
