-37
-22
-17
-24
-31
-20
-5
14
31
31
20
2
0
2
12
23
20
18
17
34
43
47
30
5
-28
-27
-19
-24
-27
-35
-40
-42
-46
-41
-33
-14
3
8
-3
-10
-25
-38
-48
-55
-66
-85
-76
-60
-36
-19
-14
-7
-10
-10
-16
-13
1
22
29
17
7
-7
-6
8
37
58
61
51
28
8
4
14
19
37
63
81
86
76
57
29
22
35
59
68
60
40
15
-2
5
24
32
32
30
18
13
11
14
22
17
-15
-55
-79
-69
-24
16
59
84
88
88
87
71
40
14
3
16
28
26
10
-15
-15
-12
-6
3
11
26
21
18
17
23
20
10
-3
-14
-25
-13
-16
-24
-22
10
43
78
97
97
80
48
22
0
5
10
23
29
29
34
20
28
39
60
67
74
67
49
29
20
20
29
45
53
59
58
59
48
36
55
65
84
86
105
126
123
119
88
52
16
-19
-31
-41
-10
14
36
48
40
31
30
28
25
3
-20
-41
-71
-80
-88
-80
-58
-16
28
53
57
40
11
-31
-67
-82
-84
-64
-41
-24
-16
-1
18
22
16
18
12
-2
-20
-41
-63
-70
-67
-47
-35
-5
-1
7
4
21
32
31
34
23
16
6
3
-9
-13
-8
6
9
11
17
11
-2
-25
-47
-53
-41
1
27
43
52
45
24
12
5
10
17
18
9
-1
-10
4
21
40
52
59
63
80
81
76
57
42
29
1
-17
-37
-39
-39
-26
-17
-7
15
34
46
55
65
58
32
3
-19
-36
-34
-5
33
50
65
47
22
-2
-14
-9
10
36
52
50
42
46
56
73
92
98
91
83
85
82
83
77
70
64
53
48
30
25
13
0
-10
-5
10
-1
-24
-60
-79
-80
-67
-34
-11
15
31
36
26
21
12
-12
-16
-23
-13
1
25
41
49
50
57
64
57
54
47
44
46
42
33
15
23
45
57
70
79
75
79
83
83
75
54
33
7
7
25
65
105
136
153
137
123
115
117
101
75
48
15
6
13
26
34
47
60
74
83
93
97
90
83
61
33
-7
-27
-28
-18
11
27
31
27
23
13
6
2
-7
-24
-34
-47
-50
-43
-15
10
20
20
17
1
-15
-23
-30
-38
-50
-58
-74
-71
-55
-38
-40
-43
-55
-63
-58
-45
-35
-31
-36
-30
-36
-37
-29
-19
-13
0
14
14
25
33
38
38
37
43
35
22
12
6
1
-1
-12
-18
-16
3
26
32
34
29
34
40
59
70
86
91
59
3
-58
-94
-102
-69
-21
21
42
43
40
33
31
28
24
10
-5
1
5
35
56
73
76
73
67
50
37
26
11
1
0
4
2
8
20
37
42
50
52
39
33
20
2
-16
-26
-28
-21
-18
2
1
-14
-38
-60
-66
-60
-47
-40
-29
-7
8
18
18
22
1
-32
-58
-83
-83
-72
-53
-33
-11
8
19
18
7
5
-13
-19
-22
-23
-33
-40
-41
-37
-32
-20
-19
-26
-26
-26
-26
-24
-13
-9
-11
-12
-2
12
28
40
44
36
38
40
38
32
27
27
31
50
67
75
73
58
28
-6
-17
-29
-34
-54
-60
-57
-46
-29
-27
-33
-36
-37
-45
-50
-54
-66
-82
-91
-83
-67
-34
-3
22
37
44
50
45
46
48
54
58
68
79
78
90
102
115
113
110
88
58
29
13
-10
-45
-66
-74
-62
-26
13
51
71
87
94
97
104
104
89
46
10
-16
-25
-12
14
46
63
76
76
72
70
63
60
49
48
35
16
-8
-21
-31
-24
-10
7
17
22
21
15
12
2
-17
-54
-73
-77
-67
-52
-23
4
20
19
6
-17
-25
-40
-59
-91
-101
-101
-80
-68
-51
-40
-39
-18
3
10
6
-8
-28
-45
-46
-50
-46
-33
-2
27
34
32
26
23
16
11
-5
-9
-4
11
23
26
26
8
21
33
47
41
25
25
12
1
-13
-19
-3
16
53
65
68
61
42
20
14
-1
-22
-33
-15
33
55
67
57
42
23
13
-8
-25
-33
-30
-19
0
18
35
33
49
42
36
28
22
5
-25
-54
-76
-89
-83
-62
-36
-13
19
39
49
40
12
-10
-26
-25
-27
-31
-48
-54
-52
-24
25
74
94
82
52
12
-1
1
-1
-6
-11
-7
-7
8
17
34
40
45
52
52
53
46
25
-25
-57
-69
-44
-7
28
46
41
39
27
31
26
15
-10
-42
-58
-63
-71
-57
-42
-16
3
30
39
34
12
-1
-12
-25
-38
-57
-64
-49
-17
18
55
87
96
82
59
51
45
48
48
43
30
22
17
25
58
77
85
67
45
42
45
64
72
55
20
-14
-22
-15
-5
-4
-15
-37
-29
-18
-1
5
2
-10
-29
-35
-34
-26
-10
9
23
34
43
52
66
70
70
49
34
38
46
51
57
84
97
108
113
102
84
64
61
67
84
98
111
104
91
79
63
57
52
52
49
46
45
35
35
47
62
72
78
74
70
57
46
40
19
19
14
8
16
25
48
49
59
48
26
4
-14
-19
-25
-4
2
11
7
6
1
5
22
35
47
38
33
15
13
21
25
20
19
29
42
59
73
84
84
68
58
49
56
57
51
44
47
61
58
54
42
30
14
24
41
58
61
61
43
30
23
32
44
50
49
40
21
16
3
-12
-15
-13
-10
-10
-4
0
0
-4
-6
-12
12
24
6
-32
-79
-84
-75
-68
-55
-47
-39
-43
-44
-55
-60
-60
-51
-35
-15
-15
-29
-34
-22
-1
0
-12
-21
-28
-19
-6
1
9
21
19
6
-9
-10
-2
5
20
21
15
10
19
27
23
13
-6
-7
5
25
39
42
42
29
14
10
2
-12
-17
-13
10
23
35
37
38
30
35
16
-8
-32
-38
-37
-28
-21
-23
-20
-16
-6
-11
-15
-13
-1
2
-1
-1
-8
-13
-11
-13
-16
-21
-20
-34
-44
-62
-63
-61
-51
-51
-67
-87
-93
-73
-39
-9
1
-11
-33
-43
-49
-48
-37
-35
-37
-26
-7
12
22
20
15
7
16
20
10
-11
-17
-19
-19
-26
-29
-55
-57
-53
-34
-33
-42
-55
-74
-73
-48
-23
-5
-9
-10
-19
-19
-5
-1
-1
2
5
12
26
40
60
67
61
55
45
39
40
41
56
84
100
108
97
94
80
66
77
92
102
101
101
93
82
70
54
57
70
92
87
70
56
49
53
64
89
86
79
59
34
8
-10
-15
-18
-8
2
10
8
1
4
-3
-3
-2
2
7
9
9
-4
-17
-14
9
27
46
50
36
29
28
28
30
33
33
24
21
18
23
20
20
3
-26
-44
-53
-44
-39
-22
-16
-14
-15
-21
-21
-25
-19
-15
-19
-24
-18
-22
-15
-2
4
3
2
-3
-19
-18
-11
10
18
20
16
-14
-38
-51
-39
-28
-25
-27
-46
-43
-34
-26
-33
-51
-60
-66
-60
-57
-52
-53
-38
-35
-35
-39
-48
-42
-31
-8
5
15
24
42
47
37
25
23
11
10
5
2
-1
8
20
17
7
12
20
31
33
21
2
-14
-12
-12
4
37
70
100
104
93
71
48
42
51
46
39
20
0
-1
13
28
36
41
48
55
62
75
81
65
46
19
-1
-16
2
19
38
49
47
35
57
57
54
29
16
13
-7
-31
-41
-22
7
36
59
73
82
87
71
45
22
0
-5
-8
2
-7
-7
-6
-1
6
2
0
-5
26
24
-8
-67
-117
-124
-123
-115
-104
-94
-107
-113
-108
-97
-87
-69
-58
-44
-23
-11
-17
-23
-26
-26
-23
-17
-13
-16
-33
-37
-30
-10
16
15
3
-15
-24
-27
-32
-32
-52
-63
-72
-53
-38
-32
-29
-30
-32
-30
-37
-39
-39
-15
0
11
20
29
30
23
24
19
23
15
7
-14
-18
-6
12
13
13
9
16
38
65
85
75
56
40
22
19
8
5
1
14
26
41
43
30
3
-17
-19
-16
-16
-23
-27
-32
-31
-26
-18
-10
-10
1
-3
-5
-10
-17
-33
-35
-28
-19
-12
-15
-25
-42
-40
-18
10
43
53
43
22
17
39
49
56
59
68
79
81
78
58
50
51
67
79
95
97
83
66
47
41
24
2
-28
-55
-58
-44
-28
-21
6
42
89
122
125
106
72
61
43
27
18
15
17
12
6
-11
-23
-9
27
68
100
125
132
123
105
84
58
46
43
40
29
17
12
8
8
24
34
35
31
20
12
26
39
52
42
44
39
37
35
40
45
53
57
52
25
0
-5
12
41
72
80
82
75
82
86
72
61
41
18
0
-17
-39
-60
-61
-51
-7
45
87
109
120
134
142
131
116
101
87
78
80
89
89
92
97
90
94
109
136
167
179
172
151
143
147
148
137
127
123
115
91
79
64
58
65
82
78
79
77
82
86
95
79
56
30
14
30
46
73
80
77
57
44
28
22
19
4
-17
-20
-9
19
38
60
72
68
62
55
48
55
60
53
24
-6
-16
-23
-17
-2
11
28
47
52
50
43
41
46
37
35
27
30
38
52
49
34
38
46
52
39
13
-14
-28
-27
-33
-43
-43
-20
7
36
49
35
18
-1
-6
-7
-6
8
9
3
-23
-44
-56
-36
-6
16
24
22
32
30
32
31
26
16
-5
-30
-55
-72
-74
-62
-61
-38
-22
-12
-11
-6
-3
8
24
32
24
14
2
1
-1
13
29
41
53
46
31
4
-10
-34
-60
-81
-78
-69
-68
-68
-77
-78
-63
-39
-23
-22
-30
-64
-88
-103
-86
-71
-51
-44
-35
-35
-27
-23
-25
-27
-36
-45
-64
-99
-119
-135
-114
-77
-35
6
44
63
52
35
13
-2
-19
-33
-48
-69
-64
-48
-16
12
34
41
37
33
45
55
61
69
65
51
38
38
46
62
84
78
67
40
20
3
2
14
22
12
-10
-18
-12
3
28
35
39
45
56
62
71
65
49
16
-9
-6
10
39
54
65
65
74
92
108
128
146
144
132
100
64
13
-12
-16
-1
8
19
26
32
52
69
78
72
69
60
64
84
119
135
133
115
89
67
48
42
41
46
65
89
96
92
78
58
60
69
80
80
77
66
55
58
83
103
96
71
51
28
43
55
69
56
46
36
34
26
25
18
23
22
20
17
13
25
38
31
32
35
53
76
78
65
34
16
2
-7
-9
-12
-1
2
20
32
30
28
25
29
29
36
41
54
62
70
55
46
48
53
40
17
4
-12
-14
-7
-9
-14
-19
-7
3
22
38
60
69
67
62
35
20
11
4
-10
-8
-10
1
16
25
20
3
-13
-26
-52
-76
-80
-74
-61
-34
-24
-3
20
51
55
44
29
9
9
2
-4
-40
-72
-86
-88
-92
-101
-90
-90
-77
-75
-62
-51
-44
-53
-86
-101
-101
-67
-41
-28
-27
-30
-14
-1
13
11
8
7
-12
-32
-35
-34
-26
-5
2
5
12
19
29
29
27
23
20
16
8
-2
-17
-11
-6
-11
-13
-13
-15
-22
-25
-37
-53
-82
-96
-118
-123
-109
-87
-61
-40
-23
-15
-7
-3
-10
-25
-37
-38
-48
-46
-43
-32
-37
-31
-29
-22
6
19
23
1
-14
-23
-32
-32
-27
-20
-11
0
20
37
50
58
52
31
8
-9
-14
-6
16
24
19
16
3
-7
-9
0
18
34
53
58
61
56
58
49
33
27
16
11
-1
-11
-44
-65
-63
-44
-28
-24
-18
-14
-2
9
8
-4
-20
-26
-29
-17
7
23
38
47
57
53
49
40
26
0
-14
-28
-43
-55
-58
-51
-40
-4
27
56
77
62
44
14
0
-18
-33
-51
-55
-55
-55
-35
-17
7
30
42
51
37
25
2
-31
-57
-70
-70
-58
-34
-17
2
11
25
24
15
-3
-34
-57
-67
-51
-27
3
24
29
30
18
10
-4
-2
7
19
20
30
33
29
18
6
-4
-12
-5
-9
-6
-17
-10
14
35
65
66
57
24
3
-16
-23
-16
-5
11
30
42
29
13
4
16
23
31
41
37
41
39
46
52
56
52
30
13
2
-7
-7
-2
14
23
36
49
56
49
48
38
32
30
26
31
29
35
42
42
41
48
65
84
97
81
41
-3
-37
-56
-64
-42
-11
5
18
15
21
32
58
71
73
76
77
80
66
54
37
18
18
38
57
69
63
54
32
26
16
1
-9
-20
-23
-24
-3
35
54
61
54
46
43
39
43
38
33
38
38
47
50
64
55
38
22
11
15
10
2
-22
-37
-30
-12
3
30
51
56
45
38
33
26
18
4
-18
-20
-15
-1
17
28
37
40
37
39
25
12
6
0
-1
-2
8
4
15
23
25
20
14
3
-11
-32
-43
-48
-36
-16
1
19
22
35
31
19
9
-10
-32
-47
-33
-5
12
24
23
23
21
19
11
10
14
18
25
28
32
28
17
17
17
21
32
39
35
37
54
59
50
8
-22
-35
-29
0
25
38
33
12
-5
-1
34
52
43
27
26
39
49
45
30
9
-7
-11
-12
0
10
8
-4
-12
-19
-17
-7
2
1
-17
-18
-22
-19
-4
17
36
28
14
-5
-14
-7
-2
29
47
78
75
59
41
37
31
20
19
14
17
31
49
61
59
51
39
29
23
34
23
10
-7
-14
-9
11
38
49
55
56
49
34
27
18
-4
-33
-54
-77
-83
-75
-53
-38
-18
-5
3
-2
2
9
5
6
-7
-13
-30
-30
-21
-8
4
16
21
15
21
25
33
39
43
35
14
-7
-23
-32
-29
-22
-27
-45
-52
-52
-52
-45
-43
-41
-33
-30
-33
-52
-69
-68
-60
-38
-7
31
51
68
76
81
80
65
34
4
-10
-6
-16
-12
-9
9
12
23
27
37
43
49
36
11
-9
-26
-29
-28
-19
-9
-5
7
4
-9
-21
-32
-25
-18
-4
-12
-23
-26
-27
-21
-20
-16
-19
-31
-28
-9
2
3
4
8
18
10
-6
-32
-49
-50
-47
-40
-52
-48
-48
-29
-17
-7
-8
-2
16
17
23
14
10
5
15
20
21
33
48
59
47
28
8
-5
-9
-18
-20
-20
-12
-14
-25
-41
-45
-51
-47
-27
-7
-9
-11
-12
-20
-13
-8
-8
-5
-4
-1
-4
-9
-6
13
29
50
76
86
88
85
77
67
64
59
45
40
45
53
59
56
50
48
56
77
86
78
57
30
10
11
26
48
49
50
42
39
50
62
73
66
61
61
58
58
56
42
21
7
-1
-5
9
29
56
69
82
67
43
29
38
52
71
80
74
63
60
63
62
53
42
12
-16
-33
-37
-41
-49
-61
-64
-61
-45
-30
-28
-23
-17
-21
-27
-31
-37
-42
-45
-30
-13
-8
1
-7
-11
-18
-22
-16
-14
3
6
3
4
5
6
-6
0
0
-10
-33
-47
-41
-24
-4
-4
-16
-32
-28
-31
-23
-22
-29
-39
-37
-25
-6
13
30
26
8
-20
-30
-38
-37
-47
-51
-53
-37
-6
2
22
20
13
5
2
18
22
30
33
40
40
54
78
98
120
131
128
106
85
53
30
21
20
25
22
37
47
64
79
87
76
49
30
32
30
35
41
35
25
17
16
29
48
64
72
67
55
37
10
6
-4
-14
-18
-11
6
16
32
49
58
76
87
101
103
96
87
64
41
27
15
14
26
31
30
26
30
49
60
71
69
63
62
67
84
101
126
128
108
88
80
73
67
75
79
93
93
95
86
81
79
91
96
92
70
34
8
10
32
64
75
79
62
46
26
6
-5
2
20
22
25
19
20
18
9
2
-10
8
27
41
32
18
6
-2
5
27
49
70
94
99
107
110
114
111
95
72
43
3
-12
-17
4
27
51
56
40
27
32
37
43
44
32
-1
-30
-55
-62
-44
-8
18
32
32
32
19
7
-4
-13
-17
-21
-23
-42
-51
-52
-48
-40
-21
16
34
33
18
-2
-16
-4
-2
-6
-15
-30
-49
-57
-44
-15
2
12
15
24
13
-6
-51
-94
-110
-96
-66
-50
-32
-28
-22
4
37
61
66
51
22
-11
-41
-60
-88
-123
-140
-146
-132
-97
-49
-13
27
40
45
40
29
13
-15
-38
-44
-57
-65
-63
-32
-2
42
68
83
85
82
73
61
39
33
27
14
23
24
39
55
76
91
94
93
88
76
73
66
66
64
70
71
77
84
87
81
61
42
11
-21
-40
-49
-54
-60
-56
-48
-38
-31
-26
-26
-32
-38
-56
-82
-101
-114
-127
-120
-103
-92
-89
-85
-70
-48
-22
12
13
-5
-51
-74
-89
-84
-72
-63
-69
-80
-90
-87
-55
-6
29
38
40
16
-4
-13
-8
-11
-30
-52
-63
-59
-42
-25
-3
6
31
28
19
0
-14
-27
-51
-58
-69
-60
-49
-38
-16
7
40
50
38
22
19
7
-4
-31
-57
-80
-78
-50
-20
21
51
74
79
81
75
62
38
17
-5
-15
-20
-31
-31
-15
17
40
39
45
40
32
16
-11
-34
-61
-59
-46
-10
9
25
39
54
88
112
112
92
49
10
-33
-43
-50
-42
-14
24
44
53
58
48
29
8
-1
-16
-34
-56
-66
-62
-29
32
85
123
148
146
122
85
41
1
-28
-45
-59
-77
-80
-61
-30
6
23
27
22
24
31
22
1
-32
-66
-112
-120
-119
-93
-63
-44
-28
-13
25
52
66
56
40
22
1
-1
-1
11
21
44
56
59
59
39
21
6
4
-12
-23
-31
-34
-29
-20
-4
-10
-20
-33
-45
-55
-56
-39
-23
-11
3
21
51
87
119
125
122
116
102
96
96
102
95
70
58
40
28
21
11
11
34
63
91
91
75
44
23
11
-4
-21
-34
-32
-27
-32
-33
-26
-17
-1
24
54
77
82
72
44
27
22
31
38
32
22
-22
-38
-39
-11
22
46
61
40
22
6
-11
-19
-30
-31
-28
-7
32
69
85
91
82
67
49
40
34
19
14
-1
-6
-3
6
17
3
8
5
21
40
53
52
35
24
13
0
-24
-44
-77
-94
-82
-54
-18
23
69
103
120
118
96
58
20
-9
-28
-24
-10
9
17
39
60
87
101
105
89
59
30
6
-15
-21
-24
-14
-10
0
4
5
20
30
45
29
19
3
-1
-1
14
23
20
27
30
47
69
86
89
79
74
68
64
50
23
-13
-36
-48
-50
-72
-93
-98
-91
-51
-8
36
60
66
56
28
1
-1
-6
-7
-2
6
3
1
6
18
33
44
51
53
46
29
12
2
6
18
22
20
23
21
14
9
5
3
18
43
53
53
45
27
15
7
13
21
22
23
2
-19
-36
-42
-54
-56
-45
-26
-12
3
29
41
55
63
62
55
40
30
17
-3
-17
-17
-13
21
57
76
77
70
54
30
5
-36
-91
-124
-134
-104
-47
17
65
78
83
94
98
86
58
27
3
-19
-35
-40
-52
-34
2
54
110
154
184
181
171
127
86
61
57
46
14
-10
-21
1
43
93
117
117
113
98
78
63
41
14
-19
-36
-29
0
35
70
87
105
125
124
96
52
15
-16
-25
-22
-10
-4
6
18
23
35
54
63
48
39
21
-2
-23
-42
-60
-70
-72
-72
-57
-38
-4
8
-7
-26
-52
-52
-45
-34
-25
-14
17
40
51
44
47
51
60
74
62
43
19
-7
-25
-26
-3
19
26
35
41
54
70
87
81
66
36
33
28
34
32
17
2
6
37
62
83
92
91
82
80
56
30
3
-1
9
18
38
52
48
38
21
-4
-38
-61
-82
-100
-101
-103
-94
-78
-51
-28
-14
0
11
7
-2
-22
-41
-64
-79
-74
-59
-33
-11
2
7
18
40
48
49
45
40
21
0
-10
-15
-20
-14
-12
1
10
13
-2
-23
-32
-19
3
57
106
141
163
149
124
81
59
41
18
8
30
70
115
135
134
122
106
86
53
27
24
17
1
-23
-33
-24
6
47
69
67
44
14
-16
-32
-33
-36
-50
-54
-44
-30
0
22
44
57
62
60
35
8
-22
-44
-57
-48
-20
1
17
19
23
27
35
29
6
-22
-33
-34
-41
-37
-33
-29
-13
9
27
26
18
0
-21
-35
-44
-49
-55
-39
-20
2
29
48
55
57
66
65
59
38
33
19
18
8
-2
-9
-9
11
28
39
36
29
15
18
21
3
-13
-33
-34
-30
-27
-15
-22
-27
-9
5
19
11
-3
-18
-25
-29
-37
-58
-50
-25
23
77
114
122
102
84
68
58
57
55
51
30
17
4
-2
-8
-22
-39
-50
-33
-12
-2
9
4
-12
-39
-53
-51
-47
-37
-35
-30
-20
0
1
-9
-16
-23
-30
-34
-44
-58
-80
-81
-59
-23
14
43
66
63
50
29
6
8
22
49
47
51
56
75
93
99
85
54
46
44
36
21
8
17
40
70
88
82
67
52
42
45
55
52
45
37
46
51
49
47
34
16
0
-7
-15
-15
-8
1
14
24
56
63
68
58
35
9
-11
-13
-21
-14
-6
2
5
-9
-8
-8
7
21
20
4
-17
-29
-49
-47
-35
-13
4
17
29
38
42
49
55
48
52
41
18
-3
-18
-6
21
56
72
78
74
77
77
75
70
48
32
28
43
45
43
28
22
15
27
55
72
80
66
37
-6
-47
-70
-85
-88
-89
-91
-101
-108
-103
-104
-96
-84
-65
-43
-18
-5
-5
-14
-30
-58
-88
-116
-129
-117
-91
-52
-23
-14
-5
-3
7
3
4
82
-31
-43
-39
-39
-9
-5
18
7
-12
-42
-53
-62
-31
-19
-14
5
-2
-31
-68
-108
-92
-76
-41
-41
15
59
99
114
75
25
-13
-2
16
33
48
21
-12
-51
-82
-67
-57
-69
-91
-96
-59
20
67
87
77
47
22
-26
-89
-121
-125
-81
-18
-2
8
-17
-40
-34
4
33
71
93
112
110
100
80
30
-7
-15
-20
-27
-48
-73
-110
-85
-91
-43
-33
-25
-5
15
52
86
97
74
51
2
-15
-20
-4
13
-24
-60
-78
-73
-47
-18
-19
-39
-17
-7
8
-5
-6
1
13
38
18
-10
-39
-58
-50
-11
-16
11
-2
-12
-3
20
2
-1
-15
-3
-22
-28
-48
-30
-7
9
3
-13
-4
-27
-1
11
1
-10
-1
3
2
4
5
-8
-26
-23
-11
15
49
53
64
40
27
-2
-34
-54
-42
-26
-22
-38
-70
-67
-47
-9
-4
-1
-1
-2
-13
-20
-16
29
37
53
46
34
29
-4
-33
-66
-49
-46
-21
-35
-47
-57
-89
-64
-67
-23
-8
12
32
18
9
-1
-34
-35
-13
0
26
23
36
-1
-34
-53
-46
-6
14
21
29
36
60
7
-8
-55
-51
-42
-44
-43
-62
-56
-78
-65
-66
-59
-28
-28
-24
-20
16
61
91
96
93
96
87
69
20
-13
-37
-71
-85
-84
-56
-39
-8
11
20
41
55
80
62
43
-6
-37
-28
-21
-23
-18
-12
-18
-45
-53
-70
-50
-32
12
18
7
-5
9
1
11
-5
6
-9
-29
-16
-24
18
26
27
23
15
5
5
-5
13
-34
-47
-85
-108
-121
-121
-124
-100
-115
-71
-40
28
61
62
21
-36
-71
-101
-108
-90
-57
-37
-56
-57
-89
-92
-77
-63
-42
-15
-1
4
-11
-20
-30
-33
-30
-60
-81
-90
-58
5
8
-11
-27
-37
-34
6
2
18
6
34
34
50
46
35
23
20
48
54
54
32
-5
-12
-22
-21
6
-5
4
0
23
25
17
-26
-46
-26
-3
36
44
61
18
38
11
11
-35
-37
-33
-1
20
27
9
-19
-37
-63
-75
-80
-49
9
69
120
159
162
136
96
63
26
28
45
8
-17
-46
-66
-72
-73
-60
-39
-8
-5
-6
-15
33
50
79
49
35
-13
-19
-4
32
45
65
61
65
64
34
-3
-24
-31
-5
-6
9
-18
-10
7
16
25
36
43
67
47
43
33
43
33
34
25
25
23
17
47
63
80
61
28
14
2
-13
-39
-40
-28
13
-2
-11
-12
-25
-23
-23
-34
-37
-34
-11
-5
0
-24
-24
-35
-6
13
31
7
-14
-41
-52
-40
-42
-22
-56
-54
-67
-71
-55
-42
-51
-43
5
-4
-5
-44
-58
-26
-25
-26
-40
-27
37
77
61
24
13
-1
-1
-19
-5
29
53
74
68
9
-22
-49
-42
1
32
43
51
20
3
-32
-48
-35
-24
27
54
78
57
30
19
19
20
26
44
3
4
-12
-12
7
24
36
50
23
30
15
18
-13
-23
-52
-34
-33
-33
-49
-65
-85
-64
-80
-54
-47
-52
-8
7
57
83
115
66
10
-45
-71
-81
-53
-36
3
21
21
40
22
28
5
-1
-26
-31
-63
-71
-90
-51
-35
-29
-33
-80
-104
-88
-39
-9
2
-1
-11
-27
7
16
29
26
13
-10
-9
-26
-18
-26
17
9
2
-6
-11
-5
-1
-20
-40
-52
-50
-42
-37
-31
-23
-4
-39
-39
-33
-23
-11
12
23
18
23
35
50
63
52
34
5
-21
-50
-62
-72
-79
-87
-113
-100
-82
-76
-46
-24
-10
-6
1
20
12
-14
-28
-32
-53
-48
-74
-68
-49
-29
14
14
0
2
1
-3
-20
-56
-70
-48
-17
1
-11
-36
-45
-44
-20
4
5
19
23
32
4
16
8
3
0
-5
-33
-40
-46
-14
2
23
14
-20
-26
-15
25
54
56
51
21
10
17
21
17
1
-10
-27
-50
-43
-24
0
4
38
105
110
110
25
-33
-23
-14
11
-7
-4
-24
-28
-16
-3
19
38
37
13
19
29
49
41
6
1
-4
10
53
107
72
69
14
-22
-38
-25
-8
-1
-20
-36
-40
-23
-2
14
24
30
35
37
35
29
7
-33
-27
-43
-40
-35
-12
-4
-17
-63
-80
-75
-55
-35
-44
-19
-14
17
67
84
97
55
45
35
46
66
74
77
70
31
40
20
19
4
-5
-11
-17
-14
-5
1
8
15
3
8
-3
10
8
-11
-6
-31
-54
-55
-44
-15
6
8
-25
-49
-68
4
42
92
90
72
48
25
20
31
56
88
106
112
91
68
37
51
75
114
84
65
1
-45
-91
-92
-88
-28
29
66
48
35
15
3
4
50
51
68
55
44
33
13
38
47
39
32
-15
-43
-58
-47
-37
1
41
44
49
19
-1
-16
-18
-35
-38
-57
-61
-45
-13
3
18
16
13
27
43
37
35
31
63
69
80
-10
-74
-109
-86
-18
3
27
0
-8
3
23
33
5
-23
-42
-83
-97
-87
-53
-19
24
28
6
-21
-49
-23
4
26
39
28
7
-4
-28
-23
-32
13
-4
-11
-44
-76
-77
-83
-74
-68
-60
-38
-22
1
22
27
37
13
-26
-85
-75
-49
-13
-19
-41
-25
-14
18
38
5
-5
-40
-23
-15
-21
-35
-28
-44
-35
-42
-38
-19
9
-12
-46
-66
-45
-27
-11
-25
-57
-82
-59
-57
-31
-45
-55
-64
-54
-12
19
25
0
-18
-51
-57
-40
-6
29
37
45
-2
-29
-59
-54
-55
-43
-28
-15
-6
22
2
-11
-25
-6
23
39
87
73
98
10
-23
-72
-60
-10
40
52
62
44
18
0
0
13
-4
0
4
9
10
10
14
11
36
24
37
10
-1
13
-1
6
-11
-32
-40
-38
-17
12
50
82
77
60
10
-26
-46
-7
47
60
38
-2
-12
-19
14
46
74
62
78
55
89
88
102
89
56
26
-7
-17
-11
-8
5
32
69
102
92
98
70
36
21
24
52
56
53
35
7
-14
-23
-21
4
15
4
-16
-19
-27
-39
-59
-99
-98
-98
-66
-49
-36
-22
-4
11
13
10
-19
-33
-47
-45
-45
-44
-37
-50
-26
-16
-11
3
6
23
25
11
-15
-20
7
11
-25
-64
-92
-94
-61
-69
-41
-16
14
16
27
14
9
11
-13
7
0
25
63
87
85
74
69
44
37
15
10
5
9
-6
-22
-9
-35
-46
-70
-52
-22
-17
-2
0
0
9
-2
-23
-39
-56
-51
-63
-42
-24
-22
-42
-73
-88
-99
-99
-84
-76
-72
-70
-62
-45
-31
10
13
27
26
22
42
87
102
73
-12
-83
-132
-149
-137
-104
-75
-69
-63
-67
-45
-25
-1
-7
-13
-4
-24
-24
-34
-26
-36
-29
-41
-31
-55
-40
-32
-21
8
15
-2
-7
-11
1
9
33
43
36
7
8
19
54
53
79
57
56
57
64
69
76
64
47
12
10
16
9
10
24
21
22
26
35
50
56
29
9
13
29
38
17
6
17
24
35
54
49
32
2
-23
-26
-15
15
57
88
109
114
95
74
21
-7
-32
-38
-49
-41
-29
-36
-56
-78
-65
-5
-8
0
-29
-26
-42
-67
-60
-45
5
20
-3
-27
-46
-45
-44
-26
-20
-27
-18
-34
24
10
30
29
16
20
-22
-18
-24
30
45
36
13
-3
-21
-19
-30
-30
-43
-53
-46
-41
-24
-25
-38
-44
-55
-33
-2
27
63
60
64
32
10
-16
-44
-22
35
70
73
30
-21
-31
-21
0
13
33
87
81
75
30
6
-23
-38
-28
-23
10
17
36
24
30
17
26
40
55
45
34
8
19
20
39
46
36
6
-40
-61
-54
-32
-15
-24
-32
-41
-25
-16
-22
-30
-63
-97
-71
-90
-83
-85
-51
2
27
47
11
-2
-28
3
-5
10
-13
-21
-46
-95
-93
-83
-26
13
10
-21
-52
-50
-38
-31
-29
-47
-43
-50
-38
-25
-38
-58
-71
-58
-35
-12
3
3
-6
-4
-12
14
27
-6
-41
-60
-24
-12
45
10
-26
-43
-35
-1
20
14
1
-22
-47
-49
-37
-45
-30
-13
-26
-33
-33
-44
-53
-58
-49
-16
-16
-24
-42
-78
-45
-40
0
17
23
-7
-31
-37
-32
-39
-30
-41
-61
-83
-89
-72
-44
-11
15
5
14
3
24
27
29
-6
-11
-9
16
2
-27
-39
-44
-35
-9
-19
-20
-20
-4
-22
-32
-46
-68
-79
-85
-41
6
18
15
-12
-4
-31
3
37
35
28
31
44
86
104
90
64
17
24
35
54
45
5
-35
-48
-12
51
70
51
-16
-76
-57
-20
23
59
59
42
17
-1
9
-16
-9
-13
-3
8
33
63
88
101
115
87
79
78
63
53
38
32
46
36
33
27
-17
-42
-58
-46
-19
52
15
-10
-38
-21
13
29
44
27
16
5
8
26
-2
-24
-32
-29
-14
12
-2
34
54
86
68
41
24
-1
-8
-18
-19
-13
5
24
55
56
52
38
31
28
43
48
21
-19
-62
-58
-13
9
5
-39
-48
-49
-11
14
8
-16
-52
-46
-37
-13
15
30
26
18
40
66
71
67
51
46
50
20
-1
-42
-41
-33
-5
25
46
35
8
-3
1
4
8
17
-4
-12
-14
4
16
17
15
-26
-27
-22
-1
22
53
83
66
55
47
66
51
25
-1
-33
-50
-47
-39
-32
-13
-1
21
14
19
7
0
5
-15
-34
-78
-92
-103
-120
-120
-109
-54
-17
42
56
53
22
-16
-22
-42
-24
-44
-83
-102
-127
-118
-96
-60
-26
14
68
75
65
19
-5
-19
-16
1
10
3
-4
-9
-28
-5
5
39
71
57
76
57
46
-2
-40
-95
-128
-122
-100
-40
27
93
100
102
62
50
-5
17
-17
-37
-74
-107
-139
-139
-94
-18
61
114
119
130
95
79
39
-5
-35
-73
-93
-68
-38
-26
-31
-22
17
61
64
60
28
-10
-27
-5
5
3
-9
-41
-40
-32
-15
-6
14
37
61
93
63
37
8
-11
-6
3
2
24
34
51
71
101
64
58
16
16
-14
-17
-23
-17
10
-3
-3
-23
-18
-17
-13
-2
25
45
61
64
29
-26
-61
-63
-32
-13
20
31
22
1
13
12
6
-8
-27
-38
-58
-36
-35
-35
-41
-32
-34
-12
-10
-1
15
62
56
41
17
-9
-24
-30
-16
-7
-12
-18
-16
-13
-4
-7
14
1
-15
-42
-49
-35
-17
11
-24
9
-9
-23
-32
-22
-1
5
1
6
24
28
37
37
8
-4
-31
-25
-11
26
61
81
117
104
98
107
86
79
34
5
-11
3
34
55
38
17
11
51
61
107
84
57
34
48
43
24
-9
-33
-30
-11
16
37
63
56
48
29
13
-11
-44
-81
-116
-94
-68
0
15
43
28
12
17
24
29
58
55
44
29
-4
1
-7
-16
-29
-22
2
-9
-4
12
42
88
89
86
53
25
-3
-1
-5
9
-29
-46
-84
-87
-53
-45
-15
11
41
32
33
-2
6
-3
11
1
-5
-29
-55
-47
-64
-55
-41
-39
-7
11
5
-2
-11
-20
11
26
22
2
-23
-29
-15
-33
-40
-53
-62
-59
-52
-25
-19
-17
-16
-11
7
18
-16
-45
-68
-44
-30
-15
1
-13
-24
-29
-73
-79
-95
-100
-87
-75
-80
-91
-104
-104
-62
-19
-10
-5
-36
-46
-4
18
36
22
35
59
75
63
80
69
47
45
-1
-23
-28
-32
-52
-43
-76
-58
-42
-34
-43
-53
-67
-31
-12
43
35
68
35
34
16
28
39
49
16
26
-23
-21
-36
-6
21
48
39
12
1
20
32
36
-13
-15
-38
-29
-38
-51
-43
-71
-73
-53
-16
15
13
-3
-22
-38
-14
9
8
13
-13
-30
-35
-11
14
17
-4
0
11
30
21
17
-20
-13
-25
-13
-41
-17
-2
30
52
45
15
14
11
8
-16
-51
-52
-52
-23
8
5
6
-21
-24
-48
-44
-52
-60
-89
-104
-84
-76
-35
-23
-9
9
35
36
36
19
28
10
-6
-33
-40
-18
-22
5
6
0
-12
-38
-46
-42
11
33
41
-1
-21
-30
-4
36
66
64
80
52
33
4
-5
-2
0
-12
4
8
23
14
-3
-19
-16
-15
-40
-37
-39
-27
-41
-51
-52
-52
-45
-14
14
47
44
40
2
-25
-57
-61
-38
-5
29
11
-11
-17
-24
-11
11
30
33
18
-13
-26
-36
-40
-46
-34
-15
11
5
2
12
17
25
17
-14
-15
-4
11
14
20
37
52
34
33
14
30
23
34
14
-9
-53
-45
-31
7
-4
6
-26
-15
-13
-1
32
65
85
64
60
48
58
31
30
29
16
-4
-15
-6
39
80
107
90
60
46
37
39
43
29
26
24
24
18
23
32
43
44
50
28
9
-32
-13
-22
-30
-25
-22
25
27
44
46
43
51
32
-13
-40
-67
-63
-65
-57
-55
-40
-24
42
67
72
67
20
-19
-79
-109
-96
-47
12
47
-4
-50
-90
-94
-51
-22
3
32
4
17
0
12
17
11
-8
-21
-13
5
25
88
40
20
-29
-43
-45
-44
-38
-61
-51
-68
-75
-77
-90
-58
-38
-37
-48
-66
-50
-43
-25
-52
-79
-85
-86
-84
-63
-34
-25
-19
-14
-7
-21
-42
-43
-39
-15
-10
16
15
31
21
41
-12
-57
-108
-126
-112
-71
-77
-60
-55
-36
-24
0
5
-3
-36
-66
-79
-86
-43
-20
-2
-21
-19
-27
-32
-25
17
6
-12
-62
-100
-98
-66
-37
-38
-23
-26
9
-4
5
-23
-40
-54
-76
-78
-64
-45
0
5
2
-3
5
28
49
70
50
46
34
17
10
-15
-39
-54
-29
17
42
49
45
19
6
-39
-71
-85
-66
-24
1
-8
-12
-30
-33
-31
-19
-1
0
-10
-14
-12
-4
1
9
0
-5
-22
-21
-21
-16
-17
-28
-23
-25
-19
-14
9
22
15
16
-10
-14
-17
-16
16
23
32
33
41
55
59
43
37
26
34
24
0
1
-10
-18
-25
-40
-49
-63
-34
-13
13
33
68
74
108
147
127
118
55
3
-39
-77
-91
-98
-53
-15
7
6
-6
-16
-27
-21
-19
-12
-3
5
3
-25
-41
-20
-14
-5
-11
-41
-33
1
35
34
14
-30
-48
-63
-59
-43
-36
-31
-40
-26
-6
15
62
82
103
106
75
76
38
24
-11
-22
-1
-42
-42
-42
-46
-47
-31
-6
-13
-41
-76
-95
-90
-83
-80
-75
-77
-52
-54
-48
-48
-39
-54
-55
-72
-39
-42
-28
-25
-33
-31
-41
-44
-52
-31
-22
-14
2
14
44
42
46
49
59
59
56
42
41
29
-1
-40
-68
-72
-39
-23
17
33
36
10
-6
-30
-37
-39
-43
-74
-107
-136
-160
-134
-93
-54
-76
-111
-118
-116
-95
-97
-104
-101
-75
-27
-1
25
38
20
-1
-5
40
81
85
58
40
33
79
92
125
117
105
75
64
61
65
52
61
69
69
67
125
144
157
131
91
90
82
99
82
81
69
25
-18
-46
-13
39
107
151
158
134
36
6
-5
39
84
70
3
-64
-74
-48
-28
-3
24
60
93
91
52
-34
-94
-153
-181
-165
-121
-49
15
43
31
-10
-45
-59
-63
-54
-59
-31
-6
40
64
88
102
136
117
76
4
-48
-82
-93
-97
-105
-92
-61
-11
54
64
69
57
36
26
-1
-22
-39
-37
-41
-38
-57
-76
-78
-38
20
29
-7
8
37
45
36
31
42
48
53
55
58
71
134
146
145
96
46
2
-38
-60
-69
-57
-1
26
35
30
68
74
90
73
43
-1
-51
-58
-32
28
87
110
116
105
88
43
39
45
46
29
-12
-64
-83
-55
8
71
100
94
66
58
65
34
16
-28
-43
-58
-115
-152
-133
-93
-16
45
98
103
91
74
60
67
60
49
32
10
-19
-32
-46
-24
-2
-24
-34
-68
-79
-76
-72
-16
-39
-42
-55
-54
-5
58
90
89
42
27
14
43
73
75
55
1
-30
-45
-6
27
42
34
3
1
-1
-8
-17
-39
-26
-41
-21
-17
-46
-24
-54
-52
-66
-68
-79
-61
-43
-21
-8
1
14
8
34
52
43
31
7
16
-10
-41
-66
-83
-61
-46
-18
-25
-50
-52
-64
-40
-20
-23
-33
-32
-19
-18
-4
0
13
24
2
-2
-15
-10
12
59
42
44
18
6
24
40
49
36
31
12
30
-11
-24
-40
-31
-28
-30
-57
-83
-111
-103
-71
-26
2
2
-26
-3
38
17
10
-29
-25
-13
7
4
-14
-46
-82
-115
-130
-102
-78
-58
-30
-26
-42
-47
-60
-63
-56
-47
-57
-68
-67
-40
-21
-17
-22
-33
-22
-33
-11
-13
35
25
8
-38
-28
-52
-51
-58
-35
-7
10
6
9
-2
-28
-53
-61
-66
-61
-78
-79
-93
-74
-42
-45
-55
-72
-92
-83
-74
-23
-11
14
6
1
14
7
17
-26
-48
-59
-30
-30
7
38
71
102
102
58
25
7
-43
-49
-62
-40
1
-2
17
9
27
29
40
29
13
15
6
25
41
34
20
-6
-25
-41
-47
-35
-27
-25
-2
29
54
55
57
62
56
36
-4
-32
-27
-19
6
5
12
26
20
39
33
35
-21
-51
-42
-48
-46
-61
-50
-27
23
64
98
100
100
61
6
-46
-65
-41
-3
19
21
10
7
-2
-25
-7
-3
15
38
34
53
55
34
45
20
9
0
-2
14
35
46
9
5
-5
14
42
46
46
-22
-73
-83
-52
15
45
64
55
24
-7
-28
-40
8
45
59
38
1
9
14
51
73
71
69
64
34
36
59
79
69
19
-29
-48
-28
8
31
23
0
-30
-59
-71
-43
-3
14
10
-13
-12
-5
-1
2
11
54
62
41
14
15
60
75
75
45
27
-1
-13
-25
-52
-68
-82
-91
-78
-50
-23
-9
24
50
64
59
45
28
13
-3
-22
-29
-28
-1
17
39
78
75
80
54
40
53
79
79
38
-32
-80
-97
-75
-56
-46
-31
-4
31
70
70
61
24
6
7
0
-13
-26
-73
-58
-45
-20
8
22
9
9
13
21
22
9
16
-3
-9
-39
-30
-52
-48
-63
-54
-8
49
71
68
64
59
60
48
38
26
39
55
66
62
32
33
25
43
49
48
37
40
56
60
63
55
48
34
-5
-45
-82
-94
-61
-58
-37
-34
-18
8
6
8
13
16
-11
-49
-98
-135
-149
-123
-82
-51
-12
-24
-17
-18
-25
-11
-13
-19
-44
-64
-105
-146
-149
-122
-87
-59
-63
-42
-24
-6
-2
-51
-68
-77
-83
-78
-100
-84
-69
-60
-58
-28
-14
10
1
3
-8
-18
-40
-64
-81
-60
-26
-5
3
8
-1
-7
11
5
26
-19
-54
-95
-124
-111
-125
-130
-109
-74
-43
0
44
24
9
-18
-45
-52
-46
-32
-26
-52
-74
-69
-59
-47
-39
-20
-14
-9
-32
-51
-63
-53
-12
16
51
32
26
-18
-37
-25
-5
32
49
9
-46
-80
-96
-80
-50
-44
-39
-18
-18
10
-5
17
7
-14
-38
-22
-3
-8
-1
-12
-4
-26
-35
-20
-21
17
32
45
16
-15
-82
-89
-62
-22
-1
-38
-57
-62
-43
-25
-9
2
14
7
-15
-46
-51
-23
12
53
63
68
24
-3
-36
-46
-27
-35
-37
-61
-56
-35
-11
7
39
52
80
90
91
76
78
61
68
61
85
61
50
-2
-33
-50
-42
-16
-13
-3
35
31
39
11
14
7
19
22
39
60
57
62
52
64
58
36
-11
-23
-34
-29
-27
-15
11
-10
-22
-57
-52
-31
-32
-31
-53
-30
-30
-21
-15
-13
-6
-2
13
30
26
20
22
25
38
37
41
31
16
-20
-28
-37
-25
7
8
8
4
-14
-27
11
7
16
-3
0
22
41
30
27
0
26
57
59
52
24
-1
-18
-1
14
28
19
14
-14
-52
-70
-72
-49
-21
-3
-3
-36
-56
-39
-27
15
40
36
26
3
-25
-42
-45
2
-6
-32
-84
-64
6
86
135
121
73
28
16
7
30
25
5
52
32
68
33
0
18
8
18
35
36
45
38
22
14
8
-16
-40
-54
-33
12
43
72
79
69
58
25
40
29
28
29
24
-14
-33
-25
-10
38
43
34
6
-7
-9
-12
7
-5
-9
-4
30
56
76
85
82
54
21
5
26
65
63
55
9
-22
-21
-16
3
3
19
25
34
14
13
-15
6
14
6
16
21
27
21
14
-18
-46
-58
-69
-61
-66
-65
-20
16
26
22
1
-13
-41
-49
-80
-75
-65
-52
-53
-14
-2
18
0
-11
-26
-24
12
22
36
42
30
33
-12
-10
-3
-5
-10
1
9
13
50
27
24
-1
1
-14
-17
-20
-41
-40
-43
-27
16
49
70
64
34
-6
-15
1
43
97
120
108
35
-38
-84
-63
-28
28
37
74
42
15
-7
2
37
53
27
25
-20
-32
-15
23
66
105
101
83
46
-3
-23
-30
4
3
-13
-70
-120
-125
-127
-73
-46
-36
-46
-50
-38
-40
-33
-56
-32
-45
-33
-18
1
26
47
33
15
5
-14
-13
-11
-20
-7
7
35
59
46
61
48
21
-4
-57
-85
-56
-69
-55
-96
-87
-51
-3
27
39
56
35
32
0
36
-3
-25
-57
-60
-19
-3
-12
-16
10
32
26
18
6
-36
-48
-66
-37
-43
-29
-19
6
29
30
19
-7
2
-13
-40
-65
-73
-34
1
50
58
43
24
-5
0
-11
3
-34
-54
-62
-61
-83
-89
-72
-24
13
44
48
21
24
18
9
-22
-31
-33
16
17
4
-35
-66
-59
-63
-79
-80
-61
-27
3
17
4
4
-2
50
41
64
-2
-56
-69
-72
-61
-59
-43
-35
-27
-43
-31
-29
-9
30
29
25
-21
-66
-52
-36
-34
-26
0
35
36
38
20
7
-12
-15
-5
2
28
11
-12
16
18
20
23
32
38
35
-3
-34
-45
-50
-12
26
68
85
55
38
32
23
21
-9
-28
-46
-76
-91
-86
-67
-56
-22
-32
-32
-40
-23
-1
11
12
-6
10
33
14
26
32
25
16
8
8
12
11
19
23
24
31
38
35
41
44
44
26
11
-4
-25
-32
-27
-32
-31
-23
-19
3
24
44
31
11
16
14
15
-11
-47
-49
-43
-7
24
44
45
45
12
0
-24
-27
-29
-27
-17
-7
3
9
-5
-9
-4
19
17
-4
-40
-73
-100
-109
-117
-121
-113
-68
-45
-46
-59
-71
-72
-74
-73
-76
-84
-60
-53
-45
-51
-69
-70
-65
-46
-32
-50
-60
-87
-92
-104
-90
-79
-74
-57
-34
-12
-6
1
0
-11
-22
-42
-67
-75
-84
-82
-80
-80
-46
-34
-11
-23
-40
-66
-78
-86
-93
-80
-67
-43
-49
-29
-27
-32
-36
-53
-43
-50
-41
-37
-51
-58
-50
-45
-42
-52
-67
-70
-59
-41
-39
-32
-24
-28
-28
-38
-57
-60
-64
-67
-72
-74
-78
-89
-65
-57
-27
-5
-17
-28
-45
-46
-62
-70
-56
-34
2
26
34
11
-6
-7
8
8
5
-20
-44
-36
-29
-20
-34
-60
-68
-55
-35
-3
-4
-17
-40
-42
-46
-14
23
54
58
51
47
23
9
-6
-24
-26
-17
0
15
25
27
25
19
19
17
5
8
9
1
-19
-19
-8
12
22
46
44
50
24
16
0
-5
-9
-23
-15
-8
-9
-10
-26
-24
-34
-18
-15
-11
-28
-24
-22
-23
-29
-48
-47
-57
-51
-55
-45
-34
-13
-3
-8
-9
-15
-32
-47
-46
-58
-76
-87
-92
-76
-63
-49
-39
-30
-4
13
17
39
45
46
6
-17
-29
-21
-5
-7
-13
-4
-9
-4
-13
-9
-1
-5
3
-2
-15
-31
-55
-38
-15
23
44
58
45
43
40
37
36
34
17
-15
-15
-20
-8
-14
-12
-10
-22
-5
6
9
7
-24
-42
-74
-78
-60
-48
-22
5
13
13
15
8
15
18
7
-9
-25
-34
-31
-57
-73
-83
-85
-62
-28
-6
11
6
19
21
20
5
-14
-36
-56
-81
-88
-73
-49
-30
-17
1
12
22
7
9
3
23
49
74
78
62
33
21
-3
-1
-2
4
32
76
127
144
141
115
90
75
68
56
49
21
-1
-24
-41
-24
-20
-13
-12
-19
-10
7
40
39
25
2
-6
-4
9
17
37
49
66
59
60
63
72
69
42
20
31
38
61
76
66
67
56
49
43
34
41
39
29
9
-28
-52
-64
-50
-66
-78
-106
-114
-112
-100
-78
-81
-75
-66
-65
-70
-88
-103
-107
-95
-73
-70
-45
-25
-3
-12
-36
-57
-69
-72
-59
-59
-60
-75
-69
-67
-40
-18
-7
-23
-51
-47
-59
-57
-63
-76
-87
-101
-69
-47
-4
14
10
-16
-41
-57
-71
-80
-88
-91
-79
-65
-65
-58
-51
-25
-11
-12
-12
-20
-43
-46
-43
-22
-36
-35
-47
-44
-46
-44
-42
-30
-8
1
2
-5
4
2
9
5
4
-5
-18
-31
-33
-29
-6
-22
-32
-46
-33
-39
-46
-54
-59
-67
-76
-70
-66
-68
-59
-61
-66
-67
-73
-69
-80
-77
-79
-77
-81
-86
-75
-55
-8
22
31
6
-29
-63
-72
-50
-38
-40
-47
-51
-57
-46
-56
-51
-31
-19
-10
-10
-34
-29
-28
5
24
46
26
27
43
49
46
25
-12
-49
-60
-60
-47
-37
-34
-24
-16
-18
-24
-45
-54
-54
-47
-49
-35
-31
-22
-39
-44
-54
-62
-61
-64
-57
-45
-39
-25
-34
-27
-24
-20
-13
-18
-32
-42
-48
-43
-48
-84
-82
-96
-83
-65
-77
-89
-111
-119
-129
-118
-97
-89
-80
-87
-79
-77
-72
-63
-41
-37
-25
-17
-27
-23
-31
-29
-35
-35
-19
-3
1
11
4
13
3
14
23
31
28
24
17
4
-5
-16
-17
5
11
12
11
18
15
3
10
15
36
47
39
21
14
-1
12
20
41
46
30
33
51
58
53
51
54
52
43
42
29
12
2
-6
-22
-25
-26
-24
-21
-17
-10
-7
8
24
26
21
-1
-11
-6
-2
3
-7
-1
28
54
64
89
89
90
74
47
28
17
2
-20
-32
-30
-1
21
34
54
54
31
14
3
13
-3
-12
-26
-17
-3
11
12
8
-6
12
7
9
14
-3
-18
-29
-47
-53
-31
-1
19
12
-17
-36
-32
-15
-1
-20
-46
-66
-72
-75
-78
-78
-96
-94
-75
-60
-44
-43
-29
-29
-21
-13
-5
-1
7
9
12
2
-28
-43
-56
-54
-71
-86
-88
-62
-29
-14
-10
-18
-36
-35
-13
-18
-32
-43
-38
-16
8
18
15
1
-5
-3
3
26
40
24
1
-3
-11
-14
-11
2
4
12
3
-5
2
7
31
34
26
14
3
4
23
47
61
77
77
71
49
34
34
43
47
61
60
40
25
7
2
3
34
39
46
25
14
-2
4
7
14
27
62
76
79
40
29
17
26
27
12
-14
-22
-9
5
23
35
34
32
31
41
23
5
-17
-23
-18
-8
2
19
47
65
70
43
35
17
-15
-27
-35
-48
-44
-47
-26
-27
-28
-16
4
11
5
-20
-44
-62
-66
-57
-63
-58
-55
-41
-31
-21
-17
-12
-4
15
5
-9
-37
-59
-51
-36
-38
-34
-42
-39
-40
-44
-32
-21
-17
-28
-16
-26
-19
-19
-10
-16
-25
-18
-12
-2
10
18
19
22
11
3
-16
-29
-54
-66
-53
-40
-36
-31
-24
-16
-38
-37
-72
-91
-91
-79
-57
-44
-45
-40
-45
-55
-55
-61
-59
-36
-15
-12
-26
-23
-32
-37
-39
-50
-54
-49
-39
-20
-14
-19
-36
-57
-67
-44
-35
-27
-23
-36
-37
-31
-19
-30
-28
-16
-17
-1
13
26
20
3
-29
-33
-43
-26
-14
-21
-8
5
22
46
58
67
77
80
82
65
26
-3
-27
-49
-61
-60
-47
-32
-9
-3
2
4
5
-22
-55
-82
-101
-109
-115
-81
-38
12
42
57
50
36
12
-12
-42
-57
-72
-102
-115
-133
-127
-106
-67
-25
-6
3
2
-4
-7
-14
-27
-48
-67
-77
-101
-118
-106
-102
-103
-98
-82
-55
-22
6
22
23
-3
-38
-78
-101
-100
-95
-70
-48
-21
7
39
48
41
24
13
6
-29
-53
-87
-103
-118
-109
-92
-65
-44
-43
-44
-31
-1
26
28
24
15
-15
-42
-70
-89
-81
-88
-79
-77
-63
-31
-2
23
36
45
35
16
-2
-13
-21
-25
-25
-56
-62
-68
-48
-38
-37
-41
-48
-68
-72
-64
-62
-44
-31
-29
-4
0
8
18
31
37
34
28
33
28
10
11
-8
-15
-19
-14
2
28
53
54
37
7
-28
-48
-70
-74
-78
-56
-42
-8
9
24
35
38
29
13
4
-38
-58
-80
-81
-72
-54
-32
-15
-5
17
29
28
36
36
17
7
-13
-28
-52
-62
-66
-71
-70
-71
-53
-49
-25
-18
-8
-2
-18
-43
-60
-52
-37
-12
-9
-12
-9
-40
-43
-56
-68
-56
-20
-1
17
22
9
4
-2
2
-3
-13
-20
-23
-26
-27
-11
-8
-7
-22
-45
-75
-91
-100
-115
-118
-102
-71
-36
-11
-9
-9
3
-1
-6
-47
-69
-74
-60
-34
-11
5
13
2
-24
-14
-1
40
53
35
11
-28
-64
-64
-53
-30
-33
-36
-15
-1
15
23
13
15
5
-22
-58
-92
-98
-94
-79
-61
-54
-41
-36
-25
-14
-5
3
7
-2
-12
-19
-20
-23
-4
13
19
19
12
4
13
33
39
25
-10
-46
-77
-85
-85
-69
-63
-71
-75
-86
-73
-41
-21
2
30
36
35
18
25
20
0
-25
-40
-61
-52
-47
-55
-58
-59
-38
-27
-24
-42
-57
-73
-66
-63
-59
-53
-46
-54
-50
-60
-49
-43
-40
-47
-63
-69
-73
-73
-89
-82
-72
-67
-60
-39
-26
-19
-28
-14
-39
-50
-63
-66
-53
-42
-40
-50
-57
-51
-39
-50
-51
-59
-58
-39
-22
-12
-25
-32
-36
-37
-7
-2
-3
-16
-21
-32
-44
-59
-71
-60
-45
-6
4
1
-22
-53
-62
-53
-28
-4
0
-11
-11
-43
-31
-32
-23
-13
-9
-3
0
-1
6
8
-15
-40
-40
-71
-68
-84
-74
-47
-20
9
24
20
26
22
8
-1
-15
-22
-16
-15
-5
-2
11
14
17
26
46
49
28
24
15
21
12
13
3
7
11
13
15
13
25
19
13
8
-12
-13
-28
-35
-57
-64
-65
-50
-32
-7
34
44
69
65
56
27
-18
-55
-86
-95
-87
-72
-47
-23
-5
3
5
16
25
33
37
28
0
-24
-53
-52
-51
-21
0
3
2
-2
-8
-22
-24
-26
-27
-26
-33
-29
-41
-34
-54
-48
-45
-31
-20
-15
-10
-5
-17
-24
-25
-23
-14
-11
-32
-49
-63
-54
-48
-23
6
44
68
74
72
60
34
15
1
-4
-16
-10
-2
29
43
52
50
84
97
93
62
44
15
-5
-8
-13
-14
-20
-2
24
41
50
37
40
58
90
111
108
90
61
48
35
22
17
14
35
51
54
51
39
22
7
-4
4
5
4
15
21
31
60
56
45
36
27
15
1
-18
-27
-33
-32
-36
-41
-47
-32
-5
16
17
1
-15
-11
18
25
11
6
-1
-12
-26
-29
-32
-21
-15
-12
-7
-6
-10
-7
-1
18
24
1
-33
-53
-68
-77
-84
-89
-80
-56
-16
4
14
30
28
10
-9
-30
-45
-44
-30
-21
-17
-1
15
41
52
57
45
26
-14
-56
-100
-130
-131
-122
-115
-100
-83
-56
-17
15
37
47
42
24
-24
-69
-78
-67
-49
-18
-14
-13
-36
-53
-56
-65
-48
-50
-58
-46
-43
-41
-42
-30
-10
9
10
10
-11
-24
-46
-64
-74
-88
-79
-87
-73
-54
-36
-25
-8
11
28
33
28
31
23
19
15
-8
-17
-17
-14
-15
-21
-24
-30
-29
-9
-19
-13
-31
-60
-76
-99
-93
-75
-68
-68
-73
-87
-113
-122
-122
-100
-72
-55
-49
-65
-59
-56
-62
-62
-77
-101
-106
-106
-86
-73
-51
-44
-46
-45
-43
-47
-59
-53
-53
-41
-39
-5
11
25
20
-1
-23
-43
-41
-45
-49
-51
-41
-12
27
53
66
56
68
66
51
32
0
-6
-7
-6
12
26
63
74
66
54
23
11
-25
-19
-8
-5
9
9
8
-5
-16
-23
-3
22
41
47
23
1
-13
-24
-15
-16
-29
-26
-18
1
19
31
27
4
-15
-20
-23
-20
-2
-2
-2
-1
26
47
49
47
49
52
21
35
35
41
49
38
39
33
17
-1
-34
-35
-45
-15
-3
-3
-17
-29
-27
-32
-28
-8
9
15
7
1
-11
4
4
9
-2
-2
1
19
36
23
37
46
62
51
24
14
0
7
24
49
53
48
21
39
53
61
61
36
10
-7
-30
-43
-52
-45
-39
-17
16
22
26
18
33
51
46
33
-7
-53
-98
-128
-158
-155
-127
-93
-73
-63
-50
-36
-21
-2
4
14
24
15
-7
-20
-16
-12
-19
-47
-75
-100
-99
-98
-100
-89
-79
-73
-97
-109
-96
-53
-7
15
38
28
6
1
-20
-5
-10
-17
-42
-41
-33
-42
-43
-46
-44
-40
-41
-36
-40
-48
-44
-53
-59
-60
-42
-39
-14
-11
-1
-7
-9
-29
-48
-59
-57
-38
-40
-43
-50
-58
-56
-71
-96
-127
-119
-111
-99
-91
-78
-74
-63
-50
-48
-46
-55
-48
-70
-61
-61
-44
-41
-42
-42
-42
-29
-30
-19
-17
-20
-17
-24
-27
-25
-6
-9
-9
-9
-31
-43
-51
-45
-45
-45
-60
-74
-68
-57
-53
-49
-53
-56
-43
-27
-9
3
-13
-10
-24
-29
-35
-26
-14
-20
-10
-20
-23
-34
-40
-29
-7
19
26
23
20
27
14
-6
-14
-17
-11
-12
-16
-24
-25
-19
-17
-13
-21
-11
-20
-1
17
30
23
19
28
47
47
41
31
7
14
9
1
-10
-23
-33
-44
-51
-46
-50
-41
-50
-44
-31
-12
-10
-15
-21
0
19
6
-13
-42
-51
-43
-33
-20
-14
17
32
46
37
23
-1
-13
-7
3
13
14
-7
-24
-39
-18
19
37
35
36
33
41
35
19
-8
-27
-32
-39
-32
-30
-25
-21
-12
10
9
8
5
-3
-19
-22
-22
-18
-18
-14
-20
-10
8
12
5
-1
4
3
-1
-7
-15
-36
-56
-60
-54
-30
-13
0
-11
-16
-15
-18
-16
-3
-11
-15
-17
-15
-10
-5
-3
-20
-39
-66
-60
-50
-27
-22
-26
-32
-54
-59
-95
-94
-93
-54
-29
-7
12
-4
-19
-33
-29
-33
-24
-32
-32
-23
-33
-32
-37
-22
-26
-46
-58
-69
-84
-76
-77
-72
-74
-70
-58
-43
-34
-23
-22
-31
-39
-42
-41
-38
-39
-53
-70
-82
-74
-56
-54
-36
-39
-43
-45
-32
-26
1
14
9
4
-6
4
2
4
-2
-4
-13
-7
-7
-19
-18
-28
-23
-23
-13
-10
3
-20
-54
-70
-75
-43
-1
26
58
72
54
4
-30
-59
-74
-92
-97
-84
-78
-53
-49
-49
-49
-33
-25
-2
18
22
7
-8
1
-1
4
0
-11
-27
-57
-64
-65
-30
4
21
1
-31
-57
-73
-66
-62
-54
-49
-64
-56
-46
-37
-21
-26
-35
-41
-32
-24
-20
-30
-50
-70
-75
-77
-83
-91
-75
-57
-28
-17
-2
-2
0
-13
-39
-63
-51
-12
13
38
55
59
46
42
39
46
50
44
27
14
2
2
1
-6
-5
-3
-15
-18
-4
4
17
4
-18
-34
-28
-7
14
30
12
-28
-57
-47
-36
-14
-11
-20
-28
-35
-30
-32
-46
-57
-46
-45
-20
-19
-11
-15
-29
-38
-42
-46
-50
-57
-61
-54
-63
-55
-51
-24
-20
-18
-14
-14
-27
-63
-72
-76
-73
-60
-65
-56
-34
-14
16
13
5
17
8
17
-1
-16
-35
-54
-79
-98
-95
-81
-75
-66
-54
-40
-38
-54
-68
-84
-82
-88
-93
-108
-112
-107
-106
-107
-84
-47
-7
15
18
4
-5
-11
-18
-28
-27
-40
-29
-23
-1
3
-27
-31
-45
-47
-43
-29
-26
-15
16
42
58
58
52
53
59
77
85
103
112
111
83
44
22
13
12
29
61
80
80
65
39
35
32
46
46
35
28
47
67
99
121
99
87
71
65
52
39
23
19
38
63
76
73
62
37
19
2
-1
-2
-4
35
67
75
69
36
10
-3
-13
-18
-14
2
32
54
92
118
125
86
19
-28
-62
-66
-50
-26
10
31
49
37
23
18
17
36
49
55
52
26
11
-10
-5
7
23
19
14
13
19
15
15
7
1
-3
-19
-19
-34
-20
-7
-4
9
-4
-12
-19
-20
-13
-17
-26
-18
-13
-1
46
83
101
79
37
-19
-54
-81
-110
-109
-82
-40
-9
9
30
32
44
29
17
-27
-64
-101
-106
-98
-89
-88
-81
-56
-17
14
43
79
104
91
38
-25
-100
-157
-187
-187
-169
-117
-59
4
39
68
74
64
40
13
-16
-61
-91
-130
-135
-124
-85
-56
-30
-7
-1
-14
-31
-44
-59
-77
-109
-152
-188
-184
-158
-120
-78
-66
-57
-54
-50
-30
-24
-27
-40
-55
-51
-38
-68
-112
-145
-149
-131
-101
-87
-51
-49
-40
-35
-42
-55
-66
-68
-62
-63
-79
-94
-117
-98
-93
-67
-67
-60
-60
-55
-42
-41
-44
-40
-40
-11
4
4
-15
-28
-25
-18
-23
-27
-27
-29
-30
-31
-4
11
7
1
-4
5
14
19
2
-14
-8
14
26
39
27
14
8
3
25
20
5
-8
-31
-37
-42
-45
-41
-43
-42
-30
-14
9
26
25
29
16
-12
-30
-31
-13
-22
-20
-19
-12
-5
-8
-9
-11
-17
-31
-54
-51
-44
-36
-41
-17
3
9
16
32
41
46
29
0
-17
-15
-8
-11
-19
-32
-17
-7
15
29
22
11
-17
-42
-68
-81
-71
-55
-20
20
36
22
9
14
18
33
22
0
-36
-40
-36
-12
24
49
67
58
67
66
59
47
32
37
24
9
-33
-53
-55
-22
23
52
59
45
25
8
-14
-32
-35
-29
-12
-12
-25
-51
-120
-146
-145
-107
-70
-45
-37
-48
-67
-73
-65
-54
-33
-19
-18
-13
-16
-19
-33
-20
0
30
54
60
48
52
61
65
53
22
-11
-35
-69
-67
-53
-36
-28
-31
-23
-19
-1
-5
-4
-1
14
9
-16
-31
-64
-83
-98
-88
-63
-28
-9
-3
-1
3
21
34
41
32
20
-3
-42
-58
-82
-100
-110
-99
-84
-56
-35
-28
-25
-17
-15
-18
-31
-52
-72
-69
-68
-59
-64
-54
-36
-48
-41
-35
0
19
26
-5
-47
-76
-84
-77
-75
-67
-59
-53
-44
-22
1
9
11
-4
-24
-37
-52
-64
-61
-37
-22
2
7
10
-4
-20
-35
-52
-61
-63
-49
-23
0
15
-1
-13
-10
0
-3
-22
-46
-44
-45
-52
-32
-24
13
36
46
14
-10
-36
-61
-76
-94
-101
-104
-90
-65
-51
-30
11
37
61
73
66
49
29
12
-15
-41
-59
-71
-56
-38
-8
-15
-15
-27
-34
-31
-33
-21
-30
-41
-39
-49
-64
-97
-112
-115
-79
-41
-21
-32
-47
-56
-47
-33
-5
13
20
7
-16
-53
-57
-55
-48
-50
-60
-49
-47
-46
-63
-70
-70
-59
-54
-63
-63
-50
-43
-38
-45
-23
-9
0
0
-19
-44
-49
-55
-49
-51
-29
-28
-30
-24
-36
-19
-6
19
34
45
46
33
18
-2
8
-9
-16
-23
-19
-20
-28
-25
-14
8
4
1
-15
-18
-8
-29
-14
-8
6
15
8
9
-12
-19
-12
6
21
11
-13
-21
-12
-7
0
-20
-19
-20
-38
-40
-41
-46
-42
-30
-15
-7
-7
0
6
29
42
36
-1
-16
-15
-13
-13
-17
-19
-18
-6
14
33
44
34
16
-9
-17
-29
-38
-51
-52
-52
-36
-34
-18
-23
-49
-53
-63
-58
-64
-62
-85
-90
-71
-60
-41
-45
-50
-46
-39
-20
-19
-36
-62
-86
-99
-94
-81
-75
-63
-42
-50
-57
-72
-90
-102
-120
-115
-98
-98
-90
-81
-57
-41
-36
-29
-24
-24
-42
-68
-95
-118
-126
-119
-85
-48
-33
-14
-2
-1
-12
-29
-30
-38
-50
-27
-33
-41
-54
-55
-50
-35
-43
-46
-46
-32
-25
-20
-22
-12
-24
-38
-62
-62
-56
-35
-12
5
2
1
-6
-14
-16
5
14
22
27
27
9
-8
-23
-18
3
32
39
30
12
-5
1
-13
-11
-17
-30
-34
-42
-39
-12
35
68
70
59
58
34
24
17
10
-6
-21
4
44
80
105
119
114
114
100
73
37
5
-14
-21
-1
20
43
69
100
122
126
107
52
1
-23
-22
-5
-16
-27
-18
-1
33
54
59
59
59
34
-19
-74
-121
-123
-95
-59
-47
-45
-33
12
48
66
56
37
19
-10
-46
-75
-75
-56
-30
-26
-16
11
32
50
51
53
45
36
7
-17
-19
-17
-4
-1
32
71
107
139
151
151
152
138
111
55
-3
-40
-54
-58
-44
-44
-11
23
62
84
94
101
77
47
11
7
-14
-29
-55
-50
-46
-34
-10
-2
19
53
68
65
41
-2
-46
-72
-84
-78
-60
-48
-37
-27
-13
5
7
-25
-56
-68
-75
-75
-89
-94
-94
-75
-58
-49
-28
-14
15
15
28
15
-4
-35
-54
-81
-101
-102
-91
-61
-32
4
21
11
-16
-45
-79
-66
-56
-39
-33
-11
-7
-5
-11
-10
-12
-25
-38
-53
-68
-72
-62
-57
-39
-50
-63
-68
-37
-2
19
36
49
43
29
10
5
-9
-12
-11
-3
11
13
22
6
-6
-1
-8
-2
22
37
43
19
-17
-44
-32
-8
29
47
65
70
60
56
36
35
27
25
14
-4
-13
2
29
41
44
49
37
39
39
55
59
50
38
21
6
5
6
12
13
19
8
-7
-3
1
13
13
-6
-39
-50
-50
-39
-21
-4
11
-4
-19
-33
-39
-48
-49
-42
-32
-32
-50
-67
-72
-59
-41
-23
-13
-5
-10
-25
-37
-46
-57
-61
-61
-71
-81
-87
-88
-76
-65
-44
-30
-14
-18
-40
-78
-104
-100
-73
-29
1
13
4
-24
-60
-110
-116
-103
-78
-55
-46
-34
-34
-39
-32
-41
-43
-37
-27
-13
-11
-20
-17
-36
-29
-35
-30
-36
-39
-38
-27
-19
-10
-9
-24
-28
-48
-64
-99
-106
-121
-106
-111
-108
-116
-91
-85
-80
-76
-51
-37
-51
-38
-37
-20
-25
-30
-33
-17
13
40
36
39
24
5
-8
-21
-36
-60
-54
-44
-32
-20
-5
-5
-29
-56
-81
-90
-94
-82
-81
-82
-82
-78
-69
-56
-51
-39
-51
-32
-34
-39
-44
-49
-61
-75
-93
-93
-81
-51
-8
10
6
7
-13
-16
-44
-46
-52
-19
7
21
3
-33
-44
-29
-5
9
3
-3
-5
1
-9
-26
-45
-63
-79
-76
-73
-55
-40
-21
-10
-14
-16
-38
-55
-75
-84
-93
-94
-90
-83
-62
-46
-23
-27
-43
-50
-56
-47
-26
-14
-22
-41
-60
-71
-79
-95
-86
-64
-48
-38
-57
-82
-95
-101
-94
-87
-70
-69
-77
-91
-90
-90
-69
-48
-30
-31
-51
-61
-74
-68
-69
-72
-89
-90
-90
-92
-81
-58
-35
-16
-6
-4
-9
-33
-40
-35
-20
4
2
8
19
23
19
3
9
29
40
52
50
47
33
33
20
3
-14
-15
2
26
62
81
81
73
67
46
31
10
7
2
-7
-3
-2
5
32
44
56
58
66
41
12
-8
-13
-8
4
37
63
73
70
55
35
26
27
13
12
16
26
37
46
56
76
104
111
112
78
49
21
7
-21
-26
-33
-16
17
50
89
118
131
120
72
25
-37
-80
-103
-94
-58
-23
25
55
71
77
91
97
91
66
30
-13
-52
-73
-105
-98
-84
-55
-34
-42
-31
-18
19
53
59
52
15
-4
-36
-67
-100
-125
-145
-119
-77
-22
28
56
56
26
6
-6
-11
-17
-34
-57
-76
-55
-34
-10
-20
-16
-17
-4
11
9
2
-10
-16
-39
-41
-30
-11
8
15
14
20
39
62
96
108
109
105
84
81
73
50
14
-6
-21
-9
4
14
37
46
57
45
18
13
13
11
-8
-31
-48
-58
-40
-23
-8
-23
-46
-56
-59
-51
-49
-46
-49
-38
-31
-22
-28
-26
-29
-34
-17
-14
-12
-27
-26
-40
-47
-29
-23
0
10
15
24
31
20
-2
-28
-52
-37
-27
-8
0
6
8
18
19
8
5
2
14
6
2
-7
4
24
41
35
12
4
12
7
-7
-2
-6
-3
1
-19
-29
-35
-51
-55
-58
-32
-6
-17
-87
-89
-73
-69
-51
-48
-51
-47
-30
-6
12
7
-9
-30
-42
-27
-8
-3
-14
-20
-29
-10
13
31
26
6
-25
-52
-67
-56
-40
-12
4
21
25
4
-8
-17
-23
-24
-20
-27
-24
-23
-36
-54
-76
-89
-108
-105
-82
-47
-40
-51
-76
-104
-106
-93
-72
-60
-50
-49
-80
-110
-136
-130
-105
-80
-66
-67
-63
-45
-13
14
27
8
-23
-57
-77
-99
-121
-137
-158
-173
-180
-176
-169
-168
-139
-106
-62
-37
-26
-48
-70
-66
-51
-41
-48
-80
-115
-151
-165
-173
-176
-163
-136
-96
-55
-28
-16
-17
-32
-49
-76
-94
-106
-116
-121
-125
-123
-123
-139
-150
-155
-124
-89
-57
-34
-31
-28
-28
-30
-46
-68
-103
-132
-144
-144
-138
-147
-134
-136
-131
-125
-114
-96
-81
-61
-61
-70
-87
-98
-99
-103
-100
-107
-110
-109
-100
-91
-83
-70
-72
-83
-90
-87
-86
-89
-93
-101
-125
-141
-158
-168
-159
-131
-95
-68
-52
-51
-66
-76
-87
-89
-100
-101
-100
-110
-115
-112
-92
-65
-29
-3
9
13
9
-8
-36
-44
-45
-36
-26
-16
-8
-5
5
-6
-28
-57
-63
-59
-50
-38
-41
-39
-27
-5
21
39
58
56
53
57
60
45
18
7
11
24
27
24
7
-4
7
24
37
36
37
37
48
56
46
21
0
-14
-23
-17
-14
-1
1
7
9
12
32
49
64
59
59
49
44
30
16
9
6
12
22
19
29
38
41
43
55
69
79
79
77
67
57
47
28
2
-28
-28
-15
13
35
35
19
3
-8
-8
-2
21
39
49
49
52
45
53
61
66
81
96
122
120
115
85
51
8
-13
-12
-5
-1
-2
-3
-11
8
19
18
0
-25
-50
-57
-61
-54
-56
-54
-32
-5
24
42
40
45
52
56
40
7
-9
-11
-9
2
9
8
14
24
25
24
29
47
58
62
56
51
47
46
48
42
48
53
71
94
115
123
104
82
57
40
20
3
1
-14
-22
-13
-1
12
29
42
48
45
51
50
44
54
56
54
40
41
40
36
40
45
67
83
85
57
21
11
17
34
46
51
45
43
46
47
31
23
32
55
74
81
59
25
-12
-3
9
32
40
37
28
30
33
24
11
-5
-25
-38
-45
-42
-54
-62
-67
-57
-44
-31
-18
-16
8
28
41
28
32
35
46
55
39
28
9
14
19
16
8
-2
0
22
64
85
66
17
-21
-34
-29
-22
-32
-47
-46
-6
38
68
63
33
-1
-19
-25
-46
-67
-98
-98
-75
-37
12
29
37
32
6
-23
-61
-77
-91
-90
-80
-75
-64
-47
-30
-23
-21
-18
-30
-52
-57
-56
-42
-42
-70
-109
-135
-125
-91
-60
-46
-31
-26
-23
-20
-28
-34
-42
-52
-58
-58
-50
-53
-61
-67
-68
-79
-102
-102
-106
-96
-86
-77
-66
-64
-57
-43
-28
-13
-1
-28
-52
-78
-77
-81
-80
-76
-77
-62
-50
-40
-38
-31
-29
-30
-21
-12
2
-5
-10
-7
4
25
40
40
29
9
-14
-50
-72
-88
-86
-75
-54
-36
-28
-33
-23
-16
-7
10
16
0
-18
-39
-50
-62
-72
-83
-84
-63
-36
-30
-27
-34
-43
-44
-37
1
9
6
-14
-45
-44
-42
-42
-51
-64
-78
-78
-65
-44
-15
-11
-21
-34
-50
-55
-42
-30
-30
-38
-54
-69
-75
-64
-46
-30
-14
-4
-3
-11
-13
-11
1
2
8
-1
-11
-7
-7
-8
-10
-6
-1
20
39
38
10
-6
-17
-18
-28
-51
-69
-66
-45
-7
9
4
-7
-9
-3
12
32
45
62
89
103
109
111
113
105
105
106
108
94
62
28
6
-1
16
14
5
4
13
30
45
47
41
23
24
19
5
-7
-10
-10
1
23
34
37
35
31
32
32
28
6
-27
-46
-59
-75
-101
-125
-139
-131
-99
-61
-46
-34
-22
-6
10
10
-6
-46
-71
-72
-70
-72
-91
-102
-109
-89
-52
-21
-15
-15
-30
-39
-36
-17
-2
6
18
16
22
0
-22
-53
-87
-87
-75
-65
-56
-63
-74
-93
-77
-50
-12
7
23
22
12
-2
-20
-22
-1
27
28
10
-14
-26
-35
-31
-27
-30
-45
-52
-70
-62
-56
-43
-39
-31
-36
-41
-58
-73
-79
-77
-71
-71
-83
-97
-104
-105
-115
-103
-80
-65
-57
-49
-39
-31
-32
-31
-37
-46
-58
-73
-94
-90
-63
-18
19
52
63
60
54
62
57
33
-4
-43
-59
-54
-39
-39
-55
-59
-52
-37
-42
-59
-89
-105
-100
-91
-71
-36
13
50
59
46
27
11
6
10
-5
-40
-70
-84
-69
-29
7
5
-3
-21
-27
-27
-24
-28
-44
-51
-38
-18
4
6
-7
-33
-48
-44
-51
-59
-59
-62
-64
-64
-62
-56
-44
-22
-9
-8
-30
-47
-65
-66
-50
-33
-25
-18
-16
-7
5
8
2
-13
-35
-45
-48
-34
-14
-5
-22
-41
-38
-27
-7
-13
-43
-80
-99
-82
-59
-30
-12
-10
-23
-27
-38
-46
-49
-29
3
29
33
11
-26
-58
-69
-55
-28
5
37
57
60
45
5
-41
-63
-62
-43
-16
-10
-26
-56
-56
-42
-19
-9
-7
-17
-15
-7
-7
-29
-73
-107
-117
-82
-34
6
15
8
23
46
65
56
12
-41
-70
-75
-72
-81
-102
-119
-118
-87
-57
-44
-64
-59
-42
5
40
56
51
50
56
46
13
-22
-65
-87
-99
-94
-75
-68
-58
-57
-56
-46
-38
-38
-47
-39
-30
-25
-45
-77
-111
-120
-108
-93
-86
-93
-85
-82
-64
-43
-25
-27
-31
-37
-47
-44
-46
-64
-79
-87
-78
-77
-80
-85
-71
-36
-3
12
-18
-54
-61
-60
-63
-74
-101
-126
-131
-111
-73
-39
-15
-19
-30
-43
-49
-59
-67
-61
-49
-31
-26
-27
-23
-18
-3
1
-8
-12
-3
11
19
14
-7
-35
-57
-59
-51
-27
-13
-9
-12
-14
-2
-6
-13
-28
-60
-82
-90
-74
-56
-28
-11
-11
-21
-44
-55
-65
-66
-59
-49
-43
-34
-22
-14
-3
-3
-4
-30
-35
-37
-37
-41
-51
-67
-83
-74
-57
-37
-22
-26
-55
-82
-88
-78
-76
-90
-103
-110
-85
-50
-20
-20
-45
-71
-79
-72
-57
-49
-57
-53
-38
-32
-19
-15
-22
-24
-32
-14
-18
-31
-67
-102
-117
-95
-54
-24
4
26
47
55
52
32
3
-11
-10
2
-1
-9
-22
-35
-31
-23
-16
-15
-1
13
23
27
19
0
-25
-29
-33
-33
-44
-44
-39
-36
-30
-26
-15
-3
8
-3
-16
-45
-62
-64
-47
-23
-29
-34
-21
17
39
37
3
-37
-64
-66
-49
-47
-53
-56
-56
-32
-8
1
-11
-25
-9
15
31
24
-8
-44
-62
-63
-58
-66
-76
-91
-92
-80
-61
-52
-50
-51
-36
-33
-11
-9
-7
5
25
35
26
4
-19
-27
-9
27
49
45
32
13
3
-4
-7
-26
-36
-43
-41
-30
-14
12
28
47
50
39
18
1
11
24
42
51
42
16
4
8
19
30
21
-4
-40
-42
-25
-3
17
10
9
8
24
29
26
18
2
-4
-21
-19
-28
-40
-47
-48
-48
-57
-50
-48
-38
-33
-33
-38
-52
-56
-40
-10
30
62
62
56
55
60
66
67
71
53
31
14
6
13
27
49
48
42
31
18
11
5
8
-12
-41
-72
-76
-63
-28
-16
-13
-28
-33
-30
-28
-9
-10
-15
-21
-12
-4
11
37
58
66
58
36
13
-5
-9
-18
-33
-59
-92
-106
-102
-59
-19
1
-1
-10
-20
-13
-5
0
-6
-17
-26
-24
-19
-2
1
-7
-5
17
26
35
21
-2
-36
-54
-51
-50
-42
-48
-47
-51
-37
-25
-29
-29
-11
3
7
-5
-26
-43
-48
-45
-43
-49
-53
-61
-71
-71
-65
-62
-62
-45
-40
-12
-12
-24
-34
-47
-37
-32
-35
-54
-64
-74
-77
-62
-50
-42
-37
-37
-26
-11
4
3
-10
-19
-31
-47
-68
-80
-89
-101
-110
-112
-125
-123
-120
-101
-77
-44
-13
-4
8
11
15
-8
-34
-78
-120
-141
-148
-138
-128
-120
-109
-97
-78
-51
-37
-39
-34
-43
-58
-76
-91
-90
-89
-71
-64
-66
-73
-77
-70
-58
-38
-38
-53
-70
-76
-75
-77
-76
-81
-63
-54
-33
-28
-22
-13
-17
-44
-81
-114
-128
-114
-81
-68
-72
-88
-101
-101
-82
-56
-38
-27
-16
-5
6
13
7
-2
-47
-89
-130
-157
-163
-152
-131
-112
-74
-35
-4
-1
-16
-29
-51
-58
-80
-105
-124
-130
-135
-132
-110
-97
-75
-58
-30
-26
-30
-49
-63
-63
-55
-33
-25
-16
-5
-1
-3
-8
-18
-27
-33
-30
-31
-27
-24
-17
-26
-36
-48
-51
-41
-17
1
-13
-29
-46
-68
-79
-89
-79
-64
-34
-10
5
4
0
-7
-19
-34
-52
-65
-74
-62
-53
-47
-48
-42
-47
-57
-53
-62
-69
-72
-61
-55
-52
-56
-66
-72
-68
-50
-32
-25
-25
-33
-25
-22
-11
-16
-38
-33
-35
-43
-54
-54
-59
-45
-37
-17
-4
11
24
6
-9
-24
-29
-32
-19
-6
-7
-21
-31
-36
-36
-36
-37
-38
-38
-31
-34
-55
-75
-85
-82
-53
-20
-2
-3
2
7
24
45
53
33
-3
-32
-47
-50
-47
-39
-42
-39
-29
-19
0
1
-4
-4
-3
1
-13
-54
-80
-76
-58
-34
-21
-9
3
18
22
1
-21
-36
-35
-37
-41
-49
-59
-46
-17
14
23
22
3
-11
-23
-11
-14
-24
-38
-51
-55
-57
-53
-36
-20
14
36
37
27
20
14
24
33
32
27
18
14
18
29
50
55
40
9
-5
-13
-12
0
-4
-10
-16
-16
-22
-17
-17
-15
-21
-23
-28
-27
-30
-32
-29
-28
-28
-21
-20
-9
-5
-12
-41
-52
-35
0
33
51
42
24
19
18
11
-6
-42
-69
-75
-52
-16
1
0
10
20
32
44
32
20
5
15
14
-1
-16
-42
-55
-51
-34
-9
25
56
55
37
4
-4
-11
-9
-19
-45
-82
-113
-106
-94
-65
-41
-31
-30
-33
-33
-35
-32
-36
-35
-47
-51
-45
-34
-19
-8
-4
1
14
24
29
27
31
33
36
45
49
45
25
7
-13
-32
-32
-28
-2
31
62
68
49
40
35
40
44
34
28
25
27
32
33
24
17
-2
-21
-32
-43
-51
-58
-55
-40
-9
30
55
52
35
17
-1
-19
-36
-62
-80
-95
-97
-95
-72
-44
-7
11
13
12
12
27
46
54
41
26
7
-14
-22
-33
-49
-76
-94
-101
-99
-90
-80
-82
-94
-80
-54
-14
27
43
24
-15
-44
-72
-87
-106
-112
-103
-86
-61
-48
-42
-42
-40
-44
-42
-40
-33
-31
-20
-19
-26
-33
-35
-24
-19
-26
-34
-48
-41
-27
-5
-3
5
7
18
22
39
41
26
10
-12
-28
-33
-27
-13
3
18
20
7
-21
-47
-71
-77
-56
-56
-59
-77
-72
-55
-43
-37
-43
-53
-52
-43
-51
-67
-66
-53
-19
15
27
-2
-38
-58
-64
-46
-25
-5
-10
-25
-54
-70
-77
-69
-48
-33
-19
-16
-20
-41
-51
-69
-75
-88
-93
-94
-90
-77
-52
-38
-36
-50
-70
-89
-91
-83
-87
-88
-73
-47
-14
11
19
28
46
59
56
25
0
-20
-27
-22
-8
-10
-25
-34
-40
-29
-17
-8
-20
-28
-29
-30
-35
-48
-41
-40
-20
-17
-25
-39
-42
-36
-43
-41
-37
-24
-11
-5
1
-10
-17
-28
-50
-69
-84
-80
-60
-19
15
36
38
21
-1
-40
-72
-95
-103
-98
-76
-46
-4
27
50
63
57
57
34
6
-17
-31
-37
-42
-38
-33
-24
-6
3
6
8
26
45
47
30
5
-22
-40
-40
-35
-34
-26
-10
1
9
11
5
-9
-19
-21
-10
8
14
8
-22
-33
-38
-26
-14
-9
-7
-10
4
18
25
20
23
12
-11
-35
-66
-84
-86
-63
-35
-23
-8
-2
7
23
30
28
16
-2
-12
-31
-55
-79
-110
-122
-102
-60
-17
13
28
9
-22
-56
-82
-87
-73
-38
2
38
54
40
5
-27
-37
-38
-44
-59
-96
-133
-149
-133
-102
-61
-22
7
25
40
32
-1
-42
-85
-110
-125
-126
-127
-125
-104
-69
-27
-17
-18
-35
-58
-66
-69
-71
-81
-91
-102
-107
-99
-69
-45
-19
6
12
13
6
-3
-24
-44
-41
-27
-13
-5
-11
-32
-35
-15
12
39
48
56
47
38
25
2
-35
-65
-88
-102
-114
-118
-112
-97
-66
-25
11
41
48
40
23
18
14
1
-22
-51
-86
-122
-140
-152
-149
-130
-95
-65
-48
-24
-8
-1
-18
-38
-72
-90
-96
-83
-79
-70
-66
-60
-26
15
59
68
48
14
-30
-59
-85
-105
-113
-111
-83
-65
-40
-17
-4
5
0
6
-7
-16
-33
-41
-52
-62
-59
-63
-59
-41
-27
-28
-29
-32
-24
-5
0
-18
-50
-59
-42
-11
14
27
24
7
-1
-19
-34
-50
-64
-76
-74
-63
-50
-37
-28
-10
7
16
19
6
-17
-31
-32
-32
-26
-30
-30
-33
-36
-30
-42
-45
-39
-25
-12
-9
-7
-15
-1
18
41
54
62
58
46
36
28
21
6
-2
4
11
20
19
14
-4
-7
-14
-16
-19
-9
-6
-15
-18
-26
-20
-11
3
7
-1
-27
-73
-112
-138
-133
-125
-102
-74
-53
-42
-31
-30
-46
-56
-58
-53
-48
-47
-35
-25
-17
-12
-14
-15
-14
-2
-3
-9
-27
-42
-53
-54
-42
-35
-30
-21
-14
-5
9
13
8
-15
-27
-47
-57
-63
-66
-73
-60
-29
3
16
15
-18
-56
-84
-84
-67
-56
-43
-58
-72
-87
-90
-93
-79
-51
-31
-19
-14
-11
-15
-20
-25
-34
-45
-50
-52
-58
-46
-34
-29
-35
-54
-53
-42
-25
-6
0
-2
-12
-15
-29
-32
-33
-31
-29
-20
-14
-27
-48
-57
-54
-35
-8
2
-5
-32
-53
-67
-83
-93
-111
-114
-94
-53
-21
-11
-7
-24
-36
-55
-56
-54
-41
-20
-10
-5
-14
-20
-26
-29
-12
1
-1
-17
-38
-63
-74
-67
-70
-79
-92
-90
-79
-61
-54
-60
-62
-50
-31
-17
-13
-16
-19
-33
-42
-40
-42
-40
-43
-46
-50
-42
-38
-35
-28
-19
-18
-17
-18
-29
-40
-38
-21
-8
-18
-29
-28
-17
2
1
3
-2
20
27
17
-8
-26
-34
-27
-6
8
3
-5
-11
-19
-22
-27
-48
-53
-48
-24
-11
-10
-22
-32
-39
-30
-5
2
-12
-24
-37
-39
-38
-42
-72
-105
-118
-108
-83
-58
-46
-32
-15
11
29
36
50
66
59
42
15
-12
-32
-25
-11
-1
6
3
-6
-5
7
17
22
6
-8
-29
-40
-43
-43
-35
-29
-11
1
17
22
22
3
-21
-36
-54
-49
-38
-37
-40
-45
-37
-27
1
13
18
5
-14
-17
-18
-6
6
15
16
19
17
17
8
-17
-45
-70
-79
-69
-64
-62
-55
-53
-54
-40
-35
-48
-69
-86
-80
-79
-63
-59
-56
-45
-23
-13
-9
6
30
69
83
76
30
-19
-59
-64
-45
-21
-3
-20
-40
-58
-54
-37
-15
7
-2
-14
-12
6
34
54
57
35
13
-2
-12
-23
-40
-45
-60
-59
-47
-39
-39
-35
-37
-41
-54
-54
-47
-36
-26
-35
-47
-46
-28
-7
-17
-32
-59
-74
-66
-48
-30
-22
-9
-2
-1
-11
-17
-51
-79
-86
-77
-60
-29
9
42
63
71
64
46
37
25
11
-2
-24
-32
-47
-36
-11
7
23
42
68
92
108
102
57
-3
-57
-93
-101
-83
-56
-36
-24
-9
2
10
35
52
59
42
8
-23
-39
-26
-16
-32
-61
-89
-95
-83
-42
0
41
45
46
31
27
26
30
29
21
-7
-46
-69
-65
-41
-28
-32
-50
-67
-64
-31
8
21
8
-18
-30
-19
8
16
2
-29
-57
-75
-75
-56
-50
-60
-74
-85
-85
-69
-51
-34
-29
-19
-20
-31
-31
-41
-53
-65
-64
-67
-60
-62
-65
-54
-41
-14
-3
-24
-35
-45
-41
-41
-37
-46
-51
-61
-64
-69
-65
-51
-46
-45
-60
-67
-68
-53
-34
-30
-39
-49
-49
-44
-33
-19
-14
-9
-14
-21
-38
-56
-63
-73
-85
-98
-96
-93
-78
-55
-30
-23
-16
-25
-37
-37
-22
-3
2
-7
-23
-44
-59
-60
-52
-36
-14
3
11
9
2
-15
-35
-42
-30
-21
-18
-24
-46
-57
-48
-35
-38
-52
-65
-70
-67
-67
-74
-90
-93
-79
-67
-57
-50
-37
-17
-1
12
-2
-14
-16
-19
-20
-13
-6
-9
-22
-40
-60
-76
-76
-72
-62
-54
-42
-34
-18
-7
2
5
10
12
-1
-21
-31
-49
-74
-99
-105
-83
-64
-28
-6
8
10
7
2
2
16
21
23
7
-3
-30
-39
-27
-6
-1
-11
-31
-55
-66
-66
-62
-53
-40
-28
-37
-36
-32
-30
-36
-39
-39
-39
-39
-49
-55
-62
-55
-57
-62
-78
-89
-90
-87
-71
-66
-69
-67
-68
-63
-62
-45
-33
-26
-18
-12
-18
-33
-44
-54
-53
-43
-28
-22
-17
-15
-15
-18
-25
-13
-7
-1
6
9
20
28
46
44
43
33
12
-1
-10
-11
-15
-22
-13
-7
8
26
32
30
12
8
-7
-30
-59
-81
-89
-78
-44
-31
-15
-4
10
11
7
1
-2
-2
21
38
36
17
-1
-2
-2
7
0
-26
-53
-68
-68
-60
-43
-60
-76
-85
-56
-28
-22
-37
-62
-72
-69
-46
-32
-22
-6
8
19
21
5
-30
-57
-65
-55
-43
-49
-61
-83
-89
-68
-45
-26
-22
-26
-17
-9
7
8
-15
-35
-57
-79
-89
-93
-94
-90
-68
-32
-16
-21
-40
-50
-41
-17
-14
-30
-47
-45
-29
-19
-11
-16
-27
-27
-13
-15
-22
-43
-69
-89
-86
-75
-60
-52
-46
-42
-41
-44
-42
-51
-56
-42
-22
-8
-21
-48
-95
-129
-125
-111
-89
-71
-47
-9
30
53
47
3
-46
-82
-102
-93
-73
-53
-43
-26
-22
-32
-39
-48
-48
-52
-57
-76
-90
-95
-75
-54
-44
-49
-66
-86
-92
-81
-62
-41
-22
-2
11
21
15
-8
-46
-72
-86
-88
-72
-67
-69
-77
-71
-58
-45
-19
1
13
11
11
9
-7
-28
-47
-65
-64
-55
-55
-59
-68
-61
-41
-22
5
14
9
4
-17
-41
-70
-86
-83
-65
-36
-33
-48
-82
-105
-101
-82
-40
-20
-15
-4
2
3
-9
-20
-34
-44
-59
-71
-83
-86
-78
-60
-39
-24
1
12
18
25
26
21
15
16
19
42
68
80
58
20
-6
-20
-20
-8
-9
5
27
50
44
13
-40
-95
-123
-102
-62
-23
-8
-2
-1
2
-3
-21
-41
-52
-47
-35
-25
-23
-22
-30
-27
-17
-20
-37
-48
-52
-43
-34
-21
-23
-17
-11
-15
-14
-9
4
6
-3
-13
-20
-18
-12
-8
-34
-53
-53
-24
4
27
37
29
21
30
41
45
45
34
15
1
4
0
-13
-25
-38
-41
-33
-25
-23
-31
-37
-40
-26
-9
19
38
45
65
71
42
-12
-75
-133
-142
-117
-91
-74
-81
-78
-83
-80
-78
-83
-93
-99
-88
-74
-56
-50
-48
-48
-39
-25
-19
-32
-50
-83
-115
-119
-103
-70
-40
-18
-8
-18
-14
-15
-12
-19
-34
-47
-70
-76
-84
-83
-60
-29
9
33
49
48
38
28
30
33
26
29
20
27
34
60
82
93
92
72
43
23
26
27
28
29
33
31
29
26
6
0
-13
-29
-37
-54
-41
-40
-26
-20
-28
-39
-47
-38
-30
-17
-3
0
-1
0
-1
11
31
54
72
70
74
65
50
45
42
40
16
-4
-35
-70
-92
-88
-78
-51
-2
35
71
79
67
49
12
-10
-25
-29
-33
-26
-31
-37
-52
-82
-118
-127
-118
-92
-66
-56
-48
-42
-28
-3
2
-1
-12
-29
-23
-21
-12
-6
-11
-22
-37
-48
-49
-43
-47
-36
-28
-18
-25
-27
-27
-24
-24
-28
-31
-36
-10
1
13
13
1
-5
-27
-30
-34
-15
-4
0
-27
-35
-35
-6
1
-15
-43
-79
-99
-83
-63
-49
-47
-38
-25
-2
4
-2
-33
-71
-97
-115
-110
-96
-88
-91
-97
-107
-128
-125
-123
-115
-123
-127
-117
-101
-62
-28
-5
-22
-59
-103
-133
-136
-113
-92
-87
-83
-81
-69
-34
-6
2
-13
-34
-51
-58
-60
-63
-79
-101
-110
-106
-94
-79
-58
-39
-29
-17
-14
-19
-32
-47
-74
-81
-73
-68
-57
-51
-39
-41
-52
-54
-61
-59
-51
-39
-31
-28
-26
-33
-42
-36
-40
-51
-68
-77
-84
-86
-90
-109
-135
-145
-135
-99
-67
-35
-21
-27
-38
-28
-1
16
32
24
13
-10
-41
-84
-122
-126
-114
-94
-85
-85
-82
-64
-30
-7
-2
-9
-23
-29
-36
-41
-61
-82
-93
-81
-69
-67
-62
-72
-79
-71
-47
-28
-1
12
29
35
35
34
14
-1
-25
-51
-76
-87
-86
-89
-78
-84
-92
-89
-57
-6
40
68
74
60
33
13
-4
-27
-55
-81
-95
-90
-47
-2
28
45
57
65
69
74
51
22
-12
-32
-53
-65
-71
-80
-81
-72
-46
-21
12
49
84
109
114
96
45
-13
-58
-86
-92
-85
-65
-60
-42
-19
16
42
58
56
34
8
-4
-12
-24
-30
-33
-31
-30
-27
-33
-55
-61
-64
-50
-38
-25
-16
-20
-19
-44
-66
-85
-77
-58
-37
-9
2
10
8
1
-9
-23
-32
-47
-54
-50
-30
-23
-19
-21
-47
-73
-89
-85
-74
-45
-30
-27
-42
-62
-73
-81
-78
-58
-31
-25
-23
-37
-60
-68
-62
-53
-58
-57
-60
-57
-39
-25
-17
-23
-16
-19
-9
-5
-9
-22
-50
-74
-92
-90
-63
-37
-36
-59
-74
-66
-44
-24
-27
-41
-60
-60
-60
-57
-56
-45
-33
-13
15
44
60
59
46
19
16
25
30
34
24
30
30
24
23
11
-1
-3
-1
-1
-5
-25
-41
-47
-27
-5
-1
-12
-27
-40
-57
-55
-60
-53
-53
-43
-31
-24
-15
-9
-3
-9
-18
-40
-51
-60
-63
-73
-83
-95
-127
-130
-102
-53
-6
9
7
-13
-36
-39
-37
-29
-9
1
-1
-2
-10
-18
-31
-50
-59
-75
-86
-90
-83
-68
-31
1
12
2
-16
-27
-17
0
17
12
5
9
7
4
12
16
14
-8
-28
-32
-38
-24
-31
-42
-48
-40
-36
-29
-17
-8
6
22
42
46
44
40
38
26
15
9
-6
-11
-27
-39
-45
-41
-28
-29
-30
-32
-43
-56
-60
-43
-17
-4
10
5
-3
-21
-22
-15
9
32
37
18
7
7
