30
19
-3
-14
-12
-5
10
20
19
1
-6
-16
-18
-15
-4
-7
5
10
0
-11
-23
-42
-52
-62
-52
-42
-44
-43
-43
-47
-44
-60
-80
-73
-58
-41
-40
-48
-44
-37
-25
-14
-15
-28
-30
-21
-16
-4
3
7
4
22
23
27
20
16
9
-12
-20
-37
-57
-74
-78
-71
-66
-61
-60
-55
-46
-30
-19
-5
7
10
-4
-27
-36
-29
-19
3
0
-1
-4
8
11
16
7
4
2
1
0
-9
-16
-19
-16
-6
6
11
14
18
22
20
6
-1
5
14
12
23
27
34
27
22
1
6
15
29
35
46
41
35
27
18
17
9
21
20
19
15
14
9
5
19
25
30
22
30
26
31
35
35
35
26
23
17
7
7
1
-8
-3
11
21
37
37
15
-7
-26
-19
-17
-15
-19
-19
-30
-38
-38
-32
-37
-22
4
17
28
30
11
-8
-28
-39
-47
-51
-49
-35
-28
-21
-6
7
0
-11
-19
-24
-14
-1
0
-2
8
3
-6
-20
-28
-29
-23
-7
3
5
2
-2
-19
-37
-50
-52
-43
-21
5
16
15
15
8
2
-5
-13
-26
-28
-15
-11
-4
2
9
7
15
23
32
20
-6
-22
-36
-37
-34
-26
-19
2
14
19
17
16
7
-5
-12
-24
-32
-31
-18
-20
-19
-6
-1
1
-4
-2
3
11
16
5
-3
-12
-2
3
14
27
28
18
-6
-21
-35
-36
-23
-14
5
12
17
0
-4
-10
2
14
28
43
22
1
-18
-17
-11
16
29
35
25
25
19
19
25
27
27
23
25
18
6
16
28
35
22
13
0
-3
-1
0
2
18
40
59
56
44
27
14
10
24
21
12
4
-4
-4
-1
13
17
19
21
4
-7
-11
1
8
16
11
16
10
-2
-5
-12
-10
-12
-26
-37
-36
-23
-23
-23
-19
0
14
37
38
35
21
26
21
6
-3
-15
-14
0
16
25
27
30
22
16
12
15
28
33
31
22
7
6
6
16
18
15
3
-21
-50
-60
-72
-65
-44
-17
2
7
3
-12
-18
-24
-29
-36
-36
-20
-8
-3
7
10
10
6
-1
-9
-11
-14
-27
-34
-35
-31
-14
14
46
69
65
71
60
46
20
8
5
13
17
11
-5
-23
-25
-12
6
29
31
30
21
28
22
29
38
39
38
30
30
8
0
-14
-27
-39
-51
-41
-42
-42
-45
-51
-57
-64
-57
-48
-30
-12
-3
-3
-18
-17
-16
-11
-4
-8
-13
-6
-3
-5
1
6
10
3
-1
0
-6
1
6
10
-2
4
-5
-8
-6
-4
-7
-5
-6
-4
-7
-8
2
4
3
5
12
17
18
9
-5
-9
-14
-15
-28
-30
-31
-35
-33
-18
-8
-7
-3
-1
9
18
19
12
-4
-6
4
17
19
16
10
4
1
4
1
1
7
8
-2
-3
-10
-9
-3
-5
-10
-18
-14
-2
4
6
15
10
-6
-20
-38
-39
-27
-3
15
24
11
-7
-31
-34
-22
-18
-6
-2
-3
-26
-46
-46
-42
-21
1
16
14
-1
-23
-35
-40
-22
-1
16
21
12
-13
-21
-16
-5
-5
6
12
24
24
34
31
14
0
-6
-2
8
11
-13
-26
-25
-25
-24
-21
4
32
60
78
71
57
39
39
36
29
21
10
0
-4
-1
-2
-1
6
-5
-11
-13
-1
4
15
18
9
-5
-24
-27
-32
-35
-30
-24
-20
-22
-38
-55
-64
-60
-66
-67
-57
-48
-43
-46
-57
-63
-77
-75
-65
-47
-27
-11
-6
-22
-38
-61
-86
-98
-94
-83
-83
-65
-61
-46
-34
-24
-22
-26
-34
-42
-50
-54
-52
-50
-50
-44
-42
-35
-22
-6
-11
-12
-16
-18
-32
-49
-49
-50
-35
-9
12
18
17
6
-15
-30
-32
-20
-10
3
-1
-10
-19
-12
-6
-16
-19
-35
-41
-47
-48
-46
-37
-22
-24
-30
-39
-40
-41
-46
-41
-34
-33
-27
-21
-16
-20
-11
-20
-20
-29
-25
-33
-38
-35
-38
-34
-37
-28
-33
-34
-36
-29
-28
-26
-17
-15
-4
9
12
4
-3
-8
-8
-8
10
18
22
13
-2
-16
-21
-15
-6
-6
3
10
26
37
47
39
21
11
1
-3
4
15
22
23
18
12
12
8
8
-14
-44
-61
-67
-49
-29
-16
-16
-15
-18
-26
-36
-35
-12
-3
1
-1
-16
-35
-41
-39
-30
-17
-9
-7
-7
0
2
-10
-15
-9
13
21
22
6
-21
-35
-41
-36
-37
-35
-41
-42
-26
-5
20
25
24
11
9
8
23
28
30
37
42
43
35
37
36
47
54
49
34
18
4
-8
-25
-21
-15
-12
-13
-14
-15
-16
-10
-4
-7
-4
-6
-2
5
10
8
3
2
8
12
9
8
0
-17
-14
-9
1
0
0
2
-2
8
16
25
43
53
56
46
42
35
33
29
37
29
16
9
5
8
11
13
21
14
23
20
14
14
23
25
30
26
19
5
-4
0
-3
0
5
0
-7
-15
-15
-17
-11
-8
-16
-32
-31
-29
-34
-31
-26
-21
-25
-17
-6
2
5
1
5
-1
5
2
-3
-11
-11
-14
-19
-8
4
13
14
8
-2
-15
-21
-29
-35
-37
-33
-40
-35
-15
2
7
13
11
8
6
16
23
28
20
16
2
-3
10
16
10
-6
-12
-19
-7
12
23
36
45
48
29
6
-4
-9
-9
-12
-9
-1
4
11
12
1
2
-1
-3
-3
-10
-8
-18
-11
-14
-20
-16
-7
8
3
-6
-12
-20
-12
-9
-11
-8
3
10
16
20
25
22
24
26
22
11
1
7
-2
-2
-6
-2
2
-6
2
-5
0
-4
-10
-22
-35
-32
-32
-32
-31
-37
-45
-43
-40
-45
-44
-38
-20
-4
10
6
-8
-22
-28
-18
-11
9
21
30
26
23
0
-32
-30
-33
-29
-33
-36
-42
-41
-33
-37
-28
-27
-11
-11
-11
-10
-12
-24
-40
-36
-42
-22
-8
11
19
10
20
15
29
38
37
32
27
33
27
33
32
36
27
27
25
20
23
32
28
18
14
12
8
11
10
7
-2
-7
-18
-33
-38
-25
-6
10
30
34
28
25
22
27
25
31
30
27
19
29
30
36
36
23
7
-6
-4
-4
-5
-3
-9
-6
3
12
2
-11
-23
-32
-36
-30
-13
-5
-3
-4
-12
-11
-15
-10
-9
0
13
21
9
2
-4
-10
-10
2
13
24
31
28
18
16
6
5
0
15
5
-1
-17
-31
-42
-39
-21
-7
-4
-14
-27
-38
-36
-28
-24
-17
-18
-2
-6
-4
3
3
10
11
8
-1
-7
-4
-5
4
13
26
16
8
-5
-15
-32
-32
-18
-1
18
25
22
15
6
13
2
-4
0
14
23
29
22
6
-8
-10
-12
-15
-9
5
29
46
51
40
29
25
23
14
6
15
19
19
16
10
2
5
8
-5
-24
-38
-43
-33
-15
3
5
3
-6
-3
-16
-13
-10
-8
1
15
21
3
-17
-42
-56
-59
-38
-35
-29
-31
-27
-27
-29
-23
-16
-6
13
28
18
19
6
5
-1
12
27
37
43
47
40
36
35
28
19
20
27
25
7
6
2
1
2
2
-3
-2
7
7
-1
-21
-21
-26
-22
-34
-32
-28
-28
-21
-28
-25
-20
-17
-11
-14
-14
-32
-39
-44
-40
-54
-48
-40
-24
-14
-17
-24
-40
-49
-53
-57
-43
-33
-28
-47
-54
-59
-62
-58
-49
-45
-45
-36
-30
-31
-33
-29
-28
-18
-7
-15
-25
-40
-41
-51
-60
-58
-58
-63
-58
-53
-49
-47
-39
-26
-18
-16
-4
-11
1
2
-5
-4
-11
-9
-14
-13
-13
-13
-24
-39
-57
-80
-91
-84
-63
-46
-38
-42
-45
-37
-32
-28
-37
-30
-39
-48
-52
-47
-32
-24
-16
-12
-18
-23
-24
-20
-27
-19
-14
-5
7
20
22
20
22
17
21
30
35
18
1
-12
-9
-5
-3
-1
-10
-7
-9
-10
-9
-12
-15
-23
-25
-23
-17
-7
4
15
14
6
-2
-1
-11
-12
-22
-28
-11
11
30
25
22
10
-9
-14
-6
6
15
21
18
20
11
17
20
23
46
50
39
22
11
3
3
13
16
17
8
14
6
8
11
13
17
25
30
30
28
24
22
29
30
40
23
17
7
4
3
-3
3
1
12
20
31
37
45
47
32
23
21
19
9
6
6
4
13
25
37
45
47
53
47
45
43
38
30
21
14
12
10
14
6
3
0
-16
-31
-41
-39
-33
-26
-14
-6
-32
-47
-53
-48
-36
-20
-6
-7
-11
-27
-37
-39
-30
-25
-24
-19
-11
-13
-4
4
12
3
-8
-10
0
10
10
12
-2
-7
-1
6
17
16
9
-4
0
2
1
-1
-4
-7
-15
-11
-16
-18
-24
-21
-22
-21
-3
0
6
12
12
10
0
-3
-9
-23
-29
-20
-11
12
28
41
37
23
-2
-13
-18
-15
-23
-32
-39
-21
-8
0
-4
-7
-9
6
20
18
18
11
15
5
9
14
20
29
29
27
11
7
2
-2
-11
-17
-23
-21
-7
-5
1
-3
9
17
12
15
11
1
8
4
-1
-5
-2
-9
-16
-27
-33
-35
-36
-33
-30
-25
-15
3
6
-2
-6
-7
-8
-3
-3
-11
-13
-8
-7
-11
-19
-23
-13
-5
14
24
23
21
19
7
2
2
4
9
21
21
26
24
27
27
19
20
17
17
19
24
16
-2
-14
-22
-18
-11
-1
10
7
22
22
25
20
17
16
13
24
31
32
26
22
20
19
16
-1
-20
-26
-30
-29
-35
-33
-28
-34
-33
-39
-40
-25
-5
6
6
3
6
-6
-16
-22
-35
-48
-54
-56
-45
-30
-12
-3
-18
-22
-38
-45
-40
-31
-23
-27
-32
-47
-42
-38
-28
-22
-32
-27
-30
-33
-30
-21
-11
-9
-11
-17
-17
-13
-3
-3
-7
-14
-23
-32
-39
-46
-50
-57
-38
-28
-16
-11
-11
-18
-15
-9
-2
-12
-19
-27
-34
-25
-8
-2
-6
-2
-1
-4
2
2
8
-5
-21
-45
-55
-51
-31
-7
-1
8
-1
-7
-18
-9
-13
-14
-6
-10
0
0
-2
-6
-23
-19
-22
-15
-14
-3
-5
9
14
15
-1
-33
-39
-46
-31
-19
-14
-18
-7
-3
0
14
19
28
18
5
-4
-24
-28
-20
0
31
63
75
66
45
28
22
22
36
38
30
20
21
30
21
22
3
-11
-28
-26
-18
-12
-3
-3
1
10
19
25
21
18
7
0
-12
-10
-5
0
13
8
4
-10
-13
-25
-24
-27
-27
-31
-31
-27
-32
-36
-35
-27
-26
-16
0
2
-3
-5
-4
-7
-11
-16
-10
-3
9
3
-3
-12
-21
-28
-38
-34
-29
-27
-13
-16
-20
-19
-12
-15
-19
-19
-14
-18
-15
-13
-17
-18
-6
-13
-20
-33
-42
-45
-39
-29
-22
-21
-30
-32
-49
-55
-52
-45
-42
-40
-33
-43
-41
-44
-42
-42
-37
-24
-20
-14
-5
-5
-19
-31
-34
-42
-42
-41
-38
-40
-36
-37
-33
-30
-26
-13
-7
1
-15
-32
-28
-7
14
11
7
-8
-11
-28
-36
-54
-65
-68
-65
-54
-36
-15
-3
-6
-10
-22
-24
-27
-17
-15
-13
-7
-19
-21
-29
-24
-39
-43
-47
-51
-55
-49
-30
-28
-23
-21
-10
-10
2
2
-4
-2
-1
-4
-5
-4
-4
-7
-13
-20
-7
5
33
42
32
24
16
21
19
22
14
1
-5
-1
-1
2
18
35
42
40
42
39
41
35
36
41
39
56
49
50
40
23
14
17
45
58
69
67
56
36
18
12
5
13
20
40
39
40
38
23
19
15
22
26
35
38
36
36
34
17
7
12
30
22
23
26
30
29
30
34
29
19
3
-4
-8
-2
-7
-19
-22
-12
1
3
6
-8
-14
-20
-11
-1
10
19
16
-3
-6
-15
-20
-27
-18
-16
-13
-19
-30
-29
-18
-8
4
-6
-17
-12
-25
-30
-20
-19
-19
-23
-24
-26
-24
-22
-21
-17
-16
-23
-28
-40
-31
-16
-20
-11
-22
-35
-35
-28
-22
-21
-14
-6
-4
-2
1
9
16
28
15
1
5
23
23
15
14
6
0
1
7
8
14
19
24
23
10
16
8
10
6
5
-5
-8
-4
-1
10
23
27
26
23
22
18
22
27
32
27
21
16
13
16
20
9
-1
-8
-18
-13
-17
-2
-1
-14
-19
-22
-17
-4
14
26
25
25
12
8
12
32
33
23
6
-3
-3
1
16
4
0
-2
0
5
6
9
11
9
-3
-18
-33
-33
-23
-22
-20
-14
-3
-16
-18
-13
-8
0
-9
-20
-29
-22
-3
6
18
30
20
13
1
-5
-15
-30
-36
-37
-43
-45
-47
-55
-53
-46
-42
-51
-59
-70
-75
-76
-65
-63
-59
-58
-59
-60
-61
-41
-35
-21
-11
-15
-25
-35
-25
-17
0
5
3
1
2
6
11
15
11
11
4
6
18
5
4
15
31
44
36
27
18
16
22
21
30
45
51
50
41
46
48
42
35
32
31
24
22
16
5
2
-12
-17
-18
-1
4
9
4
-11
-22
-25
-13
-15
-12
-1
9
12
20
22
16
11
8
14
-4
-22
-41
-55
-56
-43
-35
-28
-31
-34
-40
-36
-27
-17
-14
-15
-18
-35
-44
-52
-58
-56
-40
-27
-13
-10
-10
-6
-15
-16
-16
-28
-31
-30
-31
-35
-36
-41
-46
-60
-55
-54
-49
-37
-36
-37
-34
-31
-31
-38
-35
-36
-29
-18
-7
-19
-23
-25
-25
-22
-27
-22
-23
-23
-23
-31
-35
-32
-22
-30
-36
-47
-41
-37
-43
-43
-49
-37
-15
6
6
2
-5
-13
-23
-27
-22
-15
-4
-5
-9
-6
3
19
10
8
6
7
9
10
-1
-24
-39
-57
-69
-66
-50
-23
-3
13
-5
-39
-83
-95
-101
-81
-56
-31
-13
-1
7
13
7
1
-8
-13
-20
-16
-25
-22
-9
-1
-7
-11
-4
9
22
20
13
4
-4
-4
-6
-3
6
13
-1
-17
-24
-30
-24
-13
-5
1
1
17
22
36
37
30
24
33
34
23
10
-6
-15
-23
-7
-3
-1
-9
-9
-4
8
19
22
15
11
14
14
13
19
23
16
2
4
4
19
40
52
55
46
34
2
-3
-1
13
27
28
18
5
0
6
11
12
29
48
61
64
64
57
46
36
32
24
31
37
49
43
42
42
30
32
28
39
43
46
39
22
6
1
-9
-11
1
8
5
4
5
7
15
27
34
36
34
37
25
20
15
15
12
9
15
15
18
31
32
19
2
-7
-15
-22
-33
-40
-48
-47
-49
-43
-24
-6
8
-5
-17
-33
-48
-43
-36
-22
-24
-22
-17
-15
-8
-1
13
11
13
4
-10
-11
-1
-5
-8
-11
-9
4
11
13
13
5
11
11
8
-2
-8
-12
-18
-10
-3
-2
-8
5
9
26
32
34
25
15
23
11
9
0
-8
-14
-13
-3
-12
-10
-17
-14
-19
-15
-8
-13
-6
-1
2
-1
-10
-14
-21
-20
-12
-5
-11
-3
2
6
3
-6
-21
-34
-38
-36
-29
-29
-23
-23
-27
-13
-10
9
9
17
10
-1
10
8
11
2
-11
-19
-23
-23
-19
-24
-31
-28
-33
-23
-16
-9
-10
-3
5
4
-2
-7
-14
-23
-20
-24
-31
-37
-34
-30
-19
-12
-1
4
4
18
24
18
11
2
-7
-9
-11
-14
-26
-32
-43
-41
-32
-8
7
-1
-8
-29
-41
-45
-45
-54
-52
-54
-44
-44
-37
-23
-21
-14
-9
-12
-9
-11
7
6
10
18
23
23
15
18
9
4
-5
-8
-8
-18
-23
-40
-42
-43
-45
-62
-73
-73
-76
-77
-71
-67
-66
-62
-63
-56
-48
-39
-35
-46
-35
-25
-25
-14
-6
-5
2
6
4
-7
-20
-17
-17
-10
2
10
11
7
11
15
19
21
30
35
35
29
0
-20
-19
-9
0
-1
-7
-26
-38
-33
-25
-21
-20
-9
-8
-4
-17
-28
-41
-55
-57
-68
-57
-41
-23
-30
-28
-30
-26
-31
-37
-46
-61
-54
-44
-23
3
22
30
16
14
0
-11
-17
-16
-11
-17
-12
-21
-30
-28
-28
-29
-34
-26
-14
-4
-14
-15
-22
-17
4
6
10
-5
-3
-5
-15
-18
-19
-19
-15
-15
-22
-26
-41
-46
-49
-38
-28
-38
-44
-45
-37
-30
-21
-16
-27
-31
-27
-11
0
13
11
7
-5
-17
-23
-26
-9
0
7
-2
-11
-7
-6
5
4
5
2
-8
-11
-27
-25
-23
-8
7
18
12
-8
-21
-33
-45
-41
-20
-13
-4
-8
-12
-14
-8
11
17
19
13
14
17
22
31
23
15
10
3
-10
-17
-18
-9
10
32
43
27
10
-2
-23
-25
-16
-12
-7
-6
-1
9
20
28
23
14
7
5
0
11
22
29
20
20
13
12
7
8
5
4
8
2
-9
-23
-16
7
20
30
23
6
8
9
6
3
1
-1
-2
-3
11
8
1
-5
-18
-39
-47
-45
-35
-10
0
10
15
28
33
33
35
40
44
36
17
4
-6
0
5
9
-1
-11
-25
-36
-28
-8
12
14
17
13
25
30
42
44
31
28
16
14
2
10
18
31
43
41
28
17
15
8
10
17
21
21
19
24
16
19
14
7
2
-9
-13
-22
-25
-22
-28
-32
-41
-34
-38
-30
-25
-9
-12
-18
-25
-27
-16
1
9
-1
-5
-2
-13
-14
-16
-7
-8
-6
-16
-21
-24
-28
-37
-52
-46
-39
-30
-19
-13
-10
-15
-13
-13
-12
-8
-6
-8
-6
-3
-3
-14
-5
12
22
20
12
6
-8
-21
-11
-15
-3
7
11
13
12
10
0
-1
-8
-24
-40
-48
-38
-33
-14
10
27
25
13
-1
-18
-13
-6
7
1
-2
-10
-13
-15
-5
-3
-8
-6
-10
-9
-13
-14
-9
1
21
11
-3
-21
-26
-23
-19
3
14
13
9
7
5
5
11
15
13
14
22
15
4
-10
-17
-13
-16
-1
-11
-14
-8
0
12
20
23
16
11
1
-1
-5
2
8
-1
-6
-4
9
11
30
33
15
-4
-19
-24
-28
-28
-30
-25
-11
1
5
9
8
8
11
22
25
23
16
25
23
18
9
11
6
-3
-14
-18
-22
-23
-13
-20
-21
-28
-27
-19
-13
-7
-10
-11
-11
-23
-39
-42
-31
-25
-10
5
9
8
0
1
-3
-8
-2
6
1
3
1
1
0
14
23
23
17
13
13
22
24
21
16
23
25
21
31
45
58
52
35
11
-1
-7
5
0
-3
-5
-25
-35
-38
-25
-11
-3
4
0
-3
-15
-19
-33
-44
-52
-51
-53
-51
-53
-56
-56
-51
-49
-54
-63
-68
-81
-76
-49
-25
-1
-1
6
0
-5
-15
-17
-20
-7
-6
-2
0
-2
3
1
7
-4
-7
-13
-4
-4
-1
3
13
17
13
12
11
-1
-7
-9
-1
2
8
0
2
26
33
43
37
41
32
18
13
9
16
27
44
36
30
32
35
45
50
66
61
49
49
47
47
41
42
50
68
87
87
71
70
51
47
36
45
48
46
57
62
53
54
46
53
38
29
21
9
4
-1
-6
-17
-17
-33
-41
-49
-31
-17
1
17
24
25
22
24
10
-10
-26
-40
-43
-36
-11
-5
-2
-1
-12
-26
-49
-55
-73
-63
-50
-44
-34
-34
-20
-13
-4
6
2
-7
-9
-8
-17
-10
-4
11
5
0
-14
-33
-41
-35
-25
-17
-13
-20
-36
-58
-60
-63
-55
-42
-36
-48
-65
-81
-76
-72
-59
-66
-67
-66
-37
-23
-7
1
-2
-1
-4
-1
-2
-16
-34
-54
-59
-47
-19
-3
8
23
40
54
60
58
36
29
13
1
-21
-49
-58
-65
-46
-15
2
25
42
58
50
38
30
20
-3
-17
-28
-34
-38
-43
-36
-40
-31
-30
-36
-32
-27
-32
-38
-39
-42
-33
-22
-3
5
4
10
4
4
-10
-11
-23
-39
-57
-73
-90
-100
-106
-117
-111
-96
-76
-73
-80
-96
-111
-117
-105
-97
-86
-90
-83
-86
-77
-65
-53
-54
-68
-73
-84
-81
-81
-91
-104
-109
-98
-89
-71
-59
-45
-34
-20
-17
-40
-60
-66
-62
-52
-49
-52
-55
-53
-47
-42
-42
-32
-28
-33
-27
-32
-34
-43
-41
-39
-32
-29
-16
-17
-23
-33
-40
-36
-17
4
12
15
16
7
7
8
24
38
47
48
57
59
56
44
20
12
26
38
46
50
53
41
39
42
43
36
37
32
30
8
1
-3
0
11
24
27
31
32
31
22
24
14
2
-4
-5
-2
2
6
7
10
16
23
19
16
21
19
17
23
33
45
48
54
46
38
20
21
16
28
42
38
35
31
27
22
17
15
14
15
23
35
27
27
26
34
26
26
33
30
28
17
11
11
18
30
30
29
32
30
37
43
40
37
32
33
27
22
25
20
16
12
22
33
36
47
55
65
70
67
40
20
12
14
16
15
20
23
29
34
41
45
33
23
0
-1
13
19
11
5
11
17
19
25
30
20
21
13
2
7
19
31
46
58
64
58
45
32
20
11
21
26
19
5
3
-2
3
19
25
32
35
36
30
7
-6
-19
-20
-17
-10
0
0
19
25
26
17
10
0
-4
7
5
1
3
11
17
21
22
19
13
3
-6
-28
-44
-50
-52
-43
-28
-16
-14
-9
6
13
10
-5
-14
-29
-37
-41
-36
-31
-21
-10
-21
-21
-22
-21
-27
-34
-36
-35
-32
-24
-17
-15
-12
-3
6
14
16
11
-21
-32
-48
-52
-44
-36
-36
-38
-35
-39
-40
-44
-32
-27
-25
-33
-33
-35
-22
-9
-2
-3
6
8
2
2
8
2
3
-1
0
-9
-3
12
15
23
31
35
31
20
22
16
17
17
13
7
9
3
9
5
10
11
-1
-6
-15
-29
-24
-19
-18
-24
-22
-26
-21
-19
-7
0
-9
-8
-16
-25
-21
-8
4
0
8
1
-1
-3
-2
-10
-23
-29
-42
-48
-49
-44
-36
-32
-18
-13
-17
-18
-11
-13
-6
34
34
31
4
-15
-41
-53
-63
-49
-25
-2
11
-1
-35
-53
-54
-52
-48
-45
-38
-53
-62
-80
-70
-44
-26
-13
-12
5
22
12
-15
-54
-73
-86
-89
-78
-53
-11
16
50
64
79
81
55
31
27
24
19
11
0
-2
-15
-2
1
13
-4
-13
-26
-22
-21
-21
-29
-39
-39
-44
-46
-49
-58
-55
-32
-4
12
20
13
1
-18
-32
-34
-39
-47
-53
-54
-41
-31
-26
-41
-56
-38
-26
6
24
27
7
-19
-41
-26
-25
0
27
22
40
26
10
-12
-28
-19
-4
11
18
18
19
11
-6
-34
-44
-43
-27
-18
10
15
-5
-33
-46
-43
-34
-21
-22
1
25
51
78
72
57
26
2
0
33
47
58
48
29
0
-39
-73
-93
-76
-46
-10
21
51
71
80
79
72
60
40
25
20
4
5
8
4
-4
0
8
13
9
2
-9
-22
-29
-32
-29
-21
3
19
38
52
57
63
60
63
50
34
26
34
37
33
43
31
46
48
55
53
49
53
41
43
52
63
83
82
100
91
84
67
62
68
79
83
73
78
86
94
78
43
26
13
31
44
48
38
34
25
7
4
5
9
16
16
11
5
3
0
3
-6
4
3
4
6
16
29
33
17
1
-10
-15
-11
-30
-52
-57
-61
-57
-51
-40
-25
-6
0
-6
-26
-26
-26
-12
2
23
28
20
9
-11
-42
-46
-33
-16
-11
-5
-12
-9
-20
-24
-25
-17
-1
16
13
6
5
-9
-14
-7
10
15
9
19
31
47
63
51
47
46
47
48
32
49
57
90
87
95
100
110
111
87
60
48
64
77
65
50
34
28
25
18
-3
-16
-7
16
37
45
70
70
64
40
26
-1
-8
-14
5
26
57
50
38
18
11
2
-6
-25
-31
-33
-25
-22
-32
-30
-2
14
21
13
-1
-16
-9
3
21
17
17
9
6
-12
-36
-54
-71
-32
10
62
68
56
28
0
13
23
40
56
67
64
61
70
63
58
26
-3
-14
-12
10
49
58
70
64
57
54
44
34
22
17
3
-24
-47
-42
-26
-6
16
33
32
20
15
2
5
4
12
22
44
60
62
45
25
-1
-31
-49
-46
-46
-36
-29
-27
-16
3
27
34
28
23
32
47
46
44
17
10
6
5
-19
-24
-28
-11
7
13
22
5
7
7
9
13
8
-11
-29
-31
-10
4
9
20
30
41
35
31
20
29
38
46
43
46
32
21
7
9
14
11
13
19
26
48
54
60
45
42
17
13
0
17
12
9
25
42
51
44
39
38
53
62
74
60
41
24
30
49
61
46
25
11
19
15
9
-1
20
34
46
36
12
2
-3
-3
-5
-6
-6
-6
2
4
20
8
3
-2
3
22
59
84
91
104
88
73
57
57
85
124
161
178
183
167
147
113
104
110
120
111
80
65
74
106
130
129
98
64
29
-9
-28
-17
12
38
81
89
76
40
-17
-74
-116
-132
-106
-69
-43
-29
-41
-78
-116
-131
-144
-126
-121
-98
-79
-41
-16
-15
-41
-81
-95
-105
-107
-125
-148
-174
-142
-107
-56
-20
-41
-48
-56
-38
-23
-13
-16
-33
-43
-51
-38
-32
-26
-21
-29
-41
-69
-74
-78
-45
-28
-30
-64
-66
-53
-23
-14
-11
-1
3
-1
-8
-33
-52
-60
-73
-67
-45
-26
-13
-13
4
-6
-6
-20
-25
-34
-22
-5
5
-3
11
22
28
25
16
10
-5
0
-1
21
32
56
72
71
61
30
0
-4
8
25
32
26
1
-17
-26
-15
-27
-27
-23
-26
-35
-53
-42
-41
-28
-38
-61
-87
-101
-104
-98
-84
-66
-55
-46
-42
-47
-47
-37
-10
14
5
-16
-17
-21
-18
-23
-33
-28
-13
-8
-9
-12
-1
6
20
19
8
-11
-25
-15
7
16
20
9
-21
-51
-57
-56
-40
-34
-35
-22
-13
-16
-19
-29
-18
-24
-16
-9
3
-15
-43
-60
-79
-76
-80
-60
-52
-20
5
10
-6
-7
-13
-19
-30
-36
-16
-19
-16
-10
-7
-5
-4
-21
-30
-18
-14
-4
-15
-22
-20
4
16
28
23
9
28
26
16
1
-31
-45
-37
-19
6
24
40
50
46
39
28
15
-9
1
-9
-8
-23
-26
-25
6
28
38
27
17
27
27
62
93
117
107
108
94
94
78
82
78
86
98
106
112
107
89
76
59
58
49
41
35
49
60
63
50
43
43
47
56
46
29
10
-2
-12
-9
7
30
38
49
39
24
19
32
38
41
38
35
22
13
7
6
7
25
32
40
12
12
2
26
34
40
37
32
32
19
8
21
32
38
29
36
52
83
108
123
97
82
49
25
9
-5
-20
-20
-7
6
0
-2
0
-1
13
17
15
1
-9
-7
-5
-7
3
6
17
4
0
-8
-19
-35
-59
-71
-64
-49
-36
-36
-33
-25
-16
-1
3
-13
-20
-30
-27
-35
-46
-53
-82
-80
-69
-49
-40
-41
-45
-40
-34
-10
-13
-21
-26
-21
-7
9
16
5
-22
-22
-20
-11
11
28
42
31
20
-7
-27
-35
-31
-11
0
19
22
36
47
47
40
31
39
28
22
16
13
20
31
38
44
27
10
3
-10
-3
11
39
58
63
67
69
74
82
64
34
-18
-23
-26
12
52
70
63
54
42
33
15
8
1
-1
0
-3
-17
-15
-10
-6
-16
-12
-1
21
33
71
78
79
72
41
22
-7
-8
-1
15
53
72
68
41
22
11
20
22
11
-13
-28
-34
-43
-20
-2
20
3
-6
-30
-44
-29
-13
3
-3
-17
-15
-9
6
10
12
17
27
33
25
16
17
20
24
27
18
2
-13
-17
-14
-12
6
19
39
48
64
86
86
93
83
56
44
30
27
23
31
19
17
6
9
19
27
37
23
4
-18
-14
-15
-25
-47
-69
-79
-61
-33
-8
10
26
37
26
16
11
-8
-3
-4
5
5
15
15
19
23
28
32
20
17
-4
-3
-10
4
11
9
17
42
75
107
125
110
88
70
54
35
30
20
8
1
7
25
45
49
52
45
42
34
31
40
48
64
53
32
11
-8
-14
-25
-38
-66
-66
-58
-28
-15
-21
-29
-47
-50
-52
-56
-61
-61
-53
-55
-65
-78
-68
-66
-51
-49
-63
-61
-44
-19
3
18
23
9
15
28
51
53
49
22
-12
-45
-50
-35
-7
1
3
-22
-41
-39
-27
-21
-15
-34
-43
-47
-37
-39
-40
-39
-31
-16
-10
2
3
21
31
36
34
21
19
13
16
30
34
10
-7
-40
-63
-76
-62
-43
-29
-5
0
2
-11
-17
-25
-28
-24
-15
-16
13
33
53
45
39
24
16
0
0
-1
-5
0
-1
0
0
-2
-1
-7
2
9
14
-3
-24
-46
-52
-36
-28
-10
-2
8
-3
-4
1
-3
-9
-16
-13
-9
0
25
52
57
61
42
27
9
15
31
42
55
57
49
52
53
69
72
84
90
98
91
66
39
12
8
-2
2
3
58
110
149
154
139
109
80
59
44
28
31
20
24
20
-1
-23
-42
-42
-27
-11
7
34
33
42
38
22
9
-7
-9
1
17
20
31
12
14
13
12
13
8
1
-7
7
25
18
5
-5
19
35
50
41
15
12
7
10
2
1
-4
-15
-12
-16
-19
-26
-11
2
23
37
45
38
24
7
-1
-13
-16
-14
-7
2
1
2
-4
-14
-27
-23
-7
23
30
14
-15
-33
-61
-70
-81
-74
-63
-44
-15
-14
-16
-23
-26
-25
-41
-39
-51
-23
4
24
13
7
-10
-24
-50
-84
-109
-105
-70
-26
-8
-8
-27
-33
-38
-42
-60
-65
-54
-20
1
-7
-7
-32
-46
-51
-41
-39
-42
-46
-42
-46
-47
-46
-43
-45
-45
-34
-8
9
24
-2
-19
-44
-43
-29
2
23
26
20
14
16
26
23
12
2
3
16
31
50
61
79
59
63
51
48
25
12
-4
0
5
21
15
-7
-11
-2
11
13
19
32
40
32
25
19
17
23
26
21
25
15
10
19
50
66
82
85
69
40
11
9
7
16
18
23
29
33
42
40
45
47
40
32
39
44
53
54
71
70
69
67
78
69
58
30
24
1
4
-1
19
37
46
58
43
50
41
25
19
-2
6
5
31
38
23
-1
-23
-22
-24
-15
-7
-17
-30
-40
-43
-41
-35
-36
-34
-28
-15
-13
-20
-23
-33
-23
-29
-24
-30
-27
-11
4
14
10
-9
-32
-52
-55
-68
-62
-61
-57
-70
-69
-51
-32
-35
-44
-53
-48
-44
-37
-32
-34
-25
-25
-40
-51
-59
-54
-55
-55
-40
-33
-12
9
11
10
7
8
3
2
24
46
67
96
97
95
87
86
79
76
81
85
77
70
64
64
66
73
70
64
56
46
14
-1
-11
11
29
41
39
22
22
27
19
11
-4
6
7
11
9
8
4
-10
-15
-45
-63
-72
-63
-43
-3
19
23
16
8
-8
-18
-35
-37
-32
-11
5
7
29
37
31
31
29
41
56
74
104
99
79
57
39
21
25
34
52
66
62
81
82
85
87
87
80
80
72
50
44
44
58
56
59
65
67
70
64
54
38
34
36
33
30
17
9
-1
2
12
24
41
49
56
30
18
7
10
15
14
9
-6
-12
-28
-36
-35
-1
23
51
67
55
41
2
-44
-89
-114
-115
-85
-64
-34
-11
-17
-28
-44
-30
-12
-2
-5
-41
-70
-85
-86
-86
-93
-104
-84
-68
-29
-6
0
5
-20
-47
-71
-83
-80
-77
-53
-43
-42
-56
-59
-55
-60
-51
-39
-23
-23
-22
-28
-31
-18
1
11
12
3
-11
-4
-19
-38
-70
-90
-81
-73
-42
-25
-29
-29
-33
-35
-64
-77
-60
-49
-23
-27
-26
-40
-51
-71
-79
-89
-79
-63
-46
-37
-18
-13
-15
-1
2
-6
-28
-30
-28
-23
-14
-9
1
20
31
34
11
-13
-48
-76
-100
-80
-62
-38
-6
31
66
98
86
45
-4
-35
-48
-47
-28
-8
14
39
73
87
90
65
39
-12
-72
-110
-111
-86
-55
-35
-29
-19
-3
4
8
-9
-39
-72
-105
-114
-120
-108
-76
-55
-24
-6
8
21
2
-17
-53
-95
-132
-143
-143
-121
-91
-44
-24
-7
6
6
5
11
13
3
-38
-80
-105
-110
-97
-92
-89
-77
-65
-60
-54
-42
-24
-12
-22
-23
-41
-51
-48
-36
-15
-2
7
0
-2
-2
-4
-18
-35
-32
-51
-39
-38
-18
-16
-8
8
6
-6
-35
-58
-72
-71
-68
-67
-72
-56
-34
-29
-19
-38
-51
-46
-47
-36
-39
-28
-33
-40
-39
-43
-47
-59
-49
-42
-31
-25
-9
7
33
67
74
70
49
51
50
48
45
27
10
-11
-27
-13
9
38
38
29
25
40
32
30
25
34
59
79
101
101
99
84
70
48
50
60
74
87
79
75
56
51
39
29
14
14
13
13
13
12
8
4
16
21
41
47
37
19
4
14
14
22
10
-1
-20
-22
-26
-29
-28
-9
17
39
45
52
41
27
33
33
47
60
61
60
65
67
56
47
35
40
44
45
48
46
38
49
46
51
38
47
40
30
21
25
61
82
98
98
93
100
104
101
88
78
72
49
41
29
28
38
72
92
114
120
96
64
36
53
56
71
63
46
24
12
30
23
48
68
90
104
93
76
59
62
69
66
55
39
40
40
52
63
61
51
50
55
59
61
65
73
77
81
84
76
83
91
95
98
108
117
116
123
121
132
115
104
87
77
66
62
40
33
38
44
50
52
55
49
47
50
57
50
41
40
36
45
58
63
54
48
57
61
77
77
64
47
29
24
31
38
47
47
48
51
56
57
57
76
72
61
46
12
-15
-21
-12
17
11
22
16
9
11
8
11
3
18
32
36
49
31
34
18
38
33
34
4
-11
-38
-43
-42
-28
-19
-7
12
27
34
41
44
49
43
50
29
14
-16
-40
-40
-11
20
29
15
2
2
14
44
64
63
36
6
-20
-36
-49
-43
-21
2
32
34
38
43
59
50
46
45
29
-5
-41
-61
-53
-39
-16
-18
-21
-29
-27
-13
4
-8
-32
-65
-74
-76
-56
-35
1
23
27
37
30
15
7
-3
-13
-11
-21
-32
-48
-51
-23
11
34
43
23
0
-23
-35
-65
-74
-60
-47
-11
-1
25
48
56
61
53
24
-7
-36
-62
-74
-74
-72
-81
-77
-111
-133
-154
-140
-115
-108
-110
-138
-160
-176
-185
-176
-155
-115
-80
-41
-26
-25
-38
-60
-73
-85
-97
-108
-102
-102
-97
-81
-75
-67
-60
-47
-37
-29
-15
-7
-21
-43
-59
-71
-73
-61
-39
-28
-29
-40
-44
-47
-26
-24
2
9
30
29
24
28
9
-1
-12
-11
-28
-29
-25
-32
-29
-3
17
42
39
30
5
-15
-24
-25
-11
13
47
73
71
60
37
2
-6
0
6
12
20
22
34
27
16
0
-16
-14
-30
-41
-37
-25
-21
-17
-23
-23
-27
-17
-13
-4
-3
-1
0
-7
-16
-33
-57
-72
-72
-56
-37
-18
-21
-25
-22
-28
-38
-62
-86
-99
-106
-85
-45
-8
9
8
-10
-42
-61
-73
-69
-56
-42
-47
-48
-35
-19
-14
-1
2
9
-3
-19
-26
-38
-20
-11
-1
-9
-25
-31
-41
-33
-19
-12
-20
-54
-76
-90
-89
-79
-73
-58
-42
-27
-27
-21
7
42
68
87
77
71
60
52
44
29
28
18
6
-1
5
6
-7
-4
1
-4
-11
-17
-33
-39
-39
-38
-21
-13
-15
-22
-27
-26
-35
-32
-12
15
40
61
76
66
47
3
-5
-25
-27
-27
-34
-16
-7
16
4
2
12
33
52
69
82
89
86
74
65
40
40
35
36
38
48
53
59
62
54
47
46
50
44
53
46
65
71
66
66
51
46
34
9
-10
-10
17
37
44
51
46
43
20
0
-38
-55
-57
-43
-36
-14
-5
18
46
65
76
77
81
86
65
55
49
58
58
72
83
74
59
38
48
59
76
87
74
56
39
24
13
8
16
20
49
81
96
98
89
66
8
-17
-46
-21
8
35
41
41
43
39
37
16
13
-3
-28
-35
-21
16
58
89
107
103
76
37
15
2
6
3
-2
3
29
46
52
55
40
24
21
25
39
45
34
11
-23
-30
-32
-26
-17
-2
0
1
-7
-9
-2
2
18
23
29
36
47
48
36
24
7
-3
7
-11
-28
-52
-41
-43
-33
-38
-42
-52
-60
-48
-48
-39
-30
-37
-33
-26
-16
-17
-25
-34
-27
-30
-23
-24
-19
-7
7
25
38
49
50
33
2
-10
-11
-18
-10
1
12
25
23
30
24
39
33
24
8
-2
-20
-26
-40
-42
-38
-28
-18
-7
-28
-29
-23
-9
7
14
31
39
65
63
58
49
33
35
37
52
55
58
72
88
81
70
67
62
48
27
11
11
17
21
27
22
41
43
29
3
-16
-18
-30
-23
-22
14
42
48
36
13
13
18
3
-2
-14
-35
-45
-47
-37
-21
-10
-2
-16
-45
-62
-61
-49
-28
0
22
40
44
32
25
20
23
15
-1
-5
-5
-12
-10
-10
-13
0
-1
-15
-37
-54
-54
-55
-57
-50
-36
-17
-14
-12
-39
-45
-58
-63
-58
-46
-23
-9
-3
10
15
10
-1
-16
-13
-17
-5
-11
-26
-27
-26
-17
-5
25
46
43
40
30
36
33
27
21
32
67
83
79
52
15
-28
-63
-67
-64
-29
-11
38
65
76
80
73
65
42
25
-5
-13
-16
-6
-5
-3
12
21
22
16
-9
-34
-62
-85
-75
-44
-2
22
14
12
8
-10
-21
-34
-36
-31
-27
-31
-21
-12
9
-4
-18
-20
-16
-12
-1
17
43
54
37
9
-15
-33
-43
-24
-19
7
11
6
-5
-8
-23
-31
-32
-50
-45
-53
-55
-64
-73
-68
-55
-38
-8
27
41
56
64
57
45
22
6
-6
-18
-26
-6
-5
10
-8
-16
-29
-15
-10
7
28
33
30
3
-1
-5
-3
-7
-19
-42
-57
-55
-38
-13
1
9
-13
-31
-61
-83
-95
-97
-94
-91
-70
-34
-29
-3
20
36
29
21
6
6
-7
-30
-53
-72
-76
-73
-77
-57
-29
9
39
67
71
58
31
0
-17
-45
-51
-41
-16
15
45
68
73
76
59
43
33
31
20
-4
-18
-28
-29
-37
-38
-36
-27
-19
-22
-37
-48
-43
-32
-34
-44
-64
-92
-90
-75
-66
-54
-63
-77
-89
-91
-70
-58
-55
-67
-98
-103
-89
-49
-19
-6
4
2
7
11
16
-2
-8
-13
-14
-17
-38
-45
-56
-25
9
45
49
50
53
43
40
40
55
69
73
48
32
22
43
51
37
16
-18
-30
-34
-17
2
29
58
82
71
59
27
6
-7
0
6
14
18
33
40
55
71
81
70
57
46
22
12
22
37
56
62
85
107
108
102
79
60
57
52
47
37
37
51
82
111
128
117
112
111
105
98
92
96
91
95
95
103
100
97
90
71
59
42
27
23
30
51
61
64
64
65
70
78
86
95
106
94
83
66
64
55
51
44
42
31
32
26
16
12
4
33
48
70
69
55
49
42
53
54
53
55
48
46
46
53
51
39
30
8
-10
3
-1
0
-1
24
54
69
77
70
69
61
65
67
70
88
81
79
75
75
64
41
24
0
-20
-21
-14
-1
13
26
45
61
71
73
53
39
27
24
19
10
3
-21
-38
-56
-72
-80
-82
-68
-59
-43
-45
-31
-31
-30
-14
-13
-10
-3
-5
-21
-44
-60
-83
-81
-76
-86
-100
-109
-120
-121
-117
-125
-119
-112
-78
-35
-13
4
17
14
26
42
48
46
39
32
25
27
38
44
43
28
11
-8
-23
-15
1
19
57
77
94
86
78
68
61
54
63
68
73
57
42
37
60
84
87
78
61
49
36
37
27
21
25
34
60
83
106
108
89
75
69
72
64
57
42
39
36
10
-15
-45
-41
-42
-60
-73
-71
-55
-39
-37
-38
-37
-32
-21
-28
-32
-40
-51
-67
-64
-60
-40
-35
-21
-21
-32
-28
-32
-39
-29
-18
18
24
23
4
-23
-56
-69
-63
-55
-43
-47
-67
-98
-124
-131
-133
-125
-123
-131
-148
-153
-158
-151
-125
-114
-95
-92
-89
-96
-104
-93
-80
-62
-40
-21
-24
-39
-58
-65
-53
-48
-58
-93
-113
-129
-121
-95
-53
-1
18
7
-17
-50
-59
-46
-13
15
35
45
47
37
22
-1
-15
-8
3
-1
-20
-44
-50
-42
-16
27
56
55
51
15
7
-1
-1
6
2
19
15
26
29
34
18
-39
-73
-81
-46
-5
36
49
58
52
41
20
20
33
50
69
87
88
72
35
23
4
11
9
-7
-34
-51
-43
-29
-18
-8
-4
-2
0
-1
-15
-28
-14
-1
5
13
14
10
11
5
5
-1
-1
-14
-43
-50
-67
-52
-40
-16
6
3
4
13
14
21
31
21
17
7
12
27
32
50
55
56
41
12
-11
-11
3
22
31
28
32
18
22
38
54
44
28
18
2
14
29
34
34
30
35
27
33
13
15
17
48
78
84
55
18
-11
-28
-22
-11
-4
-14
-21
-23
-22
5
24
48
61
74
51
49
57
51
41
23
13
7
-14
-10
-16
0
14
35
30
22
25
18
24
31
48
70
89
99
84
54
22
12
5
19
27
22
17
4
8
7
8
17
24
30
40
49
62
61
58
40
20
13
11
12
16
30
48
74
100
96
92
65
70
59
39
21
-6
-8
4
20
31
29
14
-1
-20
-17
1
30
49
61
53
29
-2
-27
-37
-26
-5
-1
-2
-10
-15
-36
-54
-78
-92
-85
-84
-71
-66
-60
-56
-62
-64
-57
-35
-35
-51
-72
-96
-104
-90
-83
-52
-26
6
18
28
51
74
86
81
64
43
9
-6
-11
-14
8
27
38
24
0
-31
-33
-17
0
9
6
19
17
27
47
72
77
70
50
38
37
37
40
33
27
20
13
-3
-8
14
18
30
17
9
-8
-21
-21
-13
20
40
68
70
65
46
20
5
6
12
23
34
38
28
18
-8
-33
-55
-68
-64
-63
-64
-61
-63
-55
-33
-13
-8
-7
-14
-13
-15
-7
-13
-26
-44
-36
-28
-17
5
37
62
58
58
25
17
2
-10
-19
-23
-6
3
19
7
-3
-4
10
20
12
-10
-18
-7
3
13
27
23
29
30
17
-9
-20
-19
14
40
62
59
42
45
32
21
-6
-36
-59
-77
-68
-61
-50
-42
-35
-29
-43
-53
-65
-75
-71
-51
-28
-1
35
37
23
4
-11
-27
-34
-35
-39
-33
-30
-6
8
26
40
33
34
31
28
16
10
29
47
53
58
54
50
44
45
33
21
34
51
74
69
48
28
21
26
26
16
-4
3
28
41
61
70
73
65
60
46
49
74
89
86
90
103
104
88
66
26
1
-15
-19
-20
-21
-8
11
22
32
39
23
23
30
36
27
8
-8
-29
-32
-21
-4
0
2
-4
-8
-17
-26
-41
-57
-61
-61
-44
-27
-11
-5
-7
-7
-12
-30
-41
-42
-21
4
26
28
17
-2
-7
-16
-24
-16
-17
-12
-15
-12
-28
-33
-31
-11
4
3
-2
-21
-19
-13
-4
-14
-10
11
26
35
21
-7
-3
-2
29
43
64
70
64
41
18
17
5
-1
9
23
50
60
43
-2
-53
-79
-82
-64
-37
-10
9
35
55
55
42
31
18
11
-6
-17
-14
8
32
34
13
-31
-60
-73
-67
-41
-19
-12
-12
-14
-23
-23
-22
-8
-3
-6
-5
-10
-12
-7
-20
91
-62
-55
-44
-42
-33
-31
-24
-14
-5
9
17
18
10
-9
-27
-28
-30
-37
-27
-17
-2
11
12
7
0
-5
-7
-12
-7
5
2
2
-7
-14
-24
-26
-27
-26
-21
-7
4
15
12
20
17
20
20
19
-6
5
1
10
2
7
18
23
34
25
14
3
3
6
10
25
34
28
29
34
41
35
36
32
38
41
49
56
53
51
38
18
9
7
3
8
13
11
1
-16
-19
-26
-23
-14
-8
-13
-11
4
-1
14
13
27
33
33
44
43
39
36
30
23
23
32
24
9
0
-8
7
11
20
18
6
10
18
34
39
53
41
27
22
39
60
62
52
36
4
-17
-27
-34
-32
-29
-27
-16
-1
16
20
21
23
39
40
30
28
21
38
52
50
38
30
35
41
48
48
44
39
42
43
31
16
15
19
28
29
30
23
26
33
28
7
0
-4
-6
-7
-8
-3
-7
4
1
-7
-17
-19
-10
-4
-3
2
0
3
14
8
3
1
8
14
20
28
33
34
52
65
74
74
76
67
68
71
67
65
62
71
67
61
51
47
50
50
51
41
38
46
49
42
35
36
33
34
37
42
43
43
38
26
22
22
20
7
-1
-15
-30
-40
-53
-50
-50
-28
-28
-29
-34
-41
-38
-32
-11
5
-5
-9
-2
-2
1
1
-5
1
24
48
71
82
93
87
62
37
23
32
43
52
45
33
22
15
10
20
36
51
43
28
14
8
22
43
59
61
57
45
21
8
-3
-1
-7
-8
-13
-17
-16
2
14
8
6
-9
-4
3
14
16
6
5
12
15
14
10
8
19
29
28
28
28
35
44
44
50
42
39
28
28
13
3
-3
-2
7
10
22
13
9
12
22
18
6
-2
-4
10
18
18
8
-7
-15
-23
-18
-9
-8
-22
-39
-53
-71
-66
-50
-23
-16
-8
1
10
21
29
32
31
41
48
55
50
45
32
29
27
25
28
33
40
43
20
12
7
15
16
19
15
6
13
14
11
9
4
-19
-24
-20
-14
-9
-16
-9
-1
12
16
3
-18
-28
-21
-1
18
34
53
60
62
68
62
66
62
47
22
15
10
13
12
2
-2
-12
10
27
38
47
47
36
25
18
19
26
35
48
40
24
17
6
-3
-13
-12
-6
3
8
6
3
5
21
31
26
22
3
-5
-3
16
19
17
3
-17
-21
-14
10
19
16
5
-5
-17
-19
-24
-22
-17
0
10
6
-7
-9
-17
-20
-22
-15
6
25
38
28
30
41
61
65
60
38
20
-5
-24
-33
-42
-28
-21
-16
-26
-19
-10
7
22
21
18
13
21
24
39
45
40
34
14
13
6
13
30
25
16
14
25
34
28
21
13
3
9
16
23
25
16
8
-19
-26
-28
-21
-12
-6
-2
6
17
10
-6
-18
-14
0
8
21
32
26
12
-2
-21
-33
-33
-47
-55
-63
-50
-34
-19
-3
6
18
24
35
30
17
5
2
-1
0
7
14
28
40
48
47
35
28
14
2
5
1
2
-14
-15
-22
-16
-3
8
19
41
54
58
49
35
17
-1
3
12
11
13
17
24
24
35
33
31
36
46
49
51
63
64
62
55
55
45
35
37
40
44
36
23
6
-12
-16
-13
-1
3
3
-5
-14
-3
-6
-6
-7
2
23
35
48
43
40
30
34
31
23
14
3
-3
9
16
16
8
7
7
8
8
-1
-26
-39
-42
-32
-34
-33
-38
-44
-40
-32
-28
-27
-25
-24
-29
-36
-41
-42
-41
-27
-31
-39
-51
-50
-50
-50
-46
-38
-29
-26
-16
-13
-10
-3
-4
-22
-35
-35
-43
-38
-39
-35
-38
-36
-27
-32
-29
-19
-8
-1
2
17
17
26
26
15
3
-14
-11
-8
7
15
23
14
18
24
29
37
47
51
46
42
21
10
3
15
24
21
27
22
20
14
15
12
16
23
37
39
25
20
12
11
8
-4
-10
-12
-10
-9
-9
-10
-11
-17
-23
-20
-25
-24
-20
-19
-14
-15
4
6
13
17
18
17
21
28
30
29
32
41
39
32
31
25
35
44
49
39
20
6
-8
-7
3
14
5
1
-10
-15
-1
16
34
36
39
38
29
29
26
22
13
14
6
3
0
7
21
32
39
34
16
2
1
10
15
28
41
41
37
31
18
25
37
44
40
29
27
23
33
43
54
58
75
88
81
64
43
36
34
38
30
4
-8
-2
7
19
25
24
16
8
8
25
35
49
39
19
4
0
9
6
8
13
26
33
35
31
38
51
57
50
41
47
41
29
20
15
6
11
11
15
17
28
39
40
35
22
-1
-6
-13
-3
-2
16
33
28
23
3
-7
-17
-9
2
13
17
16
19
17
23
30
26
26
37
42
39
38
22
16
13
15
17
5
1
-10
-18
-18
-5
12
16
14
1
-13
-10
1
16
27
42
54
67
69
70
62
68
72
67
55
35
35
29
29
34
37
33
29
19
-2
-14
-10
-2
0
-13
-26
-49
-49
-41
-31
-28
-19
-13
-9
2
20
35
28
17
-5
-18
-20
-15
-15
-24
-10
-13
-12
-17
-20
-19
-17
-9
-1
-7
-19
-21
-22
-28
-27
-27
-25
-25
-33
-41
-46
-33
-13
-5
-5
-9
-22
-25
-26
-32
-37
-33
-21
-13
-5
-4
-8
-20
-24
-20
-18
-12
-10
-7
-11
-14
-18
-12
-8
6
15
19
21
16
3
0
10
24
27
46
55
60
60
61
61
59
56
42
31
26
39
42
53
60
54
38
15
12
-1
11
27
40
43
30
24
16
23
28
27
4
-15
-21
-23
-21
-20
-17
-3
1
2
-17
-28
-30
-29
-36
-37
-29
-27
-26
-26
-32
-45
-37
-20
-1
11
18
25
14
12
1
-13
-20
-21
-19
-24
-14
-24
-29
-42
-41
-44
-48
-50
-46
-35
-18
0
9
16
23
27
14
0
-21
-45
-55
-54
-52
-56
-54
-39
-28
-25
-13
-14
-1
9
22
32
33
21
15
0
7
14
23
29
31
32
27
25
17
6
-11
-7
2
15
32
31
24
25
30
40
39
38
27
12
-1
-14
-20
-27
-15
-18
-27
-30
-32
-33
-35
-26
-21
-13
-9
-4
-10
-24
-28
-29
-30
-36
-47
-59
-63
-55
-50
-47
-45
-31
-26
-27
-26
-19
-19
-10
-9
-11
-10
-8
-15
-18
-26
-36
-42
-35
-11
17
25
34
38
49
51
53
51
43
48
55
55
55
49
33
23
17
12
17
16
26
22
20
19
16
16
23
38
43
46
45
37
18
0
-5
-7
8
24
21
7
-4
-10
-20
-17
-9
6
10
22
39
31
28
17
13
8
8
9
1
-3
-3
7
14
21
27
31
41
39
42
35
43
41
32
29
32
28
17
6
-7
-17
-17
-8
-6
-9
-1
-1
-8
-28
-34
-47
-47
-48
-53
-61
-70
-71
-72
-69
-67
-73
-78
-74
-56
-59
-55
-48
-34
-13
8
28
35
45
46
49
37
30
39
41
52
53
35
7
-15
-28
-22
-10
1
18
24
38
39
35
37
37
32
18
8
-2
-13
-19
-14
-7
-6
6
19
34
39
45
47
40
47
50
49
47
47
41
37
31
30
34
41
51
37
28
21
15
6
4
6
3
2
1
4
-9
-22
-11
6
43
80
93
84
67
47
31
23
17
11
-1
4
-2
-6
-7
1
9
2
2
6
12
24
27
28
21
25
22
19
12
11
0
-6
-9
-11
-12
-18
-19
-29
-39
-26
-17
-10
5
20
40
54
48
33
9
0
-1
-9
-15
-10
-3
2
7
20
27
36
41
47
43
43
44
33
26
23
18
8
0
-7
-11
-11
-2
7
11
16
14
2
-2
-1
-1
-7
-13
-21
-16
-6
8
21
14
18
14
5
8
17
15
18
17
12
2
-2
-3
-6
-1
5
10
9
2
8
4
9
19
24
27
28
37
45
46
38
23
6
-3
0
-8
-3
4
1
-4
-9
-7
-15
-18
-11
3
9
20
7
-6
-21
-29
-31
-38
-33
-38
-39
-46
-31
-18
-5
5
1
-9
-11
-11
-14
-13
-2
17
34
38
47
37
30
30
24
11
-5
-15
-13
-10
-8
-15
-12
-2
12
4
-4
-4
-8
-1
12
32
35
33
27
22
21
21
25
12
8
11
12
18
14
18
5
-5
-7
-4
-4
-8
-5
3
9
26
32
34
33
25
22
19
19
3
-1
11
15
25
29
37
35
28
33
41
53
56
53
44
33
34
34
35
40
43
42
32
31
40
48
62
64
46
34
19
7
-5
-1
7
1
-5
-21
-31
-32
-27
-22
-22
-29
-30
-42
-64
-71
-63
-48
-23
-2
14
16
21
13
14
13
10
0
-10
1
7
12
19
20
16
9
22
40
50
45
33
14
5
11
25
26
16
13
1
6
5
6
3
7
14
19
32
38
40
25
3
5
11
31
49
46
37
27
29
33
45
57
65
52
42
24
3
-7
-9
10
16
23
19
17
24
27
16
0
-1
14
33
45
54
52
48
53
44
35
30
33
32
31
33
30
33
23
26
25
28
35
34
18
2
-6
-2
4
5
-1
-17
-22
-14
-13
-15
-16
-28
-34
-32
-22
-24
-18
-3
13
26
35
36
24
2
-2
-2
12
22
22
5
-5
-13
-15
-25
-19
-14
-8
0
-1
9
4
13
14
19
29
41
36
23
2
-23
-42
-55
-53
-60
-62
-53
-53
-53
-53
-31
-4
26
40
37
32
32
43
48
44
34
27
19
23
38
45
52
51
46
46
52
49
35
11
-8
-10
-12
-1
13
15
20
25
28
34
37
34
20
11
14
28
34
48
43
37
22
20
25
28
38
39
27
10
0
-6
-3
11
7
-9
-26
-24
-16
-1
3
8
-5
-22
-32
-41
-34
-22
-21
-24
-36
-36
-35
-16
-5
4
-2
-4
-12
-21
-27
-26
-30
-40
-52
-53
-60
-44
-24
0
16
28
33
26
6
-17
-29
-30
-10
4
6
17
25
26
25
30
22
13
2
9
21
22
28
18
14
12
6
4
-5
-8
-11
-15
-17
-4
-9
-12
-10
-11
-4
-9
-8
-20
-11
2
19
24
18
21
19
20
31
37
29
12
7
6
7
7
-1
-9
-5
-11
-12
-20
-27
-27
-34
-28
-23
-30
-35
-36
-22
-8
19
29
21
6
-3
-2
-15
-14
-33
-40
-48
-45
-46
-48
-36
-24
-20
-9
-18
-16
-12
-8
-7
-14
-29
-25
-32
-34
-31
-30
-27
-33
-35
-48
-41
-33
-29
-25
-16
2
22
36
49
47
42
33
25
15
2
-13
-13
-22
-8
-7
-3
0
10
22
24
33
34
30
19
14
14
5
9
1
2
10
34
56
61
67
63
57
54
57
67
75
83
69
57
50
65
75
75
68
49
32
22
16
12
4
2
-1
-5
8
19
15
15
17
18
11
0
8
8
18
27
36
30
27
30
30
38
47
63
65
66
46
32
23
17
8
2
9
15
7
1
5
-4
-15
-16
-11
-6
-5
-8
-13
-14
0
5
-7
-24
-26
-15
6
22
27
22
20
26
25
16
9
6
12
25
47
48
57
59
59
56
54
52
30
8
-6
-2
0
-1
-3
-10
-7
-2
-2
-5
0
-2
-6
-22
-24
-28
-31
-17
-17
-18
-29
-30
-27
-28
-15
-4
4
8
7
13
26
45
59
68
70
67
51
35
35
39
46
41
36
21
10
10
13
18
17
13
-2
-14
-26
-36
-42
-46
-39
-38
-29
-22
-13
-18
-15
-10
-14
-13
-12
-8
-11
-10
-4
-6
-3
-5
-8
-15
-20
-14
-6
0
16
20
13
9
-1
-9
-12
-6
-5
-1
4
8
8
9
17
27
28
32
27
16
5
8
11
25
35
42
32
20
8
4
1
15
23
18
11
1
-5
-3
-2
-9
-17
-27
-20
-13
1
16
37
32
30
27
17
25
31
27
27
26
37
39
36
31
20
10
21
27
30
26
23
22
20
19
25
26
20
24
20
17
21
22
23
18
17
8
-8
-9
-16
-12
-3
-3
-5
-19
-27
-31
-38
-36
-25
-28
-28
-28
-31
-32
-26
-14
-10
-3
-10
-11
-19
-11
-3
9
20
28
22
-2
-20
-27
-34
-25
-14
-3
-1
1
12
12
11
14
18
28
45
43
30
21
20
36
36
40
23
14
12
24
35
12
0
-23
-43
-50
-48
-29
-13
12
30
29
35
36
48
56
59
43
25
18
21
22
32
40
40
25
4
5
-2
13
26
36
41
37
34
21
26
33
47
48
49
62
65
76
79
73
59
40
19
-2
-8
4
23
25
21
-2
-12
-20
-16
-14
-28
-34
-44
-47
-49
-41
-29
-24
-18
-11
1
11
23
10
9
12
14
7
-10
-16
-15
-5
3
1
-15
-40
-40
-35
-21
-9
-4
-8
-15
-15
-21
-21
-8
4
14
14
7
-17
-32
-33
-28
-23
-18
-11
-6
-4
-4
-5
-11
-6
-3
-10
-14
-22
-20
-19
-9
-5
-14
-18
-25
-31
-42
-33
-21
-12
-18
-10
-4
12
21
13
-1
-12
-4
15
36
59
54
44
20
6
-3
-2
10
29
49
60
72
61
47
27
16
4
5
11
22
29
41
40
28
11
5
0
8
25
34
36
36
35
34
30
30
31
20
24
25
21
7
0
-9
-14
-3
2
3
3
10
12
9
7
-3
-7
-15
-22
-27
-27
-15
-13
-14
-15
-13
-11
-3
5
23
33
33
33
18
17
17
21
13
11
6
-6
-10
-16
-8
-3
-4
-5
-27
-36
-37
-29
-20
-12
-7
-8
-5
-5
-1
-5
15
37
51
55
52
48
36
38
38
38
34
33
31
22
18
6
-1
1
8
10
14
18
15
13
6
9
11
16
25
20
4
-10
-3
8
23
26
21
12
6
16
8
12
18
35
37
33
35
29
42
46
39
20
5
7
4
11
15
20
17
14
11
6
5
4
-3
-8
-4
4
-1
1
5
15
18
23
19
9
2
-3
-1
-13
-22
-33
-43
-50
-37
-19
-2
17
24
33
43
60
62
58
48
38
22
9
2
-10
-18
-10
-14
-13
-16
-11
-16
-21
-16
-5
13
30
42
41
38
38
34
23
13
4
-8
-15
-13
-4
-1
0
-4
-13
-12
-3
-2
-5
-3
2
8
8
10
13
9
12
0
2
12
35
47
45
42
41
42
51
54
62
56
53
40
23
11
13
11
16
19
7
-5
-12
-3
-1
3
4
4
-9
-26
-39
-52
-59
-60
-72
-87
-93
-84
-73
-59
-46
-35
-50
-62
-53
-34
-1
23
26
19
17
17
12
12
17
26
35
37
23
11
11
26
33
30
31
30
24
18
6
-1
-7
6
11
20
21
25
12
3
5
17
30
36
48
47
51
51
54
52
46
38
28
26
30
31
30
35
43
38
36
36
37
27
11
11
14
28
29
10
-4
-6
1
2
6
2
0
-5
4
14
28
34
33
20
3
6
12
21
26
25
15
1
17
22
36
42
53
62
62
60
54
43
39
47
54
54
48
30
10
-10
-20
-35
-31
-23
-13
-4
-2
9
21
28
41
31
30
21
14
-3
-22
-23
-21
-18
-13
-15
-20
-21
-4
19
25
39
39
37
32
25
23
17
16
7
4
10
10
4
-19
-29
-32
-21
-17
-6
-10
-26
-27
-25
-25
-23
-26
-31
-37
-37
-51
-68
-75
-71
-57
-42
-23
-11
-13
-28
-37
-40
-27
-11
0
2
2
9
-3
-2
-5
-3
-4
-5
-8
-18
-23
-19
-15
-20
-13
0
22
41
52
57
52
56
58
62
62
60
59
53
46
26
10
2
10
12
2
0
-12
-4
5
31
46
50
61
63
62
49
35
21
22
40
52
57
45
37
15
5
1
-10
-18
-30
-32
-44
-51
-48
-43
-36
-31
-19
-19
-20
-20
-30
-35
-33
-17
-11
-14
-28
-32
-34
-15
2
2
13
16
21
25
35
30
31
30
41
45
39
35
34
27
21
8
4
2
5
4
2
9
20
31
35
38
29
22
18
30
22
22
27
40
40
38
38
42
43
35
25
22
24
34
29
40
53
58
46
35
33
34
29
25
16
13
17
20
21
24
50
62
64
60
57
43
29
16
8
4
6
-2
-1
7
27
38
37
44
49
52
51
49
39
31
30
36
53
68
77
72
59
44
31
24
28
48
47
40
38
32
28
24
28
20
19
17
12
10
6
15
22
32
34
30
14
8
-1
-20
-28
-20
-13
-6
-5
-7
-11
-12
-12
-13
-9
-7
-1
-1
-1
-2
-6
-20
-24
-23
-12
2
30
55
63
69
55
38
26
20
24
25
28
14
4
1
12
15
24
25
24
18
10
10
2
-5
-9
-15
-24
-21
-5
19
41
51
50
42
28
24
19
22
32
39
32
26
16
6
15
25
46
61
70
76
69
70
77
84
82
77
54
40
31
36
35
11
-6
-19
-19
-14
-4
2
4
2
-5
-14
-10
4
14
14
15
2
-9
-14
-4
1
-5
-17
-19
-13
-15
-13
-19
-11
-1
4
-1
-13
-20
-37
-48
-48
-30
-19
-11
-6
-8
9
33
47
30
-5
-27
-40
-35
-26
-15
-17
-6
7
15
11
9
12
9
5
4
5
14
15
13
1
5
-1
-10
-25
-41
-48
-55
-41
-31
-17
-4
9
16
18
23
23
34
45
50
30
16
11
18
7
-1
2
-1
4
6
-2
-9
-25
-24
-26
1
20
29
27
24
24
19
19
32
49
47
45
35
30
28
27
24
5
-14
-35
-42
-39
-34
-32
-32
-13
-2
3
-4
-5
-4
-4
10
19
22
18
27
40
45
48
31
15
7
10
-1
-6
-6
0
1
-9
-8
-4
16
41
57
60
45
21
-10
-21
-21
-32
-48
-59
-51
-47
-43
-31
-22
-21
-25
-29
-29
-23
-6
-1
-5
-11
-18
-31
-34
-34
-27
-11
9
14
-5
-37
-68
-76
-83
-59
-38
-24
-17
-11
-14
-25
-32
-32
-17
-1
23
31
26
26
29
34
49
58
57
43
23
7
-11
-20
-20
-9
10
26
30
16
-11
-25
-37
-26
-5
9
10
4
7
4
14
36
60
75
86
88
79
88
92
96
88
85
89
97
104
112
115
117
116
111
101
103
105
102
93
97
106
106
92
68
40
14
-4
-23
-31
-29
-23
-24
-24
-17
-7
-1
11
31
40
35
40
39
36
26
14
0
-2
1
0
-14
-24
-29
-40
-43
-45
-45
-40
-37
-21
-12
-9
-5
-11
-12
-26
-34
-51
-48
-40
-30
-26
-23
-16
-16
-17
-17
-22
-33
-40
-47
-37
-16
7
19
18
21
23
24
21
23
18
13
-2
-10
-27
-28
-17
-3
2
9
4
1
-15
-17
-25
-31
-36
-45
-51
-52
-39
-34
-29
-26
-27
-35
-32
-19
-13
-11
-12
-25
-28
-31
-24
-21
-10
-12
-6
-3
5
19
4
1
-7
-6
-16
-15
-24
-21
-19
-13
-12
-19
-18
-27
-39
-47
-31
-7
8
28
28
31
23
27
22
16
13
2
-13
-18
-29
-35
-57
-51
-45
-34
-22
-17
-15
-11
0
-5
-22
-50
-65
-72
-60
-41
-29
-19
-21
-21
-41
-63
-70
-71
-71
-72
-63
-49
-37
-26
-21
-13
-1
3
-1
-4
-5
-1
2
13
16
24
33
44
44
28
22
13
17
28
38
33
13
7
14
24
24
20
4
-2
-5
-12
-9
-15
-9
-8
-2
7
5
-6
-3
11
18
23
22
15
10
15
27
29
28
20
11
-9
-10
-10
-7
-2
0
-2
-3
-4
-3
-13
-2
6
19
4
5
17
35
41
36
20
7
15
21
24
24
29
18
3
-1
-3
0
5
9
20
22
33
35
30
30
31
34
40
41
43
39
31
25
1
-14
-1
16
28
23
23
18
13
14
23
29
17
13
-3
-2
-8
-22
-36
-46
-40
-45
-39
-37
-33
-22
-8
-2
-9
-20
-19
-19
-25
-22
-22
-16
-8
-6
-8
-22
-22
-30
-44
-55
-56
-46
-43
-28
-26
-19
-9
-8
-9
-21
-18
-15
-16
-10
-1
-1
8
23
32
41
33
32
22
19
26
36
55
68
76
58
38
32
35
45
50
51
54
62
65
54
38
28
33
31
32
26
10
-16
-27
-40
-47
-53
-49
-37
-34
-32
-46
-66
-71
-59
-48
-45
-33
-21
-12
3
12
14
12
27
32
35
26
27
27
25
11
1
-10
-17
-24
-35
-30
-14
7
21
32
49
45
34
29
21
9
1
11
17
29
29
27
13
12
9
2
-8
-14
-9
-6
8
16
13
1
10
3
-5
-10
-24
-33
-45
-49
-55
-72
-75
-81
-63
-31
3
28
38
54
56
52
51
51
56
56
61
51
36
17
6
-1
5
18
11
-7
-34
-45
-46
-43
-36
-24
-22
-24
-6
0
20
32
33
27
16
13
11
11
20
13
-5
-7
-4
3
17
24
28
24
21
19
23
22
37
45
56
64
62
62
62
81
91
98
103
90
73
63
57
61
59
66
64
57
60
72
88
86
78
50
29
11
14
15
11
15
15
16
8
0
-12
-18
-9
2
14
20
42
62
89
105
99
93
80
88
91
90
89
73
54
44
38
31
33
36
35
37
48
48
46
33
21
6
-17
-18
-20
-17
-19
-23
-23
-26
-14
-18
-20
-22
35
-18
-9
9
33
52
69
56
57
59
57
46
39
50
59
66
85
78
69
73
84
95
88
57
27
0
9
26
43
25
-1
-35
-39
-20
9
37
53
57
34
7
13
23
53
56
47
17
-19
-45
-65
-87
-71
-53
-44
-53
-78
-97
-89
-56
-3
29
41
39
29
17
-13
-35
-62
-62
-49
-42
-42
-48
-50
-43
-16
0
11
16
10
29
13
3
-11
-9
4
13
26
14
-9
-22
-18
-12
-14
-24
-43
-65
-83
-85
-76
-61
-36
-32
-39
-42
-32
-28
-22
-19
12
52
89
102
64
32
15
18
18
-2
-30
-66
-73
-69
-50
-28
0
26
36
54
67
75
60
43
25
14
7
4
3
-13
-29
-45
-49
-45
-41
-39
-31
-9
5
11
6
4
-4
-22
-17
-5
3
0
-5
-8
-13
-12
-33
-50
-62
-63
-63
-47
-5
32
69
58
44
0
-31
-34
-26
-12
4
15
12
5
-17
-37
-49
-43
-20
0
22
46
46
26
-7
-4
28
77
94
63
-1
-48
-57
-52
-18
13
45
47
38
5
-18
-22
-19
-14
-28
-26
-28
-20
-6
8
10
1
-15
-20
-19
0
24
39
40
41
46
49
57
75
72
66
54
41
46
49
64
56
52
61
74
85
87
80
66
49
47
33
24
20
27
47
59
66
59
48
55
46
33
17
18
18
8
6
-6
-16
-18
-8
20
39
56
42
17
-10
-22
-4
17
35
30
24
39
70
96
89
76
54
41
39
34
20
22
33
42
33
21
20
24
37
45
49
43
23
21
9
12
14
9
-9
-20
-22
-21
-36
-47
-49
-47
-18
-12
-16
-33
-33
-15
8
24
13
10
23
51
65
39
3
-21
-36
-19
-10
-10
-22
-41
-45
-48
-52
-49
-59
-59
-52
-43
-33
-10
10
26
36
41
32
12
-12
-23
-34
-30
-22
-25
-43
-59
-70
-68
-43
-22
-6
-22
-33
-29
-20
-3
9
20
14
10
0
-16
-24
-19
-16
-37
-44
-38
-2
23
24
-7
-42
-62
-67
-64
-57
-44
-19
5
40
44
15
-23
-38
-40
-22
-11
-14
-21
-16
-3
-1
-16
-22
-23
-9
-7
0
1
14
39
68
85
85
59
11
-1
7
38
62
70
59
50
48
55
52
42
57
66
86
74
56
34
10
6
5
3
6
27
36
42
44
31
20
20
39
49
41
28
11
4
25
56
75
72
53
27
26
25
52
40
34
36
40
45
29
20
3
2
6
-1
-5
-18
-22
-35
-45
-58
-59
-52
-25
-4
-6
-13
-23
-25
-28
-13
14
42
46
44
32
17
7
-5
-3
0
6
-8
-26
-35
-35
-23
0
41
53
54
47
31
22
17
27
41
55
76
74
52
17
-5
-13
12
34
47
40
16
1
-23
-28
-22
-3
10
30
40
33
7
-25
-60
-95
-110
-105
-93
-80
-79
-81
-88
-84
-76
-86
-94
-89
-75
-62
-51
-45
-42
-34
-31
-33
-50
-47
-23
17
60
60
26
-18
-35
-31
-25
-12
-2
7
2
8
16
28
26
37
35
69
95
109
102
91
101
93
88
80
62
38
15
7
26
52
66
63
36
18
1
-11
-20
-14
-1
24
50
56
43
13
-3
-8
15
49
84
96
96
109
100
86
73
58
52
47
62
60
62
54
49
33
22
18
24
35
59
69
71
56
29
4
-5
-12
-5
-21
-12
1
6
22
22
18
11
3
10
10
0
-5
-19
-29
-20
1
12
7
2
-4
-2
8
12
12
5
7
12
-6
-2
7
22
32
16
-13
-30
-3
30
47
42
34
22
17
19
17
17
9
21
26
36
55
53
39
18
9
-2
-2
-12
-2
7
17
4
-23
-17
16
81
117
117
86
44
12
17
27
36
38
38
56
97
126
122
87
51
30
5
-19
-32
-35
-30
-1
33
63
93
100
93
75
70
55
43
29
35
43
38
37
24
18
-1
-2
-2
2
6
6
-2
2
20
38
70
88
84
59
21
10
-6
-5
-2
-13
-29
-49
-55
-61
-45
-28
-18
-18
-16
-3
22
56
89
100
91
80
57
28
10
0
8
-13
-45
-71
-101
-95
-80
-68
-63
-51
-31
-19
-17
-24
-33
-25
-9
-14
-12
-21
-13
-14
-10
-16
-27
-26
-23
2
3
-1
-14
-8
-7
-2
5
2
1
12
15
17
-1
-15
-31
-25
-11
2
24
42
74
90
100
100
66
18
-20
-34
-48
-44
-40
-21
-14
6
36
76
105
107
88
44
13
-14
-28
-19
-13
-7
-12
-2
-6
-13
-17
-25
-33
-53
-59
-48
-38
-17
-6
-19
-31
-27
-22
-19
-2
17
46
68
81
94
90
77
65
46
45
50
40
20
1
-10
-6
0
-5
-17
-22
-13
9
26
51
73
89
76
68
40
23
17
38
55
70
59
37
6
-1
3
1
-20
-21
-19
-11
1
23
34
37
19
-10
-31
-19
9
46
45
34
-4
-43
-65
-48
-16
31
58
61
50
39
54
53
45
26
5
-3
-1
17
13
-2
-26
-38
-34
4
48
65
68
53
45
41
55
68
60
41
21
15
17
45
67
82
99
89
58
9
-10
-29
-21
-17
4
11
18
32
41
30
20
13
23
48
62
50
17
-8
-16
-3
2
-10
-43
-79
-94
-64
-41
-21
-21
-30
-38
-38
-33
-32
-19
-7
9
-7
-11
-27
-32
-31
-7
26
37
31
12
0
-2
11
15
22
19
13
13
29
50
43
13
-2
-6
1
2
10
26
47
65
61
39
19
-11
-33
-45
-34
-23
-21
-25
-25
-18
-23
-17
-22
-17
-21
-7
-16
-26
-35
-42
-47
-52
-68
-100
-108
-90
-52
-16
2
-6
-35
-51
-42
5
39
77
65
27
-3
1
3
-14
-47
-80
-94
-86
-70
-41
-22
14
27
30
25
20
2
-20
-29
-52
-68
-82
-72
-51
-36
-24
-34
-40
-41
-21
7
36
50
39
1
-33
-55
-75
-89
-105
-96
-68
-15
28
33
22
8
21
43
60
36
-15
-59
-51
-13
12
20
-7
-32
-37
-20
8
31
42
36
20
27
46
57
48
43
23
15
-6
-24
-34
-29
7
51
83
93
87
70
56
44
24
11
20
64
103
128
128
110
90
72
69
49
36
21
30
49
79
95
94
86
94
114
132
124
97
58
41
55
74
99
89
67
23
-9
-7
21
66
106
102
59
27
18
39
61
98
109
107
66
30
-8
-16
-4
18
27
19
14
22
39
50
42
28
26
46
51
60
54
35
27
32
39
27
8
-6
-11
-29
-35
-36
-21
-6
3
-3
-16
-45
-58
-65
-39
5
39
62
67
71
70
85
92
91
69
81
104
134
134
109
68
38
45
43
36
6
-14
-18
-5
5
2
-24
-47
-34
-19
5
37
62
93
103
111
106
100
89
57
12
-17
-27
-26
2
41
50
40
20
5
16
24
45
56
64
58
45
21
-5
-21
-30
-47
-64
-53
-19
34
60
59
32
19
8
18
20
24
47
63
99
112
103
91
88
78
67
66
49
33
25
21
31
20
16
-2
1
7
33
31
15
-5
-16
-12
9
37
48
54
41
16
-21
-35
-32
-24
-3
1
-18
-43
-54
-56
-51
-27
1
26
27
18
26
49
85
107
112
77
43
10
-5
2
12
11
-15
-24
-47
-41
-34
4
20
12
1
-10
-9
-10
-14
-25
-21
10
34
26
-1
-35
-61
-70
-67
-55
-55
-55
-42
-23
13
41
56
35
21
3
-6
-9
-4
-6
-21
-36
-42
-30
1
32
41
44
36
26
2
-23
-27
-29
-24
-3
6
24
44
42
33
30
29
21
-7
-42
-53
-59
-51
-38
-29
-11
0
19
28
28
42
32
8
-23
-27
-26
-7
24
56
77
83
88
72
78
71
69
46
5
-35
-60
-53
-10
27
45
53
58
63
49
28
12
7
17
20
-6
-40
-53
-31
-8
14
9
7
23
51
76
78
80
59
47
32
25
28
25
37
32
9
-5
-5
12
17
7
-11
-32
-37
-22
-16
-13
-28
-37
-32
1
40
44
17
-21
-47
-59
-50
-21
4
7
-28
-81
-132
-130
-98
-56
-26
-21
-35
-45
-29
-16
-13
-23
-26
-27
-41
-57
-62
-62
-65
-50
-50
-51
-61
-71
-64
-27
14
51
65
60
31
6
-9
16
20
30
35
52
81
99
97
62
23
-5
-7
-9
-22
-37
-57
-43
-15
9
8
10
30
41
56
55
37
19
11
39
59
71
55
33
26
45
66
79
83
82
60
24
-12
-27
-28
-8
23
36
36
31
16
4
18
57
100
99
56
-11
-75
-105
-93
-73
-75
-93
-119
-123
-104
-61
-45
-31
-26
-34
-33
-32
-14
-4
-10
-25
-39
-39
-7
35
45
15
-45
-103
-120
-91
-67
-69
-89
-101
-93
-62
-25
-6
-17
-28
-30
-13
-14
-18
-28
-39
-36
-19
-5
1
12
15
12
11
4
8
21
17
2
-11
2
43
80
84
72
44
23
-1
-4
-3
11
17
8
-10
-28
-16
9
49
71
52
16
-23
-35
-43
-26
-3
18
25
27
26
14
18
24
27
32
36
50
49
60
76
92
105
120
113
85
44
37
55
72
78
63
47
49
56
58
55
48
44
28
3
-7
8
40
85
105
101
90
87
83
84
74
54
36
52
73
79
62
37
39
56
86
97
85
78
71
73
67
44
34
-1
-27
-32
-10
14
29
29
13
10
14
16
17
22
18
15
11
-1
-33
-66
-63
-31
18
42
46
34
29
54
83
87
82
69
58
56
54
49
33
18
32
47
59
56
41
25
21
23
14
10
6
-1
9
20
19
-9
-37
-39
-30
-20
-15
-12
-4
6
3
-4
-27
-27
-24
-3
23
50
61
56
53
63
69
71
69
43
14
11
7
40
47
29
0
-45
-60
-48
12
76
140
155
133
84
27
-11
-22
-14
1
14
22
10
-5
-16
-3
13
43
61
61
46
34
36
36
38
44
54
66
80
87
72
58
40
32
24
22
20
15
21
41
42
24
-2
-9
-5
3
7
8
-1
17
13
3
-32
-66
-75
-59
-32
-17
-21
-31
-28
-21
-18
-6
-17
-30
-38
-36
-30
-19
-19
-34
-65
-71
-66
-54
-49
-43
-36
-18
-4
1
-30
-64
-76
-60
-33
-14
2
12
18
27
27
27
29
36
28
30
41
51
62
68
66
66
65
77
79
75
80
77
69
50
19
-19
-61
-83
-99
-102
-101
-91
-73
-93
-114
-154
-170
-166
-125
-96
-54
-20
7
37
63
118
168
204
192
141
82
45
43
52
79
121
158
160
155
147
153
177
185
185
181
174
168
161
157
161
167
161
162
187
192
192
171
139
132
130
106
74
60
69
91
107
129
132
123
118
105
120
123
125
111
80
63
66
84
93
106
95
80
67
42
11
0
-9
-6
-5
-5
20
35
46
60
62
52
16
-28
-71
-88
-76
-59
-42
-30
-18
-1
19
39
43
12
-19
-56
-80
-89
-84
-79
-73
-57
-43
-34
-17
-4
3
-3
-10
-29
-49
-50
-40
-18
5
15
20
22
14
25
12
14
27
37
30
6
-8
-26
-33
-22
-3
13
15
14
-1
0
-12
-24
-17
28
89
129
139
111
61
2
-33
-41
-47
-28
-23
-21
-21
-1
37
67
74
68
58
53
68
81
84
63
22
-29
-57
-48
-20
-6
-6
-9
-20
-28
-39
-43
-40
-1
27
39
33
32
53
64
57
22
-21
-41
-36
-8
5
12
3
0
16
29
31
-1
-27
-37
-43
-29
-14
-2
14
17
27
32
33
40
31
15
9
2
2
0
9
17
21
27
28
26
27
27
28
18
6
-16
-27
-31
0
7
5
-19
-24
-13
25
53
67
56
50
54
61
68
76
54
33
6
-11
-24
-30
-25
-38
-38
-35
-17
-7
1
10
4
6
7
20
40
65
73
44
9
-25
-43
-46
-39
-22
-21
-13
-10
-5
-21
-41
-58
-59
-42
-22
-18
-32
-25
-19
2
21
24
21
-1
-18
-27
-12
13
39
38
26
15
6
-5
-11
-8
-2
13
27
27
9
-17
-25
-20
-5
14
14
-1
-13
-23
-27
-16
10
32
37
23
-1
-31
-33
-24
-3
4
12
6
-12
-22
-17
-5
-1
-13
-29
-49
-48
-24
-16
-32
-53
-69
-68
-35
-15
-16
-34
-34
-24
3
29
27
13
-1
-3
17
37
45
43
22
6
1
5
-5
-22
-29
-53
-45
-31
-5
10
9
12
6
16
22
27
21
12
0
-9
-21
-32
-53
-64
-57
-34
-18
-9
-4
-10
-16
-5
0
-9
-11
-14
-2
-6
3
6
26
36
41
37
22
25
19
15
11
16
12
-1
3
-1
-14
-24
-27
-20
-1
8
1
-15
-32
-37
-48
-40
-15
0
8
-5
-3
-4
5
18
21
23
18
21
-2
-15
-29
-18
8
26
37
17
5
-7
-12
-18
-19
-31
-44
-64
-74
-78
-90
-91
-62
-49
-52
-80
-129
-159
-151
-135
-102
-68
-32
-1
1
0
-14
-33
-40
-26
-6
8
30
13
12
12
30
51
81
102
97
63
21
1
-13
-5
-8
-20
-44
-54
-17
16
62
91
104
102
103
88
60
21
-6
-23
-42
-60
-69
-78
-73
-68
-58
-47
-20
-16
-20
-38
-49
-61
-62
-35
-16
-20
-44
-66
-62
-33
17
47
39
6
-11
-12
7
12
5
-20
-44
-65
-85
-77
-51
-32
-33
-47
-55
-39
-11
25
32
41
50
66
78
90
98
95
63
49
45
68
72
72
57
63
87
104
102
87
86
78
77
81
77
62
58
57
66
56
48
37
52
76
110
118
108
97
93
113
135
136
102
80
96
143
174
164
116
50
16
7
24
43
64
87
98
99
94
102
114
136
152
134
106
78
52
43
70
101
121
115
106
89
67
47
32
30
40
57
62
50
35
17
1
0
20
45
58
62
38
19
27
62
97
103
95
71
43
17
8
-2
1
27
56
73
75
69
58
61
60
52
44
51
83
73
45
-4
-24
-15
14
41
38
35
41
57
81
87
79
47
20
10
13
8
14
7
8
19
47
71
64
50
19
-12
-29
-33
-29
-19
-1
-3
-15
-35
-46
-33
-13
11
28
30
23
9
-1
-4
20
36
43
36
22
3
-6
-6
-21
-52
-69
-60
-36
-8
-1
-10
-23
-22
1
13
16
14
15
3
-12
-37
-56
-58
-38
-19
-11
-3
7
21
24
21
14
-1
-5
-2
0
-3
1
0
-12
-20
-35
-40
-51
-51
-60
-66
-67
-97
-131
-148
-140
-119
-110
-121
-133
-153
-172
-165
-140
-103
-87
-99
-113
-107
-83
-75
-76
-73
-63
-60
-67
-80
-94
-84
-77
-79
-90
-95
-88
-80
-58
-42
-29
-47
-56
-61
-60
-57
-52
-59
-68
-64
-55
-48
-56
-79
-104
-97
-60
-15
4
-4
-22
-22
-12
8
6
-15
-28
0
43
97
128
112
65
32
4
-10
-17
-21
-17
-16
-24
-32
-49
-54
-38
-8
31
57
64
38
23
10
5
-13
-38
-59
-76
-72
-44
-14
4
21
15
-3
-10
-5
19
53
81
86
73
62
66
83
89
103
85
48
2
-27
-22
-4
20
23
19
18
44
81
103
94
47
1
-13
3
14
20
6
-1
-10
-3
13
22
34
60
65
54
29
23
21
38
48
48
40
48
59
69
68
55
25
-15
-29
-16
17
45
52
43
48
64
75
59
32
13
13
28
64
82
83
67
63
70
72
62
38
7
1
-2
-2
1
21
47
81
90
90
53
14
-1
9
32
32
8
-42
-63
-72
-56
-52
-57
-63
-68
-58
-32
-3
9
26
41
45
48
56
65
67
68
57
30
14
11
21
32
39
33
25
18
39
82
114
145
130
84
26
-12
-29
-31
-28
-23
-19
-12
9
20
12
0
-25
-57
-80
-92
-92
-69
-31
-5
-10
-42
-72
-89
-68
-34
1
3
-7
-9
-13
-9
-14
-42
-66
-72
-47
-35
-26
-28
-39
-42
-31
-5
11
18
19
12
9
15
20
25
32
50
73
77
79
67
50
36
30
24
15
20
22
27
34
65
75
55
27
5
13
41
75
95
94
72
40
20
14
11
-16
-35
-47
-45
-43
-32
-8
1
4
4
14
24
37
44
55
72
93
123
141
151
140
102
69
45
42
35
31
24
10
16
35
57
78
84
79
61
24
-13
-46
-87
-93
-78
-41
-8
6
1
4
32
54
65
49
28
5
-1
20
45
78
82
91
79
76
78
67
43
5
-35
-58
-48
-15
12
0
-14
-25
-25
-2
12
27
41
43
49
48
62
83
98
104
112
125
121
102
90
97
90
91
71
86
112
143
155
150
155
167
167
175
163
152
141
154
177
182
179
162
144
120
104
110
131
158
175
157
128
113
99
86
82
89
101
118
132
151
149
141
130
114
111
103
77
48
13
5
24
52
104
131
133
122
92
74
79
104
129
122
100
62
46
61
93
103
80
45
7
-4
10
38
43
34
19
-4
-30
-55
-49
-31
0
28
40
45
37
36
23
24
30
23
13
-1
2
0
-3
-18
-29
-25
-8
14
2
-23
-47
-45
-15
13
23
-1
-25
-34
-30
-23
-25
-47
-83
-103
-93
-77
-64
-65
-77
-98
-127
-136
-133
-108
-81
-71
-72
-93
-100
-98
-79
-46
-39
-42
-49
-49
-37
-19
8
19
0
-29
-48
-53
-39
-8
-5
-10
-35
-50
-56
-56
-47
-48
-54
-82
-100
-126
-125
-103
-98
-102
-112
-103
-85
-55
-39
-31
-49
-70
-97
-100
-85
-56
-57
-62
-45
-18
-1
-19
-44
-60
-69
-55
-50
-40
-29
-14
-12
-19
-35
-49
-51
-44
-26
-28
-41
-59
-74
-65
-36
-9
-4
-10
-17
-15
-22
-13
-18
-33
-53
-70
-62
-44
-11
17
27
35
35
35
24
6
-3
-25
-39
-48
-61
-54
-24
1
10
-3
8
40
72
91
78
44
24
1
6
12
37
48
53
50
56
58
55
64
70
69
66
69
68
59
43
25
-4
-1
15
21
24
21
23
33
47
53
46
28
16
19
24
15
16
-1
7
31
37
21
12
0
12
24
25
19
8
-9
-21
-51
-43
-17
17
43
57
75
83
85
84
79
79
86
76
43
12
5
31
60
98
99
96
83
78
63
45
41
38
36
23
12
-1
1
14
32
52
51
43
26
24
37
44
38
35
52
66
88
103
98
80
62
54
54
61
77
68
49
31
26
23
17
18
20
19
39
37
42
41
33
37
29
35
41
41
44
39
35
36
39
37
26
-1
-20
-48
-59
-43
-25
-15
-16
-14
-14
-9
12
30
35
22
8
-11
-32
-53
-70
-69
-46
-30
-30
-17
-5
10
12
11
4
-3
-16
-23
-25
-29
-27
-20
-20
-4
6
4
-12
-36
-37
-34
-30
-40
-55
-73
-42
-16
10
22
23
33
25
37
34
24
13
-7
-26
-59
-70
-71
-54
-24
-17
-26
-56
-80
-102
-113
-130
-144
-176
-187
-185
-146
-121
-107
-115
-101
-80
-43
-30
-43
-54
-58
-63
-67
-81
-93
-96
-74
-27
-4
11
7
11
7
-6
-45
-87
-101
-88
-36
2
16
16
-2
-15
-20
-3
25
47
39
15
-8
-10
3
20
33
29
3
-4
0
17
51
76
68
33
-17
-48
-51
-26
10
28
28
9
18
8
26
43
59
44
10
-11
-16
5
42
75
80
78
62
35
8
-7
-15
-7
10
36
49
44
44
51
56
70
63
50
60
69
85
84
89
82
70
68
84
114
129
149
136
121
106
109
108
102
87
64
49
54
67
84
106
122
131
116
91
81
65
69
73
77
81
71
74
74
81
96
92
80
60
49
42
50
51
39
11
2
-1
20
25
27
25
42
65
60
24
-19
-43
-38
-23
8
15
-5
-25
-19
-11
-8
-15
-38
-56
-49
-23
2
-12
-34
-63
-60
-57
-49
-79
-107
-105
-86
-60
-51
-40
-38
-26
-10
22
24
18
-3
-33
-44
-38
-24
-25
-18
-15
-6
11
23
27
7
-13
-31
-35
-33
-33
-42
-61
-58
-37
-15
-20
-35
-67
-80
-55
-28
-14
-13
-18
-10
2
19
24
18
20
27
31
21
15
18
32
57
77
65
27
-18
-46
-58
-57
-44
-35
-9
18
41
35
8
-39
-87
-90
-66
-64
-89
-135
-158
-148
-128
-110
-106
-112
-112
-120
-136
-131
-97
-70
-70
-86
-97
-77
-44
-20
-25
-36
-38
-19
6
48
91
106
89
53
9
-9
16
52
65
45
17
3
7
25
36
44
51
49
50
42
52
71
101
117
110
79
37
26
40
57
66
57
50
32
26
25
24
43
63
66
48
39
33
50
61
72
69
60
77
90
86
72
43
25
6
9
13
9
-6
-20
-14
11
56
79
79
61
45
37
40
39
28
5
-8
3
12
41
61
71
63
56
48
27
7
-8
-13
-8
-8
0
-4
-3
-1
16
37
61
67
48
21
2
-5
-4
0
7
22
53
80
82
60
40
16
11
17
24
37
43
63
61
46
19
0
11
35
58
52
10
-37
-62
-56
-20
27
43
32
29
59
103
130
136
107
60
25
9
8
8
-10
-38
-45
-11
66
133
187
194
158
108
72
69
87
114
118
103
62
31
9
15
32
68
99
105
114
117
114
101
73
33
3
6
35
62
78
81
81
82
85
78
77
80
101
112
116
109
67
50
