-0.859934
-0.859934
-0.859934
-0.859934
-0.859934
-0.859934
-0.859934
-0.859934
-0.859934
-0.859934
-0.859934
-0.859934
-0.859934
-0.859934
-0.859934
-0.859934
-0.859934
-0.859934
-0.859934
-0.859934
-0.859934
-0.859934
-0.859934
-0.859934
-0.859934
-0.859934
-0.859934
-0.859934
-0.859934
-0.859934
-0.859934
-0.859934
-0.859934
-0.859934
-0.859934
-0.859934
-0.859934
-0.859934
-0.859934
-0.859934
-0.859934
-0.859934
-0.859934
-0.859934
-0.859934
-0.859934
-0.859934
-0.859934
-0.859934
-0.859934
-0.859934
-0.859934
-0.859934
-0.859934
-0.859934
-0.859934
-0.859934
-0.859934
-0.859934
-0.859934
-0.859934
-0.859934
-0.859934
-0.859934
-0.859934
-0.859934
-0.859934
-0.859934
-0.859934
-0.859934
-0.859934
-0.859934
-0.859934
-0.859934
-0.859934
-0.859934
-0.859934
-0.859934
-0.859934
-0.859934
-0.859934
-0.859934
-0.859934
-0.859934
-0.859912
-0.858796
-0.847950
-0.837163
-0.836707
-0.816957
-0.822724
-0.831908
-0.800983
-0.806353
-0.829045
-0.822219
-0.835958
-0.825728
-0.824629
-0.785448
-0.802375
-0.789796
-0.788319
-0.736630
-0.753703
-0.727779
-0.762209
-0.737605
-0.654802
-0.710346
-0.728722
-0.699544
-0.713162
-0.733274
-0.705251
-0.746396
-0.725799
-0.727701
-0.673783
-0.733724
-0.714388
-0.734033
-0.737604
-0.707630
-0.691315
-0.691647
-0.679246
-0.713054
-0.704029
-0.703738
-0.665829
-0.703062
-0.732065
-0.712138
-0.728885
-0.677632
-0.721361
-0.674077
-0.658727
-0.617345
-0.687151
-0.648660
-0.697943
-0.669635
-0.698855
-0.703535
-0.716570
-0.677857
-0.668187
-0.665947
-0.694494
-0.724024
-0.665052
-0.721387
-0.648312
-0.658965
-0.671868
-0.661936
-0.666840
-0.735206
-0.684369
-0.661058
-0.621670
-0.691358
-0.677958
-0.700679
-0.702370
-0.675254
-0.589075
-0.687263
-0.597389
-0.636154
-0.607260
-0.649003
-0.592985
-0.696407
-0.694214
-0.663261
-0.660222
-0.681435
-0.695677
-0.723330
-0.727805
-0.629732
-0.667314
-0.620005
-0.648497
-0.613273
-0.687053
-0.580047
-0.587409
-0.637762
-0.674519
-0.648365
-0.724260
-0.674587
-0.624002
-0.696985
-0.731890
-0.747494
-0.708816
-0.678556
-0.594308
-0.716108
-0.705208
-0.727579
-0.652682
-0.720751
-0.646878
-0.686660
-0.711318
-0.729816
-0.716553
-0.732617
-0.664013
-0.718382
-0.746047
-0.658013
-0.690071
-0.667561
-0.650539
-0.679229
-0.689992
-0.697634
-0.316111
1.099326
0.395336
0.362661
0.694691
0.667737
1.566954
2.972891
2.737242
3.662496
2.588781
3.104039
1.400843
0.553483
0.672632
0.506094
0.332243
1.500243
1.343019
1.522711
2.696631
1.528846
1.981174
1.911790
1.606391
1.991210
2.620646
1.394556
1.503075
2.852717
3.594024
4.140378
2.944753
2.556506
3.978197
4.212253
4.017221
2.617129
2.750944
2.614289
1.687242
2.920529
2.774378
2.245122
3.069223
1.971023
0.987216
1.408385
1.974226
1.515785
1.952455
1.975898
1.436428
2.141323
2.902971
2.450359
3.681818
3.609222
1.997464
2.403990
2.337288
1.868795
1.458639
1.791911
2.523651
2.003989
2.329981
1.673197
2.095088
2.240628
1.230957
1.448791
1.512899
1.776226
1.606953
1.387458
1.322434
0.917606
1.294541
1.163040
1.217720
2.495114
1.327083
0.905927
1.069636
1.228031
1.118701
1.111222
1.105414
0.800266
1.458860
1.161036
1.006374
0.755432
1.585648
1.103926
1.211171
1.139991
1.084989
0.931854
0.775081
1.107327
1.033675
0.705030
0.573500
0.760714
1.056633
0.922415
0.731436
0.623179
0.843271
1.129680
1.173091
1.955666
1.190588
0.951874
1.216238
0.751744
0.735856
1.030299
0.884607
0.934345
0.713449
0.957629
0.730335
0.428379
0.672794
0.722198
0.613646
0.789226
0.764299
0.288169
0.557950
0.323419
0.751583
0.485561
0.549641
0.795959
0.425349
0.198250
0.539645
0.936689
0.239871
0.299971
0.624939
0.506670
0.201537
0.502654
0.357250
0.333394
0.286465
0.162328
0.370581
0.344869
0.548533
0.723510
0.210749
0.319635
0.464747
0.361980
0.208087
0.293613
0.247893
0.098604
0.181090
0.071997
0.202699
-0.112436
-0.207605
0.349248
0.182008
-0.043287
0.299707
0.263958
0.666616
0.461338
0.423424
0.249643
0.103824
0.326408
0.501809
0.365220
0.162037
0.160336
0.417471
0.139217
0.355298
0.215425
0.005681
-0.170095
-0.138342
0.143177
0.197096
0.126328
0.045622
0.191044
0.108162
-0.054784
-0.062403
0.011512
-0.081661
-0.058810
-0.014912
0.160281
0.038585
0.100513
-0.029683
0.050890
-0.097607
-0.228366
-0.244191
-0.070916
-0.031784
-0.145074
-0.168849
-0.188338
-0.295033
-0.257905
-0.299322
-0.303546
-0.272318
-0.286256
-0.149303
0.035984
-0.139540
-0.098519
0.040748
0.137484
0.408208
0.562147
0.127543
0.405548
0.418340
0.015931
-0.050012
0.842584
0.911806
0.424819
-0.058591
-0.105985
0.027738
0.106558
0.039191
0.119517
0.645611
0.157808
0.288069
0.016720
0.197360
0.445164
0.581705
0.606029
0.780007
0.518029
0.813735
0.567487
0.181446
0.081926
0.137459
0.196000
0.020172
-0.101975
-0.196050
-0.078869
-0.344530
-0.301914
-0.130676
-0.290354
0.064749
-0.203798
-0.080374
-0.092740
-0.163228
-0.117791
-0.112676
-0.313776
-0.335905
-0.102308
0.023286
-0.207353
-0.207029
-0.298749
-0.289102
-0.323299
-0.348383
-0.259415
-0.356916
-0.337141
-0.460655
-0.336166
-0.317525
-0.385254
-0.441575
-0.358503
-0.237014
-0.372870
-0.430253
-0.284333
-0.376666
-0.466506
-0.416100
-0.263523
-0.366551
-0.372190
-0.135946
-0.259046
-0.169967
-0.334127
-0.210738
-0.446631
-0.398123
-0.351122
-0.220122
-0.423088
-0.300704
-0.465918
-0.471387
-0.303972
-0.462044
-0.456055
-0.415034
-0.512366
-0.331055
-0.351623
-0.293058
-0.454599
-0.271087
-0.389004
-0.343938
-0.422676
-0.368359
-0.399323
-0.264098
-0.308352
-0.369787
-0.343268
-0.388761
-0.391460
-0.444349
-0.440452
-0.474177
-0.351805
-0.440538
-0.580883
-0.516529
-0.436899
-0.334518
-0.244292
-0.405655
-0.512005
-0.464942
-0.463924
-0.469538
-0.461903
-0.433437
-0.479318
-0.438957
-0.393232
-0.434944
-0.465107
-0.409034
-0.389339
-0.359204
-0.390032
-0.436135
-0.369557
-0.342734
-0.315338
-0.355924
-0.491184
-0.388333
-0.407957
-0.391312
-0.399615
-0.370804
-0.529526
-0.564076
-0.528893
-0.558481
-0.490564
-0.489541
-0.585380
-0.552120
-0.578713
-0.678623
-0.714000
-0.722093
-0.709315
-0.758501
-0.743427
-0.765621
-0.772744
-0.791585
-0.825518
-0.859909
-0.859934
-0.859934
-0.859934
-0.859934
-0.859934
-0.859934
-0.859934
-0.859934
-0.859934
-0.525869
-0.525869
-0.525869
-0.525869
-0.525869
-0.525869
-0.525869
-0.525869
-0.525869
-0.525869
-0.525869
-0.525869
-0.525869
-0.525869
-0.525869
-0.525869
-0.525869
-0.525869
-0.525869
-0.525869
-0.525869
-0.525869
-0.525869
-0.525869
-0.525869
-0.525869
-0.525869
-0.525869
-0.525869
-0.525869
-0.525869
-0.525869
-0.525869
-0.525869
-0.525869
-0.525869
-0.525869
-0.525869
-0.525869
-0.525869
-0.525869
-0.525869
-0.525869
-0.525869
-0.525869
-0.525869
-0.525869
-0.525869
-0.525869
-0.525869
-0.525869
-0.525869
-0.525869
-0.525869
-0.525869
-0.525869
-0.525869
-0.525869
-0.525869
-0.525869
-0.525869
-0.525869
-0.525869
-0.525869
-0.525869
-0.525869
-0.525869
-0.525869
-0.525869
-0.525869
-0.525869
-0.525869
-0.525869
-0.525869
-0.525869
-0.525869
-0.525869
-0.525869
-0.525869
-0.525869
-0.525869
-0.525869
-0.525869
-0.525869
-0.525869
-0.525869
-0.525869
-0.525869
-0.525869
-0.525869
-0.525869
-0.525869
-0.525869
-0.525869
-0.525869
-0.525869
-0.525869
-0.525869
-0.525869
-0.525869
-0.525869
-0.525869
-0.525869
-0.525869
-0.525869
-0.525869
-0.525869
-0.525869
-0.525869
-0.525869
-0.525869
-0.525869
-0.525869
-0.525869
-0.525869
-0.525869
-0.525869
-0.525869
-0.525869
-0.525869
-0.525869
-0.525869
-0.505520
-0.461644
-0.395763
-0.208837
-0.143176
-0.118439
-0.108066
-0.149133
-0.187887
-0.117726
-0.134469
-0.136258
-0.106817
-0.006323
-0.038140
-0.167889
-0.124471
-0.168802
-0.136249
-0.118422
-0.001701
-0.031853
-0.101753
-0.174456
-0.221507
-0.208120
-0.112898
-0.136802
-0.131771
-0.171051
-0.138187
-0.157364
-0.153238
-0.117444
-0.135950
-0.044211
-0.068755
-0.126319
-0.142568
0.076875
-0.184842
-0.056605
-0.066332
-0.177840
-0.108419
-0.162488
-0.171461
-0.131695
-0.152465
-0.100119
0.008008
0.049998
-0.051860
-0.173338
-0.042526
-0.158237
-0.150690
-0.093962
-0.101637
-0.143744
-0.226800
-0.060982
-0.189753
-0.200167
-0.237638
-0.107512
-0.007065
-0.153699
-0.045775
-0.075580
-0.210598
-0.021164
-0.053779
-0.060614
-0.057575
-0.070166
-0.104771
-0.174845
-0.183656
-0.130437
-0.201658
-0.083914
-0.157695
-0.117740
-0.066719
-0.106572
-0.166962
0.000511
-0.119718
-0.034443
-0.086054
-0.140002
-0.111338
-0.069007
-0.120708
-0.147193
-0.106156
-0.029819
-0.004020
-0.090233
-0.062926
-0.100010
-0.129629
-0.005703
-0.184644
-0.217865
-0.087102
-0.056663
-0.149500
-0.175141
-0.174870
-0.186990
-0.051230
-0.024767
0.093495
-0.114208
0.024620
-0.024716
-0.077020
-0.079707
-0.052476
0.117971
-0.119256
-0.076870
0.371488
1.420599
-0.017813
-0.151593
-0.098523
-0.145850
-0.148928
-0.126309
-0.126607
-0.193913
-0.182839
-0.146270
-0.156387
-0.173427
-0.097628
-0.158905
-0.238257
-0.215544
-0.240641
-0.174359
-0.103525
-0.198453
-0.224911
-0.197821
-0.219237
-0.191674
-0.179024
-0.144172
-0.129149
-0.249773
-0.222882
-0.191290
-0.143442
0.012459
0.023692
-0.066163
-0.091727
-0.124218
-0.058262
0.082583
0.044053
-0.064635
-0.133153
-0.164846
-0.165011
-0.119520
-0.102993
0.025544
-0.032689
-0.009169
-0.058075
0.079302
0.234919
-0.048328
-0.102070
0.000671
0.162778
0.110402
0.289247
0.371242
0.083479
0.040410
0.225938
0.369621
0.137401
0.279457
0.413218
0.598489
0.857669
1.552795
3.974713
2.911828
2.382717
2.146594
2.331882
1.529414
1.642734
2.768388
2.766978
3.249675
4.772779
4.039263
2.056881
2.224375
1.037025
0.494591
0.124102
6.372243
5.333000
0.883425
0.003772
0.438644
0.326907
0.398192
0.260916
0.195038
0.144777
0.183847
0.360161
0.241732
0.149998
0.221276
0.415466
0.424431
0.371274
0.117691
0.103321
0.261204
0.162501
0.678513
1.081203
1.109108
0.680357
1.624260
1.988207
0.495524
0.126101
0.069456
0.093062
0.122582
0.131442
-0.000997
0.091806
-0.059484
-0.047379
-0.041258
-0.044588
-0.029695
-0.101995
-0.124937
-0.006890
0.045732
0.070859
-0.016450
-0.082234
-0.011266
0.025308
0.089493
-0.088943
-0.080958
-0.088883
-0.061636
-0.075931
-0.107624
-0.073839
-0.097713
-0.192854
-0.192640
-0.143743
-0.088592
-0.163772
-0.180043
-0.030092
-0.146685
-0.123676
-0.096492
-0.087999
-0.116051
-0.177075
-0.188448
-0.235937
-0.190613
-0.178288
-0.116012
-0.189721
-0.143545
-0.086820
-0.185718
-0.174303
-0.078152
-0.170138
-0.145677
-0.198912
-0.183700
-0.227008
-0.201736
-0.119773
-0.209459
-0.217113
-0.205190
-0.162994
-0.185194
-0.272878
-0.215953
-0.196270
-0.193487
-0.153586
-0.133588
-0.118626
-0.191174
-0.180542
-0.139234
-0.267399
-0.130995
-0.047775
-0.079123
-0.002574
0.198828
0.345754
0.539410
0.597917
9.146914
15.751261
6.449109
0.377236
1.042942
0.915076
0.093017
-0.007829
0.705324
-0.054333
-0.223061
-0.174665
-0.223586
-0.169106
-0.147340
-0.183246
-0.176781
-0.037236
-0.172455
0.577006
2.347847
0.966500
0.487952
0.337899
0.217054
0.139239
-0.004600
-0.024804
0.202841
0.209070
0.142227
0.097390
-0.033266
-0.092136
0.015988
-0.081546
-0.105376
-0.063163
-0.124533
-0.202367
-0.189241
-0.149210
-0.107394
-0.193550
-0.200929
-0.136254
-0.182039
-0.124674
-0.129780
-0.190616
-0.134438
-0.170508
-0.244724
-0.109202
-0.140244
-0.085011
-0.167440
-0.143910
-0.167667
-0.156290
-0.148850
-0.103405
-0.196135
-0.195105
-0.234263
-0.106368
-0.188890
-0.135050
-0.106118
-0.113980
-0.176299
-0.226098
-0.185546
-0.159336
-0.228927
-0.163396
-0.093937
-0.154504
-0.172495
-0.045169
-0.156653
-0.169779
-0.101032
-0.198293
-0.216827
-0.160122
-0.046795
-0.118899
-0.211720
-0.179526
-0.122065
-0.192946
-0.151623
-0.178427
-0.151175
-0.232933
-0.104852
-0.064856
-0.148580
-0.162545
-0.157020
-0.200945
-0.177945
-0.074868
-0.109346
-0.127162
-0.158860
-0.172073
-0.254040
-0.236883
-0.190072
-0.140935
-0.201479
-0.243264
-0.186375
-0.197452
-0.192696
-0.129199
-0.091839
-0.114273
-0.035642
-0.069033
-0.051247
-0.123977
0.167581
-0.010193
-0.174639
-0.056001
-0.125337
-0.170544
-0.068589
0.004468
-0.184206
-0.105844
-0.095002
-0.133370
-0.182075
-0.068794
-0.087744
-0.137071
-0.057014
-0.007429
0.047672
-0.103994
0.083448
0.163958
0.074732
0.077996
0.151639
0.128389
0.094738
0.112848
0.004624
-0.112149
-0.114033
-0.101468
-0.044955
-0.072866
-0.204174
-0.205691
-0.144793
-0.149737
-0.027733
-0.104610
-0.120292
-0.086373
0.107222
-0.006824
-0.019075
-0.083077
-0.185582
-0.257904
-0.176930
-0.207893
-0.208297
-0.210578
-0.152360
-0.192431
-0.097545
-0.181409
-0.119898
-0.070745
-0.085600
-0.133379
-0.118071
-0.187235
-0.310816
-0.441847
-0.525869
-0.525869
-0.424388
-0.424388
-0.424388
-0.424388
-0.424388
-0.424388
-0.424388
-0.424388
-0.424388
-0.424388
-0.424388
-0.424388
-0.424388
-0.424388
-0.424388
-0.424388
-0.424388
-0.424388
-0.424388
-0.424388
-0.424388
-0.424388
-0.424388
-0.424388
-0.424388
-0.424388
-0.424388
-0.424388
-0.424388
-0.424388
-0.424388
-0.424388
-0.424388
-0.424388
-0.424388
-0.424388
-0.424388
-0.424388
-0.424388
-0.424388
-0.424388
-0.424388
-0.424388
-0.424388
-0.424388
-0.424388
-0.424388
-0.424388
-0.424388
-0.424388
-0.424388
-0.424388
-0.424388
-0.424388
-0.424388
-0.424388
-0.424388
-0.424388
-0.424388
-0.424388
-0.424388
-0.424388
-0.424388
-0.424388
-0.424388
-0.424388
-0.424388
-0.424388
-0.424388
-0.424388
-0.424388
-0.424388
-0.424388
-0.424388
-0.424388
-0.424388
-0.424388
-0.424388
-0.424388
-0.424388
-0.424388
-0.424388
-0.424388
-0.424388
-0.424388
-0.424388
-0.424388
-0.424388
-0.424388
-0.424388
-0.424388
-0.424388
-0.424388
-0.424388
-0.424388
-0.424388
-0.424388
-0.424388
-0.424388
-0.424388
-0.424317
-0.423937
-0.419145
-0.418111
-0.416920
-0.416955
-0.413384
-0.414383
-0.415750
-0.415690
-0.411586
-0.410568
-0.407261
-0.400163
-0.407973
-0.406904
-0.396800
-0.397500
-0.393915
-0.382033
-0.375268
-0.380522
-0.371557
-0.376699
-0.381459
-0.388415
-0.387980
-0.384912
-0.374344
-0.371588
-0.377173
-0.373812
-0.380561
-0.380195
-0.379115
-0.377323
-0.377416
-0.370266
-0.374252
-0.370374
-0.377053
-0.381438
-0.378763
-0.379078
-0.374079
-0.360931
-0.371200
-0.372066
-0.385553
-0.375694
-0.378553
-0.380689
-0.373154
-0.368211
-0.375958
-0.373366
-0.375384
-0.372294
-0.379990
-0.376611
-0.381670
-0.372208
-0.375847
-0.382983
-0.386395
-0.383434
-0.383914
-0.376286
-0.379930
-0.383141
-0.384642
-0.385261
-0.381013
-0.375194
-0.379117
-0.386502
-0.386431
-0.378791
-0.378482
-0.372146
-0.372996
-0.376620
-0.377701
-0.375782
-0.367710
-0.367401
-0.367729
-0.379970
-0.377588
-0.376224
-0.376131
-0.380321
-0.382819
-0.381543
-0.379163
-0.376378
-0.373953
-0.382163
-0.378852
-0.382785
-0.366169
-0.365303
-0.377477
-0.380543
-0.377183
-0.376693
-0.376045
-0.370773
-0.377903
-0.383848
-0.370213
-0.370909
-0.371572
-0.381668
-0.377990
-0.377771
-0.380635
-0.378847
-0.369379
-0.372626
-0.383375
-0.379862
-0.371686
-0.367151
-0.362282
-0.365887
-0.371188
-0.374919
-0.374228
-0.372123
-0.374985
-0.369311
-0.375634
-0.365866
-0.371979
-0.374694
-0.379206
-0.377485
-0.379607
-0.372985
-0.368843
-0.373954
-0.372881
-0.380414
-0.372273
-0.380607
-0.370102
-0.382700
-0.380762
-0.380284
-0.378231
-0.368633
-0.377422
-0.384794
-0.380124
-0.375689
-0.374128
-0.371423
-0.367484
-0.372031
-0.379052
-0.367327
-0.370171
-0.370396
-0.370233
-0.376462
-0.365915
-0.349466
-0.364236
-0.362655
-0.370905
-0.373649
-0.370579
-0.357690
-0.366397
-0.376171
-0.375804
-0.371782
-0.368249
-0.369734
-0.367037
-0.375317
-0.372132
-0.380899
-0.376610
-0.369006
-0.377691
-0.378848
-0.369508
-0.366096
-0.364056
-0.356657
-0.367381
-0.373845
-0.371023
-0.376459
-0.371343
-0.366633
-0.379531
-0.370557
-0.365275
-0.361065
-0.362530
-0.366768
-0.366411
-0.373418
-0.365588
-0.369400
-0.375830
-0.380044
-0.379707
-0.377157
-0.370169
-0.369611
-0.379737
-0.379580
-0.368738
-0.367702
-0.365784
-0.374054
-0.377644
-0.369189
-0.366597
-0.371728
-0.369139
-0.371800
-0.370408
-0.366778
-0.370522
-0.370932
-0.369646
-0.381194
-0.383022
-0.377140
-0.369215
-0.370906
-0.366637
-0.364384
-0.372479
-0.377590
-0.372182
-0.372735
-0.375574
-0.379220
-0.374744
-0.362240
-0.353624
-0.369756
-0.376673
-0.371638
-0.372069
-0.364849
-0.361571
-0.371572
-0.374680
-0.377540
-0.376880
-0.367696
-0.369740
-0.379908
-0.377284
-0.377443
-0.366094
-0.371601
-0.375242
-0.383855
-0.383470
-0.370559
-0.365689
-0.361108
-0.370277
-0.365502
-0.369145
-0.375401
-0.370170
-0.365237
-0.370616
-0.372686
-0.369309
-0.368293
-0.373938
-0.375041
-0.375034
-0.370013
-0.372631
-0.362106
-0.359941
-0.373137
-0.372267
-0.372748
-0.375502
-0.374641
-0.376876
-0.375651
-0.374755
-0.370454
-0.368663
-0.371243
-0.366310
-0.366565
-0.370369
-0.370007
-0.372323
-0.376704
-0.380284
-0.371961
-0.361465
-0.331249
-0.332821
-0.322734
-0.320943
-0.276359
-0.279184
-0.306245
-0.256359
-0.300132
-0.293718
-0.297148
-0.298064
-0.287366
-0.291715
-0.284909
-0.296639
-0.218719
-0.165467
-0.206677
-0.167078
-0.100977
-0.037442
-0.016799
-0.003254
0.087656
0.240538
0.021602
0.030097
0.278989
0.348501
0.428646
0.335183
0.313214
0.391812
0.714334
1.358293
1.086541
0.899058
1.310414
1.192396
1.354697
1.117671
1.697178
1.689234
1.349486
1.757333
2.148798
2.033857
2.353180
1.626886
2.499752
1.897622
1.709694
3.366815
2.603118
2.985780
2.172009
2.454786
2.756641
2.477619
2.770800
3.285682
3.277657
3.851402
2.557468
2.395580
2.811504
3.362241
3.588587
4.228359
3.630491
3.366304
3.530491
3.221319
2.419649
3.128355
3.050793
2.469051
2.490323
2.473142
2.056015
1.644392
1.920779
2.386168
2.594572
1.713629
1.849259
1.613209
1.869119
1.373988
1.470480
1.512689
1.757150
1.313893
1.897301
2.387705
2.409847
2.603102
2.233594
3.042336
2.673854
2.161508
2.602378
2.231538
1.968364
2.422592
2.783901
1.945761
1.499380
2.265977
6.929994
8.377300
2.770828
0.900792
0.118684
0.018100
0.072470
0.072652
0.079954
-0.150115
-0.183566
-0.263154
-0.205562
-0.142126
-0.202258
-0.269113
-0.273655
-0.284716
-0.265803
-0.319489
-0.309127
-0.322326
-0.253406
-0.145699
-0.132212
-0.128279
-0.234087
-0.252999
0.040479
0.528788
0.361967
-0.086851
-0.224249
-0.286007
-0.320209
-0.278969
-0.098500
-0.131337
-0.293571
-0.315713
-0.332475
-0.329693
-0.354924
-0.350171
-0.290295
-0.254717
0.236428
0.061765
-0.145974
-0.237730
-0.269308
-0.293516
-0.237950
-0.216816
-0.182462
-0.278064
-0.322249
-0.321611
-0.353962
-0.345367
-0.324739
-0.297238
-0.332237
-0.351091
-0.362845
-0.361081
-0.353780
-0.338549
-0.337426
-0.328937
-0.140770
-0.221097
-0.278231
-0.315134
-0.352345
-0.358327
-0.339695
-0.347081
-0.300092
-0.324959
-0.351333
-0.345314
-0.350736
-0.341951
-0.286261
-0.282243
-0.267804
-0.304123
-0.270929
-0.130766
-0.269202
-0.311381
-0.340822
-0.359063
-0.361670
-0.368973
-0.377011
-0.383098
-0.383812
-0.380878
-0.373028
-0.371226
-0.371242
-0.336643
-0.325221
-0.352831
-0.368662
-0.383389
-0.394333
-0.399336
-0.403265
-0.412750
-0.424388
-0.424388
-0.424388
-0.424388
-0.424388
-0.424388
-0.424388
-0.424388
-0.309493
-0.449167
-0.485854
-0.413909
-0.494870
-0.506981
-0.446468
-0.477694
-0.492112
-0.501451
-0.475115
-0.466009
-0.454988
-0.438403
-0.541958
-0.556017
-0.636643
-0.627385
-0.566294
-0.622277
-0.656449
-0.665784
-0.634592
-0.684314
-0.683026
-0.673341
-0.624483
-0.663870
-0.678398
-0.694117
-0.711547
-0.712548
-0.714070
-0.704251
-0.713616
-0.709253
-0.714201
-0.732606
-0.737136
-0.738431
-0.738743
-0.738955
-0.738955
-0.738955
-0.738955
-0.738955
-0.738955
-0.738955
-0.738955
-0.738955
-0.738955
-0.738955
-0.738955
-0.738955
-0.738955
-0.738955
-0.738955
-0.738955
-0.738955
-0.738955
-0.738955
-0.738955
-0.738955
-0.738955
-0.738955
-0.738955
-0.738955
-0.738955
-0.738955
-0.738955
-0.738955
-0.738955
-0.738955
-0.738955
-0.738955
-0.738955
-0.738955
-0.738955
-0.738955
-0.738955
-0.738955
-0.738955
-0.738955
-0.738955
-0.738955
-0.738955
-0.738955
-0.738955
-0.738955
-0.738955
-0.738955
-0.738955
-0.738955
-0.738955
-0.738955
-0.738955
-0.738955
-0.738955
-0.738955
-0.738955
-0.738955
-0.738955
-0.738955
-0.738955
-0.738955
-0.738955
-0.738955
-0.738955
-0.738955
-0.738955
-0.738955
-0.738955
-0.738955
-0.738955
-0.738955
-0.738955
-0.738955
-0.738955
-0.738955
-0.738955
-0.738955
-0.738955
-0.738955
-0.738955
-0.738955
-0.738955
-0.738955
-0.738955
-0.738955
-0.738955
-0.738955
-0.738955
-0.738955
-0.738955
-0.738955
-0.738955
-0.738955
-0.738955
-0.738941
-0.718149
-0.667335
-0.699921
-0.693806
-0.684853
-0.689328
-0.620507
-0.630663
-0.646939
-0.646528
-0.544449
-0.587829
-0.604915
-0.599588
-0.631809
-0.567766
-0.556046
-0.519193
-0.570730
-0.562662
-0.580460
-0.554106
-0.554917
-0.522231
-0.524873
-0.531452
-0.549106
-0.530133
-0.469773
-0.506594
-0.581727
-0.525850
-0.478761
-0.493384
-0.536931
-0.520898
-0.590868
-0.469475
-0.534639
-0.509592
-0.465616
-0.466266
-0.526159
-0.497934
-0.428663
-0.447424
-0.451429
-0.488650
-0.496487
-0.456444
-0.454370
-0.518381
-0.527912
-0.456611
-0.505940
-0.466121
-0.461669
-0.438059
-0.458896
-0.506158
-0.498084
-0.526158
-0.472847
-0.480791
-0.481335
-0.502850
-0.491133
-0.492965
-0.368128
-0.463435
-0.505117
-0.516864
-0.468482
-0.446118
-0.459700
-0.489983
-0.530356
-0.485140
-0.498482
-0.495811
-0.458981
-0.496749
-0.484114
-0.508198
-0.486603
-0.445860
-0.496126
-0.476745
-0.512296
-0.496896
-0.468423
-0.446124
-0.497656
-0.498084
-0.406621
-0.507224
-0.436453
-0.465863
-0.514342
-0.444467
-0.506147
-0.512208
-0.536327
-0.504904
-0.508480
-0.437421
-0.454024
-0.414625
-0.481813
-0.535580
-0.469384
-0.482206
-0.495331
-0.469677
-0.495553
-0.514272
-0.448646
-0.498789
-0.400992
-0.464732
-0.465112
-0.483022
-0.432627
-0.498266
-0.491134
-0.448189
-0.491675
-0.488609
-0.479115
-0.460322
-0.400912
-0.466923
-0.554640
-0.501173
-0.530893
-0.415472
-0.393143
-0.492834
-0.503723
-0.506030
-0.451320
-0.471086
-0.409487
-0.490700
-0.440467
-0.500760
-0.418679
-0.429409
-0.487175
-0.463467
-0.544936
-0.458439
-0.464600
-0.429471
-0.473355
-0.488327
-0.528059
-0.449175
-0.483693
-0.498816
-0.405058
-0.477359
-0.463109
-0.530630
-0.528607
-0.479853
-0.430573
-0.465305
-0.487535
-0.378020
-0.406491
-0.498057
-0.478937
-0.449686
-0.396010
-0.418055
-0.456283
-0.456261
-0.487549
-0.494552
-0.406907
-0.428836
-0.432935
-0.478199
-0.438658
-0.440150
-0.460860
-0.570489
-0.405382
-0.496923
-0.504581
-0.513255
-0.466743
-0.420011
-0.457721
-0.490775
-0.509080
-0.435359
-0.470085
-0.474871
-0.470655
-0.455146
-0.396720
-0.501621
-0.447505
-0.356544
-0.373289
-0.423206
-0.470305
-0.435175
-0.459438
-0.421162
-0.460440
-0.438189
-0.417584
-0.407795
-0.398418
-0.422832
-0.495234
-0.525144
-0.520114
-0.520157
-0.477030
-0.413844
-0.358091
-0.408987
-0.468076
-0.422624
-0.377729
-0.389704
-0.384842
-0.407367
-0.307144
-0.344663
-0.342225
-0.398294
-0.309680
-0.350849
-0.332271
-0.439759
-0.455107
-0.412704
-0.372902
-0.330532
-0.415980
-0.389426
-0.342287
-0.392124
-0.339122
-0.472577
-0.485917
-0.452944
-0.434559
-0.436712
-0.335642
-0.299376
-0.338894
-0.406381
-0.375040
-0.383357
-0.313165
-0.325090
-0.358633
-0.441172
-0.437834
-0.332773
-0.391157
-0.253365
-0.421470
-0.317910
-0.443646
-0.379605
-0.319213
-0.410950
-0.354814
-0.429979
-0.425227
-0.387201
-0.460135
-0.412473
-0.444855
-0.450608
-0.393265
-0.471041
-0.448242
-0.421325
-0.396146
-0.428300
-0.405494
-0.371303
-0.367740
-0.370642
-0.358136
-0.372211
-0.414078
-0.198534
-0.326463
-0.362261
-0.260495
-0.301055
-0.264527
-0.259327
-0.306291
-0.416056
-0.361122
-0.313766
-0.218503
-0.164726
0.032058
-0.049159
-0.013681
0.071921
0.001367
0.405505
0.324951
0.496498
0.606082
1.083035
0.894531
1.136448
1.069198
1.416473
1.397212
1.970471
1.633205
2.129575
1.534184
1.710575
1.149704
0.876189
2.147175
1.751667
2.794155
2.465122
2.840765
2.056007
2.234989
2.291249
2.391484
2.486300
1.905761
1.958299
1.904563
1.893678
2.747409
3.087708
3.149355
2.648345
2.368953
2.210511
2.284053
3.159711
3.041748
2.377928
3.197836
1.996167
1.875455
2.672369
1.978011
2.228088
2.515728
3.354168
2.756097
3.275475
4.101878
2.134258
3.568499
2.738868
2.856783
2.401507
2.524431
2.025004
2.445761
1.801455
2.397801
2.979072
1.753813
1.372905
2.000560
2.736703
2.386181
2.618658
2.130032
1.670349
1.967641
2.065641
1.599942
2.264858
2.063314
1.552065
1.095425
1.112027
2.129790
2.275271
1.094168
1.773086
1.511292
1.798732
1.556628
2.394723
1.740730
1.627057
1.527119
1.524465
1.648105
1.807266
1.228305
1.683062
1.992804
1.698260
2.013361
2.023852
1.612717
1.924371
2.265329
1.393309
1.023430
1.154957
1.739794
1.421817
1.132939
0.962720
1.098323
1.252979
1.259050
1.022121
1.546849
0.987377
1.058900
1.268566
0.547864
0.615839
0.632812
0.696711
0.627070
0.921651
0.389531
0.442460
0.641087
0.288544
0.256351
0.435495
0.386149
0.540787
0.386172
0.423564
0.371836
0.282393
0.205643
0.257208
0.192666
-0.084265
-0.017134
0.272828
0.463645
0.276826
0.228748
0.353054
0.218823
0.191631
0.203793
0.489970
0.451719
0.655571
0.630195
0.387749
0.414759
-0.100047
0.031743
0.016051
0.030190
0.122559
-0.090594
0.095118
0.326875
0.254261
0.527994
0.150693
0.292283
0.082219
-0.223421
-0.050441
-0.166710
-0.185864
-0.167435
-0.140575
-0.164991
-0.293030
-0.081400
0.114667
-0.288648
-0.368946
-0.365214
-0.371935
-0.222756
-0.346391
-0.430214
-0.302655
-0.908287
-0.908287
-0.908287
-0.908287
-0.908287
-0.908287
-0.908287
-0.908287
-0.908287
-0.908287
-0.908287
-0.908287
-0.908287
-0.908287
-0.908287
-0.908287
-0.908287
-0.908287
-0.908287
-0.908287
-0.908287
-0.908287
-0.908287
-0.908287
-0.908287
-0.908287
-0.908287
-0.908287
-0.908287
-0.908287
-0.908287
-0.908287
-0.908287
-0.908287
-0.908287
-0.908287
-0.908287
-0.908287
-0.908287
-0.908287
-0.908287
-0.908287
-0.908287
-0.908287
-0.908287
-0.908287
-0.908287
-0.908287
-0.908287
-0.908287
-0.908287
-0.908287
-0.908287
-0.908287
-0.908287
-0.908287
-0.908287
-0.908287
-0.908287
-0.908287
-0.908287
-0.908287
-0.908287
-0.908287
-0.908287
-0.908287
-0.908287
-0.908287
-0.908287
-0.908287
-0.908287
-0.908287
-0.908287
-0.908287
-0.908287
-0.908287
-0.908287
-0.908287
-0.908287
-0.908287
-0.908287
-0.908287
-0.908287
-0.908287
-0.908287
-0.908287
-0.908287
-0.908287
-0.908287
-0.908287
-0.908287
-0.908287
-0.908287
-0.908287
-0.908287
-0.908287
-0.908287
-0.908287
-0.908287
-0.908287
-0.908287
-0.908287
-0.908287
-0.908287
-0.908287
-0.908287
-0.908287
-0.875798
-0.820381
-0.760759
-0.750855
-0.820228
-0.835714
-0.722958
-0.641529
-0.583048
-0.704193
-0.586225
-0.582312
-0.460235
-0.482341
-0.341100
-0.286652
-0.128299
-0.085160
-0.027840
-0.101130
-0.009735
-0.055795
-0.141589
-0.305376
-0.082464
-0.120415
-0.234815
-0.267710
-0.169681
-0.213517
-0.181515
-0.187705
-0.166948
-0.254523
-0.283266
-0.319408
-0.241376
-0.185272
-0.302208
-0.170112
-0.276226
-0.245848
-0.211631
-0.336487
-0.360523
-0.191501
-0.236601
-0.309136
-0.419549
-0.085547
-0.062447
-0.116817
-0.007089
-0.044714
-0.229295
-0.201985
-0.159323
-0.181495
-0.119188
-0.256039
-0.207818
-0.249403
-0.096160
-0.222829
0.014290
-0.112333
-0.306599
-0.285165
-0.112280
-0.125706
-0.107945
-0.175545
-0.157334
-0.195249
-0.079972
-0.235535
-0.230893
-0.105508
-0.175642
-0.138273
-0.158442
-0.004468
-0.050571
-0.012246
-0.122037
-0.000998
-0.266672
-0.121255
-0.255106
-0.190361
-0.191415
-0.200130
-0.116615
-0.225862
-0.298794
-0.237764
-0.220751
-0.140213
0.069482
-0.085493
-0.265059
-0.163893
-0.158540
-0.156496
-0.111543
-0.186658
-0.226242
-0.180823
-0.362439
-0.202928
-0.210091
-0.315595
-0.156506
0.056455
-0.134287
-0.062932
-0.053931
-0.072275
-0.317424
-0.182924
-0.306889
-0.186345
-0.186758
-0.233891
-0.085601
0.065577
-0.199063
-0.128873
-0.089859
-0.250862
-0.135461
-0.012106
-0.090366
0.011327
0.300539
0.006441
-0.193632
-0.293372
-0.230927
-0.180699
-0.297314
-0.167400
-0.003583
0.241396
-0.119706
-0.159850
-0.273341
-0.311896
-0.188584
-0.405441
-0.154340
-0.104953
-0.197982
-0.043013
-0.230263
-0.098527
-0.314121
-0.171287
-0.098452
0.200783
-0.172718
0.339336
-0.101017
-0.165281
-0.133660
-0.084220
-0.198309
-0.174345
-0.128660
-0.141503
-0.375885
-0.251982
-0.083995
-0.216792
-0.209780
-0.312720
-0.255397
-0.045533
-0.122275
-0.281000
-0.181518
-0.167120
-0.083663
-0.127281
-0.176704
-0.197427
-0.099318
0.026635
-0.089460
0.105234
0.123561
-0.109509
0.045638
-0.240513
-0.212033
-0.162950
-0.043298
0.068134
-0.026004
0.291073
0.018898
-0.057960
-0.087789
-0.170917
-0.130246
-0.362217
-0.046129
-0.047846
-0.103959
-0.092148
-0.063945
0.102689
-0.013564
-0.184423
-0.094475
0.130091
-0.113235
-0.210384
0.047115
0.340524
0.072990
-0.034099
-0.065639
-0.129589
-0.022146
-0.156832
-0.034714
0.128597
0.081722
-0.014521
-0.044196
-0.056018
0.073997
0.031452
-0.022137
0.183542
0.211474
0.217416
0.134951
0.162155
0.325011
0.022052
-0.092159
0.078719
-0.104272
0.050178
0.103314
-0.323484
-0.103072
0.054328
0.165991
0.249015
0.349120
0.332997
0.346354
0.134259
0.040986
-0.096028
-0.147089
0.205299
0.366074
0.078834
-0.140395
0.173764
0.332808
-0.029338
-0.092309
-0.031564
0.022552
0.200279
0.356113
0.431759
0.304849
0.459691
0.519712
0.239760
-0.040105
0.115268
0.031235
-0.014590
0.216050
1.352210
1.567070
1.821415
0.975039
1.498403
1.043664
0.901172
0.946124
0.649390
0.685224
1.597841
1.030409
0.877576
1.348694
1.523843
1.167202
0.707776
0.522208
0.789270
0.580764
1.139482
1.020025
0.352170
0.495817
0.802165
0.656982
0.657851
0.160913
0.662205
0.846913
0.634041
0.496384
0.418189
0.680637
0.188333
0.018478
-0.018920
0.234041
0.513896
0.006622
0.137219
0.523167
0.655269
0.988383
1.825712
2.566484
2.815359
2.619491
2.101854
4.072840
3.464772
3.377720
4.525810
3.354108
6.466016
4.134559
3.755719
4.262786
4.517602
3.044479
2.709434
2.775607
2.336068
3.046700
3.921217
2.287390
2.816782
3.136091
3.796426
4.663396
4.154905
3.568017
2.529683
3.008637
3.092212
2.897145
3.180784
3.436939
3.017951
3.915748
3.026984
2.316171
1.347628
1.468631
1.580777
1.406862
1.603531
0.758524
1.012999
1.175305
0.485358
0.556556
0.701928
0.625022
0.050579
0.456376
0.644931
0.793541
0.688940
0.339009
0.250731
0.377168
0.325064
0.477833
0.303830
0.169861
0.182188
0.272090
0.345239
0.265304
0.414420
0.351195
0.410768
0.380632
0.278788
0.048201
0.252657
0.213914
0.096479
-0.006039
0.175369
-0.068212
0.189606
0.130376
0.201222
-0.034990
0.072839
-0.018918
-0.145466
-0.253308
-0.147910
-0.122415
-0.120986
-0.114602
0.110042
-0.083757
-0.388853
-0.268117
-0.186330
-0.160698
-0.131240
-0.327674
-0.193663
-0.142141
-0.186332
-0.183704
-0.285750
-0.271824
-0.264676
-0.278799
-0.272570
-0.405133
-0.262371
-0.333372
-0.281141
-0.457177
-0.310420
-0.296477
-0.457835
-0.361151
-0.372508
-0.310404
-0.435212
-0.449374
-0.533595
-0.462517
-0.435997
-0.484760
-0.516802
-0.494590
-0.321783
-0.258357
-0.473589
-0.190692
-0.288708
-0.358882
-0.589014
-0.499044
-0.446193
-0.399744
-0.466958
-0.520660
-0.421650
-0.493439
-0.518448
-0.285422
-0.455023
-0.524872
-0.552404
-0.487783
-0.432415
-0.539308
-0.557333
-0.553483
-0.496792
-0.483957
-0.431406
-0.478681
-0.382684
-0.455270
-0.574559
-0.407402
-0.356258
-0.449783
-0.536518
-0.483024
-0.499789
-0.486286
-0.504302
-0.528437
-0.459745
-0.360559
-0.501052
-0.421336
-0.342582
-0.406382
-0.247369
-0.250970
-0.327577
-0.230049
-0.308015
-0.448833
-0.489675
-0.563841
-0.584711
-0.499533
-0.496459
-0.370268
-0.459169
-0.503656
-0.559391
-0.535546
-0.459724
-0.418048
-0.529545
-0.375878
-0.467885
-0.560152
-0.611059
-0.759430
-0.765803
-0.860073
-0.904686
-0.908287
-0.908287
-0.908287
-0.908287
-0.908287
-0.908287
-0.812994
-0.812994
-0.812994
-0.812994
-0.812994
-0.812994
-0.812994
-0.812994
-0.812994
-0.812994
-0.812994
-0.812994
-0.812994
-0.812994
-0.812994
-0.812994
-0.812994
-0.812994
-0.812994
-0.812994
-0.812994
-0.812994
-0.812994
-0.812994
-0.812994
-0.812994
-0.812994
-0.812994
-0.812994
-0.812994
-0.812994
-0.812994
-0.812994
-0.812994
-0.812994
-0.812994
-0.812994
-0.812994
-0.812994
-0.812994
-0.812994
-0.812994
-0.812994
-0.812994
-0.812994
-0.812994
-0.812994
-0.812994
-0.812994
-0.812994
-0.812994
-0.812994
-0.812994
-0.812994
-0.812994
-0.812994
-0.812994
-0.812994
-0.812994
-0.812994
-0.812994
-0.812994
-0.812994
-0.812994
-0.812994
-0.812994
-0.812994
-0.812994
-0.812994
-0.812994
-0.812994
-0.812994
-0.812994
-0.812994
-0.812994
-0.812994
-0.812994
-0.812994
-0.812994
-0.812994
-0.812994
-0.812994
-0.812994
-0.812994
-0.812994
-0.812994
-0.812994
-0.812994
-0.812994
-0.812994
-0.812994
-0.812994
-0.812994
-0.812994
-0.812994
-0.812994
-0.812994
-0.812994
-0.812994
-0.812994
-0.812994
-0.812994
-0.812994
-0.812994
-0.812994
-0.812994
-0.812994
-0.812994
-0.812994
-0.812994
-0.812994
-0.812994
-0.812994
-0.812994
-0.812994
-0.812994
-0.812994
-0.812994
-0.808079
-0.712875
-0.703072
-0.616853
-0.578973
-0.418461
-0.284873
-0.095144
0.126439
-0.073885
-0.114598
-0.052452
-0.234455
-0.081314
-0.083307
-0.116974
-0.038082
-0.140310
-0.099956
-0.175946
-0.112625
-0.083866
-0.289488
-0.249450
-0.153437
-0.041220
0.002016
-0.143231
-0.140877
-0.062354
-0.025406
-0.062418
-0.163454
-0.078081
0.034106
0.026932
0.001403
-0.059207
-0.160647
-0.069543
-0.154703
0.005548
-0.152246
-0.069318
-0.106543
-0.154785
-0.140446
-0.147896
-0.185912
-0.039867
-0.186465
-0.038462
-0.202374
-0.008897
0.000860
0.012022
-0.096497
-0.002480
-0.135803
-0.151245
-0.137966
0.026374
-0.090291
-0.114461
-0.199111
-0.129479
-0.291576
-0.070413
-0.155604
-0.249154
-0.198851
-0.118395
-0.150819
-0.038055
-0.033958
-0.052225
-0.142059
0.023494
0.146873
0.034634
-0.029222
-0.076012
-0.129264
-0.041868
-0.226572
-0.203134
-0.273140
-0.321256
-0.145669
-0.123666
0.004366
-0.028243
0.040074
0.077810
-0.074191
-0.167113
-0.121567
-0.031329
-0.237873
-0.049506
0.105210
0.000546
0.041541
-0.001102
-0.035274
-0.111698
-0.112923
-0.053568
-0.163987
-0.092088
0.281205
0.025496
0.185128
-0.126736
0.233839
0.307054
0.204569
0.033082
-0.127961
-0.180066
-0.110747
-0.021385
-0.056878
-0.045799
0.061654
0.193875
0.167771
0.014565
-0.143270
-0.111337
-0.316719
-0.162979
-0.086254
0.033248
-0.113719
-0.141308
-0.036585
-0.146011
-0.133844
-0.046499
-0.050956
-0.068055
0.311619
-0.210861
-0.010561
0.467269
0.221615
0.018331
0.166561
0.119373
-0.058091
0.055417
-0.020885
0.167231
-0.139425
-0.016539
-0.129669
-0.118035
-0.067250
-0.069233
-0.043293
-0.243630
-0.135185
-0.159046
-0.027131
-0.166513
-0.219846
-0.099047
0.023240
0.026535
-0.129277
-0.260376
-0.150189
-0.245892
-0.137491
-0.306032
-0.152418
-0.159756
0.017275
-0.025140
0.018230
-0.103920
-0.046032
0.007631
-0.172517
-0.175904
-0.128859
-0.067647
-0.065050
-0.026573
-0.106859
-0.103490
-0.062932
-0.080991
-0.153487
-0.060988
0.080684
0.179331
-0.011182
-0.033938
-0.126421
-0.056642
-0.270514
-0.161741
-0.203041
-0.233989
0.064485
-0.045386
-0.057798
-0.103215
-0.105355
-0.143955
-0.132273
-0.286672
-0.093948
-0.024999
-0.188701
-0.055881
-0.038820
-0.090469
0.058260
0.103701
-0.095493
-0.211731
0.121837
0.015364
0.052788
-0.121543
-0.154985
-0.085690
-0.151474
-0.181625
-0.075567
-0.013666
-0.233070
-0.300188
-0.095651
-0.066450
-0.102341
-0.005016
-0.082914
-0.101666
-0.162737
0.077882
3.240978
0.208191
-0.160198
-0.074269
0.047391
-0.002439
0.044621
0.252839
-0.036116
0.327526
0.403489
-0.010449
-0.075100
-0.135161
0.752350
2.423163
-0.065914
-0.341284
-0.174836
0.012753
-0.114722
-0.200468
-0.113770
-0.100259
0.097597
0.405360
0.268306
0.246620
0.216205
0.179357
-0.217715
-0.236399
-0.074187
0.154751
0.196156
0.323848
0.553119
0.104017
-0.091515
-0.007392
0.392669
0.242427
0.042369
-0.165780
0.269979
0.133728
-0.079334
0.028602
-0.126890
-0.100141
-0.188140
-0.027873
-0.056226
-0.082050
-0.045343
-0.004913
-0.100199
0.051651
0.127928
0.035599
-0.104037
-0.127664
2.419303
0.688637
-0.167514
0.058927
-0.101863
-0.073176
0.111229
0.977482
0.248401
0.534255
0.275515
0.533320
-0.135048
-0.145036
-0.126158
0.172543
2.466602
0.302610
2.162266
3.996401
19.849112
0.260572
-0.035076
-0.051168
0.545788
0.219974
0.535084
1.200748
0.238933
0.761545
0.669101
-0.089971
-0.050122
0.226105
0.320799
0.097980
0.094715
0.157408
-0.080781
0.062784
0.278322
0.264146
0.195544
0.126311
0.706453
1.118252
0.859975
0.675671
0.411300
0.172893
0.065236
0.039226
0.122470
0.020973
0.315293
0.190343
0.075704
0.228507
0.447335
0.045865
0.039293
-0.142309
0.112209
0.215248
0.056642
0.126466
0.214904
0.452944
0.260779
0.218586
0.129108
0.009440
0.240222
0.088330
0.274241
0.211504
0.029985
0.201951
0.318253
0.139983
0.018017
-0.003705
0.289967
0.276696
-0.109186
-0.035579
-0.130626
-0.116639
0.054659
0.300558
0.276258
0.155097
0.194232
1.338426
3.393511
0.192406
-0.019075
0.342316
0.213350
0.151787
0.205303
0.040151
0.079404
0.127347
-0.092785
-0.015439
0.039357
0.250802
0.081592
-0.000192
0.068922
0.111601
-0.013683
0.185456
0.083265
-0.114491
0.062500
0.902488
0.529301
0.519701
1.487885
0.452678
-0.195313
0.160658
3.233747
3.394886
0.469784
-0.154117
0.042936
0.154692
0.219800
0.457009
0.260837
0.165783
0.022024
0.539323
0.446188
0.052865
0.083006
0.233914
0.553706
0.688707
0.413081
0.396012
0.620204
1.310294
2.311914
2.054972
1.029808
0.275067
0.181083
0.264122
-0.070234
-0.012052
0.419534
0.309399
0.439522
0.139889
0.353885
0.664083
0.351693
0.439300
0.028045
0.337019
0.207775
0.508051
0.716052
0.029043
0.077865
0.133400
0.506464
0.704751
2.572529
0.828090
0.211963
0.040404
-0.031802
0.277350
0.406910
0.346839
1.058132
0.819456
0.685912
1.237922
0.462593
0.612765
0.580320
0.301899
0.468427
0.594511
0.336584
0.036768
0.365723
0.589350
0.749593
2.308081
0.121012
2.248219
1.273743
1.872292
0.591542
0.672197
0.548774
0.307947
0.565566
1.003647
1.175671
-0.089987
-0.546387
-0.724012
-0.812994
-0.812994
-0.812994
-0.725080
-0.725080
-0.725080
-0.725080
-0.725080
-0.725080
-0.725080
-0.725080
-0.725080
-0.725080
-0.725080
-0.725080
-0.725080
-0.725080
-0.725080
-0.725080
-0.725080
-0.725080
-0.725080
-0.725080
-0.725080
-0.725080
-0.725080
-0.725080
-0.725080
-0.725080
-0.725080
-0.725080
-0.725080
-0.725080
-0.725080
-0.725080
-0.725080
-0.725080
-0.725080
-0.725080
-0.725080
-0.725080
-0.725080
-0.725080
-0.725080
-0.725080
-0.725080
-0.725080
-0.725080
-0.725080
-0.725080
-0.725080
-0.725080
-0.725080
-0.725080
-0.725080
-0.725080
-0.725080
-0.725080
-0.725080
-0.725080
-0.725080
-0.725080
-0.725080
-0.725080
-0.725080
-0.725080
-0.725080
-0.725080
-0.725080
-0.725080
-0.725080
-0.725080
-0.725080
-0.725080
-0.725080
-0.725080
-0.725080
-0.725080
-0.725080
-0.725080
-0.725080
-0.725080
-0.725080
-0.725080
-0.725080
-0.725080
-0.725080
-0.725080
-0.725080
-0.725080
-0.725080
-0.725080
-0.725080
-0.725080
-0.725080
-0.725080
-0.725080
-0.725080
-0.725080
-0.725080
-0.725080
-0.725080
-0.725080
-0.725080
-0.725080
-0.725080
-0.725080
-0.725080
-0.725080
-0.724852
-0.719595
-0.700895
-0.684396
-0.684536
-0.678079
-0.682093
-0.645471
-0.643785
-0.672031
-0.647317
-0.592756
-0.571088
-0.616842
-0.522761
-0.426068
-0.474093
-0.496413
-0.545437
-0.514664
-0.481333
-0.490199
-0.402020
-0.383387
-0.379804
-0.479689
-0.459002
-0.534392
-0.533255
-0.457886
-0.489330
-0.500099
-0.495477
-0.564234
-0.470461
-0.503805
-0.534747
-0.522669
-0.523572
-0.466663
-0.506159
-0.502731
-0.477072
-0.466825
-0.475273
-0.475293
-0.439767
-0.493204
-0.447287
-0.526164
-0.548198
-0.493525
-0.481655
-0.483126
-0.483040
-0.444755
-0.469379
-0.503193
-0.515993
-0.504866
-0.466692
-0.460811
-0.417409
-0.450085
-0.465920
-0.442549
-0.463174
-0.483670
-0.465808
-0.494338
-0.454975
-0.490446
-0.490356
-0.467661
-0.504115
-0.441866
-0.465531
-0.459628
-0.478771
-0.446595
-0.486715
-0.516077
-0.410012
-0.527274
-0.455624
-0.399930
-0.395060
-0.488294
-0.529243
-0.528118
-0.538865
-0.500985
-0.478607
-0.441644
-0.489486
-0.504948
-0.515459
-0.512972
-0.505337
-0.526176
-0.458495
-0.456580
-0.522889
-0.519943
-0.449690
-0.486051
-0.451407
-0.465591
-0.438641
-0.437444
-0.453584
-0.429720
-0.543219
-0.443216
-0.475601
-0.461225
-0.388379
-0.413563
-0.408673
-0.500252
-0.481788
-0.403590
-0.384485
-0.400144
-0.412980
-0.453317
-0.405499
-0.432136
-0.448149
-0.473035
-0.493651
-0.491516
-0.433080
-0.440834
-0.440960
-0.448254
-0.408316
-0.396567
-0.389302
-0.459482
-0.391444
-0.432348
-0.418158
-0.494838
-0.416082
-0.429795
-0.464244
-0.330833
-0.332017
-0.398389
-0.398278
-0.391722
-0.398513
-0.385512
-0.395742
-0.451326
-0.424726
-0.346927
-0.272767
-0.230496
-0.244629
-0.264930
-0.363238
-0.269883
-0.310335
-0.143319
-0.039853
-0.175496
-0.012529
-0.065783
-0.024281
-0.213117
-0.188760
-0.164548
-0.349946
-0.318079
-0.238467
-0.365360
-0.375231
-0.285689
-0.322244
-0.298946
-0.317386
-0.393957
-0.336244
-0.325621
-0.393583
-0.401707
-0.370233
-0.213057
-0.248878
-0.255967
-0.259672
-0.295718
-0.261942
-0.319296
-0.274398
-0.118643
-0.214025
-0.267698
-0.309378
-0.173634
-0.273311
-0.301138
-0.243998
-0.376755
-0.209653
-0.015949
-0.045118
0.172896
-0.020330
0.048525
0.176534
-0.134968
-0.231558
-0.187257
-0.295419
-0.315507
-0.281657
-0.179039
-0.363881
-0.369649
-0.344871
-0.333538
-0.299759
-0.302102
-0.372570
-0.332275
-0.344946
-0.342869
-0.343941
-0.390804
-0.376252
-0.454434
-0.431688
-0.356062
-0.309434
-0.229978
-0.299582
-0.359014
-0.309437
-0.336025
-0.285492
-0.436171
-0.374043
-0.350033
-0.207092
-0.306408
-0.145602
-0.243953
-0.240242
-0.234187
-0.279670
-0.325980
-0.137341
-0.050824
-0.228005
-0.236248
-0.316256
-0.306099
-0.354181
-0.163436
-0.251909
-0.326132
-0.336556
-0.317103
-0.171029
-0.230256
-0.112549
-0.011165
-0.127901
-0.156407
-0.020074
-0.169543
-0.200609
-0.174155
-0.247749
-0.254091
-0.109891
0.007659
-0.202647
-0.064309
-0.050419
-0.189910
-0.155101
-0.225276
-0.172501
-0.219009
-0.192758
-0.224801
-0.276278
-0.143544
-0.139108
-0.127854
-0.032067
-0.075986
-0.124879
-0.114892
0.019509
0.302545
0.253457
-0.027682
-0.113387
0.155283
0.441681
0.347412
0.297656
0.459667
0.443204
0.071611
0.129041
0.232991
0.816243
0.722871
1.007872
1.221613
0.952103
0.911887
0.610839
0.369648
0.183018
0.360790
0.734473
0.875603
1.027610
1.085035
1.341540
1.702942
1.907597
1.640102
1.258205
1.094413
1.777974
2.109860
1.517655
1.464491
1.911578
1.923704
1.956621
2.647116
3.078692
3.050033
2.069326
3.603914
3.412473
2.332669
2.979096
2.704333
2.969702
2.795139
2.742059
2.386935
2.721673
1.457143
1.783006
3.045812
2.912847
2.512734
2.636705
2.047885
2.725387
2.006631
1.935808
2.638456
2.758745
1.938041
1.847501
2.601974
2.663583
3.396438
3.703594
4.538896
3.151101
1.862201
1.812786
1.785571
2.501901
2.497127
3.495219
2.692913
2.370492
2.092236
3.022211
1.907431
2.860110
3.223284
2.942468
5.370566
3.095420
2.182914
2.018135
1.691837
1.701758
1.857920
1.171174
1.157792
1.522567
1.716432
0.959490
1.383275
1.017788
0.905301
0.381825
0.228341
0.349581
0.661849
1.263969
0.923702
0.342427
0.367289
0.661411
0.603082
0.452783
0.428845
1.172585
1.891931
0.976323
1.049719
0.734041
1.011386
2.065747
2.994668
2.055990
1.492392
1.784712
1.541810
1.578578
0.622900
0.680076
0.952225
0.857528
0.032033
-0.294113
-0.378098
-0.435676
-0.368129
-0.401972
-0.323346
-0.389344
-0.442663
-0.497187
-0.404288
-0.255991
-0.367022
-0.424282
-0.376580
-0.239075
0.596325
1.540346
0.626686
-0.132348
-0.406719
-0.405889
-0.424182
-0.376601
-0.336216
-0.432643
-0.454733
-0.394830
-0.347727
-0.301119
-0.068060
0.307833
0.284199
-0.224680
-0.296380
-0.139086
-0.335456
-0.320977
-0.360287
-0.410726
-0.374849
-0.287417
-0.310620
-0.311353
-0.342252
-0.309366
-0.418947
-0.446805
-0.328440
-0.328827
-0.356289
-0.418143
-0.384719
-0.225593
-0.241450
-0.341956
-0.406889
-0.399429
-0.441112
-0.373381
-0.373440
-0.398486
-0.314113
-0.367725
-0.374869
-0.365434
-0.409554
-0.380181
-0.378286
-0.419329
-0.311990
-0.472453
-0.400876
-0.328103
-0.339988
-0.439492
-0.353450
-0.284575
-0.396788
-0.419999
-0.379082
-0.332667
-0.486471
-0.452372
-0.490170
-0.510355
-0.487452
-0.477494
-0.550957
-0.587364
-0.602942
-0.621676
-0.687879
-0.725037
-0.725080
-0.725080
-0.725080
-0.725080
-0.725080
-0.725080
-0.744301
-0.744301
-0.744301
-0.744301
-0.744301
-0.744301
-0.744301
-0.744301
-0.744301
-0.744301
-0.744301
-0.744301
-0.744301
-0.744301
-0.744301
-0.744301
-0.744301
-0.744301
-0.744301
-0.744301
-0.744301
-0.744301
-0.744301
-0.744301
-0.744301
-0.744301
-0.744301
-0.744301
-0.744301
-0.744301
-0.744301
-0.744301
-0.744301
-0.744301
-0.744301
-0.744301
-0.744301
-0.744301
-0.744301
-0.744301
-0.744301
-0.744301
-0.744301
-0.744301
-0.744301
-0.744301
-0.744301
-0.744301
-0.744301
-0.744301
-0.744301
-0.744301
-0.744301
-0.744301
-0.744301
-0.744301
-0.744301
-0.744301
-0.744301
-0.744301
-0.744301
-0.744301
-0.744301
-0.744301
-0.744301
-0.744301
-0.744301
-0.744301
-0.744301
-0.744301
-0.744301
-0.744301
-0.744301
-0.744301
-0.744301
-0.744301
-0.744301
-0.744301
-0.744301
-0.744301
-0.744301
-0.744301
-0.744301
-0.744027
-0.744046
-0.739436
-0.726356
-0.713756
-0.704179
-0.704421
-0.707169
-0.700971
-0.702533
-0.699256
-0.684732
-0.648916
-0.698426
-0.691794
-0.647309
-0.662686
-0.687360
-0.683304
-0.626833
-0.642524
-0.578125
-0.610220
-0.613157
-0.583513
-0.533354
-0.451901
-0.603827
-0.492847
-0.482487
-0.439705
-0.442595
-0.550191
-0.513138
-0.525033
-0.416213
-0.399726
-0.450953
-0.500513
-0.555747
-0.461841
-0.520215
-0.488238
-0.430240
-0.482306
-0.408343
-0.441077
-0.467523
-0.470672
-0.490712
-0.474374
-0.492159
-0.476421
-0.443379
-0.448597
-0.499403
-0.530947
-0.403782
-0.506546
-0.455416
-0.436935
-0.515666
-0.402512
-0.454009
-0.478887
-0.485355
-0.432876
-0.371596
-0.339785
-0.472211
-0.450170
-0.435201
-0.477501
-0.466429
-0.376864
-0.467939
-0.499055
-0.498647
-0.516826
-0.506886
-0.424698
-0.513519
-0.523041
-0.523795
-0.506003
-0.464055
-0.502002
-0.508638
-0.362940
-0.487421
-0.417777
-0.425925
-0.436821
-0.462238
-0.416828
-0.528243
-0.520513
-0.453304
-0.501138
-0.385838
-0.475385
-0.450882
-0.500443
-0.490102
-0.516144
-0.484096
-0.480264
-0.404611
-0.505369
-0.526237
-0.557116
-0.483663
-0.503467
-0.499692
-0.543502
-0.534092
-0.484321
-0.509257
-0.479281
-0.422149
-0.483527
-0.444897
-0.459084
-0.496361
-0.481013
-0.464397
-0.481042
-0.449192
-0.485139
-0.468606
-0.435622
-0.457672
-0.401339
-0.436064
-0.507563
-0.483645
-0.445920
-0.505604
-0.565017
-0.501878
-0.551637
-0.466534
-0.312405
-0.457742
-0.454997
-0.499022
-0.485921
-0.379353
-0.397529
-0.445932
-0.476001
-0.473682
-0.504258
-0.425572
-0.474023
-0.495549
-0.479895
-0.440524
-0.524551
-0.447352
-0.489328
-0.451371
-0.474782
-0.445185
-0.467189
-0.491938
-0.504536
-0.480149
-0.461587
-0.505401
-0.480191
-0.555207
-0.498299
-0.452542
-0.467895
-0.482996
-0.525506
-0.468812
-0.468226
-0.401615
-0.396090
-0.452205
-0.433804
-0.485757
-0.485669
-0.428738
-0.493473
-0.501787
-0.513711
-0.535441
-0.577762
-0.561978
-0.506418
-0.491998
-0.478239
-0.458682
-0.460669
-0.516026
-0.513504
-0.429841
-0.473424
-0.501967
-0.573481
-0.506889
-0.510136
-0.515086
-0.503728
-0.535410
-0.511057
-0.528379
-0.459743
-0.417141
-0.452559
-0.490170
-0.511625
-0.495560
-0.453967
-0.496592
-0.541619
-0.483216
-0.520278
-0.493959
-0.435129
-0.479476
-0.460795
-0.498448
-0.548026
-0.552213
-0.554055
-0.528290
-0.445225
-0.475404
-0.429730
-0.478434
-0.551497
-0.519797
-0.465743
-0.466974
-0.467984
-0.508688
-0.478891
-0.478848
-0.473382
-0.569726
-0.523641
-0.500911
