-0.431651
-0.433405
-0.461882
-0.493259
-0.494305
-0.510513
-0.481826
-0.434775
-0.467761
-0.471798
-0.470082
-0.457928
-0.417383
-0.425083
-0.428724
-0.368974
-0.363785
-0.477496
-0.432721
-0.514298
-0.521909
-0.553760
-0.496216
-0.485542
-0.450643
-0.493732
-0.500868
-0.505500
-0.532137
-0.513209
-0.481110
-0.477288
-0.459181
-0.473149
-0.464891
-0.480229
-0.446882
-0.490752
-0.509896
-0.501850
-0.480630
-0.456400
-0.394996
-0.445303
-0.491035
-0.448114
-0.468196
-0.481972
-0.446744
-0.428190
-0.437495
-0.483246
-0.494459
-0.448470
-0.248635
0.338543
0.075119
-0.148881
-0.117504
-0.238133
-0.278153
-0.250531
-0.287672
-0.260283
-0.305745
-0.255001
-0.075595
0.181609
0.095915
0.323869
0.115053
0.294500
0.703631
0.447983
0.470525
0.494603
0.247166
0.235109
0.156399
0.131861
0.082644
0.194163
0.561241
0.440043
0.652430
0.286433
0.637229
0.446548
1.377113
1.120993
1.914803
2.435826
3.020819
2.448879
3.368916
2.575171
3.246570
2.942121
2.801259
2.572275
2.451031
4.268171
2.801880
3.434588
3.395720
2.270013
3.337885
4.293660
2.931190
3.466225
2.882939
3.149679
3.719056
3.836928
3.261123
3.558115
3.679111
4.135707
3.441101
3.341987
3.066626
2.789035
3.029417
2.395020
2.357239
2.905282
2.144966
1.754729
1.822328
2.388777
2.719944
3.204681
3.677890
3.086375
2.583080
2.217975
2.003250
2.126440
1.873421
1.637308
1.475826
1.164983
1.253021
1.596147
1.373409
1.487530
1.083847
1.146298
1.231548
1.623836
1.596092
1.370190
0.846039
0.776463
0.615107
1.130637
1.282954
1.263112
0.918104
0.993527
1.103079
0.544865
0.642521
0.876638
0.315760
0.467680
0.597930
0.488123
0.517772
0.637665
0.513134
0.772987
0.606227
0.721261
0.730648
1.084970
0.933751
0.918556
0.798326
0.697834
0.626747
0.480972
0.558923
0.544814
0.561083
0.512294
0.437253
0.724940
0.719525
0.844101
0.783073
0.591799
1.083751
0.856713
0.486604
0.629798
0.545434
0.430670
0.551771
0.363283
0.612223
0.325195
0.292548
0.518430
0.659583
0.437361
0.456434
0.411227
0.244867
0.166861
0.157145
0.264946
0.405151
0.409816
0.654863
0.301519
0.106381
0.113586
0.081873
0.166311
0.212206
0.205380
0.286534
0.129268
0.201006
0.196840
0.289501
0.331288
0.349853
0.150480
0.068577
0.257597
0.266369
0.448127
0.103689
0.119528
0.218876
0.327113
0.315786
0.361530
0.320754
0.423886
0.121542
0.166256
0.210930
0.333054
0.357096
0.207382
0.190401
0.461664
0.516347
0.481333
0.323248
0.052344
0.465978
0.339108
0.349621
0.206557
0.362966
0.316783
0.316347
0.312186
0.295459
0.469887
0.374317
0.260196
0.255821
0.152540
0.236774
0.041027
0.186281
0.277796
-0.023457
0.254285
0.507645
0.294769
-0.101637
0.020950
-0.077040
-0.056652
0.061066
0.016729
0.119248
-0.207512
-0.269786
-0.157708
-0.399613
-0.429638
-0.412499
-0.406981
-0.416571
-0.624636
-0.674270
-0.700068
-0.733421
-0.744267
-0.744301
-0.744301
-0.744301
-0.744301
-0.744301
-0.744301
-0.744301
-0.744301
-0.744301
-0.744301
-0.744301
-0.744301
-0.584845
-0.584845
-0.584845
-0.584845
-0.584845
-0.584845
-0.584845
-0.584845
-0.584845
-0.584845
-0.584845
-0.584845
-0.584845
-0.584845
-0.584845
-0.584845
-0.584845
-0.584845
-0.584845
-0.584845
-0.584845
-0.584845
-0.584845
-0.584845
-0.584845
-0.584845
-0.584845
-0.584845
-0.584845
-0.584845
-0.584845
-0.584845
-0.584845
-0.584845
-0.584845
-0.584845
-0.584845
-0.584845
-0.584845
-0.584845
-0.584845
-0.584845
-0.584845
-0.584845
-0.584845
-0.584845
-0.584845
-0.584845
-0.584845
-0.584845
-0.584845
-0.584845
-0.584845
-0.584845
-0.584845
-0.584845
-0.584845
-0.584845
-0.584845
-0.584845
-0.584845
-0.584845
-0.584845
-0.584845
-0.584845
-0.584845
-0.584845
-0.584845
-0.584845
-0.584845
-0.584845
-0.584845
-0.584845
-0.584845
-0.584845
-0.584845
-0.584845
-0.584845
-0.584845
-0.584845
-0.584845
-0.584845
-0.584845
-0.584845
-0.584845
-0.584845
-0.584845
-0.584845
-0.584845
-0.584845
-0.584845
-0.584845
-0.584845
-0.584845
-0.584845
-0.584845
-0.584845
-0.584845
-0.584845
-0.584845
-0.584845
-0.584845
-0.584845
-0.572352
-0.551784
-0.551868
-0.508342
-0.490879
-0.496974
-0.437134
-0.332277
-0.385432
-0.428776
-0.345117
-0.327107
-0.311660
-0.235262
-0.210052
-0.238012
-0.198399
-0.203768
-0.073681
-0.102527
-0.248591
-0.152242
-0.136324
-0.062337
-0.164001
-0.260797
-0.174465
-0.177392
-0.125809
-0.079914
-0.173060
-0.188643
-0.081891
-0.138250
-0.115712
-0.271387
-0.113662
-0.192531
-0.199816
-0.085782
-0.134840
-0.070663
-0.202344
-0.129158
-0.147588
-0.235827
-0.214966
-0.200398
-0.176592
-0.157914
-0.149341
-0.268230
-0.179448
-0.252499
-0.123668
-0.147358
-0.211914
-0.147500
-0.218421
-0.196131
-0.184361
-0.180023
-0.194365
-0.154762
-0.214729
-0.173663
-0.197762
-0.098482
-0.094281
-0.131560
-0.137263
-0.230450
-0.256411
-0.183524
-0.105504
-0.111616
-0.186335
-0.156862
-0.142064
-0.144437
-0.182763
0.022377
-0.096350
-0.186276
-0.111339
-0.160540
-0.169766
-0.022405
-0.027687
-0.156137
-0.098522
-0.124226
-0.147780
-0.140464
-0.085366
-0.153026
-0.145754
-0.093528
-0.112843
-0.189873
-0.020532
-0.145917
-0.187317
-0.105905
-0.194670
-0.159827
-0.154762
-0.176577
-0.224944
-0.208568
-0.200902
-0.266530
-0.092537
-0.198577
-0.171773
-0.189884
-0.132797
-0.098932
-0.223807
-0.150835
-0.102598
-0.165615
-0.095108
-0.213738
-0.171893
-0.212095
-0.201959
-0.189857
-0.195962
-0.170281
-0.189136
-0.165288
-0.173022
-0.182400
-0.194849
-0.107806
-0.052913
-0.096096
-0.209815
-0.264372
-0.097992
-0.092316
-0.239080
-0.160209
-0.076180
-0.123154
-0.074741
-0.140121
-0.174281
-0.141550
-0.140288
-0.159605
-0.046283
-0.130809
-0.072467
-0.107837
-0.183398
-0.102932
-0.192750
0.003873
-0.148166
-0.229382
-0.215070
-0.190210
-0.166397
-0.161014
-0.283710
-0.090102
-0.174527
-0.117145
-0.227963
-0.187279
-0.117689
-0.162179
-0.228952
-0.188514
-0.194246
-0.235256
-0.199606
-0.201890
-0.090155
-0.162395
-0.159701
-0.083550
-0.092247
-0.071426
-0.218215
-0.200824
-0.135047
-0.111951
-0.165702
-0.126064
-0.301893
-0.153562
-0.116711
-0.164800
-0.179945
-0.162314
-0.092593
-0.198149
-0.149482
-0.146772
-0.201128
-0.117648
-0.182977
-0.224940
-0.132039
-0.142517
-0.162940
-0.079065
-0.156720
-0.191192
-0.151123
-0.107294
-0.080023
-0.135280
-0.010427
-0.140945
-0.177840
-0.073844
-0.062245
-0.172355
-0.079983
-0.211352
-0.120978
-0.170464
-0.155864
-0.035987
0.099999
-0.145392
-0.110998
-0.139829
-0.136526
-0.132581
-0.147730
-0.114225
-0.165798
-0.179386
-0.152979
-0.205042
-0.027778
1.819632
2.107933
0.724167
0.154304
-0.023641
-0.007173
-0.118437
-0.109749
-0.147942
-0.091379
-0.022428
-0.062991
-0.045614
-0.077785
-0.181418
-0.088152
-0.151369
-0.144273
-0.048767
-0.121826
-0.174863
-0.195495
-0.057637
-0.123287
-0.089077
-0.138289
-0.138912
-0.094617
-0.043360
-0.064788
-0.150763
-0.049369
0.007304
-0.046630
-0.019500
-0.032335
-0.053699
0.038914
-0.042627
-0.162110
-0.083813
-0.017234
-0.109208
-0.144351
-0.227667
-0.153083
-0.056384
0.840378
1.239796
0.216103
0.062666
-0.069618
-0.162248
-0.114719
-0.054329
-0.109444
-0.094098
-0.052643
-0.098896
-0.022489
0.011243
-0.118381
-0.117201
-0.140701
-0.104275
-0.170697
-0.089181
-0.055555
-0.014230
-0.043936
-0.089022
0.131694
0.028518
0.126078
-0.050460
-0.072256
-0.194610
-0.196962
-0.023897
-0.161848
-0.006613
0.005868
0.028021
0.329339
4.486297
13.166580
11.562275
7.572184
2.041859
0.965045
0.434897
0.260021
0.615417
0.644775
0.830600
1.251505
1.253849
0.437544
0.333824
0.162411
0.336683
0.145500
0.279089
0.259746
0.340382
0.370082
0.237559
0.366226
0.215591
0.090517
0.037901
0.038531
0.272773
0.154386
0.037619
0.104375
0.075826
0.153366
0.451756
0.423523
0.241882
0.187355
0.135508
0.131271
0.014482
0.097063
0.175057
0.094838
0.384376
0.643570
1.250618
4.790721
8.976619
7.189754
3.235657
1.452270
0.734687
0.580470
0.920167
0.753202
0.759988
0.638189
0.581316
0.635620
0.519902
0.272035
0.386473
0.222067
0.470083
0.084847
0.269726
0.421757
0.338323
0.484934
0.262070
0.262091
0.194429
0.087891
0.024193
0.256754
0.532432
0.123997
0.512201
0.236947
0.223263
0.235965
0.083878
0.201522
0.157248
0.243649
0.088865
0.213134
0.092218
-0.027478
0.147067
0.168132
0.336643
0.147066
0.155258
0.135635
0.281633
0.266720
0.249444
0.225664
0.138194
-0.015508
0.085456
0.182798
0.194169
0.077909
0.235974
0.132847
0.457474
0.576037
0.228105
-0.029610
0.068523
0.112692
0.098139
-0.119615
-0.029806
-0.041473
0.049478
0.118448
-0.111224
-0.003663
-0.008339
-0.030991
-0.019873
0.002738
-0.017736
-0.089042
-0.059866
0.012392
-0.070291
0.073203
-0.081466
0.011607
-0.186866
-0.048296
0.056627
-0.039822
-0.110952
-0.050667
-0.049011
0.020433
0.071849
-0.062664
0.043770
0.039840
-0.063912
-0.147619
-0.091934
0.199317
0.174683
-0.089861
0.025400
-0.002759
0.094911
-0.000625
0.189495
0.093349
0.210813
0.480651
0.377179
0.338383
0.411563
0.318345
0.401534
0.486794
0.461220
0.674840
0.633240
0.222414
0.125801
0.045794
0.221742
0.224187
-0.006122
0.076468
0.160109
0.359167
0.131275
0.167093
0.102500
0.273284
0.273826
0.199231
0.235989
0.058843
0.070633
0.151013
-0.008070
0.034601
0.098168
-0.094916
-0.054032
0.155323
0.034073
-0.025503
-0.023738
0.129792
-0.202182
-0.335318
-0.487069
-0.583512
-0.584845
-0.584845
-0.584845
-0.584845
-0.584845
-0.584845
-0.584845
-0.586793
-0.586793
-0.586793
-0.586793
-0.586793
-0.586793
-0.586793
-0.586793
-0.586793
-0.586793
-0.586793
-0.586793
-0.586793
-0.586793
-0.586793
-0.586793
-0.586793
-0.586793
-0.586793
-0.586793
-0.586793
-0.586793
-0.586793
-0.586793
-0.586793
-0.586793
-0.586793
-0.586793
-0.586793
-0.586793
-0.586793
-0.586793
-0.586793
-0.586793
-0.586793
-0.586793
-0.586793
-0.586793
-0.586793
-0.586793
-0.586793
-0.586793
-0.586793
-0.586793
-0.586793
-0.586793
-0.586793
-0.586793
-0.586793
-0.586793
-0.586793
-0.586793
-0.586793
-0.586793
-0.586793
-0.586793
-0.586793
-0.586793
-0.586793
-0.586793
-0.586793
-0.586793
-0.586793
-0.586793
-0.586793
-0.586793
-0.586793
-0.586793
-0.586793
-0.586793
-0.586793
-0.586793
-0.586793
-0.586793
-0.586793
-0.586793
-0.586793
-0.586793
-0.586793
-0.586793
-0.586793
-0.586793
-0.586793
-0.586793
-0.586793
-0.586793
-0.586793
-0.586793
-0.586793
-0.586793
-0.586793
-0.586793
-0.586793
-0.586793
-0.586793
-0.586793
-0.586793
-0.586793
-0.586793
-0.586793
-0.586793
-0.586793
-0.586793
-0.586793
-0.586701
-0.584820
-0.584966
-0.561913
-0.513338
-0.541041
-0.546300
-0.515967
-0.510112
-0.502519
-0.490465
-0.476484
-0.441664
-0.459445
-0.450830
-0.435547
-0.478371
-0.418262
-0.421140
-0.452322
-0.447723
-0.409620
-0.472736
-0.446258
-0.342233
-0.379242
-0.421205
-0.425983
-0.423623
-0.424584
-0.430759
-0.450481
-0.388122
-0.412185
-0.457709
-0.429169
-0.410067
-0.407793
-0.390015
-0.420752
-0.418660
-0.410483
-0.440306
-0.440787
-0.447829
-0.435913
-0.421635
-0.471972
-0.469693
-0.443287
-0.442263
-0.431149
-0.401409
-0.419419
-0.459037
-0.421449
-0.399809
-0.419487
-0.427867
-0.428881
-0.417821
-0.415228
-0.465067
-0.421284
-0.429645
-0.449278
-0.424812
-0.371301
-0.428023
-0.425591
-0.389235
-0.362650
-0.383677
-0.406827
-0.398389
-0.428774
-0.424543
-0.432316
-0.427863
-0.421086
-0.393630
-0.417755
-0.404684
-0.377809
-0.391990
-0.375570
-0.392053
-0.341905
-0.362559
-0.406524
-0.406097
-0.385635
-0.382896
-0.410803
-0.404698
-0.368097
-0.398459
-0.424494
-0.414215
-0.412512
-0.378770
-0.376323
-0.385627
-0.382566
-0.415751
-0.379701
-0.414059
-0.418208
-0.407709
-0.456597
-0.414622
-0.413668
-0.443693
-0.427904
-0.416686
-0.440717
-0.404814
-0.400244
-0.403724
-0.431033
-0.420653
-0.395201
-0.379084
-0.421601
-0.435035
-0.443300
-0.427273
-0.391157
-0.424707
-0.393829
-0.402230
-0.440120
-0.394143
-0.391995
-0.404887
-0.412207
-0.438961
-0.456463
-0.435418
-0.370509
-0.430801
-0.429376
-0.409738
-0.391078
-0.338468
-0.387662
-0.413514
-0.414686
-0.418363
-0.393578
-0.388198
-0.392719
-0.413818
-0.400771
-0.423881
-0.425882
-0.423927
-0.450001
-0.434950
-0.401247
-0.395296
-0.393262
-0.448142
-0.409222
-0.389775
-0.374844
-0.411461
-0.430429
-0.397816
-0.452457
-0.434062
-0.410963
-0.439945
-0.444179
-0.388740
-0.381284
-0.384294
-0.440961
-0.432467
-0.451587
-0.439140
-0.427853
-0.429428
-0.448936
-0.401293
-0.423236
-0.377384
-0.390802
-0.415983
-0.379734
-0.379433
-0.396826
-0.377679
-0.409372
-0.398618
-0.339918
-0.330502
-0.414158
-0.396832
-0.399694
-0.414227
-0.385232
-0.411608
-0.412895
-0.383903
-0.386336
-0.346993
-0.276850
-0.388007
-0.402171
-0.415444
-0.410126
-0.374450
-0.348781
-0.377203
-0.431896
-0.433277
-0.392176
-0.381891
-0.370680
-0.416608
-0.382340
-0.369451
-0.402074
-0.408530
-0.377094
-0.339417
-0.337290
-0.417664
-0.355378
-0.408699
-0.355512
-0.331525
-0.360448
-0.323406
-0.329560
-0.343647
-0.310233
-0.314644
-0.330865
-0.366351
-0.391453
-0.416111
-0.287725
-0.297501
-0.312969
-0.324486
-0.389440
-0.291586
-0.279815
-0.248712
-0.202706
-0.118933
-0.241696
-0.216636
-0.193824
-0.234875
-0.305644
-0.306244
-0.278166
-0.219428
-0.316678
-0.299369
-0.309506
-0.203768
-0.231105
-0.207495
-0.141352
-0.147453
-0.169989
-0.064605
-0.117675
-0.108511
-0.316316
-0.130237
-0.116416
-0.182609
-0.185535
-0.171127
0.012081
0.050323
0.024451
-0.004809
0.007828
-0.086432
0.013840
-0.118663
-0.054260
0.037057
-0.139340
-0.146586
-0.240273
-0.165242
-0.139632
-0.175686
-0.146352
-0.010146
0.228006
0.452722
0.795189
1.084498
1.159819
1.911599
1.280689
0.546785
0.558490
0.560493
0.570778
1.189320
0.574136
0.277133
0.699397
0.325489
0.403375
0.292738
0.434420
0.266762
0.423808
0.460253
0.581804
0.454634
0.616487
0.574878
0.673732
1.101074
0.668414
0.549944
0.416638
0.475978
0.641550
1.281291
1.537195
1.246545
1.667815
1.748610
1.877879
2.037853
1.428955
0.667655
0.704702
0.673884
0.826826
0.746397
1.011358
2.046263
1.234606
1.150856
1.507416
1.847161
1.122529
0.551289
0.249072
0.113157
0.076622
0.314871
0.399965
0.749642
0.264438
0.267871
0.124314
0.298969
0.506655
0.621399
0.356515
0.293285
0.418466
0.418109
0.304159
0.363881
0.521664
0.377942
0.505953
0.256418
0.088538
0.273999
0.148216
0.502913
0.451658
0.673973
0.659830
0.788467
0.466109
0.851981
0.773765
0.638311
0.548961
0.759489
0.727009
1.119937
1.272410
1.276901
2.091571
3.160612
3.835143
5.134647
3.012102
2.804971
2.459511
2.104103
2.203017
1.211942
1.399778
0.924477
0.779136
0.509371
0.191718
-0.197212
-0.353501
-0.223825
-0.083331
0.160184
0.086613
0.033075
-0.264286
-0.261657
-0.295886
-0.301762
-0.373084
-0.435287
-0.390186
-0.309913
-0.437372
-0.306454
-0.138084
-0.225975
-0.212411
-0.258598
0.024548
0.532431
1.549660
1.880286
1.798765
2.541866
2.999027
2.883763
3.232290
6.305245
6.859760
4.702742
6.067985
4.203899
2.971869
2.850819
3.322937
1.246053
1.258061
0.608097
0.901023
0.699970
0.629575
0.833607
0.514227
0.124096
-0.069855
-0.291437
-0.298857
-0.358652
-0.398784
-0.432996
-0.370770
-0.362621
-0.366825
-0.342726
-0.385251
-0.364377
-0.371450
-0.394021
-0.401417
-0.428696
-0.379013
-0.298804
-0.382590
-0.343249
-0.330255
-0.312739
-0.375215
-0.283179
0.181627
0.636639
1.702363
0.981052
1.191929
1.818188
2.393342
3.143147
5.110112
4.518227
4.257034
4.299229
5.091516
2.364757
0.898001
-0.002262
-0.300145
-0.278334
-0.321537
-0.306475
-0.292545
-0.199719
-0.208476
-0.205331
-0.280849
-0.334611
-0.339293
-0.338469
-0.147451
-0.287778
-0.186525
-0.289225
-0.364294
-0.369444
-0.442264
-0.438595
-0.449184
-0.417489
-0.445320
-0.402438
-0.409265
-0.412994
-0.408183
-0.454330
-0.492666
-0.489858
-0.502087
-0.528449
-0.577351
-0.586788
-0.586793
-0.586793
-0.586793
-0.586793
-0.586793
-0.586793
-0.448929
-0.448929
-0.448929
-0.448929
-0.448929
-0.448929
-0.448929
-0.448929
-0.448929
-0.448929
-0.448929
-0.448929
-0.448929
-0.448929
-0.448929
-0.448929
-0.448929
-0.448929
-0.448929
-0.448929
-0.448929
-0.448929
-0.448929
-0.448929
-0.448929
-0.448929
-0.448929
-0.448929
-0.448929
-0.448929
-0.448929
-0.448929
-0.448929
-0.448929
-0.448929
-0.448929
-0.448929
-0.448929
-0.448929
-0.448929
-0.448929
-0.448929
-0.448929
-0.448929
-0.448929
-0.448929
-0.448929
-0.448929
-0.448929
-0.448929
-0.448929
-0.448929
-0.448929
-0.448929
-0.448929
-0.448929
-0.448929
-0.448929
-0.448929
-0.448929
-0.448929
-0.448929
-0.448929
-0.448929
-0.448929
-0.448929
-0.448929
-0.448929
-0.448929
-0.448929
-0.448929
-0.448929
-0.448929
-0.448929
-0.448929
-0.448929
-0.448929
-0.448929
-0.447574
-0.445934
-0.446516
-0.445813
-0.434258
-0.409781
-0.400228
-0.398404
-0.416732
-0.416364
-0.396778
-0.416997
-0.421687
-0.413748
-0.396858
-0.415470
-0.399606
-0.365581
-0.362956
-0.345990
-0.351427
-0.336347
-0.302269
-0.233329
-0.288769
-0.284979
-0.247198
-0.275089
-0.279689
-0.246773
-0.207018
-0.241877
-0.281049
-0.256652
-0.261895
-0.115878
-0.122733
-0.172351
-0.182430
-0.173638
-0.175518
-0.156924
-0.142310
-0.151144
-0.123046
-0.069927
-0.142197
-0.138635
-0.120388
-0.168777
-0.124045
-0.135176
-0.141111
-0.150884
-0.109208
-0.171017
-0.167272
-0.141199
-0.140936
-0.189427
-0.223803
-0.236339
-0.215167
-0.250756
-0.205626
-0.236504
-0.274215
-0.212299
-0.183597
-0.172381
-0.191196
-0.131385
-0.078418
-0.143982
-0.165354
-0.106214
-0.197961
-0.227832
-0.151722
-0.178646
-0.182885
-0.268916
-0.183457
-0.174302
-0.187133
-0.163275
-0.220038
-0.245761
-0.275321
-0.223544
-0.218242
-0.237130
-0.214934
-0.144327
-0.102278
-0.105474
-0.148282
-0.056044
-0.033779
-0.139410
-0.117103
-0.042422
-0.013175
-0.061083
0.015172
-0.084337
-0.117615
-0.068510
-0.160633
-0.123984
-0.031418
-0.028555
0.025198
-0.077971
0.072892
0.150444
0.015435
0.142245
0.161315
0.308518
0.046963
0.071165
0.223178
0.258414
0.292178
0.424329
0.324406
0.269256
0.344541
0.458921
0.461046
0.557753
0.780473
0.493744
0.964888
0.676281
0.951893
0.921262
0.678428
1.228649
1.299079
1.590688
1.567505
1.445633
1.072101
0.900715
0.981255
1.621856
1.932707
2.953448
5.284694
8.001919
8.430397
8.915896
12.278624
7.340638
5.669191
4.018838
2.996118
2.181334
1.439308
1.662094
0.927472
0.963840
0.714740
0.805573
0.649011
0.441784
0.461820
0.526482
0.255824
0.291310
0.341091
0.218998
0.650182
0.507048
0.565081
0.499616
0.454464
0.564516
0.459889
0.530424
0.267624
0.173126
0.233605
0.075578
0.109667
0.451123
1.125369
1.426008
2.258274
2.459423
2.411844
2.914208
2.587827
1.689741
1.124847
0.846800
0.551988
0.331432
0.458376
0.419330
0.317101
0.302686
0.292370
0.187290
0.222554
0.117727
-0.056637
-0.025839
-0.077154
-0.068397
-0.160219
-0.070469
-0.087333
-0.026003
-0.096596
-0.131629
-0.114927
-0.176154
-0.177948
-0.124293
-0.204625
-0.128631
-0.165328
-0.207168
-0.200977
-0.164428
-0.112388
-0.173730
-0.146898
-0.190699
-0.153475
-0.175824
-0.178151
-0.202728
-0.216673
-0.211642
-0.161287
-0.211272
-0.138069
-0.123628
-0.165568
-0.132126
-0.152648
-0.192567
-0.212404
-0.176570
-0.104435
-0.118778
-0.143262
-0.101883
-0.070164
-0.054293
-0.054230
0.000029
-0.068690
-0.083595
-0.081097
-0.185436
-0.224020
-0.178238
-0.176312
-0.227167
-0.251541
-0.236014
-0.170036
-0.164364
-0.098818
-0.139314
-0.062282
-0.075907
-0.072278
-0.027783
-0.145021
-0.135615
-0.122049
-0.094007
-0.139830
-0.070492
-0.106000
-0.123222
-0.081222
-0.069685
-0.122373
-0.201785
-0.165538
-0.128580
-0.160080
-0.202423
-0.124159
-0.122852
-0.145868
-0.048828
-0.076470
-0.078072
-0.032658
-0.015759
0.006713
0.090865
0.049330
0.049621
0.053660
0.070420
-0.065763
-0.072359
-0.068945
-0.138821
-0.118450
-0.095930
-0.101446
-0.127633
-0.158100
-0.141079
-0.150879
-0.212289
-0.197825
-0.180521
-0.188871
-0.224689
-0.144975
-0.140007
-0.202169
-0.082112
-0.139860
-0.124068
-0.182610
-0.060297
-0.061700
-0.156520
-0.126187
-0.154184
-0.142358
-0.147126
-0.113251
-0.148704
-0.223026
-0.222589
-0.202910
-0.102952
-0.137308
-0.173429
-0.122946
-0.181011
-0.232784
-0.187403
-0.121845
-0.224830
-0.139084
-0.177294
-0.187649
-0.193729
-0.225884
-0.260235
-0.234478
-0.193921
-0.191006
-0.208882
-0.194824
-0.137037
-0.136549
-0.175303
-0.175569
-0.212897
-0.192952
-0.199124
-0.191897
-0.229734
-0.224378
-0.222651
-0.200203
-0.209682
-0.155565
-0.199744
-0.158371
-0.156974
-0.253060
-0.260204
-0.237563
-0.249152
-0.196336
-0.199194
-0.182257
-0.173428
-0.275535
-0.250940
-0.222757
-0.283591
-0.222174
-0.208969
-0.177573
-0.225866
-0.194122
-0.239965
-0.202149
-0.181959
-0.229525
-0.194725
-0.189531
-0.240240
-0.259495
-0.203255
-0.233960
-0.217444
-0.115924
-0.190830
-0.264441
-0.264854
-0.210183
-0.244091
-0.264929
-0.268052
-0.275902
-0.248049
-0.241755
-0.204382
-0.230173
-0.225234
-0.247915
-0.197364
-0.247939
-0.199032
-0.181118
-0.224877
-0.222515
-0.225546
-0.240929
-0.210630
-0.197823
-0.191615
-0.238927
-0.210490
-0.190348
-0.219400
-0.218152
-0.202770
-0.237372
-0.255283
-0.259598
-0.206779
-0.230759
-0.241445
-0.234482
-0.212404
-0.155841
-0.197473
-0.255110
-0.214540
-0.164875
-0.189186
-0.167684
-0.230765
-0.257511
-0.152213
-0.215348
-0.216269
-0.232872
-0.261683
-0.263629
-0.267501
-0.291495
-0.291415
-0.259108
-0.262630
-0.247579
-0.239317
-0.252013
-0.265102
-0.187546
-0.247182
-0.253061
-0.192202
-0.234294
-0.289936
-0.228850
-0.239182
-0.235520
-0.263272
-0.277562
-0.244510
-0.278148
-0.203964
-0.211166
-0.178962
-0.168547
-0.185558
-0.262954
-0.254326
-0.245345
-0.202451
-0.233767
-0.285789
-0.200756
-0.269072
-0.226189
-0.215035
-0.228270
-0.258428
-0.194776
-0.135361
-0.228257
-0.271798
-0.183631
-0.235501
-0.211075
-0.240990
-0.234747
-0.216746
-0.199764
-0.235119
-0.217589
-0.219281
-0.230394
-0.226181
-0.231000
-0.187225
-0.290878
-0.260160
-0.257130
-0.246461
-0.229227
-0.259587
-0.254856
-0.161153
-0.183852
-0.230000
-0.284254
-0.227167
-0.276775
-0.275003
-0.271876
-0.265242
-0.322740
-0.359207
-0.306718
-0.327239
-0.317843
-0.332674
-0.365261
-0.380206
-0.352632
-0.333070
-0.396034
-0.423459
-0.448303
-0.448918
-0.448929
-0.448929
-0.448929
-0.448929
-0.448929
-0.448929
-0.448929
-0.448929
-0.448929
-0.448929
-0.448929
-0.448929
-0.448929
-0.583464
-0.583464
-0.583464
-0.583464
-0.583464
-0.583464
-0.583464
-0.583464
-0.583464
-0.583464
-0.583464
-0.583464
-0.583464
-0.583464
-0.583464
-0.583464
-0.583464
-0.583464
-0.583464
-0.583464
-0.583464
-0.583464
-0.583464
-0.583464
-0.583464
-0.583464
-0.583464
-0.583464
-0.583464
-0.583464
-0.583464
-0.583464
-0.583464
-0.583464
-0.583464
-0.583464
-0.583464
-0.583464
-0.583464
-0.583464
-0.583464
-0.583464
-0.583464
-0.583464
-0.583464
-0.583464
-0.583464
-0.583464
-0.583464
-0.583464
-0.583464
-0.583464
-0.583464
-0.583464
-0.583464
-0.583464
-0.583464
-0.583464
-0.583464
-0.583464
-0.583464
-0.581230
-0.580127
-0.575133
-0.570236
-0.562082
-0.544222
-0.557612
-0.557410
-0.530494
-0.524740
-0.537679
-0.514602
-0.470907
-0.502013
-0.533819
-0.533768
-0.523003
-0.504040
-0.483850
-0.506479
-0.492989
-0.490967
-0.488213
-0.484756
-0.480526
-0.401483
-0.415919
-0.412517
-0.406415
-0.351910
-0.327255
-0.269331
-0.396561
-0.417981
-0.360034
-0.360623
-0.332691
-0.205140
-0.037729
0.018973
-0.057436
-0.144524
-0.146585
-0.134962
-0.043593
-0.081825
-0.181480
-0.138577
-0.109971
-0.047455
-0.031089
-0.041331
-0.106274
-0.095629
-0.047437
-0.031124
-0.038252
0.013908
-0.022274
-0.041330
-0.065898
0.054530
0.172963
0.157408
0.160501
0.056737
0.159539
0.237382
0.076254
0.070341
0.295582
0.335091
0.337997
0.168587
0.327615
0.211288
0.309788
0.136719
0.139851
0.198901
0.267871
0.175339
0.225363
0.033896
0.046891
-0.087620
0.060496
-0.001591
0.351586
0.349713
0.441115
0.610976
0.806633
0.636636
0.467333
0.398104
0.267400
0.303429
0.162413
0.161889
0.137350
0.381152
0.274080
0.165621
0.179882
0.175997
0.289853
0.260332
0.344154
0.602659
0.298612
0.325309
0.361420
0.605704
0.700644
0.150999
0.253416
0.268913
0.544933
0.747116
0.304854
0.482138
0.716802
0.535951
0.332406
0.395835
0.541204
0.369360
0.573116
0.459795
0.331130
0.368258
0.194290
0.331294
0.405574
0.622890
0.332416
0.337257
0.444785
0.851273
3.315100
2.812883
2.373700
2.168541
2.168272
6.185325
14.274463
10.524988
6.610904
4.500896
1.629819
1.139889
1.162752
0.748562
0.587777
0.819281
1.176536
1.012005
0.758656
0.491293
0.645376
0.238617
0.374732
0.292486
0.359212
0.146048
0.075109
0.165872
0.036063
0.126159
-0.057540
-0.033040
0.045549
-0.055536
-0.011479
0.169093
-0.024601
0.129873
0.206885
0.440965
0.733558
1.104997
0.997333
1.104936
0.948457
1.680737
4.329322
7.515239
5.189032
2.047384
0.798972
0.340702
0.338337
0.060117
-0.036019
-0.001358
0.333762
0.193042
0.117397
-0.000950
0.172940
0.113188
0.041460
-0.010577
-0.061505
0.070128
0.022595
0.055575
-0.026131
-0.134566
-0.079304
-0.003705
-0.032721
-0.051467
-0.190193
-0.159236
-0.144621
-0.103067
-0.082526
-0.086383
-0.186808
-0.094527
-0.138464
-0.073540
-0.057649
-0.078815
-0.108854
-0.150103
-0.114512
-0.078772
-0.164388
-0.104810
-0.130407
-0.088076
-0.127968
-0.083764
-0.082572
-0.122009
-0.071561
-0.033134
-0.009040
-0.079605
-0.141466
-0.132487
-0.126493
-0.180155
-0.153359
-0.216356
-0.216656
-0.139804
-0.107919
-0.175256
-0.223828
-0.180094
-0.212244
-0.123838
-0.072963
-0.129975
-0.164930
-0.128526
0.061173
-0.066003
-0.046937
-0.140798
-0.094967
-0.147721
-0.092310
-0.172832
-0.142860
-0.095363
-0.130044
-0.119768
-0.151538
-0.085673
-0.091501
-0.019600
-0.113122
-0.108480
-0.058251
-0.138472
-0.072752
-0.121851
-0.200583
-0.181898
-0.161573
-0.165936
-0.195031
-0.181893
-0.150813
-0.066112
0.017909
-0.120620
-0.131191
-0.108994
-0.197505
-0.140798
-0.073465
-0.109942
-0.215249
-0.153687
-0.091343
-0.095569
-0.163303
-0.211026
-0.071750
-0.084849
-0.170232
-0.064959
-0.130146
-0.152733
-0.122337
-0.139712
-0.101340
-0.151388
-0.235562
-0.205247
-0.113827
-0.106324
-0.180375
-0.275228
-0.239412
-0.196811
-0.170547
-0.102324
-0.162906
-0.251406
-0.055639
-0.085983
-0.050082
-0.109739
-0.163634
-0.106388
-0.117061
-0.091417
-0.203511
-0.240986
-0.191674
-0.140964
-0.040017
-0.100765
-0.169472
-0.109372
-0.086787
-0.097562
-0.071217
-0.178067
-0.208755
-0.225727
-0.070648
-0.060342
-0.093203
-0.061222
-0.142067
-0.108111
-0.122662
-0.198047
-0.192036
-0.138579
-0.187732
-0.159461
-0.144936
-0.253263
-0.251085
-0.128197
-0.000123
-0.146770
-0.155727
-0.163476
-0.199260
-0.159669
-0.123617
-0.137709
-0.108771
-0.112387
-0.131557
-0.175562
-0.137990
-0.145651
-0.121157
-0.186955
-0.117212
-0.160259
-0.126056
-0.129450
-0.102696
-0.147905
-0.103694
-0.074469
-0.117981
-0.218041
-0.239255
-0.248102
-0.286666
-0.256191
-0.143947
-0.201487
-0.205471
-0.163916
-0.187609
-0.193300
-0.198685
-0.187975
-0.145236
-0.165297
-0.128112
-0.146878
-0.083594
-0.167736
-0.227678
-0.134614
-0.123026
0.093427
-0.095646
-0.161328
-0.201812
-0.225083
-0.236451
-0.216388
-0.179189
-0.158768
-0.044596
-0.119082
-0.203645
-0.195404
-0.106951
-0.070724
-0.091780
-0.191869
-0.119933
-0.104940
-0.148602
-0.197393
-0.147911
-0.129964
-0.215834
-0.246532
-0.119654
0.006730
-0.129193
-0.167422
-0.177372
-0.263602
-0.187113
-0.124963
-0.133584
-0.230248
-0.112330
-0.088471
-0.251811
-0.145909
-0.039475
-0.024546
-0.051159
-0.078963
-0.100001
-0.098134
-0.135210
-0.183120
-0.152149
-0.143089
-0.111533
-0.164183
-0.117138
-0.120052
-0.161680
-0.254588
-0.026206
-0.073798
-0.207406
-0.203692
-0.065608
-0.171078
-0.171461
-0.230292
-0.226319
-0.143581
-0.115056
-0.134291
-0.248725
-0.164515
-0.137192
-0.168701
-0.167988
-0.151522
-0.064230
-0.124123
-0.167027
-0.158561
-0.049811
-0.006519
-0.062042
-0.045743
-0.075935
-0.117625
-0.151222
-0.135235
-0.108933
-0.131376
-0.160548
-0.157630
-0.095117
-0.206591
-0.118673
-0.128859
-0.137319
-0.124903
-0.075392
-0.073017
-0.187225
-0.215093
-0.154326
-0.146175
-0.104025
-0.151501
-0.133194
-0.183998
-0.189128
-0.194240
-0.237026
-0.241575
-0.298721
-0.306218
-0.241991
-0.225817
-0.271259
-0.336910
-0.218024
-0.223735
-0.187020
-0.213351
-0.141776
-0.083267
-0.196512
-0.229921
-0.293571
-0.234220
-0.242963
-0.169673
-0.372742
-0.360226
-0.265581
-0.426682
-0.344736
-0.417315
-0.428509
-0.398840
-0.412991
-0.419378
-0.423641
-0.441226
-0.491786
-0.505768
-0.511293
-0.503062
-0.519328
-0.538319
-0.569739
-0.583146
-0.583464
-0.583464
-0.583464
-0.583464
-0.583464
-0.583464
-0.583464
-0.583464
-0.583464
-0.583464
-0.583464
-0.583464
-0.583464
-0.583464
-0.583464
-0.583464
-0.583464
-0.583464
-0.598261
-0.598261
-0.598261
-0.598261
-0.598261
-0.598261
-0.598261
-0.598261
-0.598261
-0.598261
-0.598261
-0.598261
-0.598261
-0.598261
-0.598261
-0.598261
-0.598261
-0.598261
-0.598261
-0.598261
-0.598261
-0.598261
-0.598261
-0.598261
-0.598261
-0.598261
-0.598261
-0.598261
-0.598261
-0.598261
-0.598261
-0.598261
-0.598261
-0.598261
-0.598261
-0.598261
-0.598261
-0.598261
-0.598261
-0.598261
-0.598261
-0.598261
-0.598261
-0.598261
-0.598261
-0.598261
-0.598261
-0.598261
-0.598261
-0.598261
-0.598261
-0.598261
-0.598261
-0.598261
-0.598261
-0.598261
-0.598261
-0.598261
-0.598261
-0.598261
-0.598261
-0.598261
-0.598261
-0.598261
-0.598261
-0.598261
-0.598261
-0.598261
-0.598261
-0.598261
-0.598261
-0.598261
-0.598261
-0.598261
-0.598261
-0.598261
-0.598261
-0.598261
-0.598261
-0.598261
-0.598261
-0.598261
-0.598261
-0.598261
-0.598261
-0.598261
-0.598261
-0.598261
-0.598261
-0.598261
-0.598261
-0.598261
-0.598261
-0.598261
-0.598261
-0.598261
-0.598261
-0.598261
-0.598261
-0.598261
-0.598261
-0.598261
-0.598261
-0.598261
-0.598261
-0.598261
-0.598261
-0.598261
-0.598261
-0.598261
-0.598261
-0.598261
-0.598261
-0.598261
-0.598261
-0.598261
-0.598261
-0.598261
-0.598261
-0.598261
-0.598261
-0.598261
-0.552240
-0.540048
-0.533093
-0.417498
-0.330426
-0.364534
-0.322735
-0.377657
-0.343662
-0.360883
-0.408769
-0.382979
-0.325384
-0.321426
-0.370983
-0.372748
-0.300893
-0.323637
-0.320292
-0.350330
-0.312487
-0.350760
-0.301879
-0.262849
-0.288079
-0.415612
-0.362360
-0.294068
-0.344778
-0.318142
-0.360448
-0.312125
-0.298724
-0.364114
-0.375885
-0.353118
-0.360765
-0.362403
-0.435521
-0.377615
-0.385869
-0.414036
-0.325977
-0.329246
-0.377197
-0.285930
-0.336388
-0.305214
-0.300737
-0.323449
-0.313820
-0.329256
-0.343850
-0.391994
-0.317243
-0.271179
-0.378370
-0.379127
-0.379415
-0.412297
-0.387145
-0.373108
-0.313565
-0.324179
-0.431747
-0.392241
-0.346443
-0.368464
-0.402872
-0.404347
-0.381377
-0.352118
-0.356974
-0.335249
-0.283238
-0.240379
-0.233612
-0.273016
-0.287752
-0.260259
-0.231701
-0.258676
-0.320935
-0.300907
-0.308544
-0.282546
-0.301107
-0.353310
-0.321692
-0.350268
-0.367827
-0.327704
-0.344155
-0.370757
-0.287783
-0.348518
-0.367052
-0.394972
-0.394606
-0.352013
-0.363565
-0.375468
-0.299679
-0.378405
-0.332833
-0.235908
-0.307090
-0.406609
-0.406421
-0.359147
-0.361424
-0.360359
-0.280268
-0.315670
-0.361966
-0.347451
-0.356434
-0.340033
-0.350019
-0.311478
-0.319822
-0.322921
-0.339780
-0.327565
-0.404931
-0.350903
-0.350131
-0.343587
-0.379984
-0.336136
-0.357609
-0.345831
-0.335582
-0.351949
-0.258370
-0.262652
-0.242444
-0.254962
-0.230639
-0.344850
-0.336786
-0.341900
-0.320346
-0.241293
-0.275499
-0.308448
-0.273474
-0.350138
-0.303609
-0.338101
-0.285495
-0.342544
-0.308976
-0.339746
-0.390544
-0.427829
-0.302571
-0.358471
-0.422562
-0.384336
-0.336132
-0.335471
-0.351287
-0.343288
-0.292741
-0.315119
-0.341571
-0.241384
-0.181650
-0.360064
-0.329211
-0.358392
-0.365658
-0.392766
-0.301818
-0.257763
-0.290097
-0.277407
-0.396602
-0.356232
-0.377735
-0.353312
-0.324097
-0.395289
-0.370025
-0.412361
-0.371448
-0.377254
-0.376059
-0.396874
-0.360362
-0.279457
-0.363084
-0.340007
-0.334555
-0.352749
-0.374274
-0.355452
-0.271062
-0.249892
-0.227805
-0.344535
-0.344141
-0.390529
-0.375031
-0.337182
-0.270716
-0.275743
-0.318039
-0.336137
-0.386257
-0.362416
-0.309894
-0.289604
-0.344992
-0.386772
-0.423395
-0.395128
-0.357192
-0.361182
-0.373166
-0.419381
-0.328961
-0.346817
-0.336760
-0.241884
-0.274664
-0.303939
-0.339293
-0.358632
-0.291988
-0.361157
-0.381279
-0.334927
-0.394446
-0.293215
-0.336487
-0.351381
-0.284461
-0.337689
-0.331286
-0.385937
-0.422778
-0.390572
-0.332887
-0.337958
-0.373625
-0.369224
-0.388518
-0.385107
-0.411048
-0.399311
-0.394914
-0.227704
-0.339105
-0.348254
-0.239013
-0.336727
-0.341111
-0.301242
-0.307519
-0.279475
-0.344674
-0.312697
-0.277824
-0.362763
-0.332448
-0.350526
-0.295251
-0.312041
-0.323537
-0.274697
-0.303892
-0.314931
-0.372147
-0.217889
-0.230873
-0.323715
-0.380228
-0.286966
-0.295661
-0.309599
-0.332502
-0.310701
-0.279618
-0.282718
-0.290274
-0.213718
-0.223510
-0.194522
-0.088652
-0.270816
-0.297782
-0.256365
-0.338278
-0.256939
-0.291418
-0.265164
-0.045585
-0.199106
-0.037841
0.103518
-0.002720
0.106573
-0.111745
-0.083223
0.096160
0.126639
0.356212
0.029858
0.164449
0.036586
0.065424
0.222500
0.089997
0.132293
0.325388
0.122059
0.458232
0.623985
0.235735
0.633270
0.874423
0.530551
0.871490
1.106025
1.867692
2.075001
1.904310
1.608171
0.686656
0.518265
1.555993
2.233664
1.834911
1.344589
3.066762
4.908391
1.944201
1.465020
1.821780
2.561800
4.245774
3.929372
2.321083
2.634127
3.449571
5.265088
2.170589
4.272773
5.803283
4.666932
3.037077
2.983164
3.122199
2.151457
2.893571
2.425462
0.968037
2.313772
2.073579
2.364461
3.542358
4.930587
3.062352
5.338325
2.408026
2.932433
3.060047
3.494961
3.084780
2.635593
2.199707
2.513163
2.688186
2.795067
2.619961
2.406070
1.594534
1.010105
2.160880
3.077950
2.204433
1.685548
1.545940
1.512766
0.860128
1.314125
3.513937
2.590562
1.078785
1.058268
0.504787
1.464524
1.175516
1.880336
1.832275
1.470476
0.598801
1.340792
1.007936
0.548529
0.133005
0.563673
1.274760
1.351344
0.824084
0.423427
0.582966
0.325135
0.160955
0.710512
0.663183
0.207825
0.166776
-0.078216
-0.083235
-0.221158
-0.147924
0.269902
0.157344
-0.094125
-0.190174
0.093449
-0.119954
-0.229857
-0.261445
-0.303855
-0.150508
-0.093883
0.182212
0.197940
0.005161
0.429206
-0.073873
-0.214761
0.015308
-0.127820
-0.321189
-0.352677
-0.283237
-0.260437
-0.315631
-0.313904
-0.350162
-0.394535
-0.309836
-0.249838
-0.316577
-0.257993
-0.229183
-0.281431
-0.241808
-0.407506
-0.327435
-0.311049
-0.315093
-0.382397
-0.416475
-0.375640
-0.228948
-0.164520
-0.059961
-0.175828
-0.032918
-0.317486
-0.275290
-0.181602
-0.185545
-0.020527
-0.290083
-0.286409
-0.306790
-0.360452
-0.234975
-0.179111
-0.297202
-0.308807
-0.265802
-0.218740
-0.253237
-0.319419
-0.252732
-0.372316
-0.378494
-0.170445
-0.185881
-0.150723
-0.260674
-0.345992
-0.298305
-0.118463
-0.190568
-0.193627
-0.178024
-0.305572
-0.303164
-0.244360
-0.247855
-0.222273
-0.161377
-0.212254
-0.266634
-0.207843
-0.224811
-0.256227
-0.321822
-0.342473
-0.346164
-0.395581
-0.366564
-0.451533
-0.560720
-0.598261
-0.598261
-0.882230
-0.882230
-0.882230
-0.882230
-0.882230
-0.882230
-0.882230
-0.882230
-0.882230
-0.882230
-0.882230
-0.882230
-0.882230
-0.882230
-0.882230
-0.882230
-0.882230
-0.882230
-0.882230
-0.882230
-0.882230
-0.882230
-0.882230
-0.882230
-0.882230
-0.882230
-0.882230
-0.882230
-0.882230
-0.882230
-0.882230
-0.882230
-0.882230
-0.882230
-0.882230
-0.882230
-0.882230
-0.882230
-0.882230
-0.882230
-0.882230
-0.882230
-0.882230
-0.882230
-0.882230
-0.882230
-0.882230
-0.882230
-0.882230
-0.882230
-0.882230
-0.882230
-0.882230
-0.882230
-0.882230
-0.882230
-0.882230
-0.882230
-0.882230
-0.882230
-0.882230
-0.882230
-0.882230
-0.882230
-0.882230
-0.882230
-0.882230
-0.882230
-0.882230
-0.882230
-0.882230
-0.882230
-0.882230
-0.882230
-0.882230
-0.882230
-0.882230
-0.882230
-0.882230
-0.882230
-0.882230
-0.882230
-0.882230
-0.882230
-0.882230
-0.882230
-0.882230
-0.882230
-0.882230
-0.882230
-0.882230
-0.882230
-0.882230
-0.882230
-0.882230
-0.882230
-0.882230
-0.882230
-0.882230
-0.882230
-0.882230
-0.882230
-0.882230
-0.882230
-0.882230
-0.882230
-0.882230
-0.882230
-0.882230
-0.869354
-0.716311
-0.720855
-0.740556
-0.757836
-0.780550
-0.712918
-0.721901
-0.585536
-0.631277
-0.589712
-0.444418
-0.338554
-0.319652
-0.179288
-0.349758
-0.374847
-0.250493
-0.444633
-0.359972
-0.362591
-0.282295
-0.343898
-0.270241
-0.265623
-0.274901
-0.220733
-0.256243
-0.335198
-0.426949
-0.304503
-0.344658
-0.401368
-0.299974
-0.256602
-0.271126
-0.368992
-0.145310
-0.135431
-0.177731
-0.398454
-0.315546
-0.261749
-0.338305
-0.259749
-0.286493
-0.261757
-0.253466
-0.179842
-0.252114
-0.250398
-0.258505
-0.181053
-0.234523
-0.136595
-0.282001
-0.133985
-0.239884
-0.154185
-0.023336
-0.237266
-0.152731
-0.046642
-0.112557
-0.264785
-0.099336
-0.049484
-0.185642
-0.269917
-0.060002
0.008243
-0.155978
-0.086984
-0.174279
-0.228356
-0.192540
-0.200970
-0.155531
-0.224543
-0.240699
-0.168148
0.179835
-0.241909
-0.305209
-0.034427
-0.039165
-0.319630
-0.382037
-0.207494
-0.362061
-0.318290
-0.441719
-0.431534
-0.466771
-0.479537
-0.509975
-0.516714
-0.313129
-0.361895
-0.382656
-0.397072
-0.361039
-0.322004
-0.352683
-0.288030
-0.360053
-0.379594
-0.379213
-0.288298
-0.432975
-0.300642
-0.216838
-0.123213
-0.418442
-0.467966
-0.460543
-0.435611
-0.526791
-0.550026
-0.403012
-0.445265
-0.287774
-0.521159
-0.396789
-0.381678
-0.409649
-0.438254
-0.520957
-0.386897
-0.333575
-0.331795
-0.296803
-0.405815
-0.286854
-0.474992
-0.318960
-0.407736
-0.437939
-0.437109
-0.404486
-0.389537
-0.348270
-0.377758
-0.169909
-0.224106
-0.471892
-0.495325
-0.451067
-0.465558
-0.509751
-0.355012
-0.300120
-0.411588
-0.413333
-0.246505
-0.265726
-0.296627
-0.473306
-0.417816
-0.331737
-0.240198
-0.131192
-0.243655
-0.209162
-0.248818
-0.108584
-0.007306
-0.246420
-0.309078
-0.245827
-0.326798
-0.217776
0.047484
-0.013309
-0.106658
-0.075335
-0.204206
-0.248213
-0.380880
-0.360134
-0.259076
-0.314043
-0.238898
-0.186768
-0.118983
0.025619
-0.279000
-0.233078
-0.333140
-0.322682
-0.280748
-0.211784
-0.142116
0.220569
0.139344
0.125205
0.373759
0.132971
0.134307
-0.020449
-0.244058
-0.298460
-0.220456
-0.142020
0.083871
0.053193
0.114562
-0.004230
-0.102625
-0.325741
-0.245304
-0.201694
-0.271689
0.044566
0.365113
0.288222
-0.011518
0.125433
-0.124976
0.076953
0.196910
0.724935
0.220294
0.432448
0.622489
0.551872
0.422703
0.318376
0.745758
0.778464
0.384532
0.213785
0.361964
0.592865
0.224706
0.343086
0.032098
0.160661
0.317934
0.601745
0.158004
0.106040
0.259711
0.526358
0.652372
1.350872
1.199175
1.416776
2.613893
1.686033
0.954364
1.675482
2.552900
2.849003
4.366643
5.646778
2.444560
1.923972
1.572245
1.310932
1.143747
1.764477
1.277361
1.078943
1.009196
0.811450
0.594116
1.031523
1.108559
1.104867
1.047645
1.044788
0.781901
0.587919
0.373281
0.644205
1.222754
2.150505
2.432214
3.233587
4.091180
2.585558
1.786901
1.447389
2.119694
3.636978
4.483140
3.201450
4.495639
3.233054
3.121626
3.488344
3.158947
3.084104
2.197448
2.947930
2.924076
1.678569
1.879593
1.475375
1.610653
1.794680
1.172472
1.892636
1.385962
1.064500
1.051793
1.521908
1.901958
2.198899
1.698340
2.010907
1.738804
1.693993
0.467898
0.714133
0.525632
0.528166
0.612327
0.204407
0.283399
0.636583
0.487424
0.747698
0.677379
1.180567
2.060762
3.455027
3.576053
3.659570
2.910848
3.352742
4.012698
3.496748
3.533739
2.958546
2.038116
1.011010
1.179149
0.811876
0.730580
0.505651
0.434871
0.671438
0.560135
0.272763
0.376220
0.173865
0.394862
0.460758
0.304432
0.470835
0.349468
0.846020
0.990784
0.788289
-0.038316
-0.376900
-0.109883
-0.142653
-0.228296
-0.108263
-0.177250
-0.078617
0.028404
0.095053
0.065711
0.082843
0.119440
0.484485
0.440369
0.409540
0.784810
0.979565
1.465876
1.451199
1.669326
1.477989
0.605788
0.387343
0.196041
0.063735
0.186841
0.042910
0.204599
0.007914
-0.065267
-0.395472
-0.454788
-0.285371
-0.269623
-0.246672
-0.289785
-0.249687
-0.288748
-0.324716
-0.381748
-0.299302
-0.370502
-0.309057
-0.250738
-0.168319
-0.358023
-0.315127
-0.288834
-0.171017
0.078655
-0.138118
-0.254858
-0.163335
-0.151063
-0.459090
-0.362681
-0.396454
-0.452369
-0.234988
-0.253707
-0.323508
-0.376087
-0.412071
-0.229524
-0.121282
-0.210482
-0.241042
-0.182771
0.117566
-0.205028
-0.340059
-0.359378
-0.414173
-0.414384
-0.154136
-0.230198
-0.393394
-0.366870
-0.466315
-0.422249
-0.324877
-0.372925
-0.266273
-0.216162
-0.319861
-0.408145
-0.493273
-0.418893
-0.358489
-0.347296
-0.434954
-0.343625
-0.466113
-0.447157
-0.469570
-0.420885
-0.383815
-0.420806
-0.382377
-0.369195
-0.306773
-0.539218
-0.363253
-0.386400
-0.527626
-0.397544
-0.310058
-0.434343
-0.358706
-0.531288
-0.544569
-0.358671
-0.310491
-0.476611
-0.355715
-0.460331
-0.409755
-0.444102
-0.398304
-0.411776
-0.366400
-0.328950
-0.415312
-0.360841
-0.250182
-0.311447
-0.327792
-0.307090
-0.353826
-0.405799
-0.232063
-0.323673
-0.421861
-0.404932
-0.448193
-0.503074
-0.342220
-0.346535
-0.517933
-0.485428
-0.406466
-0.501909
-0.354587
-0.138211
-0.360154
-0.292945
-0.507426
-0.484017
-0.419231
-0.434195
-0.373682
-0.397548
-0.302024
-0.470914
-0.459404
-0.528781
-0.478957
-0.571656
-0.598582
-0.526641
-0.507090
-0.583919
-0.720454
-0.739150
-0.723472
-0.882205
-0.882230
-0.882230
-0.882230
-0.882230
-0.882230
-1.333703
-1.333703
-1.333703
-1.333703
-1.333703
-1.333703
-1.333703
-1.333703
-1.333703
-1.333703
-1.333703
-1.333703
-1.333703
-1.333703
-1.333703
-1.333703
-1.333703
-1.333703
-1.333703
-1.333703
-1.333703
-1.333703
-1.333703
-1.333703
-1.333703
-1.333703
-1.333703
-1.333703
-1.333703
-1.333703
-1.333703
-1.333703
-1.333703
-1.333703
-1.333703
-1.333703
-1.333703
-1.333703
-1.333703
-1.333703
-1.333703
-1.333703
-1.333703
-1.333703
-1.333703
-1.333703
-1.333703
-1.333703
-1.333703
-1.333703
-1.333703
-1.333703
-1.333703
-1.333703
-1.333703
-1.333703
-1.333703
-1.333703
-1.333703
-1.333703
-1.333703
-1.333703
-1.333703
-1.333703
-1.333703
-1.333703
-1.333703
-1.333703
-1.333703
-1.333703
-1.333703
-1.333703
-1.333703
-1.333703
-1.333703
-1.333703
-1.333703
-1.333703
-1.333703
-1.333703
-1.333703
-1.333703
-1.333703
-1.333703
-1.333703
-1.333703
-1.333703
-1.333703
-1.333703
-1.333703
-1.333703
-1.333703
-1.333703
-1.333703
-1.333703
-1.333703
-1.333703
-1.333703
-1.333703
-1.333703
-1.333703
-1.333703
-1.333703
-1.333703
-1.333703
-1.333703
-1.333703
-1.333703
-1.333703
-1.333703
-1.333703
-1.333703
-1.333703
-1.333703
-1.333703
-1.333703
-1.317053
-1.222375
-1.159342
-1.103726
-0.862453
-0.642461
-0.103144
-0.001562
-0.516873
-0.347245
-0.175681
-0.037781
-0.197746
-0.052641
-0.243449
-0.333688
-0.117553
0.070482
0.185249
-0.313267
-0.052190
-0.368601
-0.188849
-0.145324
-0.168219
-0.499232
-0.404759
-0.149552
-0.294162
-0.138548
-0.074446
-0.227770
-0.204610
-0.284045
-0.420006
-0.413940
-0.162596
-0.058939
-0.252624
-0.407201
-0.261372
-0.267240
-0.413029
-0.481141
-0.344365
-0.387612
-0.526553
-0.333482
-0.281358
-0.008015
-0.337758
-0.314718
0.058725
0.392999
-0.096247
-0.462195
-0.239740
0.038493
-0.183095
-0.435661
-0.159540
-0.339552
0.170833
0.019991
-0.152912
-0.150289
-0.040115
-0.214721
-0.128820
-0.049282
-0.063542
-0.281520
-0.483836
-0.072992
-0.140684
-0.035546
-0.450461
-0.125707
-0.268930
-0.419571
-0.178539
-0.525343
-0.214951
-0.144288
0.305460
-0.176367
-0.290385
-0.144085
0.191404
0.284331
0.275292
-0.244002
-0.079490
-0.178811
-0.169786
-0.191594
-0.117652
0.006207
0.000688
-0.139866
-0.060158
-0.252147
-0.154070
0.125929
-0.013692
-0.272188
-0.341740
-0.294503
-0.509859
-0.140902
-0.025058
-0.054519
0.183583
-0.045697
-0.080259
-0.228121
-0.036515
0.188571
0.502516
0.013428
-0.045017
-0.389811
-0.310657
-0.313262
0.132715
-0.020671
-0.084526
-0.123497
-0.096442
-0.198029
-0.004950
0.162338
-0.153271
-0.170990
-0.276998
-0.241392
-0.342838
0.020853
0.135935
0.325325
0.028596
-0.107398
0.096144
-0.118169
-0.231393
-0.401798
-0.164512
0.217225
-0.066336
0.222570
0.310308
0.001094
-0.027547
0.003863
-0.318590
-0.124323
-0.136327
0.269806
0.282648
0.104790
0.171602
-0.239266
-0.198776
-0.061670
0.211763
-0.179311
-0.377805
0.066820
0.334204
-0.120136
-0.198872
0.382794
-0.065283
-0.332288
-0.141850
-0.259308
0.352060
-0.161773
0.074350
0.364648
0.342566
0.120415
0.301441
0.410922
0.507736
0.304926
0.146158
0.053806
-0.266383
-0.099327
-0.331058
-0.066112
0.307425
0.323668
0.010400
-0.024580
-0.002347
-0.064104
-0.193190
-0.077349
0.036583
-0.068362
-0.128701
-0.004708
-0.085964
-0.271760
-0.127927
-0.215771
-0.438810
0.680167
1.455958
0.444455
-0.194902
0.368885
0.994562
0.811137
0.634374
0.590602
0.621599
0.258203
0.016905
-0.151078
-0.235011
-0.237551
-0.328764
-0.239525
0.187102
0.042916
-0.222847
-0.337284
-0.076223
0.827940
0.398708
0.400685
0.293040
0.221372
0.581652
0.344619
0.523795
0.381931
0.703577
0.347816
0.621023
0.253661
0.185582
0.086363
0.003963
0.363199
0.695116
0.745055
0.599785
0.292767
0.295871
0.636481
0.605532
0.249573
-0.264439
0.141057
-0.465337
0.222909
0.085831
-0.080784
0.371904
0.413642
0.593170
1.133951
0.901564
0.731358
0.225464
0.441854
0.134886
0.010126
0.171273
0.025624
0.318028
-0.045531
0.148158
0.457187
0.648982
0.408989
0.776322
0.168656
0.201248
-0.150128
0.061094
0.087696
-0.141095
0.034189
0.584745
0.757917
1.415162
0.893223
0.120802
0.408106
1.004005
0.212170
0.489441
0.700326
0.608114
0.054800
0.075418
0.047709
-0.044016
0.139056
0.379667
0.455258
0.713473
0.386034
0.754469
1.288357
0.890750
0.602973
0.624944
0.606307
0.895085
0.023822
-0.069428
0.452841
0.171484
-0.127162
-0.027080
0.309035
0.139879
1.031706
1.040719
0.851942
0.344178
-0.063471
0.511784
0.601632
0.517831
1.390010
1.390574
0.763126
0.165967
-0.026382
-0.055385
-0.097874
0.313576
0.577320
0.651704
1.310979
0.949337
0.519165
0.572997
0.570829
0.220668
0.680276
0.868862
1.175997
0.826288
0.772353
1.269714
0.182567
0.645062
0.803515
0.104310
0.249527
0.028124
0.625166
1.083593
0.753573
0.363828
0.495900
0.691128
0.115107
0.621911
1.278562
0.374365
0.463552
0.619229
0.221376
0.698336
0.420103
0.453184
1.172112
0.760736
0.833985
0.803531
0.332960
0.327816
0.313466
0.719715
0.550157
1.360493
0.413034
1.130190
2.236420
0.721803
0.825290
1.245924
1.047248
-0.262887
-0.050811
0.567529
0.693859
0.629683
0.962274
2.446982
1.658174
1.187456
0.317002
0.923389
1.478556
1.312048
0.498403
1.253132
1.575506
0.936169
1.759332
0.600663
0.660082
0.862683
1.342053
1.461372
1.716447
1.221774
1.457326
0.951951
1.239703
2.179187
4.031197
5.277373
4.642277
4.030669
6.409338
3.798618
4.977949
4.000165
3.769724
2.204903
1.910459
1.929680
1.320644
1.612867
0.905262
2.429994
2.964377
1.485366
1.848895
2.879731
1.889661
1.345545
1.661502
1.274732
0.358896
1.119609
0.999417
1.129040
1.370589
0.650140
0.226274
0.716098
0.512055
0.171178
0.105594
0.817059
0.483468
0.039703
0.303659
0.047184
0.463943
1.435199
0.877683
0.937793
0.840674
0.527477
0.230193
0.738441
0.770428
-0.068146
0.385621
0.276403
0.027458
0.466229
1.074640
0.833838
0.153002
-0.235523
-0.152566
1.232796
1.196054
0.414524
0.445162
0.267440
-0.017591
0.223714
-0.204629
-0.106232
-0.366860
-0.040547
-0.015131
0.273479
-0.525703
-0.497382
-0.532376
-0.724978
-0.722039
-0.687411
-0.806264
-0.836308
-0.723427
-0.707216
-0.888155
-0.811834
-0.847459
-0.880802
-0.851708
-0.824168
-0.934027
-0.994546
-0.971871
-0.880174
-0.935779
-1.124602
-1.228582
-1.276677
-1.333703
-1.333703
-1.333703
-1.333703
-0.934027
-0.994546
-0.971871
-0.880174
-0.935779
-1.124602
-1.228582
-1.276677
-1.333703
-1.333703
-1.333703
-1.333703
