-0.814823
-0.814823
-0.814823
-0.814823
-0.814823
-0.814823
-0.814823
-0.814823
-0.814823
-0.814823
-0.814823
-0.814823
-0.814823
-0.814823
-0.814823
-0.814823
-0.814823
-0.814823
-0.814823
-0.814823
-0.814823
-0.814823
-0.814823
-0.814823
-0.814823
-0.814823
-0.814823
-0.814823
-0.814823
-0.814823
-0.814823
-0.814823
-0.814823
-0.814823
-0.814823
-0.814823
-0.814823
-0.814823
-0.814823
-0.814823
-0.814823
-0.814823
-0.814823
-0.814823
-0.814823
-0.814823
-0.814823
-0.814823
-0.814823
-0.814823
-0.814823
-0.814823
-0.814823
-0.814823
-0.814823
-0.814823
-0.814823
-0.814823
-0.814823
-0.814823
-0.814823
-0.814823
-0.814823
-0.814823
-0.814823
-0.814823
-0.814823
-0.814823
-0.814823
-0.814823
-0.814823
-0.814823
-0.814823
-0.814823
-0.814823
-0.814823
-0.814823
-0.814823
-0.814823
-0.814823
-0.814823
-0.814823
-0.814823
-0.814823
-0.814823
-0.814823
-0.814823
-0.814823
-0.814823
-0.814823
-0.814823
-0.814823
-0.814823
-0.814823
-0.814823
-0.814823
-0.814823
-0.814485
-0.798482
-0.772375
-0.771964
-0.746790
-0.734639
-0.734758
-0.637317
-0.607746
-0.696866
-0.616156
-0.692700
-0.669796
-0.619579
-0.533669
-0.183482
-0.322429
-0.133229
-0.081333
-0.175554
-0.232654
-0.231259
-0.303252
-0.324673
-0.296112
-0.253434
-0.203055
-0.210000
-0.379343
-0.339022
-0.270231
-0.291442
-0.281329
-0.284071
-0.280659
-0.372429
-0.343697
-0.188959
-0.109717
-0.269904
-0.263021
-0.235849
-0.226555
-0.343204
-0.209650
-0.234356
-0.162826
-0.129708
-0.165537
-0.059091
-0.162914
-0.158512
0.028036
-0.221753
-0.306967
-0.447402
-0.187407
-0.182062
-0.189850
-0.346057
-0.302079
-0.235075
-0.218642
-0.279789
-0.311341
-0.306251
-0.334929
-0.312891
-0.285390
-0.145633
-0.293927
-0.252641
-0.278508
-0.292012
-0.437096
-0.315201
-0.343074
-0.208421
-0.067722
-0.154148
-0.217522
-0.161273
-0.145981
-0.145580
-0.259965
-0.385574
-0.402102
-0.322172
-0.284681
-0.252760
-0.285580
-0.267700
-0.403165
-0.239633
-0.279383
-0.323067
-0.410059
-0.363514
-0.284727
-0.214894
-0.229091
-0.286302
-0.204741
-0.175339
-0.139334
-0.336473
-0.333739
-0.209909
-0.256789
-0.143022
-0.287270
-0.218224
-0.191615
-0.093538
-0.151427
-0.105613
-0.342411
-0.425609
-0.346268
-0.267452
-0.319507
-0.422364
-0.335814
-0.307134
-0.280015
-0.084798
-0.302986
-0.130850
-0.251820
-0.249917
-0.320659
-0.392641
-0.165870
-0.296300
-0.128753
-0.066115
-0.232323
-0.285568
-0.329390
-0.289155
-0.085716
-0.101603
-0.157337
-0.297544
0.005698
-0.183370
-0.201473
-0.360549
-0.391461
-0.372095
-0.377927
-0.254006
-0.244362
-0.277925
-0.304484
-0.144155
-0.201649
-0.341830
-0.267901
-0.226886
-0.235848
-0.310844
-0.348471
-0.309505
-0.295014
-0.191496
-0.076311
-0.174151
-0.333671
-0.328550
-0.227533
-0.191924
-0.168203
-0.344064
-0.286714
-0.102396
-0.242146
-0.174675
-0.346236
-0.241702
-0.452428
-0.336336
-0.290285
-0.273662
-0.276721
-0.176881
-0.103706
-0.200419
-0.200999
-0.264470
-0.281485
-0.310881
-0.221724
-0.315702
-0.304489
-0.318662
-0.286957
-0.057595
-0.218653
-0.212689
-0.264978
-0.203814
-0.210920
-0.131971
-0.281635
-0.287722
-0.299748
-0.257775
-0.173286
-0.374254
-0.211765
-0.328823
-0.268718
-0.341227
-0.240872
-0.168287
-0.246680
-0.177859
-0.088094
-0.087114
-0.264983
-0.235523
-0.348379
-0.307214
-0.297692
-0.130925
-0.221080
-0.236378
-0.171230
-0.116680
-0.208483
-0.341307
-0.283301
-0.155346
-0.139799
-0.231851
-0.304266
-0.221537
-0.091749
-0.230639
-0.243001
-0.238190
-0.364572
-0.428701
-0.353660
-0.180534
-0.156875
-0.220225
-0.222041
-0.331497
-0.181588
-0.280083
-0.248380
-0.345384
-0.277346
-0.291280
-0.234972
-0.328968
-0.196188
-0.229331
-0.198730
-0.055566
-0.243517
-0.355981
-0.184666
-0.139199
-0.146906
-0.288162
-0.280000
-0.113685
-0.152191
-0.266378
-0.224464
-0.212150
-0.396253
-0.242627
-0.165076
-0.247508
-0.152002
-0.154606
-0.188582
-0.262346
-0.290297
-0.311221
-0.232013
-0.181738
-0.121274
-0.086070
-0.087703
0.072052
0.058337
0.086029
0.106943
0.287732
0.570130
0.602160
0.754384
0.549970
0.340518
0.322328
0.484919
0.729599
1.517558
1.702188
2.144753
1.240814
1.166410
1.541003
1.908164
1.682198
2.176090
2.686833
1.872866
2.431495
3.335838
3.387654
2.983971
3.363861
3.557685
3.252309
3.995609
3.546836
2.843021
3.797621
3.420884
3.949500
5.962419
5.515015
3.033540
1.981705
3.440707
4.193217
4.961326
2.913366
2.923254
3.064379
2.312411
3.354831
4.379791
3.343865
3.158948
2.595383
4.982041
5.831380
3.230522
2.299410
1.062677
0.851867
1.148740
2.722006
2.462381
1.954258
2.354619
2.060266
1.224016
1.906058
1.102015
0.753872
0.551353
0.370471
0.586778
1.110329
0.436744
0.428726
0.768698
0.934273
0.516795
0.287177
0.320737
0.463931
0.479298
0.809546
0.204946
0.212097
0.499151
0.245959
0.263695
0.047275
0.124660
0.163167
0.205099
-0.078527
-0.019083
0.140421
0.322825
-0.013605
-0.033954
-0.058128
0.179214
0.201263
0.131055
0.296272
0.178571
0.111918
0.375603
0.310715
0.131677
0.323133
0.396872
-0.201962
0.300434
0.424084
0.169033
-0.040454
0.092796
0.171862
0.033438
-0.184371
-0.024288
0.135624
0.338639
-0.062506
-0.136076
-0.101051
-0.025943
-0.039639
0.054389
-0.077209
0.128184
0.082228
0.006508
0.177261
0.069818
-0.172800
0.057086
-0.142916
-0.061382
-0.105446
0.329237
0.194744
0.309535
-0.079376
-0.121043
-0.035867
-0.002439
-0.109282
-0.138740
-0.158208
-0.104234
-0.009011
-0.136242
0.305059
0.183238
0.065299
-0.241507
-0.276553
-0.143232
-0.167478
-0.176623
-0.171317
-0.109830
-0.222597
-0.171305
-0.151058
0.001250
-0.042732
-0.157077
-0.103880
-0.205869
-0.026012
0.131708
0.064013
-0.117035
-0.076899
-0.201875
-0.063577
0.057694
-0.076542
0.153354
-0.102695
-0.054375
-0.067248
-0.043056
0.136272
0.033262
-0.245388
-0.055505
0.114946
-0.012600
-0.167269
-0.238148
0.279588
-0.030551
0.125939
0.006950
0.056670
-0.127631
-0.093276
0.042328
0.117519
-0.186048
-0.202277
-0.163979
-0.138482
0.042021
-0.178773
-0.070995
0.305919
-0.094599
0.066804
-0.086372
-0.139179
-0.032732
-0.122319
-0.073759
-0.226027
-0.089998
0.173236
0.396248
0.111203
0.082367
-0.096140
0.205296
-0.304033
-0.186138
-0.203618
-0.216314
-0.292199
-0.159915
-0.251483
-0.475438
-0.494295
-0.463293
-0.573915
-0.566930
-0.557136
-0.810656
-0.814823
-0.814823
-0.814823
-0.814823
-0.814823
-0.814823
-0.814823
-0.377661
-0.377661
-0.377661
-0.377661
-0.377661
-0.377661
-0.377661
-0.377661
-0.377661
-0.377661
-0.377661
-0.377661
-0.377661
-0.377661
-0.377661
-0.377661
-0.377661
-0.377661
-0.377661
-0.377661
-0.377661
-0.377661
-0.377661
-0.377661
-0.377661
-0.377661
-0.377661
-0.377661
-0.377661
-0.377661
-0.377661
-0.377661
-0.377661
-0.377661
-0.377661
-0.377661
-0.377661
-0.377661
-0.377661
-0.377661
-0.377661
-0.377661
-0.377661
-0.377661
-0.377661
-0.377661
-0.377661
-0.377661
-0.377661
-0.377661
-0.377661
-0.377661
-0.377661
-0.377661
-0.377661
-0.377661
-0.377658
-0.376845
-0.373961
-0.369731
-0.369533
-0.371424
-0.370575
-0.368317
-0.363388
-0.355154
-0.356722
-0.351348
-0.336686
-0.342092
-0.347718
-0.343734
-0.349255
-0.350188
-0.342113
-0.336115
-0.317893
-0.319819
-0.318561
-0.325441
-0.324299
-0.306660
-0.296868
-0.271543
-0.269775
-0.292464
-0.313103
-0.305183
-0.289616
-0.287212
-0.285229
-0.284372
-0.262295
-0.275032
-0.225591
-0.224295
-0.182333
-0.230325
-0.209722
-0.172163
-0.148175
-0.149697
-0.099388
-0.125670
-0.118440
-0.132086
-0.112466
-0.119319
-0.091196
-0.046479
-0.080593
-0.092819
-0.099862
-0.097002
-0.065196
-0.099426
-0.111062
-0.111356
-0.128943
-0.081053
-0.055577
-0.028929
-0.120302
-0.114658
-0.105945
-0.098465
-0.101480
-0.018949
0.000401
-0.087037
-0.027284
-0.008338
-0.075693
-0.131020
-0.116280
-0.137956
-0.136021
-0.149366
-0.115230
-0.132060
-0.134573
-0.104176
-0.103299
-0.081692
-0.140093
-0.146003
-0.137933
-0.150975
-0.038911
-0.099032
-0.117171
-0.080363
-0.114578
-0.118863
-0.084901
-0.130423
-0.154996
-0.097922
-0.128274
-0.136024
-0.051917
-0.049901
-0.136927
-0.115820
-0.019467
0.036734
-0.106467
-0.066379
-0.070637
-0.076341
-0.060090
-0.054454
-0.112951
-0.026211
-0.115357
-0.077648
-0.099164
-0.065815
-0.155728
-0.131085
-0.057590
-0.018181
-0.097358
-0.027067
0.169337
0.497491
0.701387
1.222146
2.589242
4.662014
7.351828
9.579196
15.598782
10.781751
4.583237
2.842575
1.732197
1.358545
0.999089
0.786345
0.412570
0.647263
0.544584
0.607079
0.339290
0.150239
0.064268
0.093986
-0.055129
-0.046746
0.044548
0.095721
0.033356
0.016215
0.075051
0.013573
0.049066
0.115884
0.292152
0.332277
0.313059
0.206740
0.061480
0.051207
-0.011597
0.022186
0.109404
0.616676
1.016815
1.625800
2.490916
3.796596
3.375384
1.590428
0.957985
0.497330
0.393928
0.539302
0.416827
0.335745
0.359205
0.292779
0.317116
0.158282
0.082649
0.028911
0.009536
0.031683
-0.052125
-0.022711
-0.004682
-0.063448
-0.027047
-0.095231
-0.042020
-0.029748
-0.087426
-0.085470
-0.092572
-0.034196
-0.032011
-0.067435
-0.011746
-0.077632
0.020919
0.001180
-0.085803
-0.088499
-0.036957
-0.003687
-0.007620
-0.040486
-0.084232
-0.026971
0.043915
-0.050797
-0.031968
-0.095844
-0.110116
-0.029273
-0.053520
-0.103822
-0.117940
-0.025356
-0.050926
-0.087789
-0.154894
-0.105435
-0.192067
-0.187095
-0.114693
-0.041132
-0.061499
-0.065282
-0.115141
-0.125224
-0.126685
-0.097820
-0.075355
-0.113134
-0.071124
-0.057528
-0.107890
-0.135767
-0.083097
-0.057367
-0.112550
-0.069313
-0.085642
-0.139435
-0.122783
-0.125703
-0.090300
-0.042238
-0.029198
0.002202
0.068396
0.055160
-0.097407
-0.075460
-0.009689
-0.043729
0.002004
-0.084051
-0.050799
-0.032571
-0.120118
-0.080143
-0.067393
-0.015076
-0.085665
-0.032747
-0.117642
-0.075631
-0.139343
-0.129778
-0.129823
-0.115303
-0.113557
-0.121844
-0.166736
-0.129886
-0.147832
-0.074081
-0.078320
-0.065658
-0.034655
-0.080369
-0.086260
-0.061755
-0.050040
-0.106769
-0.102203
-0.128197
-0.139982
-0.027145
-0.171375
-0.172573
-0.078207
-0.025369
-0.126382
-0.117944
-0.112263
-0.093003
-0.097471
-0.114053
-0.042630
-0.108768
-0.049749
-0.027635
0.016113
-0.069857
-0.077825
-0.077130
-0.040407
-0.038805
-0.075571
-0.086963
-0.075085
-0.078139
-0.034698
-0.141558
-0.087977
-0.139212
-0.142470
-0.179451
-0.165276
-0.160854
-0.121816
-0.142322
-0.133765
-0.097362
-0.051062
-0.077648
-0.060305
-0.070523
-0.065472
-0.049695
-0.098451
-0.109893
-0.156974
-0.085834
-0.157097
-0.144619
-0.137880
-0.108528
-0.101232
-0.123420
-0.121662
-0.137408
-0.105508
-0.100640
-0.085865
-0.095098
-0.100385
-0.050317
-0.100417
-0.087918
-0.101752
-0.083786
-0.058688
-0.088993
-0.072869
-0.115136
-0.087246
-0.054801
-0.099543
-0.142342
-0.016980
-0.078491
-0.114880
-0.115430
-0.081344
-0.110333
-0.134062
-0.182002
-0.175084
-0.125002
-0.090855
-0.079774
-0.099142
-0.066161
-0.051585
-0.081411
-0.074289
-0.066244
-0.051065
-0.085492
-0.081971
-0.070758
-0.109889
-0.047906
-0.134753
-0.131157
-0.106880
-0.150887
-0.073109
-0.144268
-0.067941
-0.127850
-0.114959
-0.102735
-0.081135
-0.134521
-0.074484
-0.119885
-0.075007
-0.151434
-0.137482
-0.079310
-0.078242
-0.060245
-0.143235
-0.086325
-0.008468
-0.096321
-0.074733
-0.026151
-0.091858
-0.133871
-0.065182
-0.050277
-0.099024
-0.125092
-0.072627
-0.077482
-0.128871
0.002766
-0.040790
-0.002082
-0.087232
-0.102641
-0.080636
-0.098044
-0.078901
-0.084645
-0.131143
-0.144136
-0.106308
-0.077107
-0.149171
-0.121941
-0.101126
-0.109242
-0.148155
-0.125025
-0.074911
-0.137736
-0.126915
-0.065098
-0.129177
-0.125829
-0.039406
-0.099313
-0.098183
-0.105318
-0.116468
-0.058890
-0.070842
-0.026048
-0.056019
-0.091878
-0.078220
-0.094153
-0.100538
-0.091159
-0.071926
-0.109862
-0.091084
-0.150617
-0.080011
-0.035921
-0.093144
-0.143637
-0.148662
-0.139292
-0.124136
-0.134720
-0.142316
-0.120969
-0.112481
-0.095812
-0.096401
-0.144635
-0.132859
-0.070391
-0.084573
-0.050217
-0.093250
-0.101590
-0.092761
-0.123273
-0.127822
-0.113520
-0.068568
-0.061821
-0.123136
-0.142028
-0.086456
-0.101105
-0.136993
-0.103244
-0.132126
-0.098378
-0.099189
-0.065311
-0.120833
-0.045415
-0.093098
-0.065685
-0.071753
-0.067045
-0.098602
-0.042645
-0.113852
-0.146349
-0.124135
-0.113219
-0.121167
-0.117977
-0.169251
-0.171924
-0.142845
-0.180787
-0.125373
-0.172006
-0.142984
-0.147744
-0.190253
-0.225234
-0.252086
-0.205975
-0.183763
-0.235151
-0.217438
-0.199792
-0.237188
-0.234105
-0.213982
-0.213095
-0.215978
-0.184039
-0.248941
-0.250228
-0.271004
-0.268676
-0.322182
-0.319112
-0.297789
-0.318667
-0.330803
-0.313168
-0.316097
-0.333246
-0.361726
-0.369052
-0.377326
-0.377573
-0.377661
-0.377661
-0.377661
-0.377661
-0.377661
-0.377661
-0.377661
-0.377661
-0.377661
-0.377661
-0.377661
-0.377661
-0.377661
-0.377661
-0.377661
-0.377661
-0.377661
-0.377661
-0.377661
-0.758169
-0.758169
-0.758169
-0.758169
-0.758169
-0.758169
-0.758169
-0.758169
-0.758169
-0.758169
-0.758169
-0.758169
-0.758169
-0.758169
-0.758169
-0.758169
-0.758169
-0.758169
-0.758169
-0.758169
-0.758169
-0.758169
-0.758169
-0.758169
-0.758169
-0.758169
-0.758169
-0.758169
-0.758169
-0.758169
-0.758169
-0.758169
-0.758169
-0.758169
-0.758169
-0.758169
-0.758169
-0.758169
-0.758169
-0.758169
-0.758169
-0.758169
-0.758169
-0.758169
-0.758169
-0.758169
-0.758169
-0.758169
-0.758169
-0.758169
-0.758169
-0.758169
-0.758169
-0.758169
-0.758169
-0.758169
-0.758169
-0.758169
-0.758169
-0.758169
-0.758169
-0.758169
-0.758169
-0.758169
-0.758169
-0.758169
-0.758169
-0.758169
-0.758169
-0.758169
-0.758169
-0.758169
-0.758169
-0.758169
-0.758169
-0.758169
-0.758169
-0.758169
-0.758169
-0.758169
-0.758169
-0.758169
-0.758169
-0.758169
-0.758169
-0.758169
-0.758169
-0.758169
-0.758169
-0.758169
-0.758169
-0.758169
-0.758169
-0.758169
-0.758169
-0.758169
-0.758169
-0.749567
-0.748794
-0.723895
-0.705338
-0.719317
-0.696842
-0.697003
-0.660962
-0.575261
-0.556130
-0.498273
-0.458301
-0.450584
-0.519927
-0.403890
-0.454233
-0.387453
-0.329566
-0.388043
-0.228779
-0.134274
-0.189136
-0.252527
-0.154367
-0.179629
-0.303911
-0.228420
-0.209856
-0.213278
-0.138576
-0.226621
-0.127607
-0.172265
0.018444
0.020861
-0.154262
-0.113461
-0.021424
-0.154680
-0.177482
-0.055421
-0.136153
-0.209881
-0.166607
0.004827
-0.023500
0.025803
0.097443
-0.069497
0.043138
-0.054974
-0.127043
-0.223956
-0.121497
-0.000082
-0.058836
-0.173265
-0.124656
-0.214960
-0.228693
-0.099122
-0.276932
-0.155281
-0.184844
-0.284166
-0.255992
-0.126507
-0.103790
-0.182429
-0.139483
-0.114456
-0.041302
-0.036040
-0.167607
-0.091252
0.048992
-0.054912
-0.247179
-0.265786
-0.347149
-0.327774
-0.187946
-0.049666
-0.293022
-0.150052
-0.160632
-0.170447
0.000718
-0.231555
-0.264645
-0.079577
-0.017688
-0.078388
-0.178090
0.015387
-0.013386
-0.160403
-0.340699
-0.098697
0.003026
-0.177310
-0.154552
-0.260735
-0.313145
-0.225787
-0.155719
-0.003163
-0.023940
-0.081071
-0.209656
-0.060820
-0.052874
-0.040507
0.142383
0.029992
0.059531
0.071120
-0.031638
-0.101905
-0.110679
0.151934
0.224575
0.010063
0.088086
-0.230691
-0.313414
-0.153315
-0.018976
-0.018570
-0.118240
-0.147978
-0.113850
0.054792
0.021278
-0.080196
0.089686
0.177503
0.205736
0.174166
-0.114786
-0.214416
-0.022623
0.056705
0.167306
0.077944
0.026775
-0.116382
-0.072332
-0.121275
-0.091369
0.053169
-0.068678
-0.094490
-0.011021
-0.183092
-0.389193
-0.104673
0.148319
-0.088623
-0.136159
-0.166384
-0.190402
-0.236227
0.016664
-0.092622
-0.142187
-0.033531
0.183052
0.292628
0.081705
0.042974
0.067571
0.233901
0.020938
-0.191556
-0.081676
-0.010300
-0.063717
0.053348
-0.017720
0.003704
0.088914
0.015794
0.151265
0.043545
0.005192
-0.180783
0.070186
-0.029930
-0.081545
0.036360
0.160530
-0.114963
-0.119310
-0.122328
0.040121
-0.152686
-0.176726
-0.010855
0.177707
0.366223
-0.023528
0.140600
0.291737
0.277250
-0.086142
0.079967
0.236333
0.202821
0.032055
-0.131144
-0.123220
-0.257342
-0.312004
0.049894
0.007559
-0.170226
-0.112002
0.243148
0.221910
-0.005196
0.201413
0.629219
0.163141
0.408300
0.118445
0.056460
0.003872
0.135408
-0.083627
-0.101416
-0.192190
0.209620
0.116157
0.125715
0.061938
0.193777
0.701887
0.309071
0.566566
0.369297
0.247354
0.030021
-0.157381
-0.095636
-0.124952
-0.120553
-0.156783
-0.118583
0.094703
0.222755
-0.038031
0.021423
0.426214
0.464119
0.530696
0.669451
0.345365
0.372047
0.224136
0.368732
0.781736
0.558239
0.456132
0.265526
0.207542
0.303749
-0.013605
0.144009
0.174638
0.097619
0.201621
0.475722
0.649404
1.273245
0.560609
0.673332
0.916169
0.574077
0.376574
0.535263
0.534164
0.325924
0.030840
0.141687
0.262337
0.532548
1.279122
0.747695
1.032282
0.782667
0.486913
0.761222
0.552508
0.890474
0.386359
0.268640
0.701499
0.627860
0.454810
0.913845
0.741458
0.562159
0.499988
0.422913
0.563029
0.645281
0.801294
0.135933
0.271772
0.439748
0.295102
0.543492
0.544897
0.354825
0.934492
2.665017
2.997746
1.261768
1.065755
1.534807
1.119875
0.220221
0.106158
0.354153
0.678638
0.640987
1.242259
2.329959
2.077559
1.273302
0.631042
0.368615
0.435212
0.509925
1.007222
1.826143
1.276421
1.043946
3.104372
7.042054
3.755741
0.981189
1.053809
1.560245
1.466793
1.641548
2.097051
1.611262
8.119028
16.071150
4.319294
2.533426
3.066324
1.325661
1.126766
0.814179
2.099477
1.608977
1.580173
1.494384
1.053646
0.955964
0.743180
0.654618
0.775524
1.069450
0.809850
0.824962
0.527745
0.757102
0.592754
0.809915
0.519812
0.844982
0.758056
0.605927
0.819526
0.581111
0.209755
0.359447
0.459282
0.376759
0.435866
0.147224
0.030524
0.010194
0.023376
0.411622
0.030655
0.065250
0.050851
0.067711
0.053907
0.084504
0.286006
-0.035408
0.002669
0.130298
0.163989
-0.019501
0.023347
0.134414
0.091249
-0.047371
0.131173
0.092815
-0.076457
0.054398
-0.001498
0.024649
0.043849
0.362862
0.208825
0.253222
0.132972
-0.088250
-0.012380
-0.174877
-0.070242
-0.184372
0.010234
-0.017084
-0.091068
-0.215973
-0.131020
-0.179028
0.123209
-0.084110
-0.137495
-0.310530
-0.206087
-0.262741
-0.317899
-0.312364
-0.376776
-0.366157
-0.354717
-0.135381
-0.123963
-0.235723
-0.328102
-0.176062
-0.355360
-0.289615
-0.441584
-0.439799
-0.459413
-0.457744
-0.306948
-0.377803
-0.424618
-0.363249
-0.396805
-0.386135
-0.360682
-0.449186
-0.425612
-0.436013
-0.442926
-0.353962
-0.386191
-0.343412
-0.410301
-0.398740
-0.506422
-0.436712
-0.437219
-0.414389
-0.413114
-0.413540
-0.390200
-0.431699
-0.418661
-0.501023
-0.336868
-0.452593
-0.439698
-0.433536
-0.455281
-0.508947
-0.511022
-0.532678
-0.459718
-0.397125
-0.413421
-0.511425
-0.432777
-0.500016
-0.487035
-0.492058
-0.486409
-0.448609
-0.398299
-0.499391
-0.514964
-0.472482
-0.462847
-0.426325
-0.450314
-0.418753
-0.266274
-0.366339
-0.374442
-0.408876
-0.450668
-0.434470
-0.370439
-0.440135
-0.462091
-0.463591
-0.469058
-0.473112
-0.500619
-0.507983
-0.391442
-0.441595
-0.472244
-0.529183
-0.537953
-0.478809
-0.567622
-0.569597
-0.586421
-0.543949
-0.609632
-0.621796
-0.580651
-0.689127
-0.712934
-0.750503
-0.758169
-0.758169
-0.758169
-0.758169
-0.758169
-0.758169
-0.758169
-0.758169
-0.758169
-0.934036
-0.934036
-0.934036
-0.934036
-0.934036
-0.934036
-0.934036
-0.934036
-0.934036
-0.934036
-0.934036
-0.934036
-0.934036
-0.934036
-0.934036
-0.934036
-0.934036
-0.934036
-0.934036
-0.934036
-0.934036
-0.934036
-0.934036
-0.934036
-0.934036
-0.934036
-0.934036
-0.934036
-0.934036
-0.934036
-0.934036
-0.934036
-0.934036
-0.934036
-0.934036
-0.934036
-0.934036
-0.934036
-0.934036
-0.934036
-0.934036
-0.934036
-0.934036
-0.934036
-0.934036
-0.934036
-0.934036
-0.934036
-0.934036
-0.934036
-0.934036
-0.934036
-0.934036
-0.934036
-0.934036
-0.934036
-0.934036
-0.934036
-0.934036
-0.934036
-0.934036
-0.934036
-0.934036
-0.934035
-0.934020
-0.933813
-0.933495
-0.932917
-0.930593
-0.927462
-0.925571
-0.928561
-0.929864
-0.927356
-0.927653
-0.926824
-0.921062
-0.923707
-0.925632
-0.925246
-0.925089
-0.920143
-0.922814
-0.924344
-0.922556
-0.920124
-0.920572
-0.921989
-0.919880
-0.918775
-0.911846
-0.913399
-0.910164
-0.891144
-0.900939
-0.904268
-0.891351
-0.898516
-0.905866
-0.896499
-0.900134
-0.901548
-0.884976
-0.889181
-0.877376
-0.884726
-0.819219
-0.739812
-0.740045
-0.754361
-0.757892
-0.782536
-0.771683
-0.767439
-0.801426
-0.816822
-0.816819
-0.811995
-0.820692
-0.816494
-0.822677
-0.833911
-0.806945
-0.814882
-0.831932
-0.841431
-0.837490
-0.816305
-0.786739
-0.806195
-0.796857
-0.797605
-0.789580
-0.817820
-0.803648
-0.792997
-0.785780
-0.813865
-0.796005
-0.827203
-0.830058
-0.807547
-0.815094
-0.804528
-0.805381
-0.803707
-0.791923
-0.796685
-0.790023
-0.780984
-0.768280
-0.765995
-0.757716
-0.744655
-0.770576
-0.775803
-0.806402
-0.770567
-0.798425
-0.763691
-0.772199
-0.763990
-0.753335
-0.776888
-0.791922
-0.773523
-0.778540
-0.788599
-0.783699
-0.789600
-0.775529
-0.748270
-0.744323
-0.776875
-0.769755
-0.786908
-0.782202
-0.817964
-0.847041
-0.830981
-0.756692
-0.768854
-0.805766
-0.792605
-0.761117
-0.772153
-0.825958
-0.831698
-0.841034
-0.833974
-0.829487
-0.838904
-0.820968
-0.813102
-0.813555
-0.821183
-0.781739
-0.775368
-0.767467
-0.773877
-0.784001
-0.793498
-0.798096
-0.794691
-0.763686
-0.799075
-0.801017
-0.800862
-0.795266
-0.773743
-0.717680
-0.712666
-0.725047
-0.758256
-0.697553
-0.756170
-0.752721
-0.763291
-0.728353
-0.309339
1.403075
2.826428
2.521947
2.336511
6.097120
7.748891
2.501502
0.409253
0.827198
0.545332
0.120969
0.046506
0.097091
0.305871
0.263015
0.287153
0.480606
0.494081
0.622950
1.037745
1.310705
1.689789
1.534013
1.964498
2.176207
1.857547
1.884327
1.856516
1.132700
1.981709
2.198395
1.544626
1.920029
2.475814
3.008160
2.972324
2.554997
3.247185
3.310867
2.462453
2.359343
1.404269
2.004045
1.933929
1.532125
1.550420
1.170650
1.460802
1.953092
2.433610
2.377653
2.739016
2.045758
2.036388
2.700829
2.411387
1.620160
1.391243
1.700395
1.636594
1.432860
1.105072
1.207807
1.148227
1.342145
1.098970
1.045769
1.209205
0.952925
0.590587
0.753248
1.031163
0.885418
1.242979
1.429078
1.041542
0.961214
1.093247
1.024368
0.973154
0.872233
0.642118
0.765870
0.882388
0.910316
1.090823
0.976734
1.311735
1.217138
1.063920
1.699285
1.338305
1.614566
1.795790
0.925950
0.645052
0.863905
1.176124
1.352847
1.597968
1.570982
1.168622
0.618605
0.713321
0.720466
0.518432
0.666533
1.165950
0.849790
0.860699
1.055669
0.771081
0.790897
1.073585
0.741355
0.624636
0.973528
0.897168
0.543185
1.238979
1.530197
0.755315
0.703487
0.785562
0.819333
0.381559
0.864376
0.673593
0.557721
0.601838
1.005854
0.622431
0.428914
0.352362
0.764255
0.451204
0.530557
0.522552
0.634983
0.420869
0.308904
0.698777
0.868860
0.917556
0.734673
0.634233
0.792110
1.114241
1.292083
1.021705
0.946702
0.586696
0.896205
0.765011
0.930900
0.475756
0.696396
0.948986
1.446729
0.821614
0.794950
1.113854
0.929114
1.020465
1.306110
1.198304
0.761613
0.558886
1.029322
0.817769
0.515186
0.688726
0.730155
0.457542
0.436674
0.951305
0.846430
0.850051
0.527456
0.400648
0.454219
0.404878
0.509506
0.172790
0.034103
0.407896
0.232561
0.349997
0.137002
0.273754
0.397549
0.375063
0.334404
0.196917
-0.055965
-0.076896
-0.091860
-0.055220
0.211218
0.231023
0.437016
0.345746
0.650173
0.555893
0.346179
0.203135
0.114261
0.080919
0.079752
0.038762
0.237767
0.032357
0.042164
0.184367
0.280306
0.230289
0.226440
0.079865
0.306869
0.345051
0.442194
0.532433
0.441824
0.272880
0.327682
0.176829
-0.018704
0.296084
0.221999
0.807392
0.917381
0.754742
0.526958
0.898183
1.080692
0.592508
0.555422
0.632351
0.909763
0.915585
1.570572
1.183687
1.148262
0.866798
0.589029
0.311648
0.521941
0.353387
0.226822
0.103740
0.254262
0.247382
0.153239
0.043773
0.348323
0.088386
-0.078970
-0.025063
0.196722
0.446683
0.269427
0.133776
0.138746
0.118754
0.216443
0.222436
0.145131
0.011380
-0.056032
-0.205419
-0.264761
-0.227874
-0.306965
-0.416247
-0.448781
-0.271165
-0.168999
-0.219250
-0.345931
-0.447668
-0.295818
-0.304895
-0.234043
-0.282192
-0.291558
-0.266757
-0.284790
-0.352245
-0.317839
-0.285217
-0.097093
-0.241442
-0.114836
-0.253462
-0.085564
-0.057457
0.056855
-0.184780
-0.183261
-0.101240
-0.232431
-0.186671
-0.038386
-0.102210
-0.123437
-0.233959
-0.175994
-0.003073
-0.279478
-0.340132
-0.253452
-0.044393
-0.192500
-0.236286
-0.089103
-0.177233
-0.237641
-0.129678
0.032504
0.397727
0.136232
-0.060675
-0.051604
-0.064592
-0.115835
-0.196740
-0.302639
-0.326708
-0.354062
-0.327883
-0.350879
-0.417444
-0.406440
-0.329728
-0.284615
-0.380451
-0.310377
-0.367538
-0.360569
-0.156888
-0.292584
-0.313810
-0.326478
-0.244524
-0.393883
-0.313729
-0.347569
-0.317085
-0.318371
-0.306747
-0.304072
-0.318366
-0.190663
-0.391724
-0.400953
-0.357173
-0.418315
-0.355569
-0.364999
-0.457208
-0.423204
-0.528783
-0.401956
-0.448441
-0.451311
-0.427458
-0.375881
-0.440817
-0.144517
-0.196319
-0.549670
-0.568398
-0.514427
-0.564787
-0.558715
-0.497496
-0.472233
-0.605758
-0.588798
-0.731682
-0.789760
-0.720924
-0.695635
-0.712076
-0.666579
-0.655933
-0.761994
-0.766844
-0.745558
-0.787638
-0.815247
-0.817065
-0.797879
-0.827406
-0.839180
-0.864405
-0.898733
-0.921523
-0.932677
-0.933955
-0.934036
-0.934036
-0.934036
-0.934036
-0.934036
-0.934036
-0.934036
-0.934036
-0.934036
-0.934036
-0.934036
-0.934036
-0.934036
-0.934036
-0.934036
-0.934036
-0.934036
-0.576703
-0.576703
-0.576703
-0.576703
-0.576703
-0.576703
-0.576703
-0.576703
-0.576703
-0.576703
-0.576703
-0.576703
-0.576703
-0.576703
-0.576703
-0.576703
-0.576703
-0.576703
-0.576703
-0.576703
-0.576703
-0.576703
-0.576703
-0.576703
-0.576703
-0.576703
-0.576703
-0.576703
-0.576703
-0.576703
-0.576703
-0.576703
-0.576703
-0.576703
-0.576703
-0.576703
-0.576703
-0.576703
-0.576703
-0.576703
-0.576703
-0.576703
-0.576703
-0.576703
-0.576703
-0.576703
-0.576703
-0.576703
-0.576703
-0.576703
-0.576703
-0.576703
-0.576703
-0.576703
-0.576703
-0.576703
-0.576703
-0.576703
-0.576703
-0.576703
-0.576703
-0.576703
-0.576703
-0.576703
-0.576703
-0.576703
-0.576703
-0.576703
-0.576703
-0.576703
-0.576703
-0.576703
-0.576703
-0.576703
-0.576703
-0.576703
-0.576703
-0.576703
-0.576703
-0.576703
-0.576703
-0.576703
-0.576703
-0.576703
-0.576703
-0.576703
-0.576703
-0.576703
-0.576703
-0.576703
-0.576703
-0.576703
-0.576703
-0.576621
-0.573220
-0.563915
-0.568033
-0.548746
-0.515320
-0.528302
-0.526183
-0.467733
-0.523813
-0.543430
-0.501530
-0.472629
-0.521058
-0.536850
-0.507204
-0.483437
-0.496893
-0.478820
-0.442310
-0.443916
-0.436132
-0.417839
-0.413869
-0.416798
-0.387117
-0.361254
-0.355485
-0.377305
-0.336851
-0.347642
-0.320278
-0.353792
-0.315500
-0.356569
-0.389774
-0.383100
-0.358255
-0.347015
-0.334194
-0.241037
-0.294579
-0.310767
-0.318574
-0.361521
-0.364739
-0.384138
-0.413459
-0.375136
-0.340956
-0.366910
-0.361631
-0.351078
-0.385349
-0.348256
-0.386326
-0.368112
-0.325525
-0.366008
-0.387937
-0.366727
-0.384536
-0.391124
-0.364559
-0.368792
-0.407312
-0.411487
-0.354310
-0.343004
-0.321260
-0.296540
-0.340090
-0.442371
-0.347662
-0.296032
-0.363295
-0.386912
-0.339214
-0.345978
-0.401028
-0.357860
-0.334114
-0.348590
-0.349253
-0.368728
-0.353764
-0.383550
-0.380513
-0.373759
-0.330172
-0.371020
-0.361923
-0.379551
-0.402218
-0.377767
-0.330416
-0.270528
-0.364721
-0.366947
-0.363028
-0.359194
-0.354411
-0.348115
-0.311703
-0.321063
-0.343242
-0.386015
-0.376867
-0.368617
-0.353075
-0.386504
-0.381443
-0.373165
-0.368523
-0.348482
-0.360439
-0.307992
-0.340645
-0.367834
-0.371948
-0.373558
-0.412170
-0.375770
-0.377513
-0.401095
-0.337194
-0.364413
-0.362624
-0.414887
-0.327398
-0.309296
-0.348417
-0.327623
-0.289574
-0.360638
-0.394057
-0.351120
-0.291045
-0.340746
-0.384671
-0.340590
-0.367506
-0.372845
-0.359142
-0.381601
-0.335195
-0.397648
-0.346034
-0.310833
-0.383900
-0.397458
-0.348624
-0.383778
-0.428401
-0.403956
-0.433843
-0.424039
-0.412801
-0.439228
-0.347961
-0.332193
-0.371585
-0.418498
-0.317402
-0.368473
-0.400665
-0.321248
-0.338677
-0.382632
-0.363272
-0.353514
-0.391682
-0.406231
-0.365272
-0.392736
-0.381163
-0.372948
-0.356885
-0.310613
-0.332154
-0.401184
-0.384529
-0.350275
-0.331066
-0.367168
-0.335667
-0.357958
-0.381275
-0.332149
-0.363770
-0.368388
-0.339140
-0.357201
-0.400197
-0.363631
-0.354890
-0.344963
-0.391330
-0.359758
-0.328407
-0.316421
-0.372271
-0.378200
-0.336388
-0.398186
-0.373179
-0.377474
-0.357148
-0.396841
-0.422176
-0.326919
-0.420038
-0.400048
-0.390389
-0.370637
-0.389213
-0.402512
-0.389158
-0.409343
-0.396213
-0.378350
-0.383661
-0.314390
-0.355141
-0.415542
-0.339013
-0.409102
-0.361340
-0.298649
-0.385583
-0.397943
-0.371858
-0.380438
-0.397868
-0.360180
-0.346766
-0.381134
-0.394430
-0.372223
-0.372642
-0.275446
-0.316918
-0.380462
-0.418170
-0.348200
-0.384109
-0.375996
-0.359731
-0.349278
-0.350518
-0.403319
-0.345570
-0.362198
-0.388179
-0.374521
-0.398574
-0.372216
-0.397019
-0.369344
-0.394253
-0.404897
-0.368555
-0.350561
-0.377784
-0.377771
-0.341242
-0.332585
-0.372640
-0.378173
-0.331300
-0.382123
-0.425407
-0.373943
-0.373873
-0.393825
-0.401870
-0.397110
-0.430797
-0.384620
-0.359717
-0.402886
-0.404167
-0.384785
-0.387693
-0.367952
-0.322239
-0.370485
-0.354778
-0.337547
-0.400373
-0.388219
-0.363721
-0.354795
-0.390756
-0.382886
-0.390305
-0.349364
-0.327145
-0.362955
-0.346737
-0.253296
-0.209100
-0.205762
-0.261387
-0.266190
-0.306766
-0.310574
-0.311563
-0.354249
-0.369860
-0.329316
-0.355647
-0.271055
-0.274994
-0.321162
-0.348473
-0.311114
-0.300463
-0.271133
-0.297013
-0.222087
-0.125089
0.135408
0.221129
0.542495
0.584129
0.863379
0.954484
0.666663
1.072400
1.325635
0.921539
1.619794
1.228002
1.481175
1.359723
1.437204
2.053519
3.089940
2.565318
2.737164
3.162987
2.729769
2.206118
3.041678
2.965803
3.931217
3.892423
3.212650
3.914401
3.528031
4.144119
3.977769
4.190101
5.047147
6.217729
4.222604
4.953136
3.872335
4.687180
4.840532
4.626462
3.230936
2.824674
3.033811
2.677072
2.630839
2.345156
3.394693
3.993686
3.032271
3.177634
3.597672
2.849110
2.460977
2.130425
0.960856
0.472387
0.727872
0.737203
1.105354
0.847265
0.995926
1.796076
1.842914
1.522181
0.550091
0.673187
0.933396
0.727660
0.781577
0.497307
0.375371
0.336368
0.703183
0.482186
0.719892
0.831466
1.241734
1.143689
1.081214
1.661847
0.995596
0.555436
0.362777
0.467091
0.434366
0.214827
0.052071
0.160996
0.460525
0.221366
0.255510
0.317128
0.234518
0.035394
0.209875
0.295220
0.185637
0.242822
0.353153
0.165692
0.284976
0.367977
0.275756
0.197463
0.115683
0.568790
0.882704
0.371193
0.149223
0.590461
0.958286
0.402869
0.240760
0.094970
0.211542
0.260680
0.255231
0.091135
0.556813
0.467017
0.319813
0.247233
0.001863
0.232524
0.382986
0.388098
0.227436
0.310634
0.158840
0.089991
0.007439
0.296287
0.217123
0.252543
0.106557
0.269559
0.298641
0.301128
0.229372
0.098347
0.213163
0.083786
0.374355
0.227230
0.094188
0.106487
-0.019427
-0.146829
-0.054447
0.006568
0.029649
-0.081722
-0.036362
-0.184854
-0.216556
-0.254782
-0.320824
-0.182730
-0.156973
-0.208247
-0.222858
-0.188525
-0.255621
-0.181891
-0.175528
-0.234435
-0.113355
-0.048839
-0.126098
-0.159773
-0.166936
-0.202554
-0.253177
-0.245701
-0.070630
-0.110193
-0.163737
-0.213512
-0.118431
-0.087477
-0.136833
-0.119458
-0.176001
-0.063026
0.017399
-0.033190
0.079260
-0.006086
-0.182316
-0.305025
-0.280187
-0.137771
-0.170550
-0.344807
-0.300735
-0.259073
-0.279746
-0.129061
-0.325022
-0.308336
-0.228554
-0.406323
-0.294185
-0.356088
-0.362612
-0.445124
-0.416233
-0.434691
-0.519285
-0.509976
-0.549547
-0.570682
-0.576675
-0.576703
-0.576703
-0.576703
-0.576703
-0.576703
-0.576703
-0.576703
-0.576703
-0.576703
-0.316775
-0.316775
-0.316775
-0.316775
-0.316775
-0.316775
-0.316775
-0.316775
-0.316775
-0.316775
-0.316775
-0.316775
-0.316775
-0.316775
-0.316775
-0.316775
-0.316775
-0.316775
-0.316775
-0.316775
-0.316775
-0.316775
-0.316775
-0.316775
-0.316775
-0.316775
-0.316775
-0.316775
-0.316775
-0.316775
-0.316775
-0.316775
-0.316775
-0.316775
-0.316775
-0.316775
-0.316775
-0.316775
-0.316775
-0.316775
-0.316775
-0.316775
-0.316775
-0.316775
-0.316775
-0.316775
-0.316775
-0.316775
-0.316775
-0.316775
-0.316775
-0.316775
-0.316775
-0.316775
-0.316775
-0.316775
-0.316775
-0.316775
-0.316775
-0.316775
-0.316775
-0.316775
-0.316775
-0.316775
-0.316775
-0.316775
-0.316775
-0.316775
-0.316775
-0.316775
-0.316775
-0.316775
-0.316775
-0.316775
-0.316775
-0.316775
-0.316775
-0.316775
-0.316775
-0.316775
-0.316775
-0.316775
-0.316775
-0.316775
-0.316775
-0.316775
-0.316775
-0.316775
-0.316775
-0.316775
-0.316775
-0.316775
-0.316775
-0.316775
-0.316775
-0.316775
-0.316775
-0.316775
-0.316775
-0.316775
-0.316775
-0.316775
-0.316775
-0.316775
-0.316775
-0.316775
-0.316775
-0.316775
-0.316775
-0.316775
-0.316775
-0.316775
-0.316775
-0.316775
-0.316775
-0.316775
-0.316775
-0.316775
-0.316775
-0.316775
-0.316775
-0.316775
-0.296058
-0.281679
-0.209176
-0.077388
-0.048888
-0.043462
-0.085254
-0.093938
-0.077833
-0.056391
-0.060618
-0.080205
-0.034981
-0.049147
-0.081596
-0.049417
-0.047545
-0.079056
-0.037001
-0.094505
-0.092491
-0.081599
-0.103678
-0.050613
-0.071330
-0.052180
-0.067490
-0.014830
-0.019157
-0.063804
-0.049521
-0.070766
-0.091042
-0.094420
-0.055308
-0.059187
-0.104538
-0.096279
-0.057662
-0.004484
-0.034368
-0.087108
-0.045800
-0.075995
-0.111717
-0.003688
-0.064577
-0.031997
0.106257
-0.038983
-0.132577
-0.097786
-0.096606
-0.111220
-0.085264
-0.119003
-0.108723
-0.079192
0.004518
-0.054570
-0.132552
-0.114815
-0.085229
-0.045215
-0.071736
-0.047513
-0.046652
-0.070970
-0.094912
-0.085258
-0.063896
-0.053663
-0.084620
-0.040354
-0.045821
0.035005
-0.046864
-0.069041
-0.057324
-0.032868
-0.048183
-0.035450
-0.077707
-0.030476
-0.083767
-0.118836
-0.108033
-0.065397
-0.019598
-0.030509
-0.026936
-0.018763
-0.095954
-0.037930
-0.053293
-0.023139
0.025597
-0.069893
-0.059567
0.003983
-0.090955
-0.049762
-0.026404
-0.013580
-0.046739
-0.014173
-0.062682
-0.025881
-0.093712
-0.052086
-0.087041
-0.089079
-0.053268
-0.105939
-0.070108
-0.066114
-0.070267
0.033824
0.068697
-0.016866
-0.051270
-0.086576
-0.065271
-0.088862
-0.048138
-0.024007
-0.079634
-0.078635
-0.106058
-0.074386
-0.061627
0.011791
-0.050725
-0.069919
-0.046813
-0.089073
-0.051151
-0.006998
-0.057749
-0.052831
-0.075162
-0.045574
-0.074049
-0.026138
-0.055276
-0.073741
0.024656
-0.018624
-0.057253
-0.072794
-0.030928
-0.009949
-0.094472
-0.057503
-0.098419
-0.014028
-0.002031
-0.085106
-0.066182
-0.088158
-0.015066
-0.081621
-0.053870
-0.012245
-0.020745
-0.092753
0.064387
-0.011350
0.013899
-0.000852
-0.037445
-0.035576
-0.016510
-0.098348
-0.085852
-0.084882
-0.055313
-0.039784
-0.055195
-0.064669
-0.083009
-0.098774
-0.086440
-0.063840
-0.034490
-0.082785
-0.076374
-0.047189
-0.064150
-0.070772
-0.084696
-0.055825
-0.080000
-0.116189
-0.029886
-0.067544
-0.091056
-0.125621
-0.077344
-0.089456
-0.044868
-0.081973
-0.062280
-0.059719
-0.052524
-0.097132
-0.022586
-0.097478
-0.076139
-0.039783
-0.083173
-0.076704
-0.023086
-0.033394
-0.038823
-0.079750
-0.096867
-0.021290
-0.052139
-0.095264
-0.072477
-0.086242
-0.080827
-0.052907
-0.080602
-0.028397
-0.038444
-0.062302
-0.044629
-0.078458
0.004085
-0.035452
-0.082477
-0.070310
-0.055480
-0.056571
-0.075232
-0.059190
-0.046329
-0.053472
-0.071631
-0.049298
0.001859
-0.049620
-0.075424
-0.059400
-0.085057
-0.035874
-0.058693
-0.043423
-0.031852
-0.073802
-0.059245
-0.111167
-0.060931
0.479123
3.087903
0.605147
-0.118821
-0.060848
-0.025675
-0.107371
-0.098119
0.044128
-0.085190
-0.030710
-0.079412
-0.093129
-0.010594
-0.071654
-0.084500
-0.050062
-0.072973
-0.087031
-0.102531
-0.024203
-0.020767
-0.088575
-0.063555
-0.106882
0.011374
0.001230
-0.054978
-0.089520
-0.132313
-0.082266
-0.106810
-0.112811
0.015737
-0.062114
-0.058529
-0.044605
0.027301
-0.072226
-0.056620
-0.067500
-0.073845
-0.070643
-0.058384
-0.062322
-0.063671
-0.004582
-0.031375
-0.013048
-0.046470
0.091107
-0.025903
-0.087740
-0.066536
-0.055542
-0.021254
0.009591
0.008594
-0.044796
-0.083797
-0.111710
-0.100583
-0.092273
0.010038
0.033851
0.037537
0.006212
-0.077893
-0.105485
-0.014947
0.178342
7.454375
6.104013
0.640180
0.015254
-0.061824
0.019628
-0.050926
0.051400
0.004473
0.020195
0.020130
-0.052175
-0.020921
-0.026926
-0.001741
-0.020117
-0.032193
-0.041776
-0.031450
0.003886
-0.063779
-0.037716
-0.002685
-0.020413
-0.024760
0.048263
0.037896
0.238472
-0.005377
0.013033
-0.037768
-0.004896
-0.057718
0.001880
-0.023801
-0.021886
0.024743
0.016677
-0.058918
-0.023774
-0.021211
-0.008264
0.015213
0.126773
0.027830
0.000247
-0.085466
-0.027328
0.462450
4.982210
1.121090
0.010813
-0.038879
-0.102815
-0.106151
-0.088621
0.008360
-0.051735
0.047048
-0.081462
0.008366
-0.014852
-0.057979
-0.027953
-0.015332
-0.001062
-0.095322
-0.010310
-0.020836
-0.001820
-0.016582
-0.022398
-0.052169
-0.061587
-0.051430
-0.077678
0.109734
-0.042081
-0.032743
-0.017175
0.060385
-0.046076
-0.054018
-0.036854
-0.025979
-0.038139
-0.072254
-0.054416
-0.041151
-0.036288
-0.084999
-0.052392
-0.064114
-0.097544
-0.021586
-0.051976
-0.012670
-0.053270
0.010554
-0.056245
0.001540
0.007407
0.004503
-0.011875
-0.049137
-0.027353
-0.000752
-0.098458
-0.084845
0.008374
0.235315
3.032274
1.130114
0.101428
-0.050040
-0.004836
-0.054252
-0.067224
-0.085569
-0.044529
-0.023247
-0.036327
-0.059549
-0.063476
-0.072209
-0.094089
-0.064304
0.014662
-0.051435
0.006450
5.399279
20.654383
4.983470
0.349527
0.004340
0.022887
0.005319
0.017354
0.201000
0.094031
0.040604
-0.001156
-0.058426
-0.010549
0.015022
0.023149
-0.037345
0.098871
0.045374
-0.053064
-0.004806
0.062413
-0.041311
0.016073
-0.037440
-0.013849
0.012147
-0.062665
-0.031402
-0.023652
0.029751
0.061449
-0.037782
-0.065369
-0.071867
-0.042986
-0.005108
-0.009059
0.023002
-0.049758
-0.052019
-0.080626
0.017439
-0.066602
0.035057
-0.026149
-0.036333
-0.034592
-0.096801
0.008586
0.383831
0.451473
0.017877
-0.071102
-0.136296
-0.166176
-0.254826
-0.316775
-0.316775
-0.639893
-0.639893
-0.639893
-0.639893
-0.639893
-0.639893
-0.639893
-0.639893
-0.639893
-0.639893
-0.639893
-0.639893
-0.639893
-0.639893
-0.639893
-0.639893
-0.639893
-0.639893
-0.639893
-0.639893
-0.639893
-0.639893
-0.639893
-0.639893
-0.639893
-0.639893
-0.639893
-0.639893
-0.639893
-0.639893
-0.639893
-0.639893
-0.639893
-0.639893
-0.639893
-0.639893
-0.639893
-0.639893
-0.639893
-0.639893
-0.639893
-0.639893
-0.639893
-0.639893
-0.639893
-0.639893
-0.639893
-0.639893
-0.639893
-0.639893
-0.639893
-0.639893
-0.639893
-0.639893
-0.639893
-0.639893
-0.639893
-0.639893
-0.639893
-0.639893
-0.639893
-0.639893
-0.639893
-0.639893
-0.639893
-0.639893
-0.639893
-0.639893
-0.639893
-0.639893
-0.639893
-0.639893
-0.639893
-0.639893
-0.639893
-0.639893
-0.639893
-0.639893
-0.639893
-0.639893
-0.639893
-0.639893
-0.639893
-0.639893
-0.639893
-0.639893
-0.639893
-0.639893
-0.639893
-0.639893
-0.639893
-0.639893
-0.639893
-0.639893
-0.639893
-0.639893
-0.639893
-0.639893
-0.639893
-0.639893
-0.637582
-0.633505
-0.607046
-0.564484
-0.539926
-0.554617
-0.492193
-0.553725
-0.569881
-0.552161
-0.585315
-0.550177
-0.452942
-0.465501
-0.455436
-0.389223
-0.367903
-0.384373
-0.360984
-0.384940
-0.329530
-0.362243
-0.323201
-0.337652
-0.330809
-0.178174
-0.243838
-0.232340
-0.227908
-0.288433
-0.374922
-0.360058
-0.333894
-0.292724
-0.276044
-0.328667
-0.429333
-0.386124
-0.294513
-0.283974
-0.267328
-0.288744
-0.339463
-0.401900
-0.318917
-0.345834
-0.372460
-0.301661
-0.356780
-0.364141
-0.330268
-0.346368
-0.415762
-0.416134
-0.325611
-0.372514
-0.252638
-0.186218
-0.278973
-0.221902
-0.303800
-0.333057
-0.389654
-0.368263
-0.367802
-0.252595
-0.308530
-0.339199
-0.342841
-0.293843
-0.318919
-0.377366
-0.329590
-0.379868
-0.299373
-0.266495
-0.336758
-0.365236
-0.089948
-0.273811
-0.375526
-0.351240
-0.344987
-0.381598
-0.275025
-0.219571
-0.270838
-0.302394
-0.304260
-0.283086
-0.229441
-0.305916
-0.311673
-0.249375
-0.374479
-0.301264
-0.290398
-0.308101
-0.277677
-0.338909
-0.360585
-0.268685
-0.225308
-0.275947
-0.335515
-0.275258
-0.293348
-0.386866
-0.367813
-0.408752
-0.295892
-0.361399
-0.340985
-0.313948
-0.349551
-0.320416
-0.260965
-0.322686
-0.336876
-0.282959
-0.270514
-0.338009
-0.344822
-0.343976
-0.384652
-0.376619
-0.310108
-0.353159
-0.227290
-0.293946
-0.332101
-0.398268
-0.372376
-0.364946
-0.305716
-0.322076
-0.275720
-0.217630
-0.334796
-0.351994
-0.285794
-0.328876
-0.392528
-0.356727
-0.294114
-0.336321
-0.346988
-0.210378
-0.374739
-0.349476
-0.266504
-0.262474
-0.264973
-0.256198
-0.259366
-0.304449
-0.360382
-0.388517
-0.351192
-0.336481
-0.270270
-0.319147
-0.301634
-0.312246
-0.278529
-0.291039
-0.322205
-0.350947
-0.362395
-0.303296
-0.301624
-0.339241
-0.308392
-0.330127
-0.332598
-0.328139
-0.377230
-0.360759
-0.366591
-0.374932
-0.297870
-0.207334
-0.317587
-0.305781
-0.284893
-0.332014
-0.437311
-0.370681
-0.324071
-0.379457
-0.346209
-0.239061
-0.330163
-0.378800
-0.260928
-0.331334
-0.349075
-0.299897
-0.330333
-0.336313
-0.306678
-0.316774
-0.319672
-0.293574
-0.336762
-0.330366
-0.405483
-0.358670
-0.227901
-0.278593
-0.301663
-0.239098
-0.290993
-0.350611
-0.348026
-0.174975
-0.233151
-0.407425
-0.340719
-0.395102
-0.408696
-0.332586
-0.330534
-0.330938
-0.365121
-0.298784
-0.302803
-0.263550
-0.266958
-0.330586
-0.314981
-0.300905
-0.279759
-0.358696
-0.338918
-0.369117
-0.268676
-0.379222
-0.318237
-0.367600
-0.361739
-0.318091
-0.388555
-0.407050
-0.340348
-0.335216
-0.330265
-0.286467
-0.340197
-0.346098
-0.373187
-0.360763
-0.345776
-0.323402
-0.361752
-0.376101
-0.280558
-0.382492
-0.331169
-0.248632
-0.286359
-0.345351
-0.258151
-0.358260
-0.441418
-0.337741
-0.340974
-0.390676
-0.386810
-0.278103
-0.279139
-0.295781
-0.285767
-0.396604
-0.373431
-0.357623
-0.305639
-0.301348
-0.252547
-0.381900
-0.360365
-0.384907
-0.389059
-0.314182
-0.279788
-0.253274
-0.145463
-0.175374
-0.110651
-0.076325
0.007640
-0.092068
-0.074059
0.258604
0.024912
-0.055732
-0.011816
-0.153459
0.024797
-0.117134
0.025372
0.027218
0.062343
0.290939
0.358791
0.232004
0.188268
0.652175
0.665754
0.578147
0.930571
0.617035
0.869420
0.923328
0.737144
0.868805
0.750320
0.961349
1.164755
0.964817
0.958207
1.247126
1.674524
1.457010
1.307466
1.278466
0.801697
1.612376
1.903507
2.888350
2.363963
2.114086
1.405159
1.435367
2.432964
3.368283
2.243068
2.580446
2.360837
2.192480
3.233442
3.811993
3.665265
2.043220
2.364641
3.553086
3.071389
2.429307
1.721737
2.933383
2.851470
2.667984
2.849036
2.143283
3.806096
2.806443
3.213541
4.263915
4.222874
2.945526
2.830251
2.645197
2.419016
2.876916
3.662646
5.115107
2.258020
4.147603
4.347754
2.830422
2.466522
1.571064
1.424588
1.246402
0.989262
1.556878
1.103489
1.059952
0.841828
0.769994
0.797552
1.384070
0.807681
1.233497
1.206745
1.290459
1.668602
1.025516
0.909962
0.777648
0.760399
0.959142
1.208000
1.277637
1.393243
1.917386
1.750035
1.161853
1.319693
1.996378
3.001346
4.008853
3.075837
2.453995
4.481543
3.732044
3.855786
1.147723
-0.140110
-0.329009
-0.229355
-0.299262
-0.332099
-0.333219
-0.348583
-0.319378
-0.269957
-0.287561
-0.309489
-0.360355
-0.356684
-0.251384
-0.208840
-0.279771
-0.406484
-0.329159
-0.271936
-0.303552
-0.203775
-0.298951
-0.250101
-0.342853
-0.313974
-0.349469
-0.331234
-0.318405
-0.271583
-0.245911
-0.377815
-0.360442
-0.304443
-0.352137
-0.353512
-0.281867
-0.400399
-0.263196
-0.285759
-0.331502
-0.288169
-0.221182
-0.325812
-0.318620
-0.229207
-0.211942
-0.289135
-0.390516
-0.433328
-0.397401
-0.304057
-0.284270
-0.241897
-0.335745
-0.393647
-0.355443
-0.377708
-0.316385
-0.366361
-0.316107
-0.325215
-0.380453
-0.345944
-0.381846
-0.333544
-0.211178
-0.242911
-0.350667
-0.411660
-0.412916
-0.338384
-0.322141
-0.267005
-0.331769
-0.297030
-0.304065
-0.354208
-0.360117
-0.373961
-0.390609
-0.375934
-0.368546
-0.361979
-0.357710
-0.343490
-0.337026
-0.379408
-0.416529
-0.358900
-0.286825
-0.352263
-0.314414
-0.281358
-0.335726
-0.364606
-0.264988
-0.339479
-0.250252
-0.238332
-0.275823
-0.279661
-0.352183
-0.360271
-0.361643
-0.384064
-0.443738
-0.364156
-0.362921
-0.451299
-0.390811
-0.449156
-0.479116
-0.441687
-0.478648
-0.450236
-0.505714
-0.529206
-0.512468
-0.566412
-0.589849
-0.631663
-0.639893
-0.639893
-0.639893
-0.639893
-0.639893
-0.639893
-0.639893
-0.639893
-0.548115
-0.548115
-0.548115
-0.548115
-0.548115
-0.548115
-0.548115
-0.548115
-0.548115
-0.548115
-0.548115
-0.548115
-0.548115
-0.548115
-0.548115
-0.548115
-0.548115
-0.548115
-0.548115
-0.548115
-0.548115
-0.548115
-0.548115
-0.548115
-0.548115
-0.548115
-0.548115
-0.548115
-0.548115
-0.548115
-0.548115
-0.548115
-0.548115
-0.548115
-0.548115
-0.548115
-0.548115
-0.548115
-0.548115
-0.548115
-0.548115
-0.548115
-0.548115
-0.548115
-0.548115
-0.548115
-0.548115
-0.548115
-0.548115
-0.548115
-0.548115
-0.548115
-0.548115
-0.548115
-0.548115
-0.548115
-0.548115
-0.548115
-0.548115
-0.548115
-0.548115
-0.548115
-0.548115
-0.548115
-0.548115
-0.548115
-0.548115
-0.548115
-0.548115
-0.548115
-0.548115
-0.548115
-0.548115
-0.548115
-0.548115
-0.548115
-0.548115
-0.548115
-0.548115
-0.548115
-0.548115
-0.548115
-0.548115
-0.548115
-0.548115
-0.548115
-0.548115
-0.548115
-0.548115
-0.548115
-0.548115
-0.548115
-0.548115
-0.548115
-0.548115
-0.548115
-0.548115
-0.548115
-0.548115
-0.548115
-0.548115
-0.548115
-0.548115
-0.548115
-0.548115
-0.548115
-0.548115
-0.548105
-0.540157
-0.524440
-0.526655
-0.533264
-0.534612
-0.533726
-0.512950
-0.493416
-0.507701
-0.499424
-0.460824
-0.445002
-0.464594
-0.462895
-0.455451
-0.443532
-0.463902
-0.463925
-0.448477
-0.424209
-0.443149
-0.445922
-0.418781
-0.427439
-0.451118
-0.440703
-0.432374
-0.452236
-0.450699
-0.472160
-0.438192
-0.436364
-0.455024
-0.420649
-0.414109
-0.439575
-0.471744
-0.390191
-0.359003
-0.388433
-0.395410
-0.444970
-0.452783
-0.454378
-0.456529
-0.444631
-0.443430
-0.453944
-0.423538
-0.472668
-0.460247
-0.453739
-0.447339
-0.443144
-0.457054
-0.457533
-0.473510
-0.436624
-0.439427
-0.457671
-0.447677
-0.448885
-0.459016
-0.466951
-0.450850
-0.423604
-0.433961
-0.465260
-0.483952
-0.459023
-0.473799
-0.444264
-0.368903
-0.414850
-0.446058
-0.403295
-0.433214
-0.475243
-0.456558
-0.443762
-0.450025
-0.464697
-0.454767
-0.437794
-0.454567
-0.422995
-0.437253
-0.419635
-0.454598
-0.454986
-0.437759
-0.452867
-0.438299
-0.441915
-0.416982
-0.427138
-0.378484
-0.404045
-0.438923
-0.445789
-0.406638
-0.391105
-0.358176
-0.403744
-0.419477
-0.459414
-0.395577
-0.379297
-0.423956
-0.388399
-0.372930
-0.417168
-0.442144
-0.414788
-0.417318
-0.411058
-0.410597
-0.424337
-0.463321
-0.450377
-0.441783
-0.428384
-0.403540
-0.432714
-0.438477
-0.457538
-0.450080
-0.410187
-0.439593
-0.429991
-0.457067
-0.459890
-0.460476
-0.447588
-0.420060
-0.353133
-0.448566
-0.431809
-0.405053
-0.436988
-0.434205
-0.443684
-0.439255
-0.447282
-0.441947
-0.419407
-0.427945
-0.424200
-0.405411
-0.418578
-0.425913
-0.455351
-0.441547
-0.426308
-0.438390
-0.411703
-0.409162
-0.438357
-0.431835
-0.426898
-0.427191
-0.438792
-0.424914
-0.393532
-0.397867
-0.377538
-0.422541
-0.455541
-0.480965
-0.447061
-0.398174
-0.424317
-0.426041
-0.415211
-0.418524
-0.399353
-0.407867
-0.433757
-0.438909
-0.462684
-0.462361
-0.417478
-0.402051
-0.445165
-0.429016
-0.429286
-0.414264
-0.452264
-0.460426
-0.411330
-0.382898
-0.444912
-0.432700
-0.435112
-0.455275
-0.417710
-0.427795
-0.353924
-0.417772
-0.437691
-0.426931
-0.437069
-0.443099
-0.455936
-0.442486
-0.409899
-0.457607
-0.461715
-0.399649
-0.408849
-0.427153
-0.457661
-0.449724
-0.424446
-0.465288
-0.432530
-0.394069
-0.427753
