-0.303355
-0.356329
-0.450161
-0.629290
-0.709568
-0.759875
-0.747436
-0.888902
-0.892657
-0.892657
-0.892657
-0.892657
-0.892657
-0.892657
-0.892657
-0.892657
-0.892657
-0.892657
-0.892657
-0.892657
-0.892657
-0.892657
-0.892657
-0.892657
-0.892657
-0.892657
-0.892657
-0.892657
-0.892657
-0.892657
-0.892657
-0.892657
-0.892657
-0.892657
-0.892657
-0.892657
-0.892657
-0.892657
-0.892657
-0.892657
-0.892657
-0.892657
-0.892657
-0.892657
-0.892657
-0.892657
-0.892657
-0.892657
-0.892657
-0.892657
-0.892657
-0.892657
-0.892657
-0.892657
-0.892657
-0.892657
-0.892657
-0.892657
-0.892657
-0.892657
-0.892657
-0.892657
-0.892657
-0.892657
-0.892657
-0.892657
-0.892657
-0.892657
-0.892657
-0.892657
-0.892657
-0.892657
-0.892657
-0.892657
-0.892657
-0.892657
-0.892657
-0.892657
-0.892657
-0.892657
-0.892657
-0.892657
-0.892657
-0.892657
-0.892657
-0.892657
-0.892657
-0.892657
-0.892657
-0.892657
-0.892657
-0.892657
-0.892657
-0.892657
-0.892657
-0.892657
-0.892657
-0.892657
-0.892657
-0.892657
-0.892657
-0.892657
-0.892657
-0.892657
-0.892657
-0.892657
-0.892657
-0.892657
-0.892657
-0.892657
-0.892657
-0.892657
-0.892657
-0.892657
-0.892657
-0.892657
-0.892657
-0.892657
-0.892657
-0.892657
-0.892657
-0.892657
-0.892657
-0.892657
-0.892657
-0.892657
-0.892657
-0.892657
-0.892657
-0.890437
-0.682496
-0.658842
-0.571248
-0.338448
-0.443814
-0.416179
-0.381806
-0.509578
-0.589523
-0.537790
-0.449578
-0.550756
-0.482807
-0.506533
-0.491288
-0.415894
-0.431709
-0.349389
-0.356578
-0.408750
-0.338266
-0.394749
-0.460071
-0.432840
-0.419500
-0.382674
-0.342864
-0.397686
-0.436719
-0.445236
-0.465423
-0.287327
-0.479771
-0.417656
-0.284671
-0.323280
-0.439579
-0.490319
-0.422885
-0.505703
-0.593467
-0.557513
-0.507528
-0.460073
-0.413028
-0.436660
-0.368505
-0.250248
-0.354037
-0.436558
-0.490348
-0.409994
-0.252997
-0.363269
-0.317334
-0.426726
-0.535409
-0.458777
-0.411518
-0.418821
-0.471889
-0.505548
-0.303342
-0.412249
-0.480170
-0.266302
-0.434102
-0.490275
-0.394746
-0.419293
-0.428558
-0.412292
-0.387896
-0.488546
-0.557035
-0.405855
-0.481448
-0.314267
-0.465201
-0.410657
-0.423338
-0.378669
-0.425414
-0.388892
-0.404036
-0.293454
-0.436996
-0.357905
-0.392266
-0.219969
-0.318799
-0.288619
-0.438561
-0.415730
-0.295063
-0.484074
-0.406392
-0.360811
-0.435592
-0.391472
-0.451238
-0.402759
-0.356144
-0.333539
-0.295770
-0.449205
-0.279742
-0.423177
-0.382621
-0.365319
-0.428415
-0.461387
-0.465228
-0.512601
-0.397512
-0.353788
-0.257121
-0.374791
-0.441568
-0.357680
-0.207424
-0.299603
-0.209613
-0.428920
-0.379867
-0.371816
-0.413272
-0.424500
-0.465824
-0.420079
-0.326597
-0.351061
-0.378507
-0.305930
-0.293087
-0.335810
-0.332073
-0.405573
-0.339044
-0.448497
-0.458577
-0.442241
-0.445806
-0.454702
-0.418434
-0.369771
-0.368423
-0.334107
-0.441977
-0.470079
-0.375992
-0.325629
-0.175312
-0.449526
-0.341413
-0.421289
-0.381258
-0.392622
-0.294500
-0.208092
-0.193595
-0.242659
-0.240047
-0.204033
-0.082502
-0.222228
-0.338158
-0.217017
-0.396849
-0.414337
-0.444743
-0.300508
-0.164613
-0.417210
-0.480399
-0.507976
-0.390421
-0.397513
-0.333677
-0.380212
-0.548647
-0.507440
-0.401618
-0.373408
-0.495608
-0.332885
-0.402981
-0.290728
-0.240694
-0.288455
-0.305978
-0.261064
-0.247914
-0.184423
-0.281963
-0.080041
-0.261174
-0.303365
-0.252515
-0.325722
-0.384755
-0.464866
-0.463153
-0.487000
-0.452061
-0.459485
-0.434883
-0.361470
-0.320229
-0.351025
-0.223519
-0.280802
-0.376804
-0.429738
-0.333145
-0.454609
-0.364933
-0.355147
-0.355064
-0.403263
-0.405644
-0.284663
-0.259087
-0.278956
-0.170602
-0.392850
-0.112067
-0.204857
-0.222127
-0.201294
-0.185602
-0.303182
-0.384779
-0.196999
-0.025081
-0.096064
-0.097596
-0.384524
-0.189438
-0.118820
-0.035932
-0.117142
-0.165731
-0.247262
-0.175525
-0.277571
-0.248084
-0.160638
-0.231126
-0.186446
-0.132406
-0.190825
-0.222369
-0.139711
-0.085791
-0.090538
-0.117947
-0.143980
-0.002499
0.226744
0.244104
0.199991
-0.100766
-0.121676
0.027307
-0.069509
0.073528
0.184171
0.002713
0.200872
0.330535
0.159466
0.126319
0.137856
0.305299
0.273074
0.241593
0.297429
0.815427
0.507993
0.316003
0.545459
0.263320
0.411833
0.303478
0.192861
0.267774
0.331590
0.614785
1.088414
0.844775
0.795683
0.625332
0.943235
1.632193
2.043234
2.363824
1.675256
1.454504
0.786238
0.945545
0.851741
1.333030
1.492454
2.241610
1.739664
2.150678
1.941328
1.757242
1.924598
2.244279
2.752866
2.281043
1.531344
1.570481
2.313921
1.991501
1.267556
1.289159
1.693709
1.957297
2.260711
1.664632
1.918897
2.224765
2.474432
2.838331
3.084362
1.378330
1.835405
1.579227
1.589813
2.103484
2.546607
2.441490
2.491438
3.036549
4.075293
2.155794
2.239899
1.908695
2.142390
2.259434
2.356886
2.179977
2.402646
2.348447
4.923766
2.831308
2.040764
2.803418
3.466766
2.809541
3.678209
4.824504
3.457596
2.439029
1.898370
1.584872
1.627205
1.300454
1.887110
1.302616
1.409021
2.738036
2.284446
2.589103
2.627009
2.646247
2.550856
2.590276
1.395899
1.301537
0.599756
1.250568
1.503092
0.799917
1.373097
1.734349
3.142979
2.367062
2.219888
1.776418
1.541672
1.632296
1.799765
1.406546
0.967890
1.037311
0.924620
1.114250
1.828139
0.809403
0.804386
1.153522
0.830309
0.662102
0.785339
0.892250
0.747572
0.682170
0.626213
0.275341
0.203771
0.166789
0.743224
0.611720
1.379821
0.787022
1.009557
0.987552
0.803994
0.692478
0.111416
0.046767
0.513539
0.358223
0.158418
0.007959
0.122714
-0.008123
-0.095189
-0.224882
0.031445
0.054363
0.035304
0.339263
0.021517
-0.214866
0.058809
-0.109972
-0.233920
-0.178550
-0.379103
-0.289411
-0.308373
-0.391249
-0.232573
-0.207943
-0.311491
-0.290752
-0.217138
-0.346376
-0.344968
-0.289023
-0.253984
-0.304874
-0.410280
-0.396013
-0.328482
-0.266911
-0.098832
-0.065078
-0.290888
-0.369160
-0.150336
0.035892
-0.114914
-0.291777
-0.442592
-0.335910
-0.309606
-0.236873
-0.264852
-0.327825
-0.233943
-0.338637
-0.245046
-0.267624
-0.279491
-0.442385
-0.337616
-0.337958
-0.309549
-0.423418
-0.388210
-0.189770
-0.315075
-0.417535
-0.398432
-0.232352
-0.419281
-0.377278
-0.267892
-0.266120
-0.406416
-0.291941
-0.344371
-0.252895
-0.319197
-0.410917
-0.263286
-0.234804
-0.409568
-0.361500
-0.267698
-0.229248
-0.287558
-0.415370
-0.338449
-0.162512
-0.273565
-0.318272
-0.429560
-0.309397
-0.344031
-0.328675
-1.396005
-1.396005
-1.396005
-1.396005
-1.396005
-1.396005
-1.396005
-1.396005
-1.396005
-1.396005
-1.396005
-1.396005
-1.396005
-1.396005
-1.396005
-1.396005
-1.396005
-1.396005
-1.396005
-1.396005
-1.396005
-1.396005
-1.396005
-1.396005
-1.396005
-1.396005
-1.396005
-1.396005
-1.396005
-1.396005
-1.396005
-1.396005
-1.396005
-1.396005
-1.396005
-1.396005
-1.396005
-1.396005
-1.396005
-1.396005
-1.396005
-1.396005
-1.396005
-1.396005
-1.396005
-1.396005
-1.396005
-1.396005
-1.396005
-1.396005
-1.396005
-1.396005
-1.396005
-1.396005
-1.396005
-1.396005
-1.396005
-1.396005
-1.396005
-1.396005
-1.396005
-1.396005
-1.396005
-1.396005
-1.396005
-1.396005
-1.396005
-1.396005
-1.396005
-1.396005
-1.396005
-1.396005
-1.396005
-1.396005
-1.396005
-1.396005
-1.396005
-1.396005
-1.396005
-1.396005
-1.396005
-1.396005
-1.396005
-1.396005
-1.396005
-1.396005
-1.396005
-1.396005
-1.396005
-1.396005
-1.396005
-1.396005
-1.396005
-1.396005
-1.396005
-1.396005
-1.396005
-1.396005
-1.231665
-1.324043
-1.342963
-1.259134
-1.313432
-1.091000
-1.106486
-0.919577
-0.978986
-0.915361
-0.750778
-0.877953
-0.774061
-0.670766
-0.666393
-0.352110
-0.388246
-0.475565
-0.425218
0.021587
0.168785
0.358739
-0.037409
0.033746
0.254484
0.336023
0.151117
0.083830
-0.012857
0.132412
0.532322
0.128553
0.007657
0.018054
0.013054
0.032692
-0.134945
0.337315
0.191844
0.419031
0.456195
-0.060131
-0.247139
-0.110188
0.126957
-0.040185
0.204293
0.557119
0.059431
-0.039727
0.206675
0.352729
0.261246
0.067670
0.311066
0.180596
-0.008619
-0.193362
0.185458
-0.097564
-0.036048
0.005830
0.041061
0.191404
0.413770
0.249448
0.795788
0.126930
0.408498
0.218294
0.059606
0.185369
0.194047
0.000896
0.262325
0.161396
-0.131726
0.190681
0.384632
0.322471
0.487425
0.236019
0.274336
0.242313
0.602606
0.500268
-0.087159
-0.114100
0.229735
0.204512
0.159845
0.347557
0.604789
0.042886
0.065641
0.080120
-0.025049
0.086671
0.059283
0.198423
0.607470
0.867864
0.362529
0.454549
0.077463
0.311557
0.577268
-0.185118
-0.085644
-0.087627
-0.468977
0.039903
0.122312
0.234629
0.582323
0.496190
0.069067
0.076960
0.222761
0.535518
0.390542
0.725778
0.581217
0.646101
0.446797
0.794208
-0.081204
0.273250
0.525482
0.301244
-0.111610
0.010157
0.491190
0.143896
0.231254
0.093605
0.239928
0.415784
0.332907
0.471682
-0.157896
-0.024265
-0.187765
-0.040044
0.084434
0.128150
0.164766
0.534638
0.562492
0.874714
0.502094
0.067632
0.473497
0.485773
0.846918
0.695486
0.375921
-0.105467
0.236713
0.457103
0.582588
0.058383
0.966149
0.463378
0.249121
0.253883
0.347626
0.217467
0.696253
-0.061204
0.304625
0.260253
0.305897
0.145063
0.697582
0.652408
0.067592
0.694690
0.726822
0.485608
0.482370
0.199191
0.240372
0.565761
-0.150832
0.638172
0.487709
0.717469
0.783098
0.449097
0.434876
0.034094
0.107027
0.186248
0.318434
0.223807
0.179469
0.687745
0.326412
0.091666
0.706056
0.033336
0.459744
1.149764
0.869878
0.649926
0.737150
0.356108
0.037866
0.468690
0.382121
0.416299
1.281016
0.970658
1.039055
1.024227
1.010458
0.354916
0.869168
1.108951
0.890629
0.579623
0.350470
0.605151
0.725931
1.024619
0.657093
1.190575
1.185386
0.557412
0.466897
0.766882
0.701223
0.626942
1.030865
0.553776
0.187551
0.640650
0.989644
0.910607
1.034019
0.812364
0.398792
0.688948
0.638165
0.401829
0.500007
1.040515
1.308557
0.319411
0.395132
0.890214
0.765252
1.152704
0.603705
0.802122
0.991594
0.701651
0.667908
0.835149
0.659804
0.692323
0.745765
1.409331
0.974414
1.244600
1.480164
1.260718
0.499409
0.968342
0.313508
0.381983
0.354706
1.150638
1.174727
1.323513
0.929764
0.860259
1.065676
1.228954
1.681639
1.662770
1.500950
1.249595
2.089947
0.955578
0.948641
1.077729
0.625033
0.361989
0.969113
1.101445
1.194118
2.192255
0.871429
0.892602
1.460062
0.778872
0.542655
0.890148
0.757734
0.969562
1.094019
0.790301
1.758442
1.716916
1.185860
0.996022
1.356707
0.892374
1.104538
1.459880
0.655942
0.957968
1.548663
1.712290
1.352951
1.693486
1.400807
1.636044
1.419279
0.583786
0.761260
0.644143
0.732270
1.022221
0.743506
0.922285
1.726485
1.200042
1.186276
1.797542
2.479128
1.787659
0.897349
1.275011
0.991734
1.273589
0.934937
1.717088
1.730673
2.351420
3.698729
2.710576
2.116370
1.611777
1.606258
1.209929
1.746638
1.974022
2.522970
1.889644
2.584986
4.327347
3.978481
2.574108
2.336505
1.614540
1.175684
1.537926
1.347856
1.316885
2.161631
1.614321
1.024277
0.928313
1.364307
1.333105
1.373206
1.673417
1.158369
0.972029
0.949794
0.772020
0.454916
0.730750
0.909386
1.471176
1.195882
1.166983
0.621103
0.310102
0.007620
0.246859
0.483697
0.186396
0.729347
0.730691
0.235884
0.142369
0.427188
0.328113
0.138019
0.112898
-0.136067
-0.094694
0.048619
0.007077
0.166865
0.242672
0.127989
-0.061355
0.024886
0.259202
0.198810
-0.137204
0.274366
-0.275449
-0.091861
-0.323418
-0.478735
0.378752
0.273624
0.022896
-0.129353
-0.339404
-0.496433
-0.520245
-0.318016
-0.537402
-0.091643
0.329015
-0.245939
-0.127523
-0.284452
-0.578703
-0.462708
-0.192950
-0.609890
-0.516507
-0.823118
-0.545178
-0.294605
-0.370440
-0.333601
-0.625848
-0.725481
-0.761377
-0.618052
-0.498419
-0.482480
-0.636967
-0.624938
-0.532361
-0.282549
-0.604356
-0.793866
-0.511096
-0.615129
-0.674920
-0.455216
-0.406941
-0.583685
-0.716772
-0.750712
-0.741607
-0.697797
-0.748005
-0.725043
-0.700597
-0.815756
-0.817796
-0.667685
-0.272163
-0.268829
-0.491849
-0.725938
-0.787242
-0.894200
-0.677382
-0.605571
-0.807513
-0.788946
-0.884671
-0.814669
-0.800505
-0.822226
-0.807678
-0.850114
-0.946920
-0.704072
-0.718571
-0.703432
-0.619227
-0.808233
-0.846875
-0.843978
-0.872248
-0.962386
-0.878868
-0.883447
-1.015137
-0.957512
-1.017617
-0.987878
-0.965804
-0.980806
-1.001024
-0.985243
-1.004915
-0.886708
-0.956911
-1.065731
-1.050333
-1.104391
-1.074288
-1.024047
-1.001802
-1.053829
-1.074202
-1.093667
-1.096573
-1.067073
-0.999806
-1.072657
-1.120948
-1.070762
-1.165525
-1.091219
-1.054731
-1.105448
-1.188045
-1.196990
-1.193842
-1.180107
-1.219290
-1.255772
-1.318956
-1.344239
-1.362553
-1.395942
-1.396005
-1.396005
-1.396005
-1.396005
-1.396005
-1.396005
-1.396005
-1.396005
-0.746314
-0.746314
-0.746314
-0.746314
-0.746314
-0.746314
-0.746314
-0.746314
-0.746314
-0.746314
-0.746314
-0.746314
-0.746314
-0.746314
-0.746314
-0.746314
-0.746314
-0.746314
-0.746314
-0.746314
-0.746314
-0.746314
-0.746314
-0.746314
-0.746314
-0.746314
-0.746314
-0.746314
-0.746314
-0.746314
-0.746314
-0.746314
-0.746314
-0.746314
-0.746314
-0.746314
-0.746314
-0.746314
-0.746314
-0.746314
-0.746314
-0.746314
-0.746314
-0.746314
-0.746314
-0.746314
-0.746314
-0.746314
-0.746314
-0.746314
-0.746314
-0.746314
-0.746314
-0.746314
-0.746314
-0.746314
-0.746314
-0.746314
-0.746314
-0.746314
-0.746314
-0.746314
-0.746314
-0.746314
-0.746314
-0.746314
-0.746314
-0.746314
-0.746314
-0.746314
-0.746314
-0.746314
-0.746314
-0.746314
-0.746314
-0.746314
-0.746314
-0.746314
-0.746314
-0.746314
-0.746314
-0.746314
-0.746314
-0.746314
-0.746314
-0.746314
-0.746314
-0.746314
-0.746314
-0.746314
-0.746314
-0.746314
-0.746314
-0.746314
-0.746314
-0.746314
-0.746314
-0.746314
-0.746314
-0.746314
-0.746314
-0.746314
-0.746314
-0.746314
-0.746314
-0.746314
-0.746314
-0.746314
-0.746314
-0.746314
-0.746314
-0.746314
-0.746314
-0.746314
-0.746314
-0.746314
-0.746314
-0.746314
-0.745434
-0.708090
-0.621654
-0.643390
-0.666337
-0.617301
-0.523948
-0.522035
-0.544441
-0.478379
-0.359227
-0.412645
-0.553119
-0.584816
-0.499568
-0.349849
-0.369110
-0.362381
-0.200652
-0.476114
-0.330769
-0.350560
-0.407997
-0.474901
-0.422124
-0.270874
-0.368954
-0.292699
-0.391261
-0.445574
-0.485311
-0.402151
-0.274442
-0.521780
-0.496886
-0.349051
-0.231944
-0.413437
-0.233861
-0.486343
-0.272841
-0.383070
-0.514908
-0.470278
-0.430741
-0.400039
-0.453742
-0.455608
-0.350461
-0.249976
-0.173505
-0.515644
-0.552856
-0.389543
-0.443636
-0.506762
-0.455454
-0.228692
-0.432259
-0.487484
-0.526943
-0.478312
-0.468068
-0.484455
-0.494590
-0.460185
-0.495578
-0.387634
-0.436521
-0.540918
-0.460433
-0.448777
-0.532533
-0.488688
-0.433639
-0.459811
-0.465346
-0.360578
-0.446992
-0.592642
-0.609707
-0.552315
-0.595672
-0.526416
-0.412527
-0.588109
-0.339511
-0.286972
-0.277137
-0.460331
-0.515631
-0.526771
-0.558432
-0.598889
-0.582538
-0.478815
-0.479013
-0.582898
-0.549515
-0.353299
-0.275262
-0.394036
-0.417896
-0.376336
-0.521350
-0.432480
-0.463743
-0.519461
-0.436068
-0.370277
-0.434542
-0.388477
-0.586699
-0.599897
-0.403979
-0.219915
-0.541479
-0.329163
-0.485912
-0.581370
-0.511248
-0.398298
-0.461805
-0.429233
-0.463813
-0.277632
-0.029850
-0.226464
-0.252802
-0.501886
-0.491582
-0.333227
-0.498514
-0.539200
-0.506886
-0.518077
-0.245140
-0.162124
-0.469930
-0.424904
-0.236892
-0.498633
-0.518955
-0.357624
-0.505328
-0.318458
-0.125224
0.025650
-0.097426
-0.159392
-0.433418
-0.507928
-0.094861
-0.322270
-0.566931
-0.428635
-0.481206
-0.528578
-0.370657
-0.095760
-0.112446
-0.149273
0.010733
-0.483156
-0.521594
-0.475635
-0.527494
-0.563396
-0.209871
0.006673
-0.317708
-0.397723
-0.312491
-0.367989
-0.470076
-0.497822
-0.552252
-0.428784
-0.373018
-0.590053
-0.570296
-0.446692
-0.419606
-0.394041
-0.532009
-0.586671
-0.569476
-0.329627
-0.289382
-0.552375
-0.344849
-0.420109
-0.282149
-0.062264
-0.480377
-0.501963
-0.564501
-0.546080
-0.564092
-0.415423
-0.496427
-0.396784
-0.434649
-0.335529
-0.269893
-0.261842
0.100496
-0.477223
-0.440829
-0.533487
-0.509777
-0.575609
-0.554578
-0.638708
-0.577283
-0.570478
-0.535021
-0.350459
-0.172572
-0.415037
-0.388120
-0.458641
-0.355878
0.251922
-0.173236
-0.429160
-0.520299
-0.591108
-0.524346
-0.597508
-0.596587
-0.541228
-0.349326
-0.525521
-0.573677
-0.376842
-0.430437
-0.322151
-0.218003
-0.425809
-0.444396
-0.285503
-0.462639
-0.422731
-0.344759
-0.415808
-0.329675
0.006764
-0.211781
-0.483046
-0.477762
-0.481481
-0.423203
-0.304987
-0.338507
-0.149747
-0.374078
-0.271271
-0.391373
-0.213055
-0.404654
-0.497868
-0.418361
-0.533216
-0.436136
-0.328309
-0.507203
-0.525286
-0.426848
-0.380566
-0.471178
-0.369526
-0.463691
-0.526300
-0.471080
-0.393617
0.069278
-0.151961
-0.497121
-0.564525
-0.613066
-0.507995
-0.499280
-0.353846
-0.453520
-0.547294
-0.382786
-0.460000
-0.572281
-0.550391
-0.547762
-0.493498
-0.483465
-0.482182
-0.502579
-0.538418
-0.452316
-0.513202
-0.528345
-0.524961
-0.548076
-0.489854
-0.321237
-0.325371
-0.266776
-0.363601
-0.406203
-0.503128
-0.492969
-0.484906
-0.564008
-0.438633
-0.428395
-0.328549
-0.326142
-0.229334
-0.414006
-0.365741
-0.225807
-0.300311
-0.234270
-0.086246
0.010847
0.525757
0.825674
3.185356
6.259103
3.754136
3.028895
2.919605
3.469258
2.904840
2.692931
2.825812
2.289057
3.634259
4.549092
4.032486
2.639456
3.482185
2.434078
2.202592
1.572027
1.923426
2.480131
3.908026
4.020131
1.889607
3.366464
2.538206
1.857934
2.025382
1.295032
1.309879
1.004381
0.726091
1.035025
0.396446
0.813015
2.231137
1.647853
1.034016
1.978403
1.770273
1.118591
3.087083
2.979483
3.355270
1.720435
2.044614
3.118637
2.866095
1.990187
1.650040
1.557286
0.947039
2.281486
2.573854
2.042598
2.319849
2.329906
1.555674
1.831468
1.843416
2.012700
2.017752
1.510377
1.551036
2.181994
1.516593
2.495553
2.561196
2.308412
3.343107
1.871351
0.952403
1.107278
1.004139
1.253067
1.075776
1.507004
1.305680
0.926576
1.443443
2.127744
0.568393
1.365395
1.065863
0.850214
1.293604
0.993160
0.646216
1.239589
0.698567
0.846548
0.608865
0.799264
1.275662
0.725302
0.423648
0.180629
0.235900
0.705696
0.520207
1.220015
1.221934
0.619160
0.532791
0.317210
0.960285
1.065573
0.589048
0.266296
0.420491
0.616732
0.290280
0.507536
0.089110
0.391022
0.268494
0.469587
0.383735
-0.022171
0.284581
0.368711
0.771197
0.875721
0.596604
0.585775
0.425254
0.587421
0.275203
0.321632
0.913656
0.549449
0.606635
0.168601
0.559077
0.157825
0.201515
0.648440
0.096791
-0.016552
0.182002
0.332681
0.450592
0.013753
0.178633
0.448449
-0.006911
0.075092
0.074292
0.262405
0.263205
0.256940
0.537199
0.163351
-0.055687
0.185805
0.427946
0.423197
0.138152
0.009518
0.129631
0.297293
0.575295
0.187551
0.413271
0.179739
0.250471
0.121407
-0.099675
0.018881
-0.104062
0.211850
0.419461
0.837433
0.615961
0.559072
0.324865
0.452540
0.784238
0.241821
0.139208
0.450538
0.645718
0.478482
0.281757
1.147024
0.502991
0.013771
0.203294
-0.251769
-0.212281
-0.574360
-0.697387
-0.746314
-0.746314
-0.746314
-0.494836
-0.494836
-0.494836
-0.494836
-0.494836
-0.494836
-0.494836
-0.494836
-0.494836
-0.494836
-0.494836
-0.494836
-0.494836
-0.494836
-0.494836
-0.494836
-0.494836
-0.494836
-0.494836
-0.494836
-0.494836
-0.494836
-0.494836
-0.494836
-0.494836
-0.494836
-0.494836
-0.494836
-0.494836
-0.494836
-0.494836
-0.494836
-0.494836
-0.494836
-0.494836
-0.494836
-0.494836
-0.494836
-0.494836
-0.494836
-0.494836
-0.494836
-0.494836
-0.494836
-0.494836
-0.494836
-0.494836
-0.494836
-0.494836
-0.494836
-0.494836
-0.494836
-0.494836
-0.494836
-0.494836
-0.494836
-0.494836
-0.494836
-0.494836
-0.494836
-0.494836
-0.494836
-0.494836
-0.494836
-0.494836
-0.494836
-0.494836
-0.494836
-0.494836
-0.494836
-0.494836
-0.494836
-0.494836
-0.494836
-0.494836
-0.494836
-0.494836
-0.494836
-0.494836
-0.494836
-0.494836
-0.494836
-0.494836
-0.494836
-0.494836
-0.494836
-0.494836
-0.494807
-0.494508
-0.490949
-0.488859
-0.484862
-0.481745
-0.465447
-0.464628
-0.466032
-0.471720
-0.462938
-0.469732
-0.470320
-0.471235
-0.475121
-0.457054
-0.454227
-0.453291
-0.445817
-0.412845
-0.403043
-0.411593
-0.411541
-0.410474
-0.373085
-0.373285
-0.355700
-0.271440
-0.298428
-0.249881
-0.140201
-0.117278
-0.052442
-0.287200
-0.311399
-0.339453
-0.373253
-0.300044
-0.306308
-0.321529
-0.335422
-0.371879
-0.350913
-0.355374
-0.330157
-0.192431
-0.238115
-0.278769
-0.308247
-0.257822
-0.305270
-0.342392
-0.302357
-0.319464
-0.264786
-0.265016
-0.305800
-0.272670
-0.254816
-0.304718
-0.321802
-0.290921
-0.276090
-0.277245
-0.248183
-0.212842
-0.134752
-0.234558
-0.242520
-0.229029
-0.169786
-0.142960
-0.142592
-0.157623
-0.120825
-0.123633
0.062548
0.014304
0.054353
-0.066325
-0.037012
-0.129454
0.032623
0.045717
0.127986
0.146228
0.056903
0.235636
0.162485
0.280789
0.511211
0.454349
0.524942
0.425260
0.349080
0.397293
0.585981
0.415393
0.413288
0.695568
0.951690
0.461061
0.497144
0.838517
0.864144
0.745642
0.812717
1.244794
1.365315
1.340996
1.646661
1.533895
1.430810
1.579118
1.545866
1.096348
1.559356
1.848836
1.675653
2.123291
2.560602
2.060483
2.271098
2.339235
2.771230
2.816775
2.594643
2.885187
3.061527
3.213947
2.876371
2.661765
2.456674
3.546518
3.499149
3.945416
3.298347
3.351381
3.950585
4.686988
5.513490
3.405230
4.324111
5.268339
4.013995
7.006676
4.877401
2.555929
2.309053
2.402171
1.772071
2.179646
3.338663
3.083004
2.261635
2.550250
3.649434
3.985376
3.380996
2.909720
3.462665
3.056121
3.618083
2.931483
2.795448
1.708416
0.004179
-0.104653
-0.199139
-0.251614
-0.200544
-0.196899
-0.141661
-0.026177
0.203052
0.210513
0.424627
0.078500
-0.237665
-0.261173
-0.264223
-0.174454
-0.221063
-0.199622
-0.228788
-0.285509
-0.258778
-0.235763
-0.237515
-0.240181
-0.244355
-0.225670
-0.250755
-0.163239
-0.129063
-0.152213
-0.329891
-0.199050
-0.231437
-0.315515
-0.253726
-0.278285
-0.256209
-0.251476
-0.160593
-0.219017
-0.263358
-0.278665
-0.241698
-0.243503
-0.292111
-0.216699
-0.212817
-0.227105
-0.267733
-0.349052
-0.313870
-0.284228
-0.301013
-0.280459
-0.233286
-0.223953
-0.167292
-0.132538
0.140914
-0.072660
-0.258889
-0.267231
-0.321197
-0.312933
-0.324645
-0.305217
-0.306677
-0.323346
-0.353800
-0.352717
-0.312620
-0.295527
-0.300953
-0.333470
-0.325208
-0.302694
-0.336886
-0.323549
-0.341387
-0.312403
-0.286646
-0.282228
-0.278061
-0.274675
-0.231710
-0.327103
-0.349175
-0.312368
-0.341501
-0.307746
-0.335316
-0.318410
-0.299287
-0.320359
-0.301072
-0.225167
-0.274767
-0.317309
-0.267807
-0.226285
-0.150212
-0.075423
-0.093475
-0.012047
-0.178503
-0.312853
-0.237277
-0.243546
-0.257239
-0.277997
-0.300042
-0.274166
-0.293389
-0.276715
-0.279220
-0.261409
-0.285971
-0.300337
-0.289933
-0.307832
-0.230692
-0.281793
-0.287186
-0.265053
-0.288078
-0.289570
-0.314427
-0.273116
-0.154451
-0.151332
-0.110256
-0.241925
-0.230898
-0.276807
-0.279078
-0.319262
-0.318124
-0.292598
-0.248315
-0.260631
-0.312844
-0.339802
-0.323669
-0.314328
-0.296435
-0.331059
-0.276325
-0.306292
-0.293090
-0.288880
-0.331361
-0.321286
-0.322852
-0.293817
-0.304565
-0.307101
-0.338947
-0.311527
-0.286934
-0.308518
-0.311877
-0.275929
-0.263587
-0.290471
-0.288441
-0.255547
-0.281922
-0.328517
-0.342567
-0.318254
-0.343802
-0.304093
-0.244109
-0.285962
-0.322965
-0.290945
-0.335883
-0.366651
-0.367594
-0.340608
-0.337463
-0.341740
-0.287702
-0.323542
-0.324908
-0.299578
-0.294101
-0.337581
-0.327527
-0.297291
-0.337707
-0.297561
-0.331469
-0.313561
-0.329500
-0.300940
-0.343401
-0.323908
-0.266828
-0.290990
-0.285565
-0.290368
-0.342408
-0.344877
-0.316877
-0.321317
-0.291969
-0.333461
-0.362980
-0.317645
-0.349583
-0.313292
-0.284076
-0.341923
-0.363736
-0.362934
-0.347173
-0.326749
-0.320664
-0.335739
-0.353579
-0.281004
-0.313350
-0.304201
-0.219707
-0.261803
-0.278515
-0.316446
-0.280495
-0.304299
-0.331494
-0.320039
-0.360219
-0.345140
-0.328582
-0.296232
-0.336644
-0.302415
-0.303808
-0.270752
-0.290487
-0.290464
-0.313428
-0.308446
-0.282102
-0.306915
-0.308734
-0.255534
-0.289896
-0.277637
-0.291440
-0.288121
-0.277084
-0.351644
-0.330830
-0.304105
-0.312780
-0.230584
-0.305505
-0.347074
-0.345503
-0.326732
-0.331279
-0.315230
-0.285594
-0.339965
-0.270289
-0.254001
-0.336884
-0.358208
-0.324732
-0.309283
-0.322120
-0.332424
-0.317947
-0.328190
-0.376619
-0.355717
-0.312961
-0.312488
-0.326178
-0.330714
-0.282786
-0.330866
-0.320081
-0.314796
-0.335584
-0.349614
-0.346158
-0.360648
-0.335344
-0.339823
-0.280538
-0.248463
-0.312270
-0.290670
-0.269972
-0.255366
-0.309285
-0.320220
-0.332450
-0.313097
-0.306987
-0.282865
-0.339805
-0.344786
-0.355514
-0.321141
-0.324505
-0.303376
-0.341765
-0.280279
-0.295107
-0.257367
-0.281793
-0.334145
-0.292117
-0.320494
-0.254404
-0.168252
-0.186548
-0.211448
-0.193963
-0.195064
-0.279519
-0.315088
-0.319720
-0.318463
-0.299147
-0.310639
-0.335300
-0.334732
-0.317257
-0.328991
-0.347194
-0.319513
-0.287290
-0.297530
-0.285434
-0.269057
-0.273323
-0.329719
-0.343360
-0.311714
-0.268798
-0.255474
-0.308046
-0.349321
-0.274828
-0.308220
-0.337488
-0.323878
-0.378677
-0.334020
-0.349008
-0.311153
-0.289897
-0.363218
-0.341034
-0.292516
-0.298730
-0.392811
-0.386520
-0.424742
-0.399172
-0.397443
-0.427578
-0.436370
-0.457699
-0.461645
-0.465116
-0.488049
-0.494450
-0.494836
-0.494836
-0.494836
-0.494836
-0.494836
-0.494836
-0.494836
-0.494836
-0.494836
-0.494836
-0.494836
-0.498811
-0.498811
-0.498811
-0.498811
-0.498811
-0.498811
-0.498811
-0.498811
-0.498811
-0.498811
-0.498811
-0.498811
-0.498811
-0.498811
-0.498811
-0.498811
-0.498811
-0.498811
-0.498811
-0.498811
-0.498811
-0.498811
-0.498811
-0.498811
-0.498811
-0.498811
-0.498811
-0.498811
-0.498811
-0.498811
-0.498811
-0.498811
-0.498811
-0.498811
-0.498811
-0.498811
-0.498811
-0.498811
-0.498811
-0.498811
-0.498811
-0.498811
-0.498811
-0.498811
-0.498811
-0.498811
-0.498811
-0.498811
-0.498811
-0.498811
-0.498811
-0.498811
-0.498811
-0.498811
-0.498811
-0.498811
-0.498811
-0.498811
-0.498811
-0.498811
-0.498811
-0.498811
-0.498811
-0.498811
-0.498811
-0.498811
-0.498811
-0.498811
-0.498811
-0.498591
-0.498336
-0.497060
-0.491521
-0.482974
-0.477821
-0.470343
-0.468686
-0.473720
-0.455474
-0.452933
-0.453183
-0.436845
-0.445320
-0.436664
-0.415781
-0.425275
-0.444677
-0.428825
-0.398750
-0.392041
-0.398098
-0.424151
-0.399842
-0.415916
-0.353069
-0.250724
-0.330922
-0.380861
-0.298880
-0.252096
-0.246726
-0.227006
-0.201834
-0.216539
-0.273440
-0.264041
-0.136252
-0.147249
-0.160130
-0.205464
-0.163487
-0.112005
-0.127677
-0.210671
-0.174003
-0.132627
-0.069893
-0.127984
-0.134042
-0.011087
-0.061794
-0.086778
-0.128973
-0.144927
-0.033867
0.007499
-0.064992
-0.034553
-0.041663
0.072570
0.046795
-0.017895
-0.023307
-0.130505
-0.058895
-0.054024
-0.162741
-0.062864
0.032520
0.023310
-0.029046
-0.105519
-0.156872
-0.072679
0.030598
0.026932
-0.073043
-0.032694
0.008732
-0.047173
-0.181377
-0.075436
-0.115590
-0.097632
0.038126
0.000959
-0.027809
-0.064229
-0.079269
0.077508
-0.064032
-0.045477
-0.014270
-0.049228
0.021606
-0.044903
-0.004191
-0.012984
-0.041609
0.095068
-0.021640
-0.137055
-0.071286
-0.073344
-0.080715
-0.106966
-0.140119
-0.072617
-0.162370
-0.082853
-0.135696
-0.144370
-0.167496
-0.114197
-0.043827
-0.053811
-0.167238
-0.145387
-0.074403
-0.061703
-0.019209
-0.068462
-0.139169
-0.129677
-0.045992
-0.055770
0.032930
0.102592
-0.014181
-0.035816
-0.050020
-0.072481
-0.058381
-0.092062
-0.071330
-0.001791
0.111590
-0.014831
0.098299
0.433854
0.747668
2.650697
5.658307
12.483917
10.650374
7.415702
4.865147
3.490578
2.998258
2.404797
1.812293
1.782026
1.965191
1.393417
1.058179
1.170957
1.026504
0.632171
0.476310
0.806652
0.953700
0.621665
0.517243
0.529545
0.537524
0.451358
0.518104
0.557366
0.523480
0.861781
1.001325
1.913359
4.576238
6.961630
5.651620
5.306056
2.929975
2.087956
1.554677
1.272493
1.036847
1.033802
0.841683
0.793115
0.996196
0.813016
0.771585
0.688873
0.590562
0.550451
0.528849
0.511234
0.409220
0.369895
0.588515
0.324396
0.242264
0.445768
0.340792
0.227360
0.139031
0.140870
-0.002353
-0.009822
0.062489
0.086972
-0.079183
-0.057786
-0.114915
-0.015686
-0.025405
0.083367
0.044741
0.067143
-0.041993
0.065036
0.072428
0.235081
0.161862
0.205600
0.262298
0.101563
0.075895
0.135537
0.241715
0.135202
0.054108
-0.022543
-0.097397
-0.051152
-0.088730
-0.199270
-0.195362
-0.170361
-0.060314
-0.074663
-0.165043
-0.122740
-0.059536
-0.093080
-0.174639
-0.096689
-0.111822
-0.117395
-0.009245
0.017071
-0.098558
-0.077935
-0.075820
0.012304
-0.121165
-0.182120
-0.183980
-0.135317
0.024226
-0.053214
-0.047180
-0.092833
-0.001465
-0.016914
0.032458
0.076890
-0.041119
0.000214
-0.124077
-0.127971
-0.069498
-0.120007
-0.137626
-0.065761
0.001075
-0.103761
-0.123565
-0.077902
-0.150010
-0.075484
-0.170717
-0.077328
-0.187962
-0.191806
-0.123792
-0.154687
-0.175648
-0.166867
-0.108023
-0.158703
-0.106625
-0.113303
-0.114363
-0.109909
-0.096437
-0.088672
-0.098611
-0.017425
-0.069386
-0.121000
-0.224524
-0.157957
-0.102957
-0.061860
-0.059552
-0.067467
-0.168134
-0.152904
-0.155278
-0.201023
-0.096636
-0.156128
-0.159857
-0.125083
-0.131927
-0.133147
-0.098936
-0.143743
-0.183430
-0.183722
-0.183167
-0.182050
-0.165486
-0.150245
-0.199490
-0.180914
