-0.278353
-0.268124
-0.363571
-0.444647
-0.354953
-0.225568
-0.304642
-0.330719
-0.146810
-0.328454
-0.310001
-0.448499
-0.604235
-0.560777
-0.599585
-0.416538
-0.562319
-0.631890
-0.631802
-0.645555
-0.604896
-0.278375
-0.160825
0.277619
-0.243950
-0.632756
-0.576244
-0.813489
-0.651381
-0.744020
-0.736945
-0.576137
-0.512490
-0.601331
-0.568354
-0.521362
-0.349518
-0.347074
-0.193087
0.038308
-0.633172
-0.570517
-0.657025
-0.793651
-0.699085
-0.857833
-0.866654
-0.862016
-0.809126
-0.786678
-0.757641
-0.889169
-0.819051
-0.792807
-0.749207
-0.654228
-0.717749
-0.792738
-0.770837
-0.832692
-0.814220
-0.674598
-0.578079
-0.320191
-0.111856
-0.387776
-0.660349
-0.681698
-0.836664
-0.816036
-0.848759
-0.847534
-0.776866
-0.785545
-0.694064
-0.527521
-0.690420
-0.842261
-0.952046
-0.897319
-0.925326
-0.832867
-0.962571
-0.907512
-1.027570
-0.990342
-1.054389
-1.132120
-1.155493
-1.202798
-1.202839
-1.202839
-1.202839
-1.202839
-1.202839
-1.202839
-1.202839
-1.202839
-0.617458
-0.617458
-0.617458
-0.617458
-0.617458
-0.617458
-0.617458
-0.617458
-0.617458
-0.617458
-0.617458
-0.617458
-0.617458
-0.617458
-0.617458
-0.617458
-0.617458
-0.617458
-0.617458
-0.617458
-0.617458
-0.617458
-0.617458
-0.617458
-0.617458
-0.617458
-0.617458
-0.617458
-0.617458
-0.617458
-0.617458
-0.617458
-0.617458
-0.617458
-0.617458
-0.617458
-0.617458
-0.617458
-0.617458
-0.617458
-0.617458
-0.617458
-0.617458
-0.617458
-0.617458
-0.617458
-0.617458
-0.617458
-0.617458
-0.617458
-0.617458
-0.617458
-0.617458
-0.617458
-0.617458
-0.617458
-0.617458
-0.617458
-0.617458
-0.617458
-0.617458
-0.617458
-0.617458
-0.617458
-0.617458
-0.617458
-0.617458
-0.617458
-0.617458
-0.617458
-0.617458
-0.617458
-0.617458
-0.617458
-0.617458
-0.617458
-0.617458
-0.617458
-0.617458
-0.617458
-0.617458
-0.617458
-0.617458
-0.617458
-0.617458
-0.617458
-0.617458
-0.617458
-0.617458
-0.617458
-0.617458
-0.617458
-0.617458
-0.617458
-0.617458
-0.617458
-0.617458
-0.617458
-0.617458
-0.617458
-0.617458
-0.617458
-0.617458
-0.617458
-0.617458
-0.617458
-0.617458
-0.617458
-0.617458
-0.617212
-0.569001
-0.575103
-0.383040
-0.216570
-0.318022
0.012575
-0.110553
0.222802
0.342981
0.305688
0.605353
0.961534
0.971302
1.186242
0.641693
0.736516
0.467264
0.829851
0.898938
0.961339
0.917907
1.270228
1.331813
1.117313
1.120002
1.181066
1.366042
1.573708
1.067361
0.802565
0.969537
0.878411
1.255514
0.989408
0.840541
0.407598
0.242546
0.597384
0.969809
0.593525
0.494406
0.638237
0.821797
0.873937
0.856946
0.988733
0.637714
0.646879
0.658666
0.618006
0.386564
0.215749
0.139095
-0.013620
0.087971
0.048671
0.016786
0.137975
0.335579
0.335705
0.000458
0.248391
0.348223
0.415804
0.348852
0.298111
0.187009
0.262411
-0.058559
-0.014648
-0.007285
-0.076869
0.018430
-0.078703
-0.041531
-0.107000
0.074515
-0.045695
-0.063177
0.028878
-0.206366
-0.016936
-0.089428
-0.066698
-0.122509
-0.139030
-0.008677
-0.092645
-0.180214
-0.138851
-0.139220
-0.142537
-0.108373
-0.025117
-0.152228
-0.168743
-0.124328
-0.088429
0.139356
-0.043594
-0.140759
-0.124841
-0.182904
-0.060165
-0.096164
-0.104026
-0.227513
-0.196488
-0.074808
-0.148811
-0.089562
-0.181253
-0.141755
-0.200420
-0.140560
-0.170220
-0.049654
0.008409
-0.008075
-0.164607
-0.170487
-0.159453
-0.106283
-0.046456
-0.078446
-0.096757
-0.110145
-0.130220
-0.027630
0.019538
-0.125254
-0.236292
0.029730
-0.041428
-0.162153
-0.213019
-0.166865
-0.064684
-0.024843
-0.062797
-0.100283
-0.097126
-0.164997
-0.178568
0.015290
0.050175
0.084854
0.016898
0.023167
0.145258
-0.003646
0.024347
-0.007418
-0.089692
-0.056148
0.104451
0.129468
0.012552
0.123481
0.309552
0.329902
0.076536
-0.018043
0.115273
0.050889
-0.046620
0.048682
0.044649
-0.013027
-0.100339
-0.063348
0.124068
0.176288
-0.078053
-0.104968
-0.132190
-0.102539
0.105282
0.051409
0.006037
0.064212
0.088364
0.125972
0.033852
-0.042858
-0.095190
-0.150162
-0.134056
-0.164673
-0.095101
0.050945
0.021770
-0.058340
0.162965
0.065555
0.093770
0.052824
-0.094921
0.160315
0.086455
0.005352
0.106081
0.248385
0.010940
0.048550
0.188947
0.071795
-0.006786
-0.011921
-0.032654
0.411038
0.681678
0.306201
0.127270
0.421762
0.189157
0.016320
-0.019354
0.315387
0.246548
0.424663
0.368043
0.142966
0.079103
0.091715
-0.010704
-0.154293
-0.089036
-0.059264
0.012226
-0.018747
-0.038085
-0.010195
0.259758
0.160542
-0.067231
-0.126918
0.052470
0.136041
0.150911
-0.034264
0.021474
0.006312
0.077130
0.211250
0.342748
0.011247
0.219148
0.434390
0.034171
0.224270
0.303283
0.360704
0.338345
0.138747
0.196195
0.129496
0.135101
0.038418
0.042788
-0.025169
0.076508
0.501788
0.411841
0.040161
0.125705
0.103039
0.035992
0.087416
0.101089
0.066856
0.135112
0.229362
0.116529
0.091275
0.149870
0.080990
0.228288
0.204646
0.321382
0.227480
0.230216
0.296753
0.257345
0.161761
0.229133
0.055364
0.051618
0.337416
0.477827
0.328756
0.414639
0.279135
0.264120
0.341327
0.113505
0.238402
0.355081
0.488052
0.178653
0.234013
0.271431
0.241958
0.551754
0.324725
0.422916
0.531982
0.372326
0.382210
0.270478
0.554924
0.643519
0.448024
0.669444
0.457677
0.432014
0.540370
0.693965
0.430864
0.478167
0.359990
0.419509
0.447178
1.391465
1.375437
1.474408
1.787483
12.127719
18.981331
4.653244
0.062784
-0.073698
-0.101044
-0.145444
-0.044135
-0.131236
-0.201339
-0.014634
-0.040205
0.031393
-0.013983
-0.087173
-0.196679
-0.209933
-0.191846
-0.292542
-0.186703
-0.134385
-0.145797
-0.161045
-0.273858
-0.213016
-0.229745
-0.165056
-0.151852
-0.174100
-0.329632
-0.202232
-0.213592
-0.252842
-0.226772
-0.221952
-0.193113
-0.189001
-0.018281
-0.137152
-0.131366
-0.226637
-0.092948
-0.111175
-0.169554
-0.204154
-0.131287
-0.199347
-0.219639
-0.137287
-0.185617
-0.205976
-0.176110
-0.168482
-0.172710
-0.235447
-0.215465
-0.188294
-0.168615
-0.090257
-0.124351
-0.194538
-0.145122
-0.168078
-0.166218
-0.231932
-0.211893
-0.170302
-0.143064
-0.104313
-0.150872
-0.152206
-0.147468
-0.110507
-0.060096
-0.121644
-0.104084
-0.019649
-0.158641
-0.189237
-0.095114
-0.055853
-0.178012
-0.078418
-0.093949
-0.173566
-0.266129
-0.278741
-0.216033
-0.162565
-0.166060
-0.148724
-0.227945
-0.229133
-0.119298
-0.097326
-0.023792
-0.108323
-0.114686
-0.115077
-0.056570
-0.114551
-0.148374
-0.168840
-0.211947
-0.182412
-0.207581
-0.173421
-0.200525
-0.155723
-0.175250
-0.106739
-0.073088
-0.126606
-0.091829
-0.093892
-0.238683
-0.231729
-0.216669
-0.176566
-0.208671
-0.170943
-0.087927
-0.128017
-0.170071
-0.177564
-0.076665
-0.052167
-0.043186
-0.092134
-0.130111
-0.130365
-0.139378
-0.088420
-0.084667
0.045315
-0.026011
-0.127872
-0.186489
-0.105908
-0.115069
-0.097302
0.016713
-0.084119
-0.100209
-0.025375
0.055899
-0.171547
-0.197157
-0.223673
-0.159766
-0.089139
-0.003199
-0.015765
0.010803
-0.136401
-0.131032
-0.115296
-0.049987
-0.098952
-0.211352
-0.067176
-0.089543
-0.148083
-0.134779
-0.169423
-0.215216
-0.124190
-0.106453
-0.146964
-0.141933
-0.169014
-0.045793
-0.000486
-0.069747
0.015048
-0.093227
-0.172779
-0.206282
-0.140886
-0.204570
-0.118654
-0.147042
-0.140455
-0.216798
-0.237350
-0.190138
-0.201824
-0.181484
-0.270754
-0.345865
-0.436169
-0.422205
-0.445382
-0.559711
-0.617322
-0.617458
-0.617458
-0.617458
-0.617458
-0.617458
-0.899144
-0.899144
-0.899144
-0.899144
-0.899144
-0.899144
-0.899144
-0.899144
-0.899144
-0.899144
-0.899144
-0.899144
-0.899144
-0.899144
-0.899144
-0.899144
-0.899144
-0.899144
-0.899144
-0.899144
-0.899144
-0.899144
-0.899144
-0.899144
-0.899144
-0.899144
-0.899144
-0.899144
-0.899144
-0.899144
-0.899144
-0.899144
-0.899144
-0.899144
-0.899144
-0.899144
-0.899144
-0.899144
-0.899144
-0.899144
-0.899144
-0.899144
-0.899144
-0.899144
-0.899144
-0.899144
-0.899144
-0.899144
-0.899144
-0.899144
-0.899144
-0.899144
-0.899144
-0.899144
-0.899144
-0.899144
-0.899144
-0.899144
-0.899144
-0.899144
-0.899144
-0.899144
-0.899144
-0.899144
-0.899144
-0.899144
-0.899144
-0.899144
-0.899144
-0.899144
-0.899144
-0.899144
-0.899144
-0.899144
-0.899144
-0.899144
-0.899144
-0.899144
-0.899144
-0.899144
-0.899144
-0.899144
-0.899144
-0.899144
-0.899144
-0.899144
-0.899144
-0.899144
-0.899144
-0.899144
-0.899144
-0.899144
-0.899144
-0.899144
-0.899144
-0.899144
-0.899144
-0.899144
-0.899144
-0.899144
-0.899144
-0.899144
-0.899144
-0.899144
-0.899144
-0.899144
-0.899144
-0.899143
-0.896315
-0.867196
-0.772024
-0.829300
-0.882324
-0.829213
-0.779329
-0.790959
-0.752272
-0.730653
-0.695259
-0.633213
-0.503105
-0.436453
-0.282812
-0.277812
-0.445642
-0.317805
-0.460234
-0.362225
-0.290396
-0.347503
-0.261678
-0.347905
-0.315898
-0.288190
-0.216193
-0.345913
-0.367903
-0.349137
-0.154101
-0.174433
0.146966
0.287785
0.202570
0.006980
-0.152898
-0.390994
-0.345456
-0.424854
-0.405365
-0.462929
-0.493271
-0.433042
-0.378111
-0.276783
-0.319418
-0.483216
-0.491450
-0.500806
-0.416208
-0.362063
-0.485062
-0.497092
-0.529802
-0.438936
-0.381936
-0.308754
-0.430923
-0.461299
-0.547132
-0.522458
-0.351148
-0.549618
-0.425912
-0.369069
-0.313760
-0.422427
-0.503707
-0.464317
-0.479254
-0.516318
-0.482803
-0.451402
-0.508385
-0.369994
-0.382492
-0.403579
-0.437980
-0.245245
-0.340588
-0.339514
-0.306818
-0.439072
-0.441548
-0.528752
-0.374569
-0.334554
-0.291973
-0.435481
-0.425616
-0.488909
-0.508323
-0.583311
-0.534368
-0.463828
-0.450207
-0.386052
-0.430478
-0.444371
-0.535368
-0.352203
-0.508809
-0.510206
-0.467443
-0.486002
-0.355970
-0.308421
-0.472497
-0.579365
-0.492383
-0.434385
-0.465585
-0.476264
-0.467164
-0.490963
-0.575850
-0.484348
-0.540663
-0.394549
-0.451167
-0.573234
-0.541714
-0.525063
-0.592041
-0.421949
-0.428253
-0.485531
-0.326104
-0.468758
-0.531709
-0.442560
-0.479783
-0.474996
-0.483002
-0.542623
-0.580840
-0.430269
-0.471040
-0.426638
-0.420243
-0.535214
-0.454150
-0.405825
-0.466676
-0.377390
-0.465669
-0.477760
-0.455197
-0.451585
-0.411671
-0.443009
-0.479674
-0.504397
-0.466152
-0.526008
-0.511308
-0.326607
-0.276575
-0.346146
-0.456703
-0.489797
-0.402145
-0.397030
-0.380489
-0.499751
-0.496821
-0.489469
-0.506573
-0.205159
-0.327806
-0.386288
-0.481653
-0.477392
-0.348711
-0.488330
-0.415666
-0.432688
-0.385684
-0.452813
-0.295414
-0.464016
-0.396168
-0.329720
-0.539085
-0.518598
-0.587830
-0.517830
-0.483472
-0.423016
-0.394686
-0.442304
-0.522648
-0.409836
-0.449139
-0.484135
-0.559923
-0.465539
-0.421139
-0.445160
-0.277622
-0.365209
-0.384709
-0.476992
-0.414765
-0.195331
-0.363102
-0.466747
-0.486680
-0.500361
-0.497982
-0.464188
-0.574056
-0.525817
-0.461449
-0.484729
-0.375317
-0.475430
-0.493731
-0.501662
-0.367581
-0.344926
-0.432781
-0.331249
-0.311517
-0.401504
-0.433103
-0.508380
-0.400338
-0.494672
-0.527783
-0.337707
-0.388658
-0.390660
-0.507194
-0.527040
-0.449689
-0.418962
-0.528510
-0.408395
-0.433676
-0.455328
-0.454805
-0.316635
-0.495027
-0.430934
-0.426502
-0.404748
-0.549966
-0.429184
-0.417590
-0.379978
-0.380330
-0.522508
-0.432878
-0.471441
-0.454793
-0.434316
-0.415448
-0.427388
-0.436623
-0.446327
-0.370266
-0.401968
-0.502084
-0.385507
-0.254889
-0.261565
-0.278042
-0.276648
-0.413821
-0.453373
-0.496363
-0.442523
-0.388900
-0.394688
-0.318302
-0.429238
-0.292406
-0.115973
-0.122541
-0.068469
-0.180302
-0.017039
-0.217400
-0.031987
-0.156119
-0.188973
0.081064
0.351781
0.566702
0.645751
0.509102
0.497372
0.853911
0.914229
0.645961
0.904498
1.386123
0.665913
1.179181
0.540226
1.297218
0.638539
0.033230
0.025107
0.065644
0.176604
0.052157
0.025001
-0.245451
-0.110155
0.345836
0.807712
0.400977
0.380075
0.943865
1.346411
0.925585
1.673512
2.163750
2.109567
2.291033
1.918063
2.096354
2.411169
2.576083
2.025961
1.682979
2.631117
3.761904
3.123290
2.223983
1.755162
1.517202
1.176383
0.820722
0.567345
0.690416
0.148795
0.292095
0.665140
0.402283
0.663705
0.441810
0.824226
0.994558
0.751402
0.441255
0.994786
1.329975
0.720669
1.201368
0.697307
1.641351
1.818908
2.011074
3.677739
3.198558
3.406878
2.524168
3.123855
1.846895
0.751283
0.503702
0.160104
0.088052
-0.103475
-0.104076
-0.222044
-0.140188
-0.297242
-0.155284
-0.049969
-0.019999
0.060553
0.103041
-0.078098
0.073120
-0.085278
0.308619
0.342515
0.433242
0.342930
-0.038068
0.318699
0.349261
0.111270
0.110917
0.107894
-0.025489
0.250821
0.333651
-0.095718
0.468236
0.234601
0.021298
-0.020499
-0.137869
0.021160
0.116290
0.275739
0.032636
0.651621
0.523732
1.191141
0.470441
0.847155
1.688366
0.925356
1.132231
1.938444
1.451993
0.791569
0.925037
1.141270
1.090720
0.534947
0.830803
1.347895
0.553378
0.637964
0.785577
0.965936
0.726037
0.672350
0.528808
0.780540
0.731425
0.925431
1.385449
1.933012
1.672178
2.647816
1.538414
2.564879
3.417660
3.056243
1.588045
1.553760
2.301425
2.542048
2.682008
4.042306
4.178124
2.853211
2.066478
0.864738
0.110945
0.074180
0.336808
0.570557
0.562755
1.436563
0.486612
0.944571
1.052969
0.520912
0.497843
0.841301
0.248623
0.277644
0.738825
0.674290
1.548919
1.446743
0.965486
1.567737
1.072708
0.876236
1.009794
1.217204
0.892676
0.359298
0.625623
0.825076
0.962308
1.735800
1.478757
2.186358
4.156883
4.465067
3.356314
2.644996
2.922055
3.277140
3.065717
3.592762
3.345487
2.375492
2.312011
2.035707
1.408971
1.411551
0.683473
0.336664
0.027478
-0.026999
-0.111644
-0.185569
-0.166677
-0.157544
-0.122863
-0.092905
-0.211485
-0.381756
-0.221926
-0.118198
-0.151523
-0.319012
-0.282108
-0.083796
-0.151736
-0.019612
-0.090484
0.072896
-0.394850
-0.270839
-0.416834
-0.410932
-0.613438
-0.765457
-0.830463
-0.899144
-0.899144
-0.899144
-0.899144
-0.899144
-0.899144
-0.354840
-0.354840
-0.354840
-0.354840
-0.354840
-0.354840
-0.354840
-0.354840
-0.354840
-0.354840
-0.354840
-0.354840
-0.354840
-0.354840
-0.354840
-0.354840
-0.354840
-0.354840
-0.354840
-0.354840
-0.354840
-0.354840
-0.354840
-0.354840
-0.354840
-0.354840
-0.354840
-0.354840
-0.354840
-0.354840
-0.354840
-0.354840
-0.354840
-0.354840
-0.354840
-0.354840
-0.354840
-0.354840
-0.354840
-0.354840
-0.354840
-0.354840
-0.354840
-0.354840
-0.354840
-0.354840
-0.354840
-0.354840
-0.354840
-0.354840
-0.354840
-0.354840
-0.354840
-0.354840
-0.354840
-0.354840
-0.354840
-0.354840
-0.354840
-0.354840
-0.354840
-0.354840
-0.354840
-0.354840
-0.354840
-0.354840
-0.354840
-0.354840
-0.354840
-0.354840
-0.354840
-0.354840
-0.354840
-0.354840
-0.354840
-0.354840
-0.354840
-0.354840
-0.354840
-0.354840
-0.354840
-0.354840
-0.354840
-0.354840
-0.354840
-0.354840
-0.354840
-0.354840
-0.354840
-0.354840
-0.354840
-0.354840
-0.354840
-0.354840
-0.354840
-0.354840
-0.354840
-0.354840
-0.354840
-0.354840
-0.354840
-0.354834
-0.335436
-0.349268
-0.328677
-0.297855
-0.304856
-0.252594
-0.283989
-0.222999
-0.291327
-0.271680
-0.309506
-0.273554
-0.179218
-0.211221
-0.211826
-0.234776
-0.203540
-0.182593
-0.167959
-0.178654
-0.145256
-0.197879
-0.204879
-0.195556
-0.195261
-0.191759
-0.141320
-0.171119
-0.163305
-0.192754
-0.187534
-0.206781
-0.190475
-0.172430
-0.168398
-0.222337
-0.211078
-0.168339
-0.177986
-0.160851
-0.182048
-0.183807
-0.135544
-0.160762
-0.200167
-0.168517
-0.119467
-0.137683
-0.171339
-0.177503
-0.154979
-0.128121
-0.210248
-0.258169
-0.217781
-0.179003
-0.175039
-0.126525
-0.137142
-0.178940
-0.163870
-0.186264
-0.191091
-0.174554
-0.164068
-0.179530
-0.208917
-0.153225
-0.161366
-0.191758
-0.191858
-0.202599
-0.225623
-0.195924
-0.174156
-0.186613
-0.190693
-0.181455
-0.149587
-0.149578
-0.159687
-0.181183
-0.155450
-0.168659
-0.225137
-0.176079
-0.140678
-0.154782
-0.154895
-0.164330
-0.162429
-0.154030
-0.193410
-0.204721
-0.168217
-0.140394
-0.175913
-0.169731
-0.200096
-0.146209
-0.197988
-0.170487
-0.165727
-0.201511
-0.150425
-0.132486
-0.195898
-0.178561
-0.193570
-0.144089
-0.160065
-0.195763
-0.183191
-0.197399
-0.190786
-0.186356
-0.222092
-0.144292
-0.134520
-0.163598
-0.114007
-0.213042
-0.166908
-0.159264
-0.161647
-0.150440
-0.182532
-0.198090
-0.209076
-0.225887
-0.142290
-0.177623
-0.141580
-0.179236
-0.172128
-0.205194
-0.170649
-0.180290
-0.159816
-0.196942
-0.164104
-0.116597
-0.146102
-0.172090
-0.161550
-0.134949
-0.193978
-0.165684
-0.163837
-0.142342
-0.184534
-0.168812
-0.213286
-0.173619
-0.188574
-0.156534
-0.165233
-0.126158
-0.146498
-0.161140
-0.144898
-0.170595
-0.202898
-0.181814
-0.175459
-0.210199
-0.177393
-0.157261
-0.141567
-0.202850
-0.172064
-0.166374
-0.121620
-0.123943
-0.195656
-0.176018
-0.180762
-0.168800
-0.147325
-0.204376
-0.145583
-0.130432
-0.110171
-0.169299
-0.182467
-0.157049
-0.134004
-0.183827
-0.220916
-0.186983
-0.154032
-0.183927
-0.193372
-0.195984
-0.194287
-0.166428
-0.165093
-0.187971
-0.183416
-0.194643
-0.175585
-0.189465
-0.221126
-0.142028
-0.148742
-0.110167
-0.141853
-0.149532
-0.159981
-0.170111
-0.208060
-0.126238
-0.179482
-0.131863
-0.159467
-0.142324
-0.158776
-0.153461
-0.156317
-0.165809
-0.171470
-0.125617
-0.179266
-0.211296
-0.168512
-0.191741
-0.198310
-0.174829
-0.157230
-0.129811
-0.151224
-0.157054
-0.170142
-0.126411
-0.179449
-0.147243
-0.179314
-0.136042
-0.191515
-0.179388
-0.111411
-0.134824
-0.142326
-0.168755
-0.143065
-0.178403
-0.154718
-0.213386
-0.153351
-0.203875
-0.148701
-0.161118
-0.183606
-0.180421
-0.155053
-0.124593
-0.144869
-0.140356
-0.148981
-0.142225
-0.184972
-0.175292
-0.095023
-0.087807
-0.129576
-0.156862
-0.144729
-0.173555
-0.170519
-0.160723
-0.189097
-0.134860
-0.170122
-0.128336
-0.155485
-0.132597
-0.098235
-0.106304
-0.147026
-0.149257
-0.199203
-0.143933
-0.142222
-0.159119
-0.178366
-0.153408
-0.163761
-0.139808
-0.139741
-0.166286
-0.098646
-0.147449
-0.117641
-0.096499
-0.119599
-0.170561
-0.149675
-0.154906
-0.152870
-0.152144
-0.109152
-0.138642
-0.141670
-0.107062
-0.109749
-0.153835
-0.174364
-0.146062
-0.120980
-0.228987
-0.165677
-0.164800
-0.149631
-0.121099
-0.079527
-0.079966
-0.096663
-0.070485
-0.090566
0.021185
-0.026869
0.015738
0.061158
0.272861
0.248381
0.174689
0.373986
0.461057
0.461965
0.715393
1.282947
2.546456
4.591073
5.815147
8.996615
6.584170
8.718043
7.936533
6.121728
4.609185
2.800922
1.060322
0.097731
-0.049860
-0.030280
-0.094317
-0.053874
-0.094672
-0.111775
0.016893
0.068466
0.051579
0.124187
0.132939
0.411046
0.485237
1.006116
1.092231
1.766940
3.171066
4.827371
4.508429
7.692337
5.912097
4.757272
4.117572
3.877242
1.930779
0.893581
0.204564
0.275688
0.248652
0.056190
0.161692
0.230482
0.238949
0.307632
0.448429
0.025443
0.217283
0.129015
0.140412
0.034439
0.123306
0.096087
0.028254
0.067330
0.143880
0.137777
-0.006102
0.011582
0.026644
-0.012445
-0.066317
-0.084983
-0.084257
-0.091441
-0.085280
-0.045276
-0.049804
-0.087272
-0.085842
-0.117849
-0.145269
-0.143756
-0.179640
-0.140586
-0.174770
-0.171656
-0.156981
-0.124017
-0.109848
-0.127027
-0.112843
-0.158056
-0.117267
-0.143743
-0.182429
-0.190193
-0.099062
-0.159064
-0.191405
-0.168144
-0.144493
-0.178882
-0.163617
-0.142266
-0.162359
-0.094742
-0.124905
-0.152606
-0.157464
-0.167722
-0.190831
-0.139912
-0.090359
-0.128073
-0.147814
-0.178447
-0.128277
-0.152694
-0.153497
-0.173033
-0.145753
-0.186343
-0.167948
-0.077669
-0.137058
-0.103549
-0.139110
-0.147760
-0.144702
-0.142855
-0.187927
-0.170451
-0.199046
-0.132589
-0.159840
-0.200609
-0.126273
-0.141296
-0.118067
-0.123974
-0.118839
-0.186375
-0.182706
-0.163012
-0.170367
-0.156626
-0.179990
-0.167901
-0.112283
-0.133696
-0.172537
-0.139207
-0.150665
-0.132805
-0.196990
-0.086788
-0.160427
-0.126171
-0.144498
-0.144215
-0.141122
-0.191391
-0.197646
-0.144443
-0.128506
-0.143219
-0.181987
-0.144201
-0.103828
-0.154770
-0.122557
-0.100061
-0.157018
-0.119942
-0.112775
-0.139902
-0.148909
-0.210744
-0.186520
-0.177850
-0.185965
-0.172131
-0.126565
-0.146067
-0.188756
-0.172673
-0.095355
0.011096
0.258187
-0.118988
-0.199819
-0.237079
-0.247096
-0.247250
-0.207449
-0.250646
-0.256646
-0.276212
-0.270063
-0.281870
-0.280398
-0.310594
-0.313408
-0.347127
-0.354828
-0.354840
-0.354840
-0.354840
-0.354840
-0.354840
-0.354840
-0.354840
-0.445059
-0.445059
-0.445059
-0.445059
-0.445059
-0.445059
-0.445059
-0.445059
-0.445059
-0.445059
-0.445059
-0.445059
-0.445059
-0.445059
-0.445059
-0.445059
-0.445059
-0.445059
-0.445059
-0.445059
-0.445059
-0.445059
-0.445059
-0.445059
-0.445059
-0.445059
-0.445059
-0.445059
-0.445059
-0.445059
-0.445059
-0.445059
-0.445059
-0.445059
-0.445059
-0.445059
-0.445059
-0.445059
-0.445059
-0.445059
-0.445059
-0.445059
-0.445059
-0.445059
-0.445059
-0.445059
-0.445059
-0.445059
-0.445059
-0.445059
-0.445059
-0.445059
-0.445059
-0.445059
-0.445059
-0.445059
-0.445059
-0.445059
-0.445059
-0.445059
-0.445059
-0.445059
-0.445059
-0.445059
-0.445059
-0.445059
-0.445059
-0.445059
-0.445059
-0.445059
-0.445059
-0.445059
-0.445059
-0.445059
-0.445059
-0.445059
-0.445059
-0.445058
-0.444338
-0.444310
-0.434379
-0.429996
-0.438491
-0.425109
-0.416359
-0.416766
-0.419502
-0.431730
-0.429348
-0.423766
-0.400840
-0.404570
-0.413626
-0.410397
-0.401976
-0.404353
-0.382561
-0.399719
-0.376814
-0.356810
-0.374571
-0.363190
-0.346706
-0.338126
-0.212607
-0.281588
-0.258397
-0.265746
-0.299705
-0.300035
-0.295703
-0.289845
-0.268584
-0.295123
-0.227916
-0.191624
-0.184014
-0.220541
-0.215306
-0.220841
-0.226470
-0.224470
-0.225079
-0.215363
-0.263263
-0.261122
-0.226961
-0.239496
-0.167604
-0.150284
-0.181650
-0.214257
-0.212807
-0.237631
-0.187995
-0.162589
-0.148972
-0.074216
0.055771
0.214801
0.080522
-0.073877
-0.071551
-0.146585
-0.141385
-0.127549
-0.165409
-0.156129
-0.147603
-0.202726
-0.253953
-0.199782
-0.210318
-0.191963
-0.265618
-0.199901
-0.196660
-0.158458
-0.177171
-0.252233
-0.233522
-0.206763
-0.148731
-0.219965
-0.165839
-0.159329
-0.076749
-0.052835
0.025018
-0.040860
-0.039099
0.087627
0.141788
0.074483
0.093895
0.049763
-0.011643
-0.025263
-0.068372
-0.025709
-0.044711
-0.122070
-0.183551
-0.157531
-0.086840
-0.134282
-0.134684
-0.205864
-0.175323
-0.129253
-0.122117
-0.088092
0.107928
0.143380
0.045203
0.188042
0.285774
0.090240
0.209082
0.248241
0.270046
0.419895
0.601956
0.473504
0.386385
0.348045
0.477516
0.573721
0.434736
0.227697
0.421674
0.251724
0.179724
0.142184
0.208669
0.216898
0.356676
0.888896
1.230074
1.223383
1.338428
1.675353
1.991073
1.822473
3.951987
7.010088
12.093520
9.760565
7.728238
4.250856
3.787735
3.482371
3.531634
2.149636
2.600134
2.384914
1.777228
1.150450
1.105461
0.772752
0.342402
0.279564
0.380188
0.180943
0.325629
0.219088
0.058266
0.120756
0.146374
0.096597
-0.087004
-0.067519
-0.058560
-0.004584
-0.073208
-0.025163
-0.044454
0.051890
0.147514
0.359944
0.434502
0.569400
0.706155
1.503983
2.683094
2.881323
2.727459
2.323971
1.341650
2.067027
1.314438
1.913211
3.056236
4.721006
4.162619
3.302274
2.952775
2.301575
1.646907
1.459542
1.008742
0.764610
0.813856
0.677212
0.459033
0.283033
0.301827
0.160594
-0.030036
-0.079979
-0.089439
-0.104201
-0.134095
-0.081733
-0.080765
-0.091113
0.063848
0.452720
0.362276
0.598661
0.483734
0.281419
0.436574
0.208721
0.310790
0.271172
0.186018
0.132460
0.127271
0.063305
-0.083124
-0.189861
-0.153073
-0.202936
-0.178697
-0.101578
-0.126777
-0.057287
-0.117913
-0.179625
-0.182022
-0.211909
-0.180313
-0.200997
-0.212938
-0.141389
-0.122767
-0.155707
-0.184028
-0.196781
-0.254802
-0.233545
-0.244268
-0.223633
-0.238943
-0.221593
-0.235688
-0.255274
-0.256612
-0.208634
-0.229647
-0.252282
-0.265079
-0.267138
-0.245059
-0.234898
-0.232351
-0.136577
-0.238550
-0.213109
-0.232475
-0.161795
-0.219689
-0.258229
-0.198104
-0.216020
-0.214514
-0.233956
-0.229845
-0.217994
-0.269067
-0.250562
-0.183460
-0.257748
-0.201319
-0.190637
-0.233533
-0.221192
-0.242327
-0.222171
-0.224574
-0.245646
-0.222282
-0.230751
-0.250224
-0.225422
-0.200224
-0.287593
-0.273286
-0.233256
-0.201994
-0.191261
-0.190621
-0.239148
-0.241869
-0.228480
-0.259009
-0.253260
-0.284489
-0.249405
-0.282790
-0.294850
-0.305198
-0.251920
-0.204652
-0.201831
-0.106644
-0.169396
-0.213192
-0.204014
-0.213808
-0.238187
-0.180016
-0.261938
-0.225150
-0.243238
-0.286391
-0.244977
-0.269196
-0.237894
-0.219214
-0.261585
-0.298673
-0.269974
-0.233821
-0.250201
-0.217717
-0.234094
-0.232369
-0.207833
-0.219346
-0.251952
-0.243067
-0.260744
-0.171472
-0.236859
-0.223944
-0.239903
-0.243211
-0.244758
-0.254462
-0.251959
-0.254749
-0.232762
-0.221854
-0.208300
-0.267395
-0.309793
-0.305875
-0.282098
-0.248718
-0.271892
-0.267688
-0.233873
-0.221501
-0.156696
-0.236803
-0.255800
-0.237103
-0.184332
-0.220201
-0.270835
-0.263971
-0.290877
-0.247193
-0.240670
-0.298605
-0.250911
-0.268458
-0.265803
-0.204334
-0.240669
-0.246732
-0.255141
-0.277429
-0.276370
-0.257583
-0.229020
-0.166623
-0.230546
-0.278086
-0.210510
-0.243219
-0.222655
-0.200703
-0.181880
-0.251273
-0.244653
-0.213835
-0.222839
-0.217600
-0.226520
-0.246321
-0.268263
-0.265168
-0.282465
-0.282138
-0.273715
-0.276842
-0.255879
-0.232520
-0.249523
-0.260252
-0.287468
-0.233165
-0.247866
-0.248314
-0.243702
-0.259432
-0.251403
-0.250774
-0.247113
-0.255427
-0.257155
-0.252022
-0.261829
-0.224853
-0.215499
-0.235323
-0.237734
-0.299657
-0.291482
-0.264664
-0.279780
-0.255193
-0.215080
-0.195095
-0.172462
-0.257472
-0.238709
-0.156777
-0.200723
-0.227449
-0.185708
-0.215063
-0.235773
-0.255377
-0.159722
-0.218483
-0.264744
-0.271976
-0.209009
-0.226770
-0.213038
-0.216962
-0.238383
-0.269047
-0.213353
-0.273893
-0.259736
-0.268888
-0.206471
-0.199175
-0.162865
-0.206325
-0.187326
-0.177808
-0.201980
-0.184344
-0.220943
-0.271093
-0.258309
-0.225714
-0.259571
-0.239686
-0.150131
-0.188605
-0.184561
-0.187661
-0.203650
-0.275627
-0.254837
-0.239178
-0.248662
-0.276892
-0.230310
-0.184469
-0.196595
-0.237929
-0.230267
-0.207010
-0.265153
-0.243876
-0.216035
-0.200850
-0.189020
-0.224601
-0.190324
-0.225515
-0.192501
-0.219624
-0.186652
-0.192781
-0.230630
-0.265265
-0.260674
-0.262396
-0.255971
-0.256643
-0.250564
-0.289447
-0.269394
-0.278376
-0.309530
-0.225435
-0.181531
-0.208886
-0.206965
-0.251753
-0.229880
-0.263792
-0.286831
-0.269091
-0.296223
-0.266473
-0.294473
-0.324453
-0.293403
-0.280018
-0.312808
-0.322667
-0.353561
-0.366494
-0.349702
-0.367085
-0.363358
-0.373452
-0.389814
-0.413478
-0.386198
-0.376830
-0.398773
-0.444603
-0.445059
-0.445059
-0.445059
-0.445059
-0.445059
-0.445059
-0.445059
-0.445059
-0.445059
-0.445059
-0.445059
-0.445059
-0.445059
-0.445059
-0.367522
-0.367522
-0.367522
-0.367522
-0.367522
-0.367522
-0.367522
-0.367522
-0.367522
-0.367522
-0.367522
-0.367522
-0.367522
-0.367522
-0.367522
-0.367522
-0.367522
-0.367522
-0.367522
-0.367522
-0.367522
-0.367522
-0.367522
-0.367522
-0.367522
-0.367522
-0.367522
-0.367522
-0.367522
-0.367522
-0.367522
-0.367522
-0.367522
-0.367522
-0.367522
-0.367522
-0.367522
-0.367522
-0.367522
-0.367522
-0.367522
-0.367522
-0.367522
-0.367522
-0.367522
-0.367522
-0.367522
-0.367522
-0.367522
-0.367522
-0.367522
-0.367522
-0.367522
-0.367522
-0.367522
-0.367522
-0.367522
-0.367522
-0.367522
-0.367522
-0.367522
-0.367522
-0.367522
-0.367522
-0.367522
-0.367522
-0.367522
-0.367522
-0.367522
-0.367522
-0.367522
-0.367522
-0.367522
-0.367522
-0.367522
-0.367522
-0.367522
-0.367522
-0.367522
-0.367522
-0.367522
-0.367522
-0.367522
-0.367522
-0.367522
-0.367522
-0.367522
-0.367522
-0.367522
-0.367522
-0.367522
-0.367522
-0.367522
-0.367522
-0.367522
-0.367522
-0.367522
-0.367522
-0.367522
-0.367522
-0.367522
-0.367522
-0.367522
-0.367522
-0.367522
-0.367522
-0.367522
-0.367522
-0.367522
-0.367522
-0.367522
-0.367522
-0.367522
-0.367522
-0.367522
-0.367522
-0.367522
-0.367522
-0.367522
-0.367522
-0.367522
-0.367522
-0.367522
-0.341136
-0.331969
-0.280309
-0.251372
-0.271403
-0.262485
-0.252133
-0.280670
-0.261069
-0.260399
-0.264293
-0.247429
-0.258697
-0.243505
-0.261302
-0.291260
-0.249134
-0.270935
-0.275700
-0.262559
-0.226806
-0.261203
-0.265836
-0.263066
-0.241038
-0.253873
-0.247760
-0.255876
-0.253821
-0.212055
-0.154351
-0.241376
-0.232014
-0.213405
-0.233389
-0.227109
-0.218548
-0.252807
-0.230956
-0.248590
-0.242658
-0.227968
-0.253388
-0.247222
-0.202889
-0.262286
-0.209597
-0.220576
-0.242672
-0.206739
-0.198600
-0.229101
-0.182077
-0.216620
-0.187134
-0.192089
-0.227997
-0.216206
-0.226767
-0.267292
-0.216298
-0.194061
-0.217717
-0.220239
-0.240484
-0.226161
-0.230718
-0.239706
-0.238638
-0.206725
-0.233865
-0.171549
-0.142584
-0.160829
-0.109727
-0.162129
-0.145718
-0.145303
-0.156436
-0.151218
-0.216607
-0.263820
-0.208298
-0.219882
-0.231515
-0.250749
-0.234657
-0.234683
-0.209583
-0.252675
-0.238740
-0.220137
-0.223320
-0.230759
-0.215081
-0.178045
-0.143320
-0.242948
-0.207609
-0.238875
-0.244405
-0.252161
-0.216549
-0.259325
-0.209294
-0.260071
-0.228768
-0.232954
-0.227911
-0.228278
-0.219282
-0.267087
-0.183327
-0.242762
-0.219839
-0.209982
-0.203505
-0.211202
-0.224172
-0.268523
-0.205803
-0.278839
-0.240401
-0.207794
-0.216635
-0.237067
-0.228094
-0.230058
-0.235744
-0.229261
-0.232635
-0.239082
-0.235631
-0.217724
-0.233313
-0.257351
-0.232103
-0.208233
-0.255506
-0.252397
-0.237633
-0.250055
-0.229886
-0.254730
-0.215917
-0.198230
-0.240511
-0.234742
-0.235798
-0.240628
-0.192234
-0.246297
-0.226963
-0.242600
-0.229555
-0.203120
-0.228071
-0.251973
-0.189362
-0.230319
-0.223709
-0.167309
-0.216201
-0.236846
-0.227033
-0.252157
-0.235060
-0.233645
-0.248958
-0.248630
-0.228171
