2.305815
1.904246
1.829497
2.212609
1.641024
1.556704
2.155920
2.066971
1.784975
1.131791
3.364677
2.403966
2.275411
2.111746
1.566070
1.331342
1.377377
1.789055
1.966783
2.856678
2.086443
1.588793
2.460827
2.880390
2.316565
2.054225
1.289960
1.108062
1.873032
1.609617
0.970479
1.665056
2.048448
2.205894
1.372374
2.039304
1.805538
2.146972
2.169810
2.634634
1.791974
1.854631
1.409174
1.270531
0.887959
1.157315
0.664253
1.266873
0.895763
0.725410
0.882144
0.591244
0.747071
1.093659
0.434143
0.624624
0.612630
0.348988
0.687800
0.336986
0.686036
0.820242
0.534896
0.390246
0.665061
0.538743
0.669145
0.567967
0.288575
0.615610
0.703396
0.798673
0.477680
0.847147
0.518595
0.494257
0.461250
0.434349
0.468256
0.736836
0.564743
0.800090
0.228566
0.699892
0.409902
0.678232
0.814505
0.934157
1.099843
0.909371
1.218403
1.052172
0.820860
0.390820
0.249535
0.693198
0.494029
0.372654
0.550723
0.080609
0.065805
0.514223
0.630207
0.848173
0.517886
0.368382
0.288805
0.340485
0.287552
0.449971
0.250777
0.614961
0.620898
0.594375
0.519891
0.370079
0.295126
0.370913
0.236416
0.524942
0.370043
0.459647
0.384388
0.125571
0.174310
0.090894
-0.033901
0.097652
0.115024
0.282637
0.258294
0.455801
0.260306
0.269391
0.290550
0.470650
0.365846
0.329236
0.301830
0.114172
0.089369
0.153634
0.026171
-0.003317
-0.035077
0.499332
-0.017823
0.090475
0.103537
0.081872
0.259066
0.137862
0.118074
0.150472
0.321355
0.019866
0.068188
-0.072094
0.400196
0.292257
0.280298
0.218214
0.161873
-0.011839
0.080147
0.157559
0.228639
0.107646
0.157536
-0.030398
0.092517
-0.335129
-0.365207
0.008159
-0.120710
-0.259638
-0.044488
-0.243910
-0.058448
-0.027097
0.012580
0.126034
0.012371
0.033208
0.051005
-0.175136
0.000684
-0.030212
-0.028310
-0.080411
-0.064208
-0.190216
-0.091932
-0.015851
0.104167
-0.055047
-0.641289
-0.641289
-0.641289
-0.641289
-0.641289
-0.641289
-0.641289
-0.641289
-0.641289
-0.641289
-0.641289
-0.641289
-0.641289
-0.641289
-0.641289
-0.641289
-0.641289
-0.641289
-0.641289
-0.641289
-0.641289
-0.641289
-0.641289
-0.641289
-0.641289
-0.641289
-0.641289
-0.641289
-0.641289
-0.641289
-0.641289
-0.641289
-0.641289
-0.641289
-0.641289
-0.641289
-0.641289
-0.641289
-0.641289
-0.641289
-0.641289
-0.641289
-0.641289
-0.641289
-0.641289
-0.641289
-0.641289
-0.641289
-0.641289
-0.641289
-0.641289
-0.641289
-0.641289
-0.641289
-0.641289
-0.641289
-0.641289
-0.641289
-0.641289
-0.641289
-0.641289
-0.641289
-0.641289
-0.641289
-0.641289
-0.641289
-0.641289
-0.641289
-0.641289
-0.641289
-0.641289
-0.641289
-0.641289
-0.641289
-0.641289
-0.641289
-0.641289
-0.641289
-0.641289
-0.641289
-0.641289
-0.641289
-0.641289
-0.641289
-0.641289
-0.641289
-0.641289
-0.641289
-0.641289
-0.641289
-0.641289
-0.641289
-0.641289
-0.641289
-0.641289
-0.641289
-0.641289
-0.641289
-0.641289
-0.641078
-0.628300
-0.585899
-0.523337
-0.559588
-0.485669
-0.500659
-0.555291
-0.486222
-0.445356
-0.515226
-0.556880
-0.555495
-0.498854
-0.428142
-0.444290
-0.214526
-0.352369
-0.319538
-0.267746
-0.228234
-0.340536
-0.294996
-0.268471
-0.351383
-0.300028
-0.279229
-0.316798
-0.322444
-0.282474
-0.254280
-0.285956
-0.232287
-0.277759
-0.295122
-0.243217
-0.241865
-0.238038
-0.270208
-0.185458
-0.269103
-0.279937
-0.296700
-0.233745
-0.273976
-0.269389
-0.211107
-0.254715
-0.200479
-0.303615
-0.212613
-0.220849
-0.330526
-0.320392
-0.287886
-0.361812
-0.376914
-0.382550
-0.300490
-0.324590
-0.337171
-0.247203
-0.337811
-0.356024
-0.318678
-0.258589
-0.261177
-0.297773
-0.280930
-0.291492
-0.317196
-0.317713
-0.320612
-0.430088
-0.376912
-0.296426
-0.354126
-0.327427
-0.310831
-0.285682
-0.373203
-0.325664
-0.281616
-0.269804
-0.318904
-0.314747
-0.305358
-0.326760
-0.347110
-0.283454
-0.360433
-0.343178
-0.301377
-0.296072
-0.314002
-0.202886
-0.299095
-0.363837
-0.317523
-0.283158
-0.002625
0.412112
0.354800
0.368257
0.248736
-0.224494
-0.298454
-0.277012
-0.171254
-0.277994
-0.269498
-0.237108
-0.295124
-0.326374
-0.331839
-0.236256
-0.248378
-0.341988
-0.313555
-0.380597
-0.379858
-0.378861
-0.325270
-0.309901
-0.240535
-0.357189
-0.251112
-0.291345
-0.354517
-0.364584
-0.334463
-0.282296
-0.333285
-0.358654
-0.295153
-0.288890
-0.368180
-0.376773
-0.386817
-0.361409
-0.303598
-0.256243
-0.324717
-0.291843
-0.276726
-0.330420
-0.327677
-0.215589
-0.333364
-0.323756
-0.294284
-0.351751
-0.380178
-0.382074
-0.332168
-0.276450
-0.260058
-0.200404
-0.274198
-0.275264
-0.331948
-0.338130
-0.321154
-0.322753
-0.289347
-0.375161
-0.310132
-0.355819
-0.354995
-0.410010
-0.299431
-0.276661
-0.299206
-0.252619
-0.328427
-0.354010
-0.313375
-0.209366
-0.201703
-0.301640
-0.346161
-0.352063
-0.377943
-0.342649
-0.298065
-0.344079
-0.270931
-0.242385
-0.337706
-0.293785
-0.277580
-0.324639
-0.357787
-0.378439
-0.389483
-0.324538
-0.375972
-0.318175
-0.313406
-0.249653
0.266410
0.178811
0.243140
0.280124
-0.022958
-0.203579
-0.292661
-0.324478
-0.206949
-0.192001
-0.249037
-0.342590
-0.334355
-0.390064
-0.351154
-0.354719
-0.280588
-0.231974
-0.171880
-0.274848
-0.196714
-0.237782
-0.299260
-0.204870
-0.248483
-0.341266
-0.289529
-0.364307
-0.347584
-0.302031
-0.343180
-0.364036
-0.277840
-0.296856
-0.317740
-0.326079
-0.336573
-0.283579
-0.251523
-0.228162
-0.214189
-0.228886
-0.340430
-0.332919
-0.358144
-0.290595
-0.306888
-0.289364
-0.304693
-0.304828
-0.344689
-0.332492
-0.276626
-0.291002
-0.140853
-0.220456
-0.320802
-0.322052
-0.261791
-0.288784
-0.348535
-0.306351
-0.329024
-0.317096
-0.308740
-0.291116
-0.213004
-0.258939
-0.304850
-0.325173
-0.252383
-0.253994
-0.257403
-0.264821
-0.359623
-0.241222
-0.246030
-0.234220
-0.143782
-0.009708
-0.141107
-0.061189
-0.127807
-0.261189
-0.290222
-0.293794
-0.344450
-0.299168
-0.347139
-0.269309
-0.346694
-0.262692
-0.292271
-0.285252
-0.298779
-0.292836
-0.194691
-0.184819
-0.214385
-0.176719
0.028649
0.478066
0.492355
0.628836
0.384268
-0.051635
-0.116747
-0.307016
-0.295490
-0.220748
-0.257376
-0.211580
-0.157730
-0.085361
0.171637
0.366953
0.141084
0.765354
0.935446
0.344682
0.750311
0.826677
0.878797
0.817315
0.503436
0.553533
0.447998
0.702455
0.866978
0.577191
0.918222
0.816750
0.647566
1.043589
1.308330
1.747705
2.307591
5.725055
5.471162
6.780370
10.049621
5.829116
2.988358
2.204385
1.989063
2.258523
1.905080
1.452910
1.358662
0.903805
0.943827
1.326577
1.465788
0.605836
0.568036
0.556809
0.545844
0.175403
0.522382
1.162764
1.042909
0.706656
1.041144
1.093428
1.860179
2.822290
3.602477
4.428832
6.631244
5.066497
4.154164
4.104331
2.873528
2.976197
2.295025
2.173029
2.819358
1.918143
1.351538
1.188702
1.562856
1.126333
0.628524
0.630985
0.337784
0.629103
0.539377
0.413322
0.345892
0.448028
0.567246
1.013905
1.611284
1.808952
2.487809
2.538369
2.013049
1.594474
1.374068
0.770842
1.425618
1.391084
1.140532
1.087476
0.735315
0.456646
0.460209
0.222877
0.149782
0.279213
0.267853
0.193041
0.040174
-0.050391
-0.023378
0.223123
0.387275
0.344313
0.449596
0.528675
0.196081
0.233224
0.183904
0.067403
0.163664
0.039506
0.088264
0.436461
1.105940
1.158477
1.393984
1.527665
1.184495
1.533156
0.928712
0.789921
0.672960
0.492869
0.208494
0.136325
0.121671
-0.041833
0.112778
-0.043616
0.114880
0.354702
-0.002748
-0.138318
-0.093168
0.023163
-0.000421
-0.107638
-0.057667
-0.182496
-0.149920
-0.194310
-0.168493
-0.226379
-0.169231
-0.150009
-0.198779
-0.220535
-0.198661
-0.225537
-0.318191
-0.251429
-0.281557
-0.160742
-0.106820
-0.201955
-0.204014
-0.086708
-0.125556
-0.178519
-0.308040
-0.345559
-0.275586
-0.254135
-0.190093
-0.199730
-0.291313
-0.204021
-0.147553
-0.131316
-0.181881
-0.295080
-0.325166
-0.279468
-0.289977
-0.221335
-0.301143
-0.273586
-0.241318
-0.257492
-0.316849
-0.280493
-0.353581
-0.378344
-0.242735
-0.205625
-0.077967
0.580742
0.428397
0.416209
0.333783
-0.235684
-0.297420
-0.300972
-0.337323
-0.349698
-0.360189
-0.241293
-0.276917
-0.341054
-0.358138
-0.333747
-0.335451
-0.418366
-0.357823
-0.398211
-0.405486
-0.464888
-0.425851
-0.461982
-0.546726
-0.535716
-0.554825
-0.582977
-0.602157
-0.640532
-0.641289
-0.641289
-0.641289
-0.641289
-0.641289
-0.641289
-0.641289
-0.641289
-0.891611
-0.891611
-0.891611
-0.891611
-0.891611
-0.891611
-0.891611
-0.891611
-0.891611
-0.891611
-0.891611
-0.891611
-0.891611
-0.891611
-0.891611
-0.891611
-0.891611
-0.891611
-0.891611
-0.891611
-0.891611
-0.891611
-0.891611
-0.891611
-0.891611
-0.891611
-0.891611
-0.891611
-0.891611
-0.891611
-0.891611
-0.891611
-0.891611
-0.891611
-0.891611
-0.891611
-0.891611
-0.891611
-0.891611
-0.891611
-0.891611
-0.891611
-0.891611
-0.891611
-0.891611
-0.891611
-0.891611
-0.891611
-0.891611
-0.891611
-0.891611
-0.891611
-0.891611
-0.891611
-0.891611
-0.891611
-0.891611
-0.891611
-0.891611
-0.891611
-0.891611
-0.891611
-0.891611
-0.891611
-0.891611
-0.891611
-0.891611
-0.891611
-0.891611
-0.891611
-0.891611
-0.891611
-0.891611
-0.891611
-0.891611
-0.891611
-0.891611
-0.891611
-0.891611
-0.891611
-0.891611
-0.891611
-0.891611
-0.891611
-0.891611
-0.891611
-0.891611
-0.891611
-0.891611
-0.891611
-0.891611
-0.891611
-0.891611
-0.891611
-0.891611
-0.891611
-0.891611
-0.891611
-0.891611
-0.891611
-0.891611
-0.891611
-0.891611
-0.891611
-0.891611
-0.891611
-0.891611
-0.891611
-0.891611
-0.891611
-0.891611
-0.888431
-0.809299
-0.790184
-0.792120
-0.814001
-0.772991
-0.782956
-0.786146
-0.745580
-0.759104
-0.711635
-0.503312
-0.517517
-0.494536
-0.567222
-0.552970
-0.521477
-0.512801
-0.636359
-0.497313
-0.574257
-0.609540
-0.582367
-0.551613
-0.551737
-0.510838
-0.645526
-0.519552
-0.587039
-0.546029
-0.593423
-0.550267
-0.598154
-0.511894
-0.493490
-0.588612
-0.504318
-0.568183
-0.674945
-0.609252
-0.664028
-0.561271
-0.550736
-0.511784
-0.492689
-0.571617
-0.566425
-0.517336
-0.567635
-0.565568
-0.546356
-0.516278
-0.563330
-0.542322
-0.529939
-0.531258
-0.499895
-0.601018
-0.508798
-0.580519
-0.478942
-0.561727
-0.557615
-0.560818
-0.475468
-0.540675
-0.547355
-0.563013
-0.485317
-0.532347
-0.572889
-0.592278
-0.512711
-0.544822
-0.401911
-0.470235
-0.506042
-0.544083
-0.364311
-0.542924
-0.539094
-0.566165
-0.451073
-0.483652
-0.598515
-0.540129
-0.488313
-0.435362
-0.519466
-0.570890
-0.551978
-0.579908
-0.553644
-0.587844
-0.578985
-0.509174
-0.537830
-0.548049
-0.516819
-0.461628
-0.501573
-0.520815
-0.493777
-0.508324
-0.543223
-0.561327
-0.466669
-0.465878
-0.597868
-0.389912
-0.469739
-0.445374
-0.439113
-0.518025
-0.539114
-0.513521
-0.575818
-0.477478
-0.526816
-0.548353
-0.614805
-0.591520
-0.526537
-0.555063
-0.555210
-0.595946
-0.482099
-0.547252
-0.511406
-0.585723
-0.553975
-0.500105
-0.507213
-0.617247
-0.609917
-0.487458
-0.443847
-0.523309
-0.570031
-0.519648
-0.397168
-0.367895
-0.479658
-0.324777
-0.510341
-0.514357
-0.483927
-0.586112
-0.501416
-0.385848
-0.409355
-0.452262
-0.530260
-0.466534
-0.387492
-0.353172
-0.558955
-0.488266
-0.501978
-0.529546
-0.514382
-0.416451
-0.534417
-0.484703
-0.484686
-0.435365
-0.495939
-0.464819
-0.406178
-0.344985
-0.486316
-0.431606
-0.314595
-0.448721
-0.456584
-0.503713
-0.318475
-0.366408
-0.427724
-0.264456
-0.354610
-0.107729
-0.281229
-0.452209
-0.409059
-0.294879
-0.427688
-0.496368
-0.381877
-0.458193
-0.473706
-0.498817
-0.600816
-0.504985
-0.465779
-0.429438
-0.522604
-0.297654
-0.274880
-0.360843
-0.262687
-0.359550
-0.210929
-0.188247
-0.347487
-0.375327
-0.263524
-0.396068
-0.428880
-0.438406
-0.420459
-0.361991
-0.297261
-0.304478
-0.409509
-0.465534
-0.326829
-0.296545
-0.368213
-0.402108
-0.166475
-0.405336
-0.430228
-0.309388
-0.407611
-0.395739
-0.384234
-0.426676
-0.389424
-0.500804
-0.236823
-0.370592
-0.322803
-0.420068
-0.293552
-0.389062
-0.544585
-0.425494
-0.323888
-0.395227
-0.475393
-0.424956
-0.303330
-0.302634
-0.315760
-0.270810
-0.400113
-0.472350
-0.381486
-0.461795
-0.242482
-0.435323
-0.417051
-0.258447
-0.469752
-0.522916
-0.485149
-0.315604
-0.060094
-0.060124
-0.084029
0.026389
0.009560
-0.080689
-0.332310
-0.197801
0.200255
-0.294672
-0.149090
0.344602
1.007346
0.146623
0.143837
0.222599
1.354493
0.620166
0.207287
0.417446
0.004498
0.090738
0.954172
0.694204
0.831596
1.005544
1.159659
0.726139
1.513111
1.484368
1.326878
1.561007
1.181536
1.655763
2.118538
0.908414
1.159490
0.567811
0.344824
0.365681
0.717168
0.926636
0.968067
1.751296
2.055746
1.600765
0.921761
1.262750
0.974996
1.703419
1.514481
2.750152
3.125715
1.783665
0.985579
0.861639
1.397768
2.481196
1.582402
1.935013
1.928699
1.087507
1.237190
1.987828
3.146333
2.310654
2.697021
2.209125
2.070304
3.140325
3.299434
3.062725
2.327698
3.135370
2.752749
3.449882
2.366491
2.289029
1.892864
2.309601
2.640392
3.989961
4.420070
2.897738
3.526869
2.855089
3.227035
2.265222
3.401138
2.094719
1.613946
2.902083
1.736298
1.575956
2.369951
1.670010
1.654956
1.821138
1.941654
1.673565
2.864947
2.432268
2.177852
2.288901
1.988366
2.780031
2.082395
1.969505
1.683502
1.497946
1.574074
1.018772
1.633610
1.934477
1.851157
1.279274
0.913092
0.395648
0.510957
0.676130
1.199657
1.450289
2.580385
2.084940
1.025880
1.146294
0.873186
1.385156
0.676836
0.992130
0.837944
1.109069
0.832300
0.163819
0.815476
1.052670
0.886589
0.636338
0.449105
0.835411
1.013653
0.655613
0.612165
0.195921
0.425555
0.903058
0.642371
0.591905
0.538878
1.617278
1.592090
0.474882
0.146320
0.807104
0.816268
0.332290
0.515208
0.485123
0.429428
-0.023670
0.768809
0.825045
0.654052
0.529880
0.354429
0.250591
0.192723
0.418941
0.173330
1.097979
1.974175
0.716365
0.501278
0.955612
0.685437
0.265353
0.670958
0.755635
0.210440
0.106115
-0.010537
0.415519
0.101759
0.090770
0.231866
0.610478
0.422310
-0.077271
0.131497
0.019889
0.314519
0.273993
-0.030647
-0.221220
-0.174843
0.172993
0.135442
0.456741
0.039848
-0.209102
-0.165629
0.062834
0.135783
-0.230082
-0.211761
-0.242375
-0.307768
-0.089323
-0.065003
-0.174667
-0.212742
-0.057518
0.233458
0.389140
0.496704
1.223246
0.672345
0.746011
0.341400
0.040482
-0.138158
-0.021570
-0.072125
-0.197278
-0.158664
0.000404
-0.298279
-0.235673
-0.246831
-0.203028
-0.252548
-0.291459
-0.253833
-0.404640
-0.261168
-0.377259
-0.149236
-0.175259
0.084358
0.409423
0.227097
0.279597
0.362730
0.517743
-0.000673
-0.311071
-0.384697
-0.194110
-0.326612
-0.209620
-0.306553
-0.377251
-0.378324
-0.245885
-0.345591
-0.309694
-0.403280
-0.447208
-0.529661
-0.513435
-0.722077
-0.820088
-0.878286
-0.891611
-0.891611
-0.891611
-0.891611
-0.891611
-0.814823
-0.814823
-0.814823
-0.814823
-0.814823
-0.814823
-0.814823
-0.814823
-0.814823
-0.814823
-0.814823
-0.814823
-0.814823
-0.814823
-0.814823
-0.814823
-0.814823
-0.814823
-0.814823
-0.814823
-0.814823
-0.814823
-0.814823
-0.814823
-0.814823
-0.814823
-0.814823
-0.814823
-0.814823
-0.814823
-0.814823
-0.814823
-0.814823
-0.814823
-0.814823
-0.814823
-0.814823
-0.814823
-0.814823
-0.814823
-0.814823
-0.814823
-0.814823
-0.814823
-0.814823
-0.814823
-0.814823
-0.814823
-0.814823
-0.814823
-0.814823
-0.814823
-0.814823
-0.814823
-0.814823
-0.814823
-0.814823
-0.814823
-0.814823
-0.814823
-0.814823
-0.814823
-0.814823
-0.814823
-0.814823
-0.814823
-0.814823
-0.814823
-0.814823
-0.814823
-0.814823
-0.814823
-0.814823
-0.814823
-0.814823
-0.814823
-0.814823
-0.814823
-0.814823
-0.814823
-0.814823
-0.814823
-0.814823
-0.814823
-0.814823
-0.814823
-0.814823
-0.814823
-0.814823
-0.814823
-0.814823
-0.814823
-0.814823
-0.814823
-0.814823
-0.814823
-0.814823
-0.814823
-0.814823
-0.814823
-0.814823
-0.814823
-0.814823
-0.814485
-0.798482
-0.772375
-0.771964
-0.746790
-0.734639
-0.734758
-0.637317
-0.607746
-0.696866
-0.616156
-0.692700
-0.669796
-0.619579
-0.533669
-0.183482
-0.322429
-0.133229
-0.081333
-0.175554
-0.232654
-0.231259
-0.303252
-0.324673
-0.296112
-0.253434
-0.203055
-0.210000
-0.379343
-0.339022
-0.270231
-0.291442
-0.281329
-0.284071
-0.280659
-0.372429
-0.343697
-0.188959
-0.109717
-0.269904
-0.263021
-0.235849
-0.226555
-0.343204
-0.209650
-0.234356
-0.162826
-0.129708
-0.165537
-0.059091
-0.162914
-0.158512
0.028036
-0.221753
-0.306967
-0.447402
-0.187407
-0.182062
-0.189850
-0.346057
-0.302079
-0.235075
-0.218642
-0.279789
-0.311341
-0.306251
-0.334929
-0.312891
-0.285390
-0.145633
-0.293927
-0.252641
-0.278508
-0.292012
-0.437096
-0.315201
-0.343074
-0.208421
-0.067722
-0.154148
-0.217522
-0.161273
-0.145981
-0.145580
-0.259965
-0.385574
-0.402102
-0.322172
-0.284681
-0.252760
-0.285580
-0.267700
-0.403165
-0.239633
-0.279383
-0.323067
-0.410059
-0.363514
-0.284727
-0.214894
-0.229091
-0.286302
-0.204741
-0.175339
-0.139334
-0.336473
-0.333739
-0.209909
-0.256789
-0.143022
-0.287270
-0.218224
-0.191615
-0.093538
-0.151427
-0.105613
-0.342411
-0.425609
-0.346268
-0.267452
-0.319507
-0.422364
-0.335814
-0.307134
-0.280015
-0.084798
-0.302986
-0.130850
-0.251820
-0.249917
-0.320659
-0.392641
-0.165870
-0.296300
-0.128753
-0.066115
-0.232323
-0.285568
-0.329390
-0.289155
-0.085716
-0.101603
-0.157337
-0.297544
0.005698
-0.183370
-0.201473
-0.360549
-0.391461
-0.372095
-0.377927
-0.254006
-0.244362
-0.277925
-0.304484
-0.144155
-0.201649
-0.341830
-0.267901
-0.226886
-0.235848
-0.310844
-0.348471
-0.309505
-0.295014
-0.191496
-0.076311
-0.174151
-0.333671
-0.328550
-0.227533
-0.191924
-0.168203
-0.344064
-0.286714
-0.102396
-0.242146
-0.174675
-0.346236
-0.241702
-0.452428
-0.336336
-0.290285
-0.273662
-0.276721
-0.176881
-0.103706
-0.200419
-0.200999
-0.264470
-0.281485
-0.310881
-0.221724
-0.315702
-0.304489
-0.318662
-0.286957
-0.057595
-0.218653
-0.212689
-0.264978
-0.203814
-0.210920
-0.131971
-0.281635
-0.287722
-0.299748
-0.257775
-0.173286
-0.374254
-0.211765
-0.328823
-0.268718
-0.341227
-0.240872
-0.168287
-0.246680
-0.177859
-0.088094
-0.087114
-0.264983
-0.235523
-0.348379
-0.307214
-0.297692
-0.130925
-0.221080
-0.236378
-0.171230
-0.116680
-0.208483
-0.341307
-0.283301
-0.155346
-0.139799
-0.231851
-0.304266
-0.221537
-0.091749
-0.230639
-0.243001
-0.238190
-0.364572
-0.428701
-0.353660
-0.180534
-0.156875
-0.220225
-0.222041
-0.331497
-0.181588
-0.280083
-0.248380
-0.345384
-0.277346
-0.291280
-0.234972
-0.328968
-0.196188
-0.229331
-0.198730
-0.055566
-0.243517
-0.355981
-0.184666
-0.139199
-0.146906
-0.288162
-0.280000
-0.113685
-0.152191
-0.266378
-0.224464
-0.212150
-0.396253
-0.242627
-0.165076
-0.247508
-0.152002
-0.154606
-0.188582
-0.262346
-0.290297
-0.311221
-0.232013
-0.181738
-0.121274
-0.086070
-0.087703
0.072052
0.058337
0.086029
0.106943
0.287732
0.570130
0.602160
0.754384
0.549970
0.340518
0.322328
0.484919
0.729599
1.517558
1.702188
2.144753
1.240814
1.166410
1.541003
1.908164
1.682198
2.176090
2.686833
1.872866
2.431495
3.335838
3.387654
2.983971
3.363861
3.557685
3.252309
3.995609
3.546836
2.843021
3.797621
3.420884
3.949500
5.962419
5.515015
3.033540
1.981705
3.440707
4.193217
4.961326
2.913366
2.923254
3.064379
2.312411
3.354831
4.379791
3.343865
3.158948
2.595383
4.982041
5.831380
3.230522
2.299410
1.062677
0.851867
1.148740
2.722006
2.462381
1.954258
2.354619
2.060266
1.224016
1.906058
1.102015
0.753872
0.551353
0.370471
0.586778
1.110329
0.436744
0.428726
0.768698
0.934273
0.516795
0.287177
0.320737
0.463931
0.479298
0.809546
0.204946
0.212097
0.499151
0.245959
0.263695
0.047275
0.124660
0.163167
0.205099
-0.078527
-0.019083
0.140421
0.322825
-0.013605
-0.033954
-0.058128
0.179214
0.201263
0.131055
0.296272
0.178571
0.111918
0.375603
0.310715
0.131677
0.323133
0.396872
-0.201962
0.300434
0.424084
0.169033
-0.040454
0.092796
0.171862
0.033438
-0.184371
-0.024288
0.135624
0.338639
-0.062506
-0.136076
-0.101051
-0.025943
-0.039639
0.054389
-0.077209
0.128184
0.082228
0.006508
0.177261
0.069818
-0.172800
0.057086
-0.142916
-0.061382
-0.105446
0.329237
0.194744
0.309535
-0.079376
-0.121043
-0.035867
-0.002439
-0.109282
-0.138740
-0.158208
-0.104234
-0.009011
-0.136242
0.305059
0.183238
0.065299
-0.241507
-0.276553
-0.143232
-0.167478
-0.176623
-0.171317
-0.109830
-0.222597
-0.171305
-0.151058
0.001250
-0.042732
-0.157077
-0.103880
-0.205869
-0.026012
0.131708
0.064013
-0.117035
-0.076899
-0.201875
-0.063577
0.057694
-0.076542
0.153354
-0.102695
-0.054375
-0.067248
-0.043056
0.136272
0.033262
-0.245388
-0.055505
0.114946
-0.012600
-0.167269
-0.238148
0.279588
-0.030551
0.125939
0.006950
0.056670
-0.127631
-0.093276
0.042328
0.117519
-0.186048
-0.202277
-0.163979
-0.138482
0.042021
-0.178773
-0.070995
0.305919
-0.094599
0.066804
-0.086372
-0.139179
-0.032732
-0.122319
-0.073759
-0.226027
-0.089998
0.173236
0.396248
0.111203
0.082367
-0.096140
0.205296
-0.304033
-0.186138
-0.203618
-0.216314
-0.292199
-0.159915
-0.251483
-0.475438
-0.494295
-0.463293
-0.573915
-0.566930
-0.557136
-0.810656
-0.814823
-0.814823
-0.814823
-0.814823
-0.814823
-0.814823
-0.814823
-0.377661
-0.377661
-0.377661
-0.377661
-0.377661
-0.377661
-0.377661
-0.377661
-0.377661
-0.377661
-0.377661
-0.377661
-0.377661
-0.377661
-0.377661
-0.377661
-0.377661
-0.377661
-0.377661
-0.377661
-0.377661
-0.377661
-0.377661
-0.377661
-0.377661
-0.377661
-0.377661
-0.377661
-0.377661
-0.377661
-0.377661
-0.377661
-0.377661
-0.377661
-0.377661
-0.377661
-0.377661
-0.377661
-0.377661
-0.377661
-0.377661
-0.377661
-0.377661
-0.377661
-0.377661
-0.377661
-0.377661
-0.377661
-0.377661
-0.377661
-0.377661
-0.377661
-0.377661
-0.377661
-0.377661
-0.377661
-0.377658
-0.376845
-0.373961
-0.369731
-0.369533
-0.371424
-0.370575
-0.368317
-0.363388
-0.355154
-0.356722
-0.351348
-0.336686
-0.342092
-0.347718
-0.343734
-0.349255
-0.350188
-0.342113
-0.336115
-0.317893
-0.319819
-0.318561
-0.325441
-0.324299
-0.306660
-0.296868
-0.271543
-0.269775
-0.292464
-0.313103
-0.305183
-0.289616
-0.287212
-0.285229
-0.284372
-0.262295
-0.275032
-0.225591
-0.224295
-0.182333
-0.230325
-0.209722
-0.172163
-0.148175
-0.149697
-0.099388
-0.125670
-0.118440
-0.132086
-0.112466
-0.119319
-0.091196
-0.046479
-0.080593
-0.092819
-0.099862
-0.097002
-0.065196
-0.099426
-0.111062
-0.111356
-0.128943
-0.081053
-0.055577
-0.028929
-0.120302
-0.114658
-0.105945
-0.098465
-0.101480
-0.018949
0.000401
-0.087037
-0.027284
-0.008338
-0.075693
-0.131020
-0.116280
-0.137956
-0.136021
-0.149366
-0.115230
-0.132060
-0.134573
-0.104176
-0.103299
-0.081692
-0.140093
-0.146003
-0.137933
-0.150975
-0.038911
-0.099032
-0.117171
-0.080363
-0.114578
-0.118863
-0.084901
-0.130423
-0.154996
-0.097922
-0.128274
-0.136024
-0.051917
-0.049901
-0.136927
-0.115820
-0.019467
0.036734
-0.106467
-0.066379
-0.070637
-0.076341
-0.060090
-0.054454
-0.112951
-0.026211
-0.115357
-0.077648
-0.099164
-0.065815
-0.155728
-0.131085
-0.057590
-0.018181
-0.097358
-0.027067
0.169337
0.497491
0.701387
1.222146
2.589242
4.662014
7.351828
9.579196
15.598782
10.781751
4.583237
2.842575
1.732197
1.358545
0.999089
0.786345
0.412570
0.647263
0.544584
0.607079
0.339290
0.150239
0.064268
0.093986
-0.055129
-0.046746
0.044548
0.095721
0.033356
0.016215
0.075051
0.013573
0.049066
0.115884
0.292152
0.332277
0.313059
0.206740
0.061480
0.051207
-0.011597
0.022186
0.109404
0.616676
1.016815
1.625800
2.490916
3.796596
3.375384
1.590428
0.957985
0.497330
0.393928
0.539302
0.416827
0.335745
0.359205
0.292779
0.317116
0.158282
0.082649
0.028911
0.009536
0.031683
-0.052125
-0.022711
-0.004682
-0.063448
-0.027047
-0.095231
-0.042020
-0.029748
-0.087426
-0.085470
-0.092572
-0.034196
-0.032011
-0.067435
-0.011746
-0.077632
0.020919
0.001180
-0.085803
-0.088499
-0.036957
-0.003687
-0.007620
-0.040486
-0.084232
-0.026971
0.043915
-0.050797
-0.031968
-0.095844
-0.110116
-0.029273
-0.053520
-0.103822
-0.117940
-0.025356
-0.050926
-0.087789
-0.154894
-0.105435
-0.192067
-0.187095
-0.114693
-0.041132
-0.061499
-0.065282
-0.115141
-0.125224
-0.126685
-0.097820
-0.075355
-0.113134
-0.071124
-0.057528
-0.107890
-0.135767
-0.083097
-0.057367
-0.112550
-0.069313
-0.085642
-0.139435
-0.122783
-0.125703
-0.090300
-0.042238
-0.029198
0.002202
0.068396
0.055160
-0.097407
-0.075460
-0.009689
-0.043729
0.002004
-0.084051
-0.050799
-0.032571
-0.120118
-0.080143
-0.067393
-0.015076
-0.085665
-0.032747
-0.117642
-0.075631
-0.139343
-0.129778
-0.129823
-0.115303
-0.113557
-0.121844
-0.166736
-0.129886
-0.147832
-0.074081
-0.078320
-0.065658
-0.034655
-0.080369
-0.086260
-0.061755
-0.050040
-0.106769
-0.102203
-0.128197
-0.139982
-0.027145
-0.171375
-0.172573
-0.078207
-0.025369
-0.126382
-0.117944
-0.112263
-0.093003
-0.097471
-0.114053
-0.042630
-0.108768
-0.049749
-0.027635
0.016113
-0.069857
-0.077825
-0.077130
-0.040407
-0.038805
-0.075571
-0.086963
-0.075085
-0.078139
-0.034698
-0.141558
-0.087977
-0.139212
-0.142470
-0.179451
-0.165276
-0.160854
-0.121816
-0.142322
-0.133765
-0.097362
-0.051062
-0.077648
-0.060305
-0.070523
-0.065472
-0.049695
-0.098451
-0.109893
-0.156974
-0.085834
-0.157097
-0.144619
-0.137880
-0.108528
-0.101232
-0.123420
-0.121662
-0.137408
-0.105508
-0.100640
-0.085865
-0.095098
-0.100385
-0.050317
-0.100417
-0.087918
-0.101752
-0.083786
-0.058688
-0.088993
-0.072869
-0.115136
-0.087246
-0.054801
-0.099543
-0.142342
-0.016980
-0.078491
-0.114880
-0.115430
-0.081344
-0.110333
-0.134062
-0.182002
-0.175084
-0.125002
-0.090855
-0.079774
-0.099142
-0.066161
-0.051585
-0.081411
-0.074289
-0.066244
-0.051065
-0.085492
-0.081971
-0.070758
-0.109889
-0.047906
-0.134753
-0.131157
-0.106880
-0.150887
-0.073109
-0.144268
-0.067941
-0.127850
-0.114959
-0.102735
-0.081135
-0.134521
-0.074484
-0.119885
-0.075007
-0.151434
-0.137482
-0.079310
-0.078242
-0.060245
-0.143235
-0.086325
-0.008468
-0.096321
-0.074733
-0.026151
-0.091858
-0.133871
-0.065182
-0.050277
-0.099024
-0.125092
-0.072627
-0.077482
-0.128871
0.002766
-0.040790
-0.002082
-0.087232
-0.102641
-0.080636
-0.098044
-0.078901
-0.084645
-0.131143
-0.144136
-0.106308
-0.077107
-0.149171
-0.121941
-0.101126
-0.109242
-0.148155
-0.125025
-0.074911
-0.137736
-0.126915
-0.065098
-0.129177
-0.125829
-0.039406
-0.099313
-0.098183
-0.105318
-0.116468
-0.058890
-0.070842
-0.026048
-0.056019
-0.091878
-0.078220
-0.094153
-0.100538
-0.091159
-0.071926
-0.109862
-0.091084
-0.150617
-0.080011
-0.035921
-0.093144
-0.143637
-0.148662
-0.139292
-0.124136
-0.134720
-0.142316
-0.120969
-0.112481
-0.095812
-0.096401
-0.144635
-0.132859
-0.070391
-0.084573
-0.050217
-0.093250
-0.101590
-0.092761
-0.123273
-0.127822
-0.113520
-0.068568
-0.061821
-0.123136
-0.142028
-0.086456
-0.101105
-0.136993
-0.103244
-0.132126
-0.098378
-0.099189
-0.065311
-0.120833
-0.045415
-0.093098
-0.065685
-0.071753
-0.067045
-0.098602
-0.042645
-0.113852
-0.146349
-0.124135
-0.113219
-0.121167
-0.117977
-0.169251
-0.171924
-0.142845
-0.180787
-0.125373
-0.172006
-0.142984
-0.147744
-0.190253
-0.225234
-0.252086
-0.205975
-0.183763
-0.235151
-0.217438
-0.199792
-0.237188
-0.234105
-0.213982
-0.213095
-0.215978
-0.184039
-0.248941
-0.250228
-0.271004
-0.268676
-0.322182
-0.319112
-0.297789
-0.318667
-0.330803
-0.313168
-0.316097
-0.333246
-0.361726
-0.369052
-0.377326
-0.377573
-0.377661
-0.377661
-0.377661
-0.377661
-0.377661
-0.377661
-0.377661
-0.377661
-0.377661
-0.377661
-0.377661
-0.377661
-0.377661
-0.377661
-0.377661
-0.377661
-0.377661
-0.377661
-0.377661
-0.758169
-0.758169
-0.758169
-0.758169
-0.758169
-0.758169
-0.758169
-0.758169
-0.758169
-0.758169
-0.758169
-0.758169
-0.758169
-0.758169
-0.758169
-0.758169
-0.758169
-0.758169
-0.758169
-0.758169
-0.758169
-0.758169
-0.758169
-0.758169
-0.758169
-0.758169
-0.758169
-0.758169
-0.758169
-0.758169
-0.758169
-0.758169
-0.758169
-0.758169
-0.758169
-0.758169
-0.758169
-0.758169
-0.758169
-0.758169
-0.758169
-0.758169
-0.758169
-0.758169
-0.758169
-0.758169
-0.758169
-0.758169
-0.758169
-0.758169
-0.758169
-0.758169
-0.758169
-0.758169
-0.758169
-0.758169
-0.758169
-0.758169
-0.758169
-0.758169
-0.758169
-0.758169
-0.758169
-0.758169
-0.758169
-0.758169
-0.758169
-0.758169
-0.758169
-0.758169
-0.758169
-0.758169
-0.758169
-0.758169
-0.758169
-0.758169
-0.758169
-0.758169
-0.758169
-0.758169
-0.758169
-0.758169
-0.758169
-0.758169
-0.758169
-0.758169
-0.758169
-0.758169
-0.758169
-0.758169
-0.758169
-0.758169
-0.758169
-0.758169
-0.758169
-0.758169
-0.758169
-0.749567
-0.748794
-0.723895
-0.705338
-0.719317
-0.696842
-0.697003
-0.660962
-0.575261
-0.556130
-0.498273
-0.458301
-0.450584
-0.519927
-0.403890
-0.454233
-0.387453
-0.329566
-0.388043
-0.228779
-0.134274
-0.189136
-0.252527
-0.154367
-0.179629
-0.303911
-0.228420
-0.209856
-0.213278
-0.138576
-0.226621
-0.127607
-0.172265
0.018444
0.020861
-0.154262
-0.113461
-0.021424
-0.154680
-0.177482
-0.055421
-0.136153
-0.209881
-0.166607
0.004827
-0.023500
0.025803
0.097443
-0.069497
0.043138
-0.054974
-0.127043
-0.223956
-0.121497
-0.000082
-0.058836
-0.173265
-0.124656
-0.214960
-0.228693
-0.099122
-0.276932
-0.155281
-0.184844
-0.284166
-0.255992
-0.126507
-0.103790
-0.182429
-0.139483
-0.114456
-0.041302
-0.036040
-0.167607
-0.091252
0.048992
-0.054912
-0.247179
-0.265786
-0.347149
-0.327774
-0.187946
-0.049666
-0.293022
-0.150052
-0.160632
-0.170447
0.000718
-0.231555
-0.264645
-0.079577
-0.017688
-0.078388
-0.178090
0.015387
-0.013386
-0.160403
-0.340699
-0.098697
