-0.344390
-0.392895
-0.331451
-0.321062
-0.409697
-0.386987
-0.364744
-0.332754
-0.264938
-0.244982
-0.380376
-0.378216
-0.370624
-0.338772
-0.340039
-0.373096
-0.347217
-0.367564
-0.335281
-0.412749
-0.321730
-0.268871
-0.277014
-0.409137
-0.314026
-0.296727
-0.373163
-0.286344
-0.338474
-0.328133
-0.324467
-0.389606
-0.390823
-0.407227
-0.386343
-0.369959
-0.360923
-0.393901
-0.335166
-0.357250
-0.325943
-0.326277
-0.402763
-0.376357
-0.346510
-0.362775
-0.349196
-0.370135
-0.291409
-0.275191
-0.304894
-0.272856
-0.380797
-0.276436
-0.343193
-0.319741
-0.299190
-0.398172
-0.344642
-0.267559
-0.352563
-0.319041
-0.290628
-0.267637
-0.331640
-0.286787
-0.226202
-0.266402
-0.383397
-0.305841
-0.232198
-0.327463
-0.301570
-0.359422
-0.226349
-0.284057
-0.212836
-0.090810
-0.038549
-0.000567
-0.019702
-0.135344
0.654045
0.601331
0.436732
0.619676
0.439514
0.921964
1.015173
0.776078
1.605322
2.096807
1.061766
1.081191
1.784300
0.753446
0.660223
1.316073
1.615451
1.868020
1.554580
1.122596
2.088955
1.342708
1.152705
1.501915
1.427987
2.280083
1.885275
1.951706
2.857049
2.060589
1.485790
1.587017
1.873382
3.876852
4.875412
4.383326
5.719104
6.325105
2.696738
1.880926
3.660814
2.156562
1.789829
1.919991
2.400720
1.876249
2.077023
1.156002
1.547407
1.507132
1.832829
4.365910
4.133476
4.246109
2.537799
1.599896
1.679537
1.343096
1.099004
1.499808
0.934002
1.426566
1.345545
2.238078
2.511295
2.722211
3.165442
4.140365
1.894392
3.525114
4.701939
3.023077
2.255017
2.440521
2.583302
2.951875
2.278025
2.490468
2.140949
1.002526
2.309389
3.119491
1.506070
1.104696
1.106754
1.300679
2.270575
2.906311
2.145912
1.481692
1.765856
1.926971
1.407043
1.746254
1.197899
1.342548
1.279904
0.850088
0.496659
1.261015
1.285391
1.115620
0.353721
0.290092
0.484311
0.451539
0.046500
0.210689
0.125914
0.092065
0.152150
-0.061976
0.023939
0.047430
-0.063408
-0.035475
-0.096199
-0.152458
-0.098675
0.016432
-0.115037
-0.160754
-0.199854
0.070669
0.113173
-0.172129
-0.269068
-0.171758
-0.267897
-0.226089
-0.296686
-0.287323
-0.330599
-0.274341
-0.259604
-0.315427
-0.306430
-0.235305
-0.215639
-0.195072
-0.262434
-0.223831
-0.244782
-0.167677
0.122763
-0.219811
-0.267106
-0.244522
-0.282267
-0.313685
-0.173833
-0.220482
-0.253368
-0.335036
-0.359779
-0.223399
-0.272525
-0.344358
-0.276790
-0.222992
-0.110722
-0.089229
-0.133920
-0.149865
-0.246048
-0.187205
-0.105488
-0.012411
-0.174785
-0.115988
-0.193900
-0.243895
-0.140878
-0.151775
-0.219530
-0.198239
-0.132330
-0.265855
-0.186643
-0.240432
-0.174437
-0.280881
-0.310285
-0.320435
-0.254493
-0.266203
-0.192269
-0.112932
-0.169786
-0.253025
-0.241413
-0.200868
-0.189637
-0.194449
-0.233905
-0.289556
-0.153491
-0.210684
-0.245926
-0.204284
-0.151985
-0.259124
-0.303857
-0.266309
-0.251875
-0.249786
-0.282880
-0.297824
-0.358148
-0.327364
-0.510210
-0.640130
-1.198621
-1.198621
-1.198621
-1.198621
-1.198621
-1.198621
-1.198621
-1.198621
-1.198621
-1.198621
-1.198621
-1.198621
-1.198621
-1.198621
-1.198621
-1.198621
-1.198621
-1.198621
-1.198621
-1.198621
-1.198621
-1.198621
-1.198621
-1.198621
-1.198621
-1.198621
-1.198621
-1.198621
-1.198621
-1.198621
-1.198621
-1.198621
-1.198621
-1.198621
-1.198621
-1.198621
-1.198621
-1.198621
-1.198621
-1.198621
-1.198621
-1.198621
-1.198621
-1.198621
-1.198621
-1.198621
-1.198621
-1.198621
-1.198621
-1.198621
-1.198621
-1.198621
-1.198621
-1.198621
-1.198621
-1.198621
-1.198621
-1.198621
-1.198621
-1.198621
-1.198621
-1.198621
-1.198621
-1.198621
-1.198621
-1.198621
-1.198621
-1.198621
-1.198621
-1.198621
-1.198621
-1.198621
-1.198621
-1.198621
-1.198621
-1.198621
-1.198621
-1.198621
-1.198621
-1.198621
-1.198621
-1.198621
-1.198621
-1.198621
-1.198621
-1.198621
-1.198621
-1.198621
-1.198621
-1.198621
-1.198621
-1.198621
-1.198621
-1.198621
-1.198621
-1.198621
-1.198621
-1.198621
-1.198621
-1.198621
-1.198621
-1.198621
-1.197137
-1.175760
-1.151532
-1.089522
-1.111790
-1.049938
-0.994044
-0.855327
-0.818481
-0.836437
-0.716298
-0.502943
-0.367429
-0.371571
-0.148253
-0.151732
0.032848
0.009675
-0.021250
0.139892
-0.192632
0.103731
0.181170
0.563351
0.372134
-0.029348
0.088577
-0.133125
-0.112886
0.454929
0.335911
0.023342
-0.148644
0.132559
0.037124
-0.028479
-0.164660
0.160283
0.573944
0.039703
-0.099285
-0.031480
0.030054
0.273872
0.494646
0.128693
0.100049
0.145077
0.281677
0.063213
0.369138
0.212847
0.002486
0.140675
0.311695
0.111426
0.304356
0.048625
-0.068314
-0.084797
0.056020
-0.131724
-0.144034
-0.130049
-0.118309
-0.057832
0.095656
0.195106
0.299221
0.242608
0.315217
0.486459
0.165678
-0.000701
0.224548
0.240813
0.084982
0.395696
0.140254
-0.065295
-0.196039
-0.063984
0.028392
-0.059866
0.007040
0.050907
0.237524
0.033239
0.032450
0.204334
-0.010615
-0.070052
0.258270
0.156039
0.079542
0.038560
0.010147
0.302497
0.292363
-0.016844
0.162762
-0.164461
-0.164447
0.097871
0.300521
0.100344
0.501110
0.251241
0.320326
0.419967
0.584987
0.012107
0.337794
0.243278
-0.023311
0.184388
0.243970
0.025203
0.023232
0.185776
0.597242
0.238226
-0.101313
0.462464
0.757553
0.319965
0.055585
-0.188265
0.066769
0.138967
0.265889
0.029295
0.072833
0.208497
0.443556
-0.150587
0.171519
0.489488
0.041814
0.271661
0.164164
0.157445
0.431255
0.460822
-0.077747
0.064509
0.314689
0.420084
0.685858
0.510014
0.282577
0.069906
0.281411
0.499445
0.229140
0.036597
0.161743
-0.006162
0.070967
0.022984
0.346952
0.521554
0.139442
0.159145
0.127294
-0.129230
0.056166
-0.143686
0.222492
0.553632
0.414964
0.477872
0.161020
0.529284
0.842043
0.308052
0.401453
0.244091
0.406280
0.699441
0.778279
0.633759
0.318506
0.405119
0.068741
0.014176
-0.005197
0.592230
0.006033
0.502080
0.503012
0.182076
0.312854
0.528980
0.286811
0.370079
0.226778
0.092621
-0.021131
0.100470
0.550549
0.189876
-0.040575
0.361539
0.079136
0.687133
0.402136
0.386182
0.219909
0.743367
0.067157
0.285362
0.206111
0.342379
0.105911
0.579091
0.475831
0.512844
0.071110
0.120320
0.272024
0.510526
0.085379
0.147754
0.552502
1.015996
0.340933
0.209521
-0.062720
0.034052
0.135830
0.378102
0.368413
0.414010
0.646424
0.730597
1.030943
0.838008
0.675443
0.929772
0.405497
0.422999
0.389982
0.430790
0.530309
0.997494
0.808000
0.922091
0.465604
0.730972
0.521209
0.713904
0.829453
0.421912
0.413474
0.399326
0.917251
0.656513
0.571149
0.782834
0.816342
1.511745
0.757041
0.696704
0.790608
1.053919
0.056044
0.086122
0.402958
0.977742
0.747564
0.636809
0.558468
0.800446
0.910883
0.254928
0.532577
0.966410
0.931465
0.896305
0.742743
0.611398
0.266551
0.786567
1.036968
0.766848
0.781545
0.564525
0.723574
0.730147
0.266112
0.277785
0.446435
1.059255
1.163154
0.690144
0.932734
0.484272
0.322495
0.636523
0.657987
0.993222
1.082725
0.997630
0.809186
0.236045
0.496317
0.751262
0.443201
0.940467
1.154518
0.518425
0.383144
0.479575
0.413596
0.730475
1.052890
1.143715
1.083513
2.016958
2.389439
3.755579
2.975617
3.003197
2.379215
2.839286
4.561641
5.084816
3.898007
3.201225
3.272892
5.342746
4.151789
4.238590
4.192128
6.167029
3.283007
3.663725
2.690338
2.034217
3.427116
3.077480
3.036364
2.248557
1.527039
1.273261
1.035394
0.519003
0.677778
0.893347
0.459075
0.114823
0.355894
0.363003
0.661831
0.678443
0.563683
0.457552
0.520535
0.642578
0.988816
0.645886
0.609168
0.804612
0.520029
0.682398
0.494301
0.186370
0.612534
0.987329
1.051120
1.957970
1.744208
0.388659
0.237431
0.283863
0.037606
0.473254
0.722549
0.633076
0.398126
0.302675
-0.019462
-0.005248
-0.018673
-0.094482
-0.069406
-0.164067
0.359211
0.323944
0.776007
-0.177518
-0.244977
-0.031022
-0.085447
-0.220508
-0.333370
-0.341018
-0.657643
-0.363904
-0.444705
-0.429604
-0.551399
-0.592897
-0.389167
-0.263313
-0.373002
-0.401699
-0.531675
-0.427117
-0.440757
-0.566978
-0.434141
-0.197723
-0.282297
-0.587469
-0.332479
-0.250811
-0.607067
-0.284853
-0.371224
-0.312478
-0.289629
-0.516595
-0.188794
-0.225406
-0.457666
-0.420477
-0.478342
-0.423962
-0.500133
-0.469581
0.009443
-0.102739
-0.061895
-0.406273
-0.282995
-0.511689
-0.526434
-0.542709
-0.579971
-0.670093
-0.561452
-0.614710
-0.555189
-0.498343
-0.479768
-0.362099
-0.435721
-0.571396
-0.451963
-0.382083
-0.227781
-0.433144
-0.599641
-0.558843
-0.444397
-0.648128
-0.644421
-0.618644
-0.566869
-0.506997
-0.306089
-0.287727
-0.489592
-0.388159
-0.494027
-0.426585
-0.683130
-0.695517
-0.590766
-0.478340
-0.271228
-0.497669
-0.591845
-0.528951
-0.530607
-0.586904
-0.520334
-0.583251
-0.707645
-0.682065
-0.694167
-0.607661
-0.474861
-0.595978
-0.514938
-0.501155
-0.663271
-0.767437
-0.689556
-0.726214
-0.700954
-0.557522
-0.711546
-0.730523
-0.729604
-0.677549
-0.606512
-0.643939
-0.717678
-0.845802
-0.854564
-0.660483
-0.642499
-0.691287
-0.711480
-0.709157
-0.697472
-0.725613
-0.715808
-0.754182
-0.641696
-0.713158
-0.694851
-0.661605
-0.710827
-0.675324
-0.729540
-0.746000
-0.893434
-1.007491
-0.894279
-1.007899
-1.069877
-1.106942
-1.170530
-1.198522
-1.198621
-1.198621
-1.198621
-1.198621
-1.198621
-1.198621
-1.198621
-0.406062
-0.406062
-0.406062
-0.406062
-0.406062
-0.406062
-0.406062
-0.406062
-0.406062
-0.406062
-0.406062
-0.406062
-0.406062
-0.406062
-0.406062
-0.406062
-0.406062
-0.406062
-0.406062
-0.406062
-0.406062
-0.406062
-0.406062
-0.406062
-0.406062
-0.406062
-0.406062
-0.406062
-0.406062
-0.406062
-0.406062
-0.406062
-0.406062
-0.406062
-0.406062
-0.406062
-0.406062
-0.406062
-0.406062
-0.406062
-0.406062
-0.406062
-0.406062
-0.406062
-0.406062
-0.406062
-0.406062
-0.406062
-0.406062
-0.406062
-0.406062
-0.406062
-0.406062
-0.406062
-0.406062
-0.406062
-0.406062
-0.406062
-0.406062
-0.406062
-0.406062
-0.406062
-0.406062
-0.406062
-0.406062
-0.406062
-0.406062
-0.406062
-0.406062
-0.406062
-0.406062
-0.406062
-0.406062
-0.406062
-0.406062
-0.406062
-0.406062
-0.406062
-0.406062
-0.406062
-0.406062
-0.406062
-0.406062
-0.406062
-0.406062
-0.406062
-0.406062
-0.406062
-0.406062
-0.406062
-0.406062
-0.406062
-0.406062
-0.406062
-0.406062
-0.406062
-0.406062
-0.406062
-0.406062
-0.406062
-0.406062
-0.406062
-0.406062
-0.406062
-0.406062
-0.406062
-0.406062
-0.406062
-0.406062
-0.406062
-0.406062
-0.406062
-0.406062
-0.406062
-0.406062
-0.406062
-0.406062
-0.406062
-0.406062
-0.406062
-0.406062
-0.406062
-0.377289
-0.342823
-0.287819
-0.195822
-0.168546
-0.155831
-0.096125
-0.158529
-0.207667
-0.139507
-0.153619
-0.183433
-0.176900
-0.152262
-0.139492
-0.146982
-0.181171
-0.204611
-0.125634
-0.094735
-0.136475
-0.199439
-0.199832
-0.167657
-0.111727
-0.115362
-0.152005
-0.189945
-0.144329
-0.180463
-0.136816
-0.113189
-0.203125
-0.157508
-0.144371
-0.177527
-0.162453
-0.165007
-0.128321
-0.232142
-0.193893
-0.188913
-0.188581
-0.204259
-0.140101
-0.140315
-0.208348
-0.213263
-0.238408
-0.146009
-0.125089
-0.189495
-0.166612
-0.182800
-0.179669
-0.153462
-0.138745
-0.153047
-0.210364
-0.162835
-0.166140
-0.092313
-0.179009
-0.182901
-0.208399
-0.155609
-0.191842
-0.193556
-0.151134
-0.187789
-0.212026
-0.141100
-0.194197
-0.159863
-0.174244
-0.195128
-0.110235
-0.165659
-0.155157
-0.154776
-0.161898
-0.091206
-0.091426
-0.190681
-0.194789
-0.196859
-0.186075
-0.137085
-0.143449
-0.195957
-0.220068
-0.121703
-0.117477
-0.136265
-0.146033
-0.185258
-0.136765
-0.128355
-0.193627
-0.202973
-0.127865
-0.181060
-0.160137
-0.112533
-0.167506
-0.181098
-0.170137
-0.111513
-0.143602
-0.136556
-0.126501
-0.185291
-0.123979
-0.137169
-0.145950
-0.110030
-0.195895
-0.175925
-0.176340
-0.106433
-0.144406
-0.191918
-0.190962
-0.182855
-0.154844
-0.104988
-0.143872
-0.158001
-0.138797
-0.199948
-0.153069
-0.097860
-0.141910
-0.124450
-0.058466
-0.086940
-0.027163
-0.095366
-0.062497
-0.036573
-0.073557
-0.096649
-0.209478
-0.178669
-0.058879
-0.157351
-0.181329
-0.184384
-0.225852
-0.159496
-0.124627
-0.173113
-0.254592
-0.201249
-0.191790
-0.147674
-0.170643
-0.134732
-0.161947
-0.151092
-0.139847
-0.227570
-0.163971
-0.110113
-0.145342
-0.115789
-0.109590
-0.130672
-0.076623
-0.102744
-0.140408
-0.119473
-0.128912
-0.189854
-0.173658
-0.096040
-0.112221
-0.149433
-0.218482
-0.208890
-0.200696
-0.103198
-0.141798
-0.205547
-0.220931
-0.175345
-0.144167
-0.102500
-0.053810
-0.141783
-0.106568
-0.091960
-0.186213
-0.136496
-0.155113
-0.159760
-0.044962
-0.144169
-0.103764
-0.083939
-0.170585
-0.101974
-0.090118
-0.112736
-0.153872
-0.183623
-0.128307
-0.152843
-0.194224
-0.152273
-0.174379
-0.137478
-0.161089
-0.177724
-0.229267
-0.169939
-0.149613
-0.152807
-0.151548
-0.115724
-0.089794
-0.116914
-0.079181
-0.134444
-0.148711
-0.162880
-0.180235
-0.152795
-0.070410
-0.085433
-0.118645
-0.154841
-0.116509
-0.096971
-0.067883
-0.146159
-0.233712
-0.167628
-0.159028
-0.134346
-0.148667
-0.194497
-0.112039
-0.163568
-0.173360
-0.173851
-0.239757
-0.182312
-0.183327
-0.174772
-0.142130
-0.161061
-0.104938
-0.056374
-0.157430
-0.194671
-0.133515
-0.132016
-0.171847
-0.138496
-0.113944
-0.132385
-0.159152
-0.113839
-0.127010
-0.114240
-0.075068
-0.111298
-0.164868
-0.122893
-0.168187
-0.181017
-0.106138
-0.093621
-0.179379
-0.080801
-0.144112
-0.183639
-0.193451
-0.159570
-0.150250
-0.139389
-0.145560
-0.172093
-0.090101
-0.095181
-0.115439
-0.099992
-0.040030
-0.165717
-0.140901
-0.124258
-0.118298
-0.139070
-0.051227
0.089268
0.242764
0.295082
0.285619
0.243318
0.316512
0.255568
0.066247
-0.142192
-0.035081
0.261271
0.633453
0.676842
0.583555
0.780179
0.988513
0.723942
0.732919
0.844444
0.340595
0.560666
0.718162
1.256683
0.943689
1.812128
1.977006
0.994473
1.114190
1.642592
4.855324
13.142492
10.812114
8.722293
5.575829
6.199871
7.292987
1.460431
0.290307
0.047195
0.040617
-0.016481
0.178977
0.274846
0.060941
0.034592
0.590731
0.160796
0.184743
0.432609
0.591160
0.586561
0.343112
0.229493
0.205251
0.169276
0.445931
0.463024
0.219532
0.113865
0.159181
0.650509
0.665898
0.292170
0.195169
0.768712
0.328927
0.374885
0.423298
0.878231
2.839201
4.636335
3.506775
1.643165
2.676223
3.649386
1.106294
0.283835
0.037147
-0.029419
-0.105306
-0.050166
-0.120807
-0.128098
-0.092252
0.326629
0.238118
-0.036918
-0.011485
0.074313
0.083124
-0.059599
-0.109581
-0.111540
-0.096699
-0.080533
-0.083331
-0.051118
-0.028436
-0.058127
-0.044670
-0.086141
-0.137229
-0.147794
-0.173006
-0.032364
-0.101731
-0.189533
-0.068830
-0.061709
0.000084
-0.057569
-0.101563
-0.121448
-0.165543
-0.076018
-0.036348
-0.133246
-0.170060
-0.107810
-0.069916
-0.075999
-0.065635
-0.119445
-0.050903
-0.104230
-0.083487
-0.058690
-0.137697
-0.032091
0.005948
0.021563
-0.035898
0.001725
0.011707
0.038585
-0.008710
-0.051395
-0.108730
-0.149711
-0.070031
-0.104638
-0.146138
-0.189177
-0.197796
-0.181216
-0.083936
-0.138864
-0.168080
-0.182811
-0.131786
-0.093842
0.003543
-0.146485
-0.094859
-0.064608
-0.030463
-0.173153
-0.144028
-0.121421
-0.062518
-0.074991
-0.102920
-0.029646
-0.090194
-0.094751
-0.171009
-0.126395
-0.087645
-0.154805
-0.181045
-0.098480
-0.027067
-0.138730
-0.174350
-0.127202
-0.077596
-0.100474
-0.056570
-0.113326
-0.145913
-0.165040
-0.142210
-0.037928
-0.044484
-0.152938
-0.158541
-0.046402
-0.146353
-0.039205
-0.096595
-0.077414
-0.018679
-0.174041
-0.169048
-0.158218
-0.156382
-0.086947
-0.133224
-0.109740
-0.168158
-0.237275
-0.124438
-0.029005
-0.069335
-0.176006
-0.092684
-0.011822
-0.090427
-0.106522
-0.101249
-0.066204
-0.146823
-0.147750
-0.116871
-0.128842
-0.241055
-0.285769
-0.331750
-0.406062
-0.406062
-0.902254
-0.902254
-0.902254
-0.902254
-0.902254
-0.902254
-0.902254
-0.902254
-0.902254
-0.902254
-0.902254
-0.902254
-0.902254
-0.902254
-0.902254
-0.902254
-0.902254
-0.902254
-0.902254
-0.902254
-0.902254
-0.902254
-0.902254
-0.902254
-0.902254
-0.902254
-0.902254
-0.902254
-0.902254
-0.902254
-0.902254
-0.902254
-0.902254
-0.902254
-0.902254
-0.902254
-0.902254
-0.902254
-0.902254
-0.902254
-0.902254
-0.902254
-0.902254
-0.902254
-0.902254
-0.902254
-0.902254
-0.902254
-0.902254
-0.902254
-0.902254
-0.902254
-0.902254
-0.902254
-0.902254
-0.902254
-0.902254
-0.902254
-0.902254
-0.902254
-0.902254
-0.902254
-0.902254
-0.902254
-0.902254
-0.902254
-0.902254
-0.902254
-0.902254
-0.902254
-0.902254
-0.902254
-0.902254
-0.902254
-0.902254
-0.902254
-0.902254
-0.902254
-0.902254
-0.902254
-0.902254
-0.902254
-0.902254
-0.902254
-0.902254
-0.902254
-0.902254
-0.902254
-0.902254
-0.902254
-0.902254
-0.902254
-0.902254
-0.902254
-0.902254
-0.902254
-0.902254
-0.902254
-0.902254
-0.902254
-0.902254
-0.902254
-0.902254
-0.902254
-0.902254
-0.902254
-0.902254
-0.902254
-0.902254
-0.902254
-0.902254
-0.902254
-0.902254
-0.902254
-0.900843
-0.877022
-0.851600
-0.807011
-0.775167
-0.774726
-0.645282
-0.562790
-0.594684
-0.472234
-0.494251
-0.563349
-0.447630
-0.426680
-0.378897
-0.490537
-0.376430
-0.430872
-0.427431
-0.378481
-0.278036
-0.399657
-0.269062
-0.382048
-0.408635
-0.358290
-0.421721
-0.391637
-0.336033
-0.293403
-0.251329
-0.250279
-0.119066
-0.289037
-0.303042
-0.440371
-0.493199
-0.423398
-0.491276
-0.486656
-0.317671
-0.353821
-0.468395
-0.458695
-0.421892
-0.444883
-0.398384
-0.323186
-0.361775
-0.521062
-0.499539
-0.420696
-0.416034
-0.356233
-0.190626
-0.406394
-0.302878
-0.439800
-0.446196
-0.455478
-0.473507
-0.345351
-0.523943
-0.510590
-0.506106
-0.218108
-0.325868
-0.506716
-0.365952
-0.376741
-0.483209
-0.487507
-0.437222
-0.577973
-0.491278
-0.528929
-0.520796
-0.369886
-0.423881
-0.288650
-0.510342
-0.458958
-0.469093
-0.418075
-0.386779
-0.282231
-0.518762
-0.418710
-0.293815
-0.298128
-0.303320
-0.377828
-0.421667
-0.287694
-0.141228
-0.238853
-0.047453
-0.210991
-0.407001
-0.377774
-0.351257
-0.422594
-0.502664
-0.260497
-0.359039
-0.354922
-0.382395
-0.450435
-0.414226
-0.359308
-0.271586
-0.361585
-0.340451
-0.386534
-0.407710
-0.481067
-0.252563
-0.371901
-0.429014
-0.401606
-0.470580
-0.342159
-0.259811
-0.269319
-0.321119
-0.288281
-0.474563
-0.368061
-0.340597
-0.394887
-0.103280
-0.261221
-0.156743
-0.337306
-0.330173
-0.338879
-0.286799
-0.316751
-0.295867
-0.194545
-0.297915
-0.215868
-0.144592
-0.158099
-0.318792
-0.228146
-0.412010
-0.339813
-0.379653
-0.319077
-0.290142
-0.419739
-0.304030
-0.271170
-0.246649
-0.376962
-0.290805
-0.287024
-0.009781
-0.061295
-0.151217
-0.211047
-0.454729
-0.459568
-0.479421
-0.318935
-0.310637
-0.444521
-0.280049
-0.366150
-0.430829
-0.308572
-0.432688
-0.338694
-0.337541
-0.346777
-0.394853
-0.354687
-0.340445
-0.379159
-0.360251
-0.187766
-0.452464
-0.481214
-0.277774
-0.364548
-0.448377
-0.282531
-0.203825
-0.508096
-0.298425
-0.467501
-0.489144
-0.463075
-0.491921
-0.474557
-0.483372
-0.348699
-0.427595
-0.384842
-0.350692
-0.355624
-0.395874
-0.462163
-0.327226
-0.167363
-0.174252
-0.333449
-0.233359
-0.265624
-0.252485
-0.494555
-0.381623
-0.328577
-0.454214
-0.496194
-0.343814
-0.332603
-0.289306
-0.219331
-0.484576
-0.310043
-0.156753
0.074158
-0.150743
-0.002572
-0.299610
-0.305571
-0.240331
-0.356370
-0.407752
-0.169721
-0.306379
-0.379085
-0.227230
-0.209178
-0.316071
-0.168179
-0.138406
-0.266482
-0.196115
-0.190814
-0.215412
-0.181648
-0.038815
0.041328
-0.078925
0.123209
0.134377
-0.068261
0.281409
-0.049047
0.131136
0.220019
0.397775
0.092182
0.209533
0.508617
0.540252
0.380993
0.454921
0.425756
0.466224
0.206866
0.678045
0.684273
0.415553
0.321471
0.823845
0.532585
1.085114
0.827558
0.318575
0.909681
1.151928
1.675957
1.958345
3.013930
1.690340
2.098638
2.039749
2.547133
1.852933
2.371079
2.691206
3.350039
2.079994
2.973214
2.295367
2.545725
1.990215
2.745651
1.936859
1.049104
1.258393
1.789412
1.229172
1.936664
1.814315
1.856687
1.817174
1.721792
2.364340
2.054679
3.228689
2.793252
1.480309
1.372561
1.007674
1.312915
1.553344
1.506830
0.910652
1.766072
1.509033
1.114141
1.986473
2.848253
1.603351
1.581038
1.402990
1.338207
1.169738
1.724898
1.864332
2.421978
2.798439
2.016155
3.340634
2.727383
2.660781
1.982550
2.789486
2.703099
2.438112
3.673348
3.139405
0.957305
1.732119
1.779181
1.899755
1.356648
1.119076
1.574230
1.788137
1.918593
2.216940
2.331917
2.208391
2.070847
1.790729
2.351779
2.297727
2.983533
2.751952
3.037922
2.523326
2.786444
2.446471
2.449205
2.597205
2.052982
2.661014
1.876959
1.892210
1.976618
2.160288
1.615508
1.797654
1.242593
1.103717
1.164147
0.628908
0.927738
1.117454
1.575723
0.800355
0.886378
1.253027
0.993680
0.297794
0.616472
1.110426
1.408672
1.015802
1.311352
0.647333
0.567382
0.991987
1.342460
1.038314
0.829889
0.962269
1.161127
0.802906
0.751906
0.373644
0.292806
0.334664
0.197285
0.421522
0.142206
0.065874
0.728363
0.069127
-0.000781
-0.074172
0.033405
0.227731
0.268133
0.459890
-0.146710
0.085141
0.255834
0.238978
0.414259
0.066889
0.183023
0.759294
0.672666
0.262711
-0.032964
0.037367
-0.199599
-0.065812
-0.350680
-0.452107
-0.323526
-0.235226
-0.232219
-0.409133
-0.307791
-0.211554
-0.001615
-0.218278
-0.356586
-0.445233
-0.482382
-0.534023
-0.437593
-0.479920
-0.487651
-0.494073
-0.522333
-0.515065
-0.526064
-0.511331
-0.437001
-0.459791
-0.491871
-0.514043
-0.523873
-0.384157
-0.571485
-0.479288
-0.475387
-0.571589
-0.582216
-0.507316
-0.511372
-0.428110
-0.395661
-0.493697
-0.532810
-0.489151
-0.573203
-0.477958
-0.526722
-0.517637
-0.578290
-0.469143
-0.437266
-0.545737
-0.484471
-0.509829
-0.579462
-0.465691
-0.412236
-0.432795
-0.471223
-0.290487
-0.273487
-0.368084
-0.317613
-0.403865
-0.463711
-0.521838
-0.456853
-0.611361
-0.531499
-0.500156
-0.435146
-0.449383
-0.507389
-0.410951
-0.504793
-0.479470
-0.533316
-0.557316
-0.556853
-0.633232
-0.452707
-0.395989
-0.488900
-0.554362
-0.516683
-0.522532
-0.541474
-0.519877
-0.499736
-0.573754
-0.528541
-0.552294
-0.595819
-0.590267
-0.637604
-0.726758
-0.793901
-0.856670
-0.902254
-0.902254
-0.902254
-0.902254
-0.859934
-0.859934
-0.859934
-0.859934
-0.859934
-0.859934
-0.859934
-0.859934
-0.859934
-0.859934
-0.859934
-0.859934
-0.859934
-0.859934
-0.859934
-0.859934
-0.859934
-0.859934
-0.859934
-0.859934
-0.859934
-0.859934
-0.859934
-0.859934
-0.859934
-0.859934
-0.859934
-0.859934
-0.859934
-0.859934
-0.859934
-0.859934
-0.859934
-0.859934
-0.859934
-0.859934
-0.859934
-0.859934
-0.859934
-0.859934
-0.859934
-0.859934
-0.859934
-0.859934
-0.859934
-0.859934
-0.859934
-0.859934
-0.859934
-0.859934
-0.859934
-0.859934
-0.859934
-0.859934
-0.859934
-0.859934
-0.859934
-0.859934
-0.859934
-0.859934
-0.859934
-0.859934
-0.859934
-0.859934
-0.859934
-0.859934
-0.859934
-0.859934
-0.859934
-0.859934
-0.859934
-0.859934
-0.859934
-0.859934
-0.859934
-0.859934
-0.859934
-0.859934
-0.859934
-0.859934
-0.859934
-0.859934
-0.859934
-0.859934
-0.859934
-0.859934
-0.859934
-0.859934
-0.859934
-0.859934
-0.859934
-0.859934
-0.859934
-0.859912
-0.858796
-0.847950
-0.837163
-0.836707
-0.816957
-0.822724
-0.831908
-0.800983
-0.806353
-0.829045
-0.822219
-0.835958
-0.825728
-0.824629
-0.785448
-0.802375
-0.789796
-0.788319
-0.736630
-0.753703
-0.727779
-0.762209
-0.737605
-0.654802
-0.710346
-0.728722
-0.699544
-0.713162
-0.733274
-0.705251
-0.746396
-0.725799
-0.727701
-0.673783
-0.733724
-0.714388
-0.734033
-0.737604
-0.707630
-0.691315
-0.691647
-0.679246
-0.713054
-0.704029
-0.703738
-0.665829
-0.703062
-0.732065
-0.712138
-0.728885
-0.677632
-0.721361
-0.674077
-0.658727
-0.617345
-0.687151
-0.648660
-0.697943
-0.669635
-0.698855
-0.703535
-0.716570
-0.677857
-0.668187
-0.665947
-0.694494
-0.724024
-0.665052
-0.721387
-0.648312
-0.658965
-0.671868
-0.661936
-0.666840
-0.735206
-0.684369
-0.661058
-0.621670
-0.691358
-0.677958
-0.700679
-0.702370
-0.675254
-0.589075
-0.687263
-0.597389
-0.636154
-0.607260
-0.649003
-0.592985
-0.696407
-0.694214
-0.663261
-0.660222
-0.681435
-0.695677
-0.723330
-0.727805
-0.629732
-0.667314
-0.620005
-0.648497
-0.613273
-0.687053
-0.580047
-0.587409
-0.637762
-0.674519
-0.648365
-0.724260
-0.674587
-0.624002
-0.696985
-0.731890
-0.747494
-0.708816
-0.678556
-0.594308
-0.716108
-0.705208
-0.727579
-0.652682
-0.720751
-0.646878
-0.686660
-0.711318
-0.729816
-0.716553
-0.732617
-0.664013
-0.718382
-0.746047
-0.658013
-0.690071
-0.667561
-0.650539
-0.679229
-0.689992
-0.697634
-0.316111
1.099326
0.395336
0.362661
0.694691
0.667737
1.566954
2.972891
2.737242
3.662496
2.588781
3.104039
1.400843
0.553483
0.672632
0.506094
0.332243
1.500243
1.343019
1.522711
2.696631
1.528846
1.981174
1.911790
1.606391
1.991210
2.620646
1.394556
1.503075
2.852717
3.594024
4.140378
2.944753
2.556506
3.978197
4.212253
4.017221
2.617129
2.750944
2.614289
1.687242
2.920529
2.774378
2.245122
3.069223
1.971023
0.987216
1.408385
1.974226
1.515785
1.952455
1.975898
1.436428
2.141323
2.902971
2.450359
3.681818
3.609222
1.997464
2.403990
2.337288
1.868795
1.458639
1.791911
2.523651
2.003989
2.329981
1.673197
2.095088
2.240628
1.230957
1.448791
1.512899
1.776226
1.606953
1.387458
1.322434
0.917606
1.294541
1.163040
1.217720
2.495114
1.327083
0.905927
1.069636
1.228031
1.118701
1.111222
1.105414
0.800266
1.458860
1.161036
1.006374
0.755432
1.585648
1.103926
1.211171
1.139991
1.084989
0.931854
0.775081
1.107327
1.033675
0.705030
0.573500
0.760714
1.056633
0.922415
0.731436
0.623179
0.843271
1.129680
1.173091
1.955666
1.190588
0.951874
1.216238
0.751744
0.735856
1.030299
0.884607
0.934345
0.713449
0.957629
0.730335
0.428379
0.672794
0.722198
0.613646
0.789226
0.764299
0.288169
0.557950
0.323419
0.751583
0.485561
0.549641
0.795959
0.425349
0.198250
0.539645
0.936689
0.239871
0.299971
0.624939
0.506670
0.201537
0.502654
0.357250
0.333394
0.286465
0.162328
0.370581
0.344869
0.548533
0.723510
0.210749
0.319635
0.464747
0.361980
0.208087
0.293613
0.247893
0.098604
0.181090
0.071997
0.202699
-0.112436
-0.207605
0.349248
0.182008
-0.043287
0.299707
0.263958
0.666616
0.461338
0.423424
0.249643
0.103824
0.326408
0.501809
0.365220
0.162037
0.160336
0.417471
0.139217
0.355298
0.215425
0.005681
-0.170095
-0.138342
0.143177
0.197096
0.126328
0.045622
0.191044
0.108162
-0.054784
-0.062403
0.011512
-0.081661
-0.058810
-0.014912
0.160281
0.038585
0.100513
-0.029683
0.050890
-0.097607
-0.228366
-0.244191
-0.070916
-0.031784
-0.145074
-0.168849
-0.188338
-0.295033
-0.257905
-0.299322
-0.303546
-0.272318
-0.286256
-0.149303
0.035984
-0.139540
-0.098519
0.040748
0.137484
0.408208
0.562147
0.127543
0.405548
0.418340
0.015931
-0.050012
0.842584
0.911806
0.424819
-0.058591
-0.105985
0.027738
0.106558
0.039191
0.119517
0.645611
0.157808
0.288069
0.016720
0.197360
0.445164
0.581705
0.606029
0.780007
0.518029
0.813735
0.567487
0.181446
0.081926
0.137459
0.196000
0.020172
-0.101975
-0.196050
-0.078869
-0.344530
-0.301914
-0.130676
-0.290354
0.064749
-0.203798
-0.080374
-0.092740
-0.163228
-0.117791
-0.112676
-0.313776
-0.335905
-0.102308
0.023286
-0.207353
-0.207029
-0.298749
-0.289102
-0.323299
-0.348383
-0.259415
-0.356916
-0.337141
-0.460655
-0.336166
-0.317525
-0.385254
-0.441575
-0.358503
-0.237014
-0.372870
-0.430253
-0.284333
-0.376666
-0.466506
-0.416100
-0.263523
-0.366551
-0.372190
-0.135946
-0.259046
-0.169967
-0.334127
-0.210738
-0.446631
-0.398123
-0.351122
-0.220122
-0.423088
-0.300704
-0.465918
-0.471387
-0.303972
-0.462044
-0.456055
-0.415034
-0.512366
-0.331055
-0.351623
-0.293058
-0.454599
-0.271087
-0.389004
-0.343938
-0.422676
-0.368359
-0.399323
-0.264098
-0.308352
-0.369787
-0.343268
-0.388761
-0.391460
-0.444349
-0.440452
-0.474177
-0.351805
-0.440538
-0.580883
-0.516529
-0.436899
-0.334518
-0.244292
-0.405655
-0.512005
-0.464942
-0.463924
-0.469538
-0.461903
-0.433437
-0.479318
-0.438957
-0.393232
-0.434944
-0.465107
-0.409034
-0.389339
-0.359204
-0.390032
-0.436135
-0.369557
-0.342734
-0.315338
-0.355924
-0.491184
-0.388333
-0.407957
-0.391312
-0.399615
-0.370804
-0.529526
-0.564076
-0.528893
-0.558481
-0.490564
-0.489541
-0.585380
-0.552120
-0.578713
-0.678623
-0.714000
-0.722093
-0.709315
-0.758501
-0.743427
-0.765621
-0.772744
-0.791585
-0.825518
-0.859909
-0.859934
-0.859934
-0.859934
-0.859934
-0.859934
-0.859934
-0.859934
-0.859934
-0.859934
-0.525869
-0.525869
-0.525869
-0.525869
-0.525869
-0.525869
-0.525869
-0.525869
-0.525869
-0.525869
-0.525869
-0.525869
-0.525869
-0.525869
-0.525869
-0.525869
-0.525869
-0.525869
-0.525869
-0.525869
-0.525869
-0.525869
-0.525869
-0.525869
-0.525869
-0.525869
-0.525869
-0.525869
-0.525869
-0.525869
-0.525869
-0.525869
-0.525869
-0.525869
-0.525869
-0.525869
-0.525869
-0.525869
-0.525869
-0.525869
-0.525869
-0.525869
-0.525869
-0.525869
-0.525869
-0.525869
-0.525869
-0.525869
-0.525869
-0.525869
-0.525869
-0.525869
-0.525869
-0.525869
-0.525869
-0.525869
-0.525869
-0.525869
-0.525869
-0.525869
-0.525869
-0.525869
-0.525869
-0.525869
-0.525869
-0.525869
-0.525869
-0.525869
-0.525869
-0.525869
-0.525869
-0.525869
-0.525869
-0.525869
-0.525869
-0.525869
-0.525869
-0.525869
-0.525869
-0.525869
-0.525869
-0.525869
-0.525869
-0.525869
-0.525869
-0.525869
-0.525869
-0.525869
-0.525869
-0.525869
-0.525869
-0.525869
-0.525869
-0.525869
-0.525869
-0.525869
-0.525869
-0.525869
