0.214904
0.452944
0.260779
0.218586
0.129108
0.009440
0.240222
0.088330
0.274241
0.211504
0.029985
0.201951
0.318253
0.139983
0.018017
-0.003705
0.289967
0.276696
-0.109186
-0.035579
-0.130626
-0.116639
0.054659
0.300558
0.276258
0.155097
0.194232
1.338426
3.393511
0.192406
-0.019075
0.342316
0.213350
0.151787
0.205303
0.040151
0.079404
0.127347
-0.092785
-0.015439
0.039357
0.250802
0.081592
-0.000192
0.068922
0.111601
-0.013683
0.185456
0.083265
-0.114491
0.062500
0.902488
0.529301
0.519701
1.487885
0.452678
-0.195313
0.160658
3.233747
3.394886
0.469784
-0.154117
0.042936
0.154692
0.219800
0.457009
0.260837
0.165783
0.022024
0.539323
0.446188
0.052865
0.083006
0.233914
0.553706
0.688707
0.413081
0.396012
0.620204
1.310294
2.311914
2.054972
1.029808
0.275067
0.181083
0.264122
-0.070234
-0.012052
0.419534
0.309399
0.439522
0.139889
0.353885
0.664083
0.351693
0.439300
0.028045
0.337019
0.207775
0.508051
0.716052
0.029043
0.077865
0.133400
0.506464
0.704751
2.572529
0.828090
0.211963
0.040404
-0.031802
0.277350
0.406910
0.346839
1.058132
0.819456
0.685912
1.237922
0.462593
0.612765
0.580320
0.301899
0.468427
0.594511
0.336584
0.036768
0.365723
0.589350
0.749593
2.308081
0.121012
2.248219
1.273743
1.872292
0.591542
0.672197
0.548774
0.307947
0.565566
1.003647
1.175671
-0.089987
-0.546387
-0.724012
-0.812994
-0.812994
-0.812994
-0.725080
-0.725080
-0.725080
-0.725080
-0.725080
-0.725080
-0.725080
-0.725080
-0.725080
-0.725080
-0.725080
-0.725080
-0.725080
-0.725080
-0.725080
-0.725080
-0.725080
-0.725080
-0.725080
-0.725080
-0.725080
-0.725080
-0.725080
-0.725080
-0.725080
-0.725080
-0.725080
-0.725080
-0.725080
-0.725080
-0.725080
-0.725080
-0.725080
-0.725080
-0.725080
-0.725080
-0.725080
-0.725080
-0.725080
-0.725080
-0.725080
-0.725080
-0.725080
-0.725080
-0.725080
-0.725080
-0.725080
-0.725080
-0.725080
-0.725080
-0.725080
-0.725080
-0.725080
-0.725080
-0.725080
-0.725080
-0.725080
-0.725080
-0.725080
-0.725080
-0.725080
-0.725080
-0.725080
-0.725080
-0.725080
-0.725080
-0.725080
-0.725080
-0.725080
-0.725080
-0.725080
-0.725080
-0.725080
-0.725080
-0.725080
-0.725080
-0.725080
-0.725080
-0.725080
-0.725080
-0.725080
-0.725080
-0.725080
-0.725080
-0.725080
-0.725080
-0.725080
-0.725080
-0.725080
-0.725080
-0.725080
-0.725080
-0.725080
-0.725080
-0.725080
-0.725080
-0.725080
-0.725080
-0.725080
-0.725080
-0.725080
-0.725080
-0.725080
-0.725080
-0.725080
-0.725080
-0.724852
-0.719595
-0.700895
-0.684396
-0.684536
-0.678079
-0.682093
-0.645471
-0.643785
-0.672031
-0.647317
-0.592756
-0.571088
-0.616842
-0.522761
-0.426068
-0.474093
-0.496413
-0.545437
-0.514664
-0.481333
-0.490199
-0.402020
-0.383387
-0.379804
-0.479689
-0.459002
-0.534392
-0.533255
-0.457886
-0.489330
-0.500099
-0.495477
-0.564234
-0.470461
-0.503805
-0.534747
-0.522669
-0.523572
-0.466663
-0.506159
-0.502731
-0.477072
-0.466825
-0.475273
-0.475293
-0.439767
-0.493204
-0.447287
-0.526164
-0.548198
-0.493525
-0.481655
-0.483126
-0.483040
-0.444755
-0.469379
-0.503193
-0.515993
-0.504866
-0.466692
-0.460811
-0.417409
-0.450085
-0.465920
-0.442549
-0.463174
-0.483670
-0.465808
-0.494338
-0.454975
-0.490446
-0.490356
-0.467661
-0.504115
-0.441866
-0.465531
-0.459628
-0.478771
-0.446595
-0.486715
-0.516077
-0.410012
-0.527274
-0.455624
-0.399930
-0.395060
-0.488294
-0.529243
-0.528118
-0.538865
-0.500985
-0.478607
-0.441644
-0.489486
-0.504948
-0.515459
-0.512972
-0.505337
-0.526176
-0.458495
-0.456580
-0.522889
-0.519943
-0.449690
-0.486051
-0.451407
-0.465591
-0.438641
-0.437444
-0.453584
-0.429720
-0.543219
-0.443216
-0.475601
-0.461225
-0.388379
-0.413563
-0.408673
-0.500252
-0.481788
-0.403590
-0.384485
-0.400144
-0.412980
-0.453317
-0.405499
-0.432136
-0.448149
-0.473035
-0.493651
-0.491516
-0.433080
-0.440834
-0.440960
-0.448254
-0.408316
-0.396567
-0.389302
-0.459482
-0.391444
-0.432348
-0.418158
-0.494838
-0.416082
-0.429795
-0.464244
-0.330833
-0.332017
-0.398389
-0.398278
-0.391722
-0.398513
-0.385512
-0.395742
-0.451326
-0.424726
-0.346927
-0.272767
-0.230496
-0.244629
-0.264930
-0.363238
-0.269883
-0.310335
-0.143319
-0.039853
-0.175496
-0.012529
-0.065783
-0.024281
-0.213117
-0.188760
-0.164548
-0.349946
-0.318079
-0.238467
-0.365360
-0.375231
-0.285689
-0.322244
-0.298946
-0.317386
-0.393957
-0.336244
-0.325621
-0.393583
-0.401707
-0.370233
-0.213057
-0.248878
-0.255967
-0.259672
-0.295718
-0.261942
-0.319296
-0.274398
-0.118643
-0.214025
-0.267698
-0.309378
-0.173634
-0.273311
-0.301138
-0.243998
-0.376755
-0.209653
-0.015949
-0.045118
0.172896
-0.020330
0.048525
0.176534
-0.134968
-0.231558
-0.187257
-0.295419
-0.315507
-0.281657
-0.179039
-0.363881
-0.369649
-0.344871
-0.333538
-0.299759
-0.302102
-0.372570
-0.332275
-0.344946
-0.342869
-0.343941
-0.390804
-0.376252
-0.454434
-0.431688
-0.356062
-0.309434
-0.229978
-0.299582
-0.359014
-0.309437
-0.336025
-0.285492
-0.436171
-0.374043
-0.350033
-0.207092
-0.306408
-0.145602
-0.243953
-0.240242
-0.234187
-0.279670
-0.325980
-0.137341
-0.050824
-0.228005
-0.236248
-0.316256
-0.306099
-0.354181
-0.163436
-0.251909
-0.326132
-0.336556
-0.317103
-0.171029
-0.230256
-0.112549
-0.011165
-0.127901
-0.156407
-0.020074
-0.169543
-0.200609
-0.174155
-0.247749
-0.254091
-0.109891
0.007659
-0.202647
-0.064309
-0.050419
-0.189910
-0.155101
-0.225276
-0.172501
-0.219009
-0.192758
-0.224801
-0.276278
-0.143544
-0.139108
-0.127854
-0.032067
-0.075986
-0.124879
-0.114892
0.019509
0.302545
0.253457
-0.027682
-0.113387
0.155283
0.441681
0.347412
0.297656
0.459667
0.443204
0.071611
0.129041
0.232991
0.816243
0.722871
1.007872
1.221613
0.952103
0.911887
0.610839
0.369648
0.183018
0.360790
0.734473
0.875603
1.027610
1.085035
1.341540
1.702942
1.907597
1.640102
1.258205
1.094413
1.777974
2.109860
1.517655
1.464491
1.911578
1.923704
1.956621
2.647116
3.078692
3.050033
2.069326
3.603914
3.412473
2.332669
2.979096
2.704333
2.969702
2.795139
2.742059
2.386935
2.721673
1.457143
1.783006
3.045812
2.912847
2.512734
2.636705
2.047885
2.725387
2.006631
1.935808
2.638456
2.758745
1.938041
1.847501
2.601974
2.663583
3.396438
3.703594
4.538896
3.151101
1.862201
1.812786
1.785571
2.501901
2.497127
3.495219
2.692913
2.370492
2.092236
3.022211
1.907431
2.860110
3.223284
2.942468
5.370566
3.095420
2.182914
2.018135
1.691837
1.701758
1.857920
1.171174
1.157792
1.522567
1.716432
0.959490
1.383275
1.017788
0.905301
0.381825
0.228341
0.349581
0.661849
1.263969
0.923702
0.342427
0.367289
0.661411
0.603082
0.452783
0.428845
1.172585
1.891931
0.976323
1.049719
0.734041
1.011386
2.065747
2.994668
2.055990
1.492392
1.784712
1.541810
1.578578
0.622900
0.680076
0.952225
0.857528
0.032033
-0.294113
-0.378098
-0.435676
-0.368129
-0.401972
-0.323346
-0.389344
-0.442663
-0.497187
-0.404288
-0.255991
-0.367022
-0.424282
-0.376580
-0.239075
0.596325
1.540346
0.626686
-0.132348
-0.406719
-0.405889
-0.424182
-0.376601
-0.336216
-0.432643
-0.454733
-0.394830
-0.347727
-0.301119
-0.068060
0.307833
0.284199
-0.224680
-0.296380
-0.139086
-0.335456
-0.320977
-0.360287
-0.410726
-0.374849
-0.287417
-0.310620
-0.311353
-0.342252
-0.309366
-0.418947
-0.446805
-0.328440
-0.328827
-0.356289
-0.418143
-0.384719
-0.225593
-0.241450
-0.341956
-0.406889
-0.399429
-0.441112
-0.373381
-0.373440
-0.398486
-0.314113
-0.367725
-0.374869
-0.365434
-0.409554
-0.380181
-0.378286
-0.419329
-0.311990
-0.472453
-0.400876
-0.328103
-0.339988
-0.439492
-0.353450
-0.284575
-0.396788
-0.419999
-0.379082
-0.332667
-0.486471
-0.452372
-0.490170
-0.510355
-0.487452
-0.477494
-0.550957
-0.587364
-0.602942
-0.621676
-0.687879
-0.725037
-0.725080
-0.725080
-0.725080
-0.725080
-0.725080
-0.725080
-0.744301
-0.744301
-0.744301
-0.744301
-0.744301
-0.744301
-0.744301
-0.744301
-0.744301
-0.744301
-0.744301
-0.744301
-0.744301
-0.744301
-0.744301
-0.744301
-0.744301
-0.744301
-0.744301
-0.744301
-0.744301
-0.744301
-0.744301
-0.744301
-0.744301
-0.744301
-0.744301
-0.744301
-0.744301
-0.744301
-0.744301
-0.744301
-0.744301
-0.744301
-0.744301
-0.744301
-0.744301
-0.744301
-0.744301
-0.744301
-0.744301
-0.744301
-0.744301
-0.744301
-0.744301
-0.744301
-0.744301
-0.744301
-0.744301
-0.744301
-0.744301
-0.744301
-0.744301
-0.744301
-0.744301
-0.744301
-0.744301
-0.744301
-0.744301
-0.744301
-0.744301
-0.744301
-0.744301
-0.744301
-0.744301
-0.744301
-0.744301
-0.744301
-0.744301
-0.744301
-0.744301
-0.744301
-0.744301
-0.744301
-0.744301
-0.744301
-0.744301
-0.744301
-0.744301
-0.744301
-0.744301
-0.744301
-0.744301
-0.744027
-0.744046
-0.739436
-0.726356
-0.713756
-0.704179
-0.704421
-0.707169
-0.700971
-0.702533
-0.699256
-0.684732
-0.648916
-0.698426
-0.691794
-0.647309
-0.662686
-0.687360
-0.683304
-0.626833
-0.642524
-0.578125
-0.610220
-0.613157
-0.583513
-0.533354
-0.451901
-0.603827
-0.492847
-0.482487
-0.439705
-0.442595
-0.550191
-0.513138
-0.525033
-0.416213
-0.399726
-0.450953
-0.500513
-0.555747
-0.461841
-0.520215
-0.488238
-0.430240
-0.482306
-0.408343
-0.441077
-0.467523
-0.470672
-0.490712
-0.474374
-0.492159
-0.476421
-0.443379
-0.448597
-0.499403
-0.530947
-0.403782
-0.506546
-0.455416
-0.436935
-0.515666
-0.402512
-0.454009
-0.478887
-0.485355
-0.432876
-0.371596
-0.339785
-0.472211
-0.450170
-0.435201
-0.477501
-0.466429
-0.376864
-0.467939
-0.499055
-0.498647
-0.516826
-0.506886
-0.424698
-0.513519
-0.523041
-0.523795
-0.506003
-0.464055
-0.502002
-0.508638
-0.362940
-0.487421
-0.417777
-0.425925
-0.436821
-0.462238
-0.416828
-0.528243
-0.520513
-0.453304
-0.501138
-0.385838
-0.475385
-0.450882
-0.500443
-0.490102
-0.516144
-0.484096
-0.480264
-0.404611
-0.505369
-0.526237
-0.557116
-0.483663
-0.503467
-0.499692
-0.543502
-0.534092
-0.484321
-0.509257
-0.479281
-0.422149
-0.483527
-0.444897
-0.459084
-0.496361
-0.481013
-0.464397
-0.481042
-0.449192
-0.485139
-0.468606
-0.435622
-0.457672
-0.401339
-0.436064
-0.507563
-0.483645
-0.445920
-0.505604
-0.565017
-0.501878
-0.551637
-0.466534
-0.312405
-0.457742
-0.454997
-0.499022
-0.485921
-0.379353
-0.397529
-0.445932
-0.476001
-0.473682
-0.504258
-0.425572
-0.474023
-0.495549
-0.479895
-0.440524
-0.524551
-0.447352
-0.489328
-0.451371
-0.474782
-0.445185
-0.467189
-0.491938
-0.504536
-0.480149
-0.461587
-0.505401
-0.480191
-0.555207
-0.498299
-0.452542
-0.467895
-0.482996
-0.525506
-0.468812
-0.468226
-0.401615
-0.396090
-0.452205
-0.433804
-0.485757
-0.485669
-0.428738
-0.493473
-0.501787
-0.513711
-0.535441
-0.577762
-0.561978
-0.506418
-0.491998
-0.478239
-0.458682
-0.460669
-0.516026
-0.513504
-0.429841
-0.473424
-0.501967
-0.573481
-0.506889
-0.510136
-0.515086
-0.503728
-0.535410
-0.511057
-0.528379
-0.459743
-0.417141
-0.452559
-0.490170
-0.511625
-0.495560
-0.453967
-0.496592
-0.541619
-0.483216
-0.520278
-0.493959
-0.435129
-0.479476
-0.460795
-0.498448
-0.548026
-0.552213
-0.554055
-0.528290
-0.445225
-0.475404
-0.429730
-0.478434
-0.551497
-0.519797
-0.465743
-0.466974
-0.467984
-0.508688
-0.478891
-0.478848
-0.473382
-0.569726
-0.523641
-0.500911
-0.431651
-0.433405
-0.461882
-0.493259
-0.494305
-0.510513
-0.481826
-0.434775
-0.467761
-0.471798
-0.470082
-0.457928
-0.417383
-0.425083
-0.428724
-0.368974
-0.363785
-0.477496
-0.432721
-0.514298
-0.521909
-0.553760
-0.496216
-0.485542
-0.450643
-0.493732
-0.500868
-0.505500
-0.532137
-0.513209
-0.481110
-0.477288
-0.459181
-0.473149
-0.464891
-0.480229
-0.446882
-0.490752
-0.509896
-0.501850
-0.480630
-0.456400
-0.394996
-0.445303
-0.491035
-0.448114
-0.468196
-0.481972
-0.446744
-0.428190
-0.437495
-0.483246
-0.494459
-0.448470
-0.248635
0.338543
0.075119
-0.148881
-0.117504
-0.238133
-0.278153
-0.250531
-0.287672
-0.260283
-0.305745
-0.255001
-0.075595
0.181609
0.095915
0.323869
0.115053
0.294500
0.703631
0.447983
0.470525
0.494603
0.247166
0.235109
0.156399
0.131861
0.082644
0.194163
0.561241
0.440043
0.652430
0.286433
0.637229
0.446548
1.377113
1.120993
1.914803
2.435826
3.020819
2.448879
3.368916
2.575171
3.246570
2.942121
2.801259
2.572275
2.451031
4.268171
2.801880
3.434588
3.395720
2.270013
3.337885
4.293660
2.931190
3.466225
2.882939
3.149679
3.719056
3.836928
3.261123
3.558115
3.679111
4.135707
3.441101
3.341987
3.066626
2.789035
3.029417
2.395020
2.357239
2.905282
2.144966
1.754729
1.822328
2.388777
2.719944
3.204681
3.677890
3.086375
2.583080
2.217975
2.003250
2.126440
1.873421
1.637308
1.475826
1.164983
1.253021
1.596147
1.373409
1.487530
1.083847
1.146298
1.231548
1.623836
1.596092
1.370190
0.846039
0.776463
0.615107
1.130637
1.282954
1.263112
0.918104
0.993527
1.103079
0.544865
0.642521
0.876638
0.315760
0.467680
0.597930
0.488123
0.517772
0.637665
0.513134
0.772987
0.606227
0.721261
0.730648
1.084970
0.933751
0.918556
0.798326
0.697834
0.626747
0.480972
0.558923
0.544814
0.561083
0.512294
0.437253
0.724940
0.719525
0.844101
0.783073
0.591799
1.083751
0.856713
0.486604
0.629798
0.545434
0.430670
0.551771
0.363283
0.612223
0.325195
0.292548
0.518430
0.659583
0.437361
0.456434
0.411227
0.244867
0.166861
0.157145
0.264946
0.405151
0.409816
0.654863
0.301519
0.106381
0.113586
0.081873
0.166311
0.212206
0.205380
0.286534
0.129268
0.201006
0.196840
0.289501
0.331288
0.349853
0.150480
0.068577
0.257597
0.266369
0.448127
0.103689
0.119528
0.218876
0.327113
0.315786
0.361530
0.320754
0.423886
0.121542
0.166256
0.210930
0.333054
0.357096
0.207382
0.190401
0.461664
0.516347
0.481333
0.323248
0.052344
0.465978
0.339108
0.349621
0.206557
0.362966
0.316783
0.316347
0.312186
0.295459
0.469887
0.374317
0.260196
0.255821
0.152540
0.236774
0.041027
0.186281
0.277796
-0.023457
0.254285
0.507645
0.294769
-0.101637
0.020950
-0.077040
-0.056652
0.061066
0.016729
0.119248
-0.207512
-0.269786
-0.157708
-0.399613
-0.429638
-0.412499
-0.406981
-0.416571
-0.624636
-0.674270
-0.700068
-0.733421
-0.744267
-0.744301
-0.744301
-0.744301
-0.744301
-0.744301
-0.744301
-0.744301
-0.744301
-0.744301
-0.744301
-0.744301
-0.744301
-0.584845
-0.584845
-0.584845
-0.584845
-0.584845
-0.584845
-0.584845
-0.584845
-0.584845
-0.584845
-0.584845
-0.584845
-0.584845
-0.584845
-0.584845
-0.584845
-0.584845
-0.584845
-0.584845
-0.584845
-0.584845
-0.584845
-0.584845
-0.584845
-0.584845
-0.584845
-0.584845
-0.584845
-0.584845
-0.584845
-0.584845
-0.584845
-0.584845
-0.584845
-0.584845
-0.584845
-0.584845
-0.584845
-0.584845
-0.584845
-0.584845
-0.584845
-0.584845
-0.584845
-0.584845
-0.584845
-0.584845
-0.584845
-0.584845
-0.584845
-0.584845
-0.584845
-0.584845
-0.584845
-0.584845
-0.584845
-0.584845
-0.584845
-0.584845
-0.584845
-0.584845
-0.584845
-0.584845
-0.584845
-0.584845
-0.584845
-0.584845
-0.584845
-0.584845
-0.584845
-0.584845
-0.584845
-0.584845
-0.584845
-0.584845
-0.584845
-0.584845
-0.584845
-0.584845
-0.584845
-0.584845
-0.584845
-0.584845
-0.584845
-0.584845
-0.584845
-0.584845
-0.584845
-0.584845
-0.584845
-0.584845
-0.584845
-0.584845
-0.584845
-0.584845
-0.584845
-0.584845
-0.584845
-0.584845
-0.584845
-0.584845
-0.584845
-0.584845
-0.572352
-0.551784
-0.551868
-0.508342
-0.490879
-0.496974
-0.437134
-0.332277
-0.385432
-0.428776
-0.345117
-0.327107
-0.311660
-0.235262
-0.210052
-0.238012
-0.198399
-0.203768
-0.073681
-0.102527
-0.248591
-0.152242
-0.136324
-0.062337
-0.164001
-0.260797
-0.174465
-0.177392
-0.125809
-0.079914
-0.173060
-0.188643
-0.081891
-0.138250
-0.115712
-0.271387
-0.113662
-0.192531
-0.199816
-0.085782
-0.134840
-0.070663
-0.202344
-0.129158
-0.147588
-0.235827
-0.214966
-0.200398
-0.176592
-0.157914
-0.149341
-0.268230
-0.179448
-0.252499
-0.123668
-0.147358
-0.211914
-0.147500
-0.218421
-0.196131
-0.184361
-0.180023
-0.194365
-0.154762
-0.214729
-0.173663
-0.197762
-0.098482
-0.094281
-0.131560
-0.137263
-0.230450
-0.256411
-0.183524
-0.105504
-0.111616
-0.186335
-0.156862
-0.142064
-0.144437
-0.182763
0.022377
-0.096350
-0.186276
-0.111339
-0.160540
-0.169766
-0.022405
-0.027687
-0.156137
-0.098522
-0.124226
-0.147780
-0.140464
-0.085366
-0.153026
-0.145754
-0.093528
-0.112843
-0.189873
-0.020532
-0.145917
-0.187317
-0.105905
-0.194670
-0.159827
-0.154762
-0.176577
-0.224944
-0.208568
-0.200902
-0.266530
-0.092537
-0.198577
-0.171773
-0.189884
-0.132797
-0.098932
-0.223807
-0.150835
-0.102598
-0.165615
-0.095108
-0.213738
-0.171893
-0.212095
-0.201959
-0.189857
-0.195962
-0.170281
-0.189136
-0.165288
-0.173022
-0.182400
-0.194849
-0.107806
-0.052913
-0.096096
-0.209815
-0.264372
-0.097992
-0.092316
-0.239080
-0.160209
-0.076180
-0.123154
-0.074741
-0.140121
-0.174281
-0.141550
-0.140288
-0.159605
-0.046283
-0.130809
-0.072467
-0.107837
-0.183398
-0.102932
-0.192750
0.003873
-0.148166
-0.229382
-0.215070
-0.190210
-0.166397
-0.161014
-0.283710
-0.090102
-0.174527
-0.117145
-0.227963
-0.187279
-0.117689
-0.162179
-0.228952
-0.188514
-0.194246
-0.235256
-0.199606
-0.201890
-0.090155
-0.162395
-0.159701
-0.083550
-0.092247
-0.071426
-0.218215
-0.200824
-0.135047
-0.111951
-0.165702
-0.126064
-0.301893
-0.153562
-0.116711
-0.164800
-0.179945
-0.162314
-0.092593
-0.198149
-0.149482
-0.146772
-0.201128
-0.117648
-0.182977
-0.224940
-0.132039
-0.142517
-0.162940
-0.079065
-0.156720
-0.191192
-0.151123
-0.107294
-0.080023
-0.135280
-0.010427
-0.140945
-0.177840
-0.073844
-0.062245
-0.172355
-0.079983
-0.211352
-0.120978
-0.170464
-0.155864
-0.035987
0.099999
-0.145392
-0.110998
-0.139829
-0.136526
-0.132581
-0.147730
-0.114225
-0.165798
-0.179386
-0.152979
-0.205042
-0.027778
1.819632
2.107933
0.724167
0.154304
-0.023641
-0.007173
-0.118437
-0.109749
-0.147942
-0.091379
-0.022428
-0.062991
-0.045614
-0.077785
-0.181418
-0.088152
-0.151369
-0.144273
-0.048767
-0.121826
-0.174863
-0.195495
-0.057637
-0.123287
-0.089077
-0.138289
-0.138912
-0.094617
-0.043360
-0.064788
-0.150763
-0.049369
0.007304
-0.046630
-0.019500
-0.032335
-0.053699
0.038914
-0.042627
-0.162110
-0.083813
-0.017234
-0.109208
-0.144351
-0.227667
-0.153083
-0.056384
0.840378
1.239796
0.216103
0.062666
-0.069618
-0.162248
-0.114719
-0.054329
-0.109444
-0.094098
-0.052643
-0.098896
-0.022489
0.011243
-0.118381
-0.117201
-0.140701
-0.104275
-0.170697
-0.089181
-0.055555
-0.014230
-0.043936
-0.089022
0.131694
0.028518
0.126078
-0.050460
-0.072256
-0.194610
-0.196962
-0.023897
-0.161848
-0.006613
0.005868
0.028021
0.329339
4.486297
13.166580
11.562275
7.572184
2.041859
0.965045
0.434897
0.260021
0.615417
0.644775
0.830600
1.251505
1.253849
0.437544
0.333824
0.162411
0.336683
0.145500
0.279089
0.259746
0.340382
0.370082
0.237559
0.366226
0.215591
0.090517
0.037901
0.038531
0.272773
0.154386
0.037619
0.104375
0.075826
0.153366
0.451756
0.423523
0.241882
0.187355
0.135508
0.131271
0.014482
0.097063
0.175057
0.094838
0.384376
0.643570
1.250618
4.790721
8.976619
7.189754
3.235657
1.452270
0.734687
0.580470
0.920167
0.753202
0.759988
0.638189
0.581316
0.635620
0.519902
0.272035
0.386473
0.222067
0.470083
0.084847
0.269726
0.421757
0.338323
0.484934
0.262070
0.262091
0.194429
0.087891
0.024193
0.256754
0.532432
0.123997
0.512201
0.236947
0.223263
0.235965
0.083878
0.201522
0.157248
0.243649
0.088865
0.213134
0.092218
-0.027478
0.147067
0.168132
0.336643
0.147066
0.155258
0.135635
0.281633
0.266720
0.249444
0.225664
0.138194
-0.015508
0.085456
0.182798
0.194169
0.077909
0.235974
0.132847
0.457474
0.576037
0.228105
-0.029610
0.068523
0.112692
0.098139
-0.119615
-0.029806
-0.041473
0.049478
0.118448
-0.111224
-0.003663
-0.008339
-0.030991
-0.019873
0.002738
-0.017736
-0.089042
-0.059866
0.012392
-0.070291
0.073203
-0.081466
0.011607
-0.186866
-0.048296
0.056627
-0.039822
-0.110952
-0.050667
-0.049011
0.020433
0.071849
-0.062664
0.043770
0.039840
-0.063912
-0.147619
-0.091934
0.199317
0.174683
-0.089861
0.025400
-0.002759
0.094911
-0.000625
0.189495
0.093349
0.210813
0.480651
0.377179
0.338383
0.411563
0.318345
0.401534
0.486794
0.461220
0.674840
0.633240
0.222414
0.125801
0.045794
0.221742
0.224187
-0.006122
0.076468
0.160109
0.359167
0.131275
0.167093
0.102500
0.273284
0.273826
0.199231
0.235989
0.058843
0.070633
0.151013
-0.008070
0.034601
0.098168
-0.094916
-0.054032
0.155323
0.034073
-0.025503
-0.023738
0.129792
-0.202182
-0.335318
-0.487069
-0.583512
-0.584845
-0.584845
-0.584845
-0.584845
-0.584845
-0.584845
-0.584845
-0.586793
-0.586793
-0.586793
-0.586793
-0.586793
-0.586793
-0.586793
-0.586793
-0.586793
-0.586793
-0.586793
-0.586793
-0.586793
-0.586793
-0.586793
-0.586793
-0.586793
-0.586793
-0.586793
-0.586793
-0.586793
-0.586793
-0.586793
-0.586793
-0.586793
-0.586793
-0.586793
-0.586793
-0.586793
-0.586793
-0.586793
-0.586793
-0.586793
-0.586793
-0.586793
-0.586793
-0.586793
-0.586793
-0.586793
-0.586793
-0.586793
-0.586793
-0.586793
-0.586793
-0.586793
-0.586793
-0.586793
-0.586793
-0.586793
-0.586793
-0.586793
-0.586793
-0.586793
-0.586793
-0.586793
-0.586793
-0.586793
-0.586793
-0.586793
-0.586793
-0.586793
-0.586793
-0.586793
-0.586793
-0.586793
-0.586793
-0.586793
-0.586793
-0.586793
-0.586793
-0.586793
-0.586793
-0.586793
-0.586793
-0.586793
-0.586793
-0.586793
-0.586793
-0.586793
-0.586793
-0.586793
-0.586793
-0.586793
-0.586793
-0.586793
-0.586793
-0.586793
-0.586793
-0.586793
-0.586793
-0.586793
-0.586793
-0.586793
-0.586793
-0.586793
-0.586793
-0.586793
-0.586793
-0.586793
-0.586793
-0.586793
-0.586793
-0.586793
-0.586793
-0.586701
-0.584820
-0.584966
-0.561913
-0.513338
-0.541041
-0.546300
-0.515967
-0.510112
-0.502519
-0.490465
-0.476484
-0.441664
-0.459445
-0.450830
-0.435547
-0.478371
-0.418262
-0.421140
-0.452322
-0.447723
-0.409620
-0.472736
-0.446258
-0.342233
-0.379242
-0.421205
-0.425983
-0.423623
-0.424584
-0.430759
-0.450481
-0.388122
-0.412185
-0.457709
-0.429169
-0.410067
-0.407793
-0.390015
-0.420752
-0.418660
-0.410483
-0.440306
-0.440787
-0.447829
-0.435913
-0.421635
-0.471972
-0.469693
-0.443287
-0.442263
-0.431149
-0.401409
-0.419419
-0.459037
-0.421449
-0.399809
-0.419487
-0.427867
-0.428881
-0.417821
-0.415228
-0.465067
-0.421284
-0.429645
-0.449278
-0.424812
-0.371301
-0.428023
-0.425591
-0.389235
-0.362650
-0.383677
-0.406827
-0.398389
-0.428774
-0.424543
-0.432316
-0.427863
-0.421086
-0.393630
-0.417755
-0.404684
-0.377809
-0.391990
-0.375570
-0.392053
-0.341905
-0.362559
-0.406524
-0.406097
-0.385635
-0.382896
-0.410803
-0.404698
-0.368097
-0.398459
-0.424494
-0.414215
-0.412512
-0.378770
-0.376323
-0.385627
-0.382566
-0.415751
-0.379701
-0.414059
-0.418208
-0.407709
-0.456597
-0.414622
-0.413668
-0.443693
-0.427904
-0.416686
-0.440717
-0.404814
-0.400244
-0.403724
-0.431033
-0.420653
-0.395201
-0.379084
-0.421601
-0.435035
-0.443300
-0.427273
-0.391157
-0.424707
-0.393829
-0.402230
-0.440120
-0.394143
-0.391995
-0.404887
-0.412207
-0.438961
-0.456463
-0.435418
-0.370509
-0.430801
-0.429376
-0.409738
-0.391078
-0.338468
-0.387662
-0.413514
-0.414686
-0.418363
-0.393578
-0.388198
-0.392719
-0.413818
-0.400771
-0.423881
-0.425882
-0.423927
-0.450001
-0.434950
-0.401247
-0.395296
-0.393262
-0.448142
-0.409222
-0.389775
-0.374844
-0.411461
-0.430429
-0.397816
-0.452457
-0.434062
-0.410963
-0.439945
-0.444179
-0.388740
-0.381284
-0.384294
-0.440961
-0.432467
-0.451587
-0.439140
-0.427853
-0.429428
-0.448936
-0.401293
-0.423236
-0.377384
-0.390802
-0.415983
-0.379734
-0.379433
-0.396826
-0.377679
-0.409372
-0.398618
-0.339918
-0.330502
-0.414158
-0.396832
-0.399694
-0.414227
-0.385232
-0.411608
-0.412895
-0.383903
-0.386336
-0.346993
-0.276850
-0.388007
-0.402171
-0.415444
-0.410126
-0.374450
-0.348781
-0.377203
-0.431896
-0.433277
-0.392176
-0.381891
-0.370680
-0.416608
-0.382340
-0.369451
-0.402074
-0.408530
-0.377094
-0.339417
-0.337290
-0.417664
-0.355378
-0.408699
-0.355512
-0.331525
-0.360448
-0.323406
-0.329560
-0.343647
-0.310233
-0.314644
-0.330865
-0.366351
-0.391453
-0.416111
-0.287725
-0.297501
-0.312969
-0.324486
-0.389440
-0.291586
-0.279815
-0.248712
-0.202706
-0.118933
-0.241696
-0.216636
-0.193824
-0.234875
-0.305644
-0.306244
-0.278166
-0.219428
-0.316678
-0.299369
-0.309506
-0.203768
-0.231105
-0.207495
-0.141352
-0.147453
-0.169989
-0.064605
-0.117675
-0.108511
-0.316316
-0.130237
-0.116416
-0.182609
-0.185535
-0.171127
0.012081
0.050323
0.024451
-0.004809
0.007828
-0.086432
0.013840
-0.118663
-0.054260
0.037057
-0.139340
-0.146586
-0.240273
-0.165242
-0.139632
-0.175686
-0.146352
-0.010146
0.228006
0.452722
0.795189
1.084498
1.159819
1.911599
1.280689
0.546785
0.558490
0.560493
0.570778
1.189320
0.574136
0.277133
0.699397
0.325489
0.403375
0.292738
0.434420
0.266762
0.423808
0.460253
0.581804
0.454634
0.616487
0.574878
0.673732
1.101074
0.668414
0.549944
0.416638
0.475978
0.641550
1.281291
1.537195
1.246545
1.667815
1.748610
1.877879
2.037853
1.428955
0.667655
0.704702
0.673884
0.826826
0.746397
1.011358
2.046263
1.234606
1.150856
1.507416
1.847161
1.122529
0.551289
0.249072
0.113157
0.076622
0.314871
0.399965
0.749642
0.264438
0.267871
0.124314
0.298969
0.506655
0.621399
0.356515
0.293285
0.418466
0.418109
0.304159
0.363881
0.521664
0.377942
0.505953
0.256418
0.088538
0.273999
0.148216
0.502913
0.451658
0.673973
0.659830
0.788467
0.466109
0.851981
0.773765
0.638311
0.548961
0.759489
0.727009
1.119937
1.272410
1.276901
2.091571
3.160612
3.835143
5.134647
3.012102
2.804971
2.459511
2.104103
2.203017
1.211942
1.399778
0.924477
0.779136
0.509371
0.191718
-0.197212
-0.353501
-0.223825
-0.083331
0.160184
0.086613
0.033075
-0.264286
-0.261657
-0.295886
-0.301762
-0.373084
-0.435287
-0.390186
-0.309913
-0.437372
-0.306454
-0.138084
-0.225975
-0.212411
-0.258598
0.024548
0.532431
1.549660
1.880286
1.798765
2.541866
2.999027
2.883763
3.232290
6.305245
6.859760
4.702742
6.067985
4.203899
2.971869
2.850819
3.322937
1.246053
1.258061
0.608097
0.901023
0.699970
0.629575
0.833607
0.514227
0.124096
-0.069855
-0.291437
-0.298857
-0.358652
-0.398784
-0.432996
-0.370770
-0.362621
-0.366825
-0.342726
-0.385251
-0.364377
-0.371450
-0.394021
-0.401417
-0.428696
-0.379013
-0.298804
-0.382590
-0.343249
-0.330255
-0.312739
-0.375215
-0.283179
0.181627
0.636639
1.702363
0.981052
1.191929
1.818188
2.393342
3.143147
5.110112
4.518227
4.257034
4.299229
5.091516
2.364757
0.898001
-0.002262
-0.300145
-0.278334
-0.321537
-0.306475
-0.292545
-0.199719
-0.208476
-0.205331
-0.280849
-0.334611
-0.339293
-0.338469
-0.147451
-0.287778
-0.186525
-0.289225
-0.364294
-0.369444
-0.442264
-0.438595
-0.449184
-0.417489
-0.445320
-0.402438
-0.409265
-0.412994
-0.408183
-0.454330
-0.492666
-0.489858
-0.502087
-0.528449
-0.577351
-0.586788
-0.586793
-0.586793
-0.586793
-0.586793
-0.586793
-0.586793
-0.448929
-0.448929
-0.448929
-0.448929
-0.448929
-0.448929
-0.448929
-0.448929
-0.448929
-0.448929
-0.448929
-0.448929
-0.448929
-0.448929
-0.448929
-0.448929
-0.448929
-0.448929
-0.448929
-0.448929
-0.448929
-0.448929
-0.448929
-0.448929
-0.448929
-0.448929
-0.448929
-0.448929
-0.448929
-0.448929
-0.448929
-0.448929
-0.448929
-0.448929
-0.448929
-0.448929
-0.448929
-0.448929
-0.448929
-0.448929
-0.448929
-0.448929
-0.448929
-0.448929
-0.448929
-0.448929
-0.448929
-0.448929
-0.448929
-0.448929
-0.448929
-0.448929
-0.448929
-0.448929
-0.448929
-0.448929
-0.448929
-0.448929
-0.448929
-0.448929
-0.448929
-0.448929
-0.448929
-0.448929
-0.448929
-0.448929
-0.448929
-0.448929
-0.448929
-0.448929
-0.448929
-0.448929
-0.448929
-0.448929
-0.448929
-0.448929
-0.448929
-0.448929
-0.447574
-0.445934
-0.446516
-0.445813
-0.434258
-0.409781
-0.400228
-0.398404
-0.416732
-0.416364
-0.396778
-0.416997
-0.421687
-0.413748
-0.396858
-0.415470
-0.399606
-0.365581
-0.362956
-0.345990
-0.351427
-0.336347
-0.302269
-0.233329
-0.288769
-0.284979
-0.247198
-0.275089
-0.279689
-0.246773
-0.207018
-0.241877
-0.281049
-0.256652
-0.261895
-0.115878
-0.122733
-0.172351
-0.182430
-0.173638
-0.175518
-0.156924
-0.142310
-0.151144
-0.123046
-0.069927
-0.142197
-0.138635
-0.120388
-0.168777
-0.124045
-0.135176
-0.141111
-0.150884
-0.109208
-0.171017
-0.167272
-0.141199
-0.140936
-0.189427
-0.223803
-0.236339
-0.215167
-0.250756
-0.205626
-0.236504
-0.274215
-0.212299
-0.183597
-0.172381
-0.191196
-0.131385
-0.078418
-0.143982
-0.165354
-0.106214
-0.197961
-0.227832
-0.151722
-0.178646
-0.182885
-0.268916
-0.183457
-0.174302
-0.187133
-0.163275
-0.220038
-0.245761
-0.275321
-0.223544
-0.218242
-0.237130
-0.214934
-0.144327
-0.102278
-0.105474
-0.148282
-0.056044
-0.033779
-0.139410
-0.117103
-0.042422
-0.013175
-0.061083
0.015172
-0.084337
-0.117615
-0.068510
-0.160633
-0.123984
-0.031418
-0.028555
0.025198
-0.077971
0.072892
0.150444
0.015435
0.142245
0.161315
0.308518
0.046963
0.071165
0.223178
0.258414
0.292178
0.424329
0.324406
0.269256
0.344541
0.458921
0.461046
0.557753
0.780473
0.493744
0.964888
0.676281
0.951893
0.921262
0.678428
1.228649
1.299079
1.590688
1.567505
1.445633
1.072101
0.900715
0.981255
1.621856
1.932707
2.953448
5.284694
8.001919
8.430397
8.915896
12.278624
7.340638
5.669191
4.018838
2.996118
2.181334
1.439308
1.662094
0.927472
0.963840
0.714740
0.805573
0.649011
