-0.255308
-0.188581
-0.256257
-0.192812
-0.226995
-0.243418
-0.232320
-0.228863
-0.232935
-0.227855
-0.263708
-0.225640
-0.241305
-0.279593
-0.221194
-0.240871
-0.266837
-0.252007
-0.264867
-0.261751
-0.233332
-0.245343
-0.207089
-0.240753
-0.264566
-0.245127
-0.266114
-0.255236
-0.229420
-0.260621
-0.254789
-0.257903
-0.260390
-0.268416
-0.278176
-0.268696
-0.252468
-0.256575
-0.268160
-0.227994
-0.273398
-0.234181
-0.241877
-0.258668
-0.252525
-0.256792
-0.230368
-0.245064
-0.266082
-0.251955
-0.250729
-0.252902
-0.218563
-0.230791
-0.256858
-0.269942
-0.269911
-0.274173
-0.257528
-0.264878
-0.247930
-0.247787
-0.269567
-0.247659
-0.258907
-0.267895
-0.264755
-0.271234
-0.266591
-0.232638
-0.233110
-0.249814
-0.241566
-0.235586
-0.259287
-0.272153
-0.265276
-0.266792
-0.265217
-0.276557
-0.246403
-0.232159
-0.235036
-0.217740
-0.206082
-0.237352
-0.270965
-0.243748
-0.238347
-0.222038
-0.201656
-0.079967
-0.155895
-0.239968
-0.130168
-0.147794
-0.244167
-0.200399
-0.240143
-0.231744
-0.259933
-0.210459
-0.202508
-0.242746
-0.198510
-0.145371
-0.174307
-0.162427
-0.025975
0.083365
0.061376
0.398625
0.284561
0.413326
0.395904
0.627906
0.207461
0.359524
0.595243
0.591524
0.465294
0.591798
0.724488
0.553212
0.511022
0.704143
0.558597
0.578219
0.634352
0.740178
0.708166
0.980301
0.969745
1.123100
1.287385
1.196482
1.219135
1.160364
1.065108
0.983189
0.968207
0.868724
0.865669
0.938946
0.759997
0.983409
0.909801
1.306798
1.295087
1.007209
1.370758
1.613366
1.348207
1.464617
2.002580
2.065769
2.266732
4.264007
4.493167
3.601390
3.536026
3.954912
2.761548
3.509536
2.798856
2.453252
3.682083
2.901722
2.618602
3.463414
3.012191
2.610127
2.502947
3.164334
1.994848
2.901679
2.925553
3.210594
3.566978
2.574078
1.457370
1.909414
2.860001
1.950716
2.065845
3.052025
3.846065
16.167133
0.414356
-0.172274
-0.193597
-0.214290
-0.106135
-0.067681
-0.145452
-0.007261
-0.137581
-0.151928
-0.119232
-0.170842
-0.175606
-0.224446
-0.225249
-0.228370
-0.252354
-0.241513
-0.212287
-0.149576
-0.160609
-0.229289
-0.187092
-0.232069
-0.218350
-0.175985
-0.116782
-0.239444
-0.255632
-0.172020
-0.206364
-0.285364
-0.253796
-0.255969
-0.245755
-0.246585
-0.243294
-0.279123
-0.258197
-0.238042
-0.269144
-0.242209
-0.248137
-0.249481
-0.276324
-0.217090
-0.208129
-0.173850
-0.288283
-0.270972
-0.254891
-0.260925
-0.251509
-0.229906
-0.270906
-0.258173
-0.250637
-0.275363
-0.283615
-0.284528
-0.290238
-0.264476
-0.285524
-0.268420
-0.283130
-0.275087
-0.269464
-0.271143
-0.260691
-0.275749
-0.253555
-0.280979
-0.286271
-0.282811
-0.259930
-0.261320
-0.273318
-0.240896
-0.272715
-0.280062
-0.286374
-0.295079
-0.270730
-0.262462
-0.247181
-0.242433
-0.231488
-0.280211
-0.249404
-0.239021
-0.271702
-0.285260
-0.283828
-0.292442
-0.238108
-0.264550
-0.247946
-0.266753
-0.285208
-0.259697
-0.274329
-0.276418
-0.281070
-0.279210
-0.258307
-0.279308
-0.248457
-0.257578
-0.259579
-0.269495
-0.272889
-0.283837
-0.288194
-0.268914
-0.257153
-0.256379
-0.259311
-0.272131
-0.270100
-0.291159
-0.262281
-0.281870
-0.302179
-0.293546
-0.269401
-0.280032
-0.259282
-0.253782
-0.263806
-0.270011
-0.261810
-0.258515
-0.259366
-0.261499
-0.254917
-0.251496
-0.271267
-0.254629
-0.278826
-0.275189
-0.266650
-0.280918
-0.303283
-0.280900
-0.264728
-0.257392
-0.266686
-0.266430
-0.267056
-0.281563
-0.303625
-0.301796
-0.341602
-0.367522
-0.367522
-0.451851
-0.451851
-0.451851
-0.451851
-0.451851
-0.451851
-0.451851
-0.451851
-0.451851
-0.451851
-0.451851
-0.451851
-0.451851
-0.451851
-0.451851
-0.451851
-0.451851
-0.451851
-0.451851
-0.451851
-0.451851
-0.451851
-0.451851
-0.451851
-0.451851
-0.451851
-0.451851
-0.451851
-0.451851
-0.451851
-0.451851
-0.451851
-0.451851
-0.451851
-0.451851
-0.451851
-0.451851
-0.451851
-0.451851
-0.451851
-0.451851
-0.451851
-0.451851
-0.451851
-0.451851
-0.451851
-0.451851
-0.451851
-0.451851
-0.451851
-0.451851
-0.451851
-0.451851
-0.451851
-0.451851
-0.451851
-0.451851
-0.451851
-0.451851
-0.451851
-0.451851
-0.451851
-0.451851
-0.451851
-0.451851
-0.451851
-0.451851
-0.451851
-0.451851
-0.451851
-0.451851
-0.451851
-0.451851
-0.451851
-0.451851
-0.451851
-0.451851
-0.451851
-0.451851
-0.451851
-0.451851
-0.451851
-0.451851
-0.451851
-0.451851
-0.451851
-0.451851
-0.451851
-0.451851
-0.451851
-0.451851
-0.451851
-0.451851
-0.451851
-0.451851
-0.451851
-0.451851
-0.451851
-0.451851
-0.451851
-0.451851
-0.451851
-0.451851
-0.451851
-0.451851
-0.451851
-0.451851
-0.451851
-0.451851
-0.451851
-0.451851
-0.451851
-0.451851
-0.451851
-0.451851
-0.451851
-0.448718
-0.424718
-0.411880
-0.399922
-0.363070
-0.272947
-0.177299
-0.128177
-0.038410
-0.059692
-0.010644
-0.004552
0.040717
-0.090534
0.027965
-0.013576
-0.014925
-0.084232
0.008386
-0.106862
-0.086181
0.010684
-0.025965
-0.079766
-0.038836
-0.007189
-0.080763
-0.025012
-0.114220
-0.005377
0.013858
-0.022721
0.031130
0.036042
-0.118649
-0.062146
-0.076178
-0.051935
0.007763
-0.086170
-0.002322
-0.030172
-0.027484
-0.033925
-0.051196
0.062809
0.042453
-0.001902
-0.022233
0.078500
0.058303
-0.076466
-0.069856
-0.046286
-0.077410
-0.044039
0.074535
-0.013825
-0.025779
-0.037184
-0.022686
-0.037773
-0.046831
0.084354
0.057767
0.045378
-0.091168
-0.114201
-0.029854
-0.049808
-0.058201
-0.086297
-0.056060
-0.023926
-0.117221
-0.074898
-0.022512
-0.043352
0.073294
0.020563
-0.057666
0.025639
-0.095177
-0.056375
-0.029376
-0.049152
-0.028419
-0.028166
-0.118175
-0.063317
-0.038263
-0.038300
-0.024099
-0.012821
-0.102093
0.056865
0.054774
0.072002
0.033981
0.049850
-0.057732
-0.023135
0.022845
-0.121221
-0.114964
-0.068288
-0.085789
-0.034904
-0.029724
0.036626
0.139338
0.056929
0.041080
0.037702
0.017443
0.118719
0.070144
0.054546
0.061696
0.024502
-0.064058
0.006619
0.004841
-0.075067
-0.077748
-0.070270
0.000996
0.014752
0.068966
-0.024232
0.005183
-0.001115
0.020778
-0.000297
-0.044306
-0.038015
-0.109854
-0.034511
-0.044862
-0.061980
-0.058923
0.073786
-0.001490
0.044982
-0.089555
-0.001772
-0.008417
-0.025890
-0.102706
-0.001174
0.025621
-0.108771
-0.087455
-0.070050
-0.074875
-0.060704
-0.056236
0.004830
-0.024198
-0.008248
0.053220
0.121364
-0.010637
-0.085831
-0.055460
-0.052865
0.019911
-0.076025
-0.072536
-0.080850
-0.017053
-0.016778
0.012216
-0.020467
0.007477
-0.027333
-0.048982
-0.046645
-0.042569
-0.117217
-0.075834
0.003297
-0.063249
-0.122380
-0.063328
-0.025751
-0.043791
-0.065111
-0.043222
-0.056285
0.006259
0.074110
-0.038813
-0.031655
-0.088277
-0.119106
-0.108277
-0.081786
-0.083331
-0.068135
-0.150019
-0.075753
0.049435
0.029665
-0.033775
-0.018757
-0.022538
-0.056265
-0.021832
0.020266
-0.050030
-0.013565
-0.064564
-0.105896
-0.102413
-0.045490
-0.032962
-0.028197
-0.043961
-0.074343
-0.024893
-0.078657
0.043900
0.002807
0.021657
-0.039260
-0.040432
-0.027502
-0.060506
-0.144417
-0.100590
-0.049921
-0.068820
-0.034875
0.014651
0.042649
-0.020823
-0.044795
-0.000703
0.063849
0.100452
0.049507
0.011953
0.044310
-0.076109
-0.045241
0.108856
0.059665
-0.054171
-0.043185
-0.073115
-0.106450
-0.045012
0.087097
-0.047634
0.129993
-0.035155
0.014903
0.016830
-0.035831
-0.078221
-0.076769
-0.067539
0.012212
0.011095
-0.057895
0.002947
-0.018879
0.109027
0.012809
0.122101
0.107292
0.031646
-0.027978
0.109953
0.587167
9.054563
15.029487
2.925614
0.319837
0.046761
0.001830
-0.063585
0.003882
0.469972
0.432120
0.038368
0.040596
0.029077
0.096715
0.045187
0.047594
0.076583
0.086751
-0.010933
0.108849
-0.000763
0.047286
0.010315
0.174424
0.199240
0.065185
0.131989
0.318234
0.207666
0.001506
0.084985
0.043103
0.036035
0.025448
0.167929
0.072848
-0.038946
-0.043367
-0.123243
-0.061252
-0.060602
-0.005774
0.024616
0.111681
0.101617
0.017725
0.001258
0.039147
-0.072016
0.067608
0.157704
1.442086
12.927838
10.736168
2.044537
0.453422
0.488780
0.220854
0.111068
0.327055
0.749501
0.716728
0.208358
0.267500
0.144005
0.070835
0.067373
0.087283
0.003212
-0.009723
-0.002016
0.024061
-0.001975
0.077769
0.095700
0.227384
0.169440
0.136879
0.239837
0.271368
0.177607
0.016553
-0.077173
0.030544
0.005693
-0.044611
0.046886
0.042970
-0.020445
-0.035982
0.071609
0.191487
0.078202
-0.002246
0.047853
0.068039
0.286476
0.121900
-0.030734
-0.068447
-0.026776
-0.074673
0.016238
0.030448
-0.062523
0.117103
0.059590
0.055588
0.074845
0.019362
0.144915
0.024372
0.047851
0.045043
-0.116737
-0.058199
-0.088889
-0.017736
-0.017006
0.108377
-0.012738
0.084791
0.065434
0.148642
0.008323
0.038853
-0.091523
-0.054834
0.005637
-0.034860
-0.036965
-0.060525
0.013600
-0.007683
0.028656
-0.010533
-0.040805
0.005607
0.079643
0.076570
-0.000742
-0.010613
0.058848
0.038319
0.036399
-0.004956
0.006045
-0.003741
-0.020150
-0.046960
0.076561
0.023826
-0.007524
-0.003281
0.079777
-0.011216
-0.015130
-0.024472
-0.033121
-0.057652
-0.013780
-0.004088
0.024808
0.068939
-0.002855
0.031437
-0.004768
0.005261
0.109376
0.144875
0.038542
0.008724
-0.008731
-0.043606
-0.033407
-0.096744
-0.102074
-0.094418
-0.067607
-0.113061
-0.098580
0.033940
-0.030487
-0.061832
0.010074
0.107277
-0.002885
-0.011322
-0.048980
-0.069762
-0.054996
-0.013816
-0.034850
0.000449
0.014033
-0.062093
-0.108565
-0.103268
-0.049144
0.128366
0.089181
0.074685
0.109382
-0.025547
-0.027821
-0.051553
0.035861
-0.078621
-0.105902
-0.058862
-0.090786
-0.029907
-0.022430
-0.095596
-0.056681
-0.051310
-0.004143
0.125122
0.085704
0.144383
0.018080
-0.018239
-0.088889
-0.061070
-0.092371
-0.043757
0.017778
-0.013889
-0.059359
-0.080939
0.064843
0.130334
0.127935
0.051273
0.048393
0.049433
-0.099997
-0.211487
-0.258652
-0.279490
-0.334129
-0.451833
-0.451851
-0.451851
-0.451851
-0.635652
-0.635652
-0.635652
-0.635652
-0.635652
-0.635652
-0.635652
-0.635652
-0.635652
-0.635652
-0.635652
-0.635652
-0.635652
-0.635652
-0.635652
-0.635652
-0.635652
-0.635652
-0.635652
-0.635652
-0.635652
-0.635652
-0.635652
-0.635652
-0.635652
-0.635652
-0.635652
-0.635652
-0.635652
-0.635652
-0.635652
-0.635652
-0.635652
-0.635652
-0.635652
-0.635652
-0.635652
-0.635652
-0.635652
-0.635652
-0.635652
-0.635652
-0.635652
-0.635652
-0.635652
-0.635652
-0.635652
-0.635652
-0.635652
-0.635652
-0.635652
-0.635652
-0.635652
-0.635652
-0.635652
-0.635652
-0.635652
-0.635652
-0.635652
-0.635652
-0.635652
-0.635652
-0.635652
-0.635652
-0.635652
-0.635652
-0.635652
-0.635652
-0.635652
-0.635652
-0.635652
-0.635652
-0.635652
-0.635652
-0.635652
-0.635652
-0.635652
-0.635652
-0.635652
-0.635652
-0.635652
-0.635652
-0.635652
-0.635652
-0.635652
-0.635652
-0.635652
-0.635652
-0.635652
-0.635652
-0.635652
-0.635652
-0.635652
-0.635652
-0.635652
-0.635652
-0.635652
-0.635652
-0.635652
-0.635652
-0.635652
-0.621177
-0.549163
-0.552569
-0.570922
-0.579658
-0.530784
-0.461890
-0.422614
-0.460424
-0.391714
-0.357679
-0.325943
-0.208072
-0.299624
-0.218889
-0.327517
-0.072645
0.069548
0.172200
0.258970
-0.012790
0.049307
0.044248
-0.017648
-0.011800
0.027158
0.079468
0.319710
0.069672
0.003776
0.219718
0.204617
0.297339
0.251982
-0.016799
-0.066619
0.110225
0.041855
-0.068992
0.013794
0.195076
-0.010273
0.128361
0.101246
0.057032
-0.017029
-0.059657
-0.028187
-0.027383
0.013519
0.141613
0.149340
0.213839
0.028741
0.026053
0.299396
0.235120
0.000292
0.005804
0.070929
0.122885
0.007224
0.239583
0.055152
-0.013205
-0.003567
0.192862
0.111889
0.259143
-0.047367
0.044997
0.018897
-0.022400
0.106953
0.226818
0.009561
0.078272
0.060185
0.062483
0.062377
0.369248
0.127864
0.099705
0.385023
0.090240
0.114812
0.091953
0.016640
-0.086361
0.140785
-0.039439
-0.015284
0.219871
0.079842
-0.076636
-0.087280
0.065933
0.096230
0.261571
0.064315
-0.011006
-0.028874
0.067342
0.136991
0.199760
0.183689
0.152944
0.207208
0.071389
-0.030945
-0.113991
0.088813
0.130176
0.336429
0.097061
0.049276
0.199122
-0.047066
0.082205
0.009094
0.029176
0.151257
-0.003077
0.150217
0.256022
0.117684
0.108553
0.056219
-0.026973
0.107740
0.163808
0.166981
0.285262
0.159855
0.091174
-0.000913
0.122962
0.128819
0.051917
0.288334
0.138960
0.060859
0.010073
-0.007810
0.021751
0.103883
-0.119478
0.199785
0.143612
0.132288
0.101773
-0.079831
-0.071353
0.122856
0.043309
0.238572
0.286962
0.103202
0.005613
0.169358
-0.021850
-0.009588
-0.159916
-0.095982
0.154681
0.260063
0.150133
0.212407
-0.053353
0.008473
0.068283
0.094582
-0.012428
-0.077321
0.183382
0.084411
0.215764
0.141015
0.064312
0.107813
0.128038
-0.092332
-0.028982
0.028313
0.026692
0.167831
0.237543
0.299417
0.400638
0.178595
0.164413
0.209643
0.035775
-0.126450
-0.084808
0.044795
0.094967
0.104205
0.045528
-0.010004
0.038928
0.248741
0.048829
-0.043872
0.130289
0.286197
0.336572
0.447057
0.202813
0.061494
0.066098
0.036870
0.117782
-0.089812
0.054632
0.236410
0.246258
0.249668
0.273685
-0.069459
-0.118504
0.255010
0.117599
-0.101719
0.054867
0.072199
0.224838
0.183723
-0.056967
0.323690
0.139114
0.111067
0.113484
0.190048
0.188350
-0.062677
0.007980
-0.052837
0.077847
0.191241
0.257300
0.150643
0.399036
-0.085209
-0.061568
0.197925
0.393158
0.031224
0.084296
0.100596
0.123402
0.216781
0.291154
0.286526
0.154984
0.046807
0.130489
-0.002686
0.148278
0.276214
0.246617
0.095317
0.175232
0.297861
0.234407
0.254692
0.290747
0.336365
0.273420
0.380117
0.273592
0.068793
0.182444
-0.019043
0.166381
0.528002
0.097214
0.161570
-0.102612
0.282057
0.262234
-0.088682
-0.138201
0.319010
0.206719
0.473849
0.393663
0.454252
0.338165
0.113789
0.084054
0.146757
0.194858
0.197525
0.253949
0.378235
0.702690
0.149245
0.435844
0.062809
0.169852
0.059450
0.159261
0.759808
0.495114
0.303754
0.416849
0.220811
0.187075
-0.011556
-0.044028
0.353546
0.470420
0.409116
0.643752
0.306995
0.269457
0.163307
0.207887
0.242286
0.515056
0.198135
0.221002
0.235475
0.362082
0.659301
0.743657
0.259908
0.117589
0.173003
0.123197
0.376878
22.855829
5.209661
1.069378
1.150736
1.362502
1.017282
1.058994
0.540729
0.771850
0.531842
0.616445
0.352125
0.424736
0.261712
0.407419
0.394133
0.472402
0.494782
0.535306
0.856085
0.722077
0.458423
0.354442
0.291315
1.012341
1.629599
0.527488
0.262486
0.407663
0.470446
0.350262
0.327559
0.798147
1.447497
0.993794
0.649654
0.279890
0.167185
-0.007454
-0.081857
0.154403
0.177594
0.103867
0.062135
0.105626
-0.033835
0.115885
0.222635
0.095279
0.291434
0.200789
0.325748
0.318586
-0.014221
0.231254
0.440526
0.128637
-0.115879
-0.164601
-0.030424
0.021943
-0.081306
0.139884
-0.112217
-0.125051
-0.081576
-0.026927
-0.082423
-0.127337
0.053221
0.055375
-0.076252
0.146817
-0.036837
-0.097697
-0.114588
-0.155757
-0.242103
-0.143696
-0.146941
-0.215219
-0.211553
-0.242668
-0.131475
-0.138319
0.036201
-0.183201
-0.100827
-0.141235
-0.181019
-0.017481
-0.146706
-0.148678
-0.183086
-0.022479
-0.124669
-0.087532
-0.158116
-0.195077
-0.143991
-0.062692
0.037869
0.118583
-0.136729
-0.217893
-0.245222
-0.196755
-0.104502
0.003205
0.005933
-0.189274
-0.091782
-0.247708
-0.215399
-0.166426
-0.076437
-0.133530
-0.209529
-0.206482
-0.216681
-0.293579
-0.184425
-0.050141
-0.180017
-0.095108
0.013685
-0.083181
-0.130062
-0.086960
-0.086113
-0.003891
-0.107098
-0.064004
-0.231097
-0.214024
-0.202346
-0.198552
-0.204508
-0.311540
-0.221913
-0.103370
-0.229769
-0.161597
-0.169104
-0.032916
-0.105989
-0.029851
-0.163858
-0.060945
-0.156322
-0.046686
-0.159780
-0.092003
-0.143897
-0.337201
-0.195089
-0.037286
-0.128446
-0.215498
-0.230631
-0.031587
0.037392
-0.167650
-0.033137
-0.098380
-0.217366
-0.249008
-0.228462
-0.271264
-0.142654
-0.099644
-0.239437
-0.149796
-0.249035
-0.110480
-0.087710
-0.128140
-0.044109
-0.186697
-0.203869
-0.248864
-0.214094
-0.146675
-0.114387
-0.248171
-0.386678
-0.229448
-0.216951
-0.383021
-0.401859
-0.322434
-0.415330
-0.467485
-0.528708
-0.522231
-0.610035
-0.635651
-0.635652
-0.635652
-0.635652
-0.635652
-0.635652
-0.635652
-0.635652
-1.041553
-1.041553
-1.041553
-1.041553
-1.041553
-1.041553
-1.041553
-1.041553
-1.041553
-1.041553
-1.041553
-1.041553
-1.041553
-1.041553
-1.041553
-1.041553
-1.041553
-1.041553
-1.041553
-1.041553
-1.041553
-1.041553
-1.041553
-1.041553
-1.041553
-1.041553
-1.041553
-1.041553
-1.041553
-1.041553
-1.041553
-1.041553
-1.041553
-1.041553
-1.041553
-1.041553
-1.041553
-1.041553
-1.041553
-1.041553
-1.041553
-1.041553
-1.041553
-1.041553
-1.041553
-1.041553
-1.041553
-1.041553
-1.041553
-1.041553
-1.041553
-1.041553
-1.041553
-1.041553
-1.041553
-1.041553
-1.041553
-1.041553
-1.041553
-1.041553
-1.041553
-1.041553
-1.041553
-1.041553
-1.041553
-1.041553
-1.041553
-1.041553
-1.041553
-1.041553
-1.041553
-1.041553
-1.041553
-1.041553
-1.041553
-1.041553
-1.041553
-1.041553
-1.041553
-1.041553
-1.041553
-1.041553
-1.041553
-1.041553
-1.041553
-1.041553
-1.041553
-1.041553
-1.041553
-1.041553
-1.041553
-1.041553
-1.041553
-1.041553
-1.041553
-1.041553
-1.041553
-1.041553
-1.041553
-1.041553
-1.041553
-1.041553
-1.041553
-1.030421
-1.036445
-1.011154
-1.005168
-0.979418
-0.930545
-0.923950
-0.926091
-1.010549
-0.989978
-0.981456
-0.965370
-0.793169
-0.907983
-0.887750
-0.735756
-0.782611
-0.801098
-0.685515
-0.680723
-0.759558
-0.749547
-0.800056
-0.833228
-0.819271
-0.768546
-0.716239
-0.677953
-0.695465
-0.697928
-0.677723
-0.672812
-0.615149
-0.611235
-0.648638
-0.621017
-0.675102
-0.607405
-0.654348
-0.708774
-0.831151
-0.835893
-0.815731
-0.786664
-0.691927
-0.730615
-0.657237
-0.664781
-0.655740
-0.669396
-0.754902
-0.599178
-0.607208
-0.688184
-0.682988
-0.612523
-0.566460
-0.638912
-0.668054
-0.677906
-0.671484
-0.658793
-0.727848
-0.733345
-0.726968
-0.755539
-0.731615
-0.735008
-0.764006
-0.792138
-0.806886
-0.777521
-0.722512
-0.865983
-0.833679
-0.797353
-0.870308
-0.749569
-0.726806
-0.761277
-0.712142
-0.728871
-0.746678
-0.722268
-0.676368
-0.624405
-0.762500
-0.729590
-0.810320
-0.778074
-0.816438
-0.856072
-0.827362
-0.811648
-0.825937
-0.758137
-0.778952
-0.823854
-0.762716
-0.707318
-0.689936
-0.637358
-0.677980
-0.746493
-0.730033
-0.690784
-0.545929
-0.606468
-0.664588
-0.653673
-0.724312
-0.691117
-0.597460
-0.755976
-0.760786
-0.808003
-0.825163
-0.800348
-0.704073
-0.735085
-0.736091
-0.714074
-0.599517
-0.628243
-0.626707
-0.521562
-0.563435
-0.685812
-0.615069
-0.614140
-0.732962
-0.738503
-0.770496
-0.775252
-0.741114
-0.739448
-0.770853
-0.749680
-0.779743
-0.825974
-0.782550
-0.794651
-0.815547
-0.753799
-0.671780
-0.764760
-0.658091
-0.616925
-0.462385
2.179930
6.400073
6.497665
3.908846
2.802694
1.823069
3.016023
2.354768
2.483506
2.944361
1.697405
0.883536
1.103077
1.481860
0.726281
0.834331
0.718178
0.835667
0.570108
0.671432
0.554439
0.370791
0.348939
0.124885
0.519587
0.628606
0.656659
0.981576
0.406651
0.562224
0.560871
1.143787
1.349801
1.062033
0.810408
1.172319
1.837778
1.587868
1.975650
1.029760
0.844654
1.244049
1.090944
1.247054
0.806427
1.356529
1.461653
0.797621
0.662210
1.755728
1.965747
1.565203
1.269134
1.485444
0.917549
1.239260
0.880850
1.377788
1.116783
0.867374
0.869683
1.769806
1.862786
1.195454
1.635159
1.696939
0.986180
1.422632
2.095350
1.487992
1.342070
0.989354
1.041965
1.192342
1.847543
1.254333
1.393006
1.505609
1.069635
1.776640
1.011435
1.189060
1.385524
1.054474
1.282270
1.337959
1.587123
1.306479
0.971570
0.781387
1.216038
1.083688
0.647274
1.120006
0.904319
0.897387
0.901451
1.065847
1.765106
2.300865
0.935289
0.853964
1.355095
1.469340
1.556921
1.029303
0.648868
0.831609
1.379507
1.413111
0.464017
1.590110
2.096869
1.624544
1.732210
1.751591
1.332571
1.939518
2.084546
2.967630
1.787445
1.787942
1.156660
1.168544
1.202827
0.837179
1.045344
1.362363
1.072493
1.073671
1.406087
1.447924
2.064694
1.884011
1.073996
1.092429
1.457025
1.309733
1.089189
1.009585
0.996546
0.907384
1.108727
0.577622
0.500494
1.238711
0.777484
1.063975
0.867246
0.694802
1.523453
0.950365
1.867610
1.551147
1.026398
1.174501
0.718091
0.896493
0.952554
0.534945
0.965955
0.948376
1.352085
1.185120
0.907940
1.208611
0.787565
0.943192
1.039716
0.421387
0.633888
1.060546
0.716027
0.755673
1.013491
0.748044
0.706879
0.691779
0.771326
0.652975
0.850011
0.812307
1.029510
0.597348
0.545059
0.654262
0.327460
0.284774
0.582300
0.784320
0.634173
0.642958
0.668430
0.288594
0.029145
0.478328
0.526691
0.538450
1.003011
0.769205
0.743139
0.302998
0.396450
0.494292
0.164437
0.424004
0.558479
0.745662
1.327666
0.294696
0.281657
0.301609
0.308670
0.429166
0.371734
1.009749
0.417584
0.250770
0.212312
-0.197091
0.231034
0.044829
0.324874
0.503000
0.221272
0.435283
0.457978
0.170509
0.272738
0.146280
0.471245
0.193231
0.402601
-0.030587
0.057048
-0.036438
0.165414
-0.088891
-0.002430
0.229283
0.224692
0.016474
-0.066489
0.035049
-0.036497
-0.171336
-0.202455
-0.183716
0.172593
0.080220
0.141861
-0.299952
-0.263686
0.160960
0.081032
-0.124490
-0.060078
0.012622
-0.160703
0.094961
0.108636
-0.116285
-0.046284
-0.192328
-0.194793
-0.161591
-0.148235
-0.146839
-0.119211
-0.003436
0.186210
-0.199577
0.021293
-0.161675
-0.040167
-0.055982
-0.076390
0.000396
-0.085419
-0.116296
-0.148527
-0.352658
-0.129472
-0.233363
-0.226642
-0.208357
-0.223655
-0.200954
-0.148797
-0.179349
0.001169
-0.159643
-0.129934
-0.279189
-0.390639
-0.286369
-0.285027
-0.043020
-0.210175
-0.244906
-0.107794
-0.118992
-0.074314
-0.338622
-0.339135
-0.253932
-0.121793
-0.196585
-0.276307
-0.024242
-0.053938
-0.248236
-0.171153
-0.269415
-0.265073
-0.203682
-0.067301
-0.198636
-0.107958
-0.138904
-0.349767
-0.059200
-0.113747
-0.414344
-0.215447
-0.337121
-0.332559
0.083658
-0.257488
-0.067594
-0.429594
-0.551385
-0.262447
-0.232145
-0.192763
-0.257256
-0.049575
-0.418901
-0.170919
-0.165416
-0.265530
-0.355787
-0.229406
-0.261997
-0.122964
-0.071424
-0.174685
-0.278631
-0.446110
-0.508265
-0.318070
-0.120353
-0.233542
-0.331439
-0.146051
-0.354777
-0.258538
-0.197444
-0.049086
-0.090810
-0.224032
-0.232774
-0.217037
-0.317837
-0.282458
-0.546087
-0.491606
-0.634949
-0.689929
-0.717044
-0.706850
-0.779998
-0.717694
-0.767307
-0.874039
-0.945609
-0.898941
-1.040713
-1.041553
-1.041553
-1.041553
-1.041553
-1.041553
-1.041553
-1.041553
-0.597992
-0.597992
-0.597992
-0.597992
-0.597992
-0.597992
-0.597992
-0.597992
-0.597992
-0.597992
-0.597992
-0.597992
-0.597992
-0.597992
-0.597992
-0.597992
-0.597992
-0.597992
-0.597992
-0.597992
-0.597992
-0.597992
-0.597992
-0.597992
-0.597992
-0.597992
-0.597992
-0.597992
-0.597992
-0.597992
-0.597992
-0.597992
-0.597992
-0.597992
-0.597992
-0.597992
-0.597992
-0.597992
-0.597992
-0.597992
-0.597992
-0.597992
-0.597992
-0.597992
-0.597992
-0.597992
-0.597992
-0.597992
-0.597992
-0.597992
-0.597992
-0.597992
-0.597992
-0.597992
-0.597992
-0.597992
-0.597992
-0.597992
-0.597992
-0.597992
-0.597992
-0.597992
-0.597992
-0.597992
-0.597992
-0.597992
-0.597992
-0.597992
-0.597992
-0.597992
-0.597992
-0.597992
-0.597992
-0.597992
-0.597992
-0.597992
-0.597992
-0.597992
-0.597992
-0.597992
-0.597992
-0.597992
-0.597992
-0.597992
-0.597992
-0.597992
-0.597992
-0.597992
-0.597992
-0.597992
-0.597992
-0.597992
-0.597992
-0.597992
-0.597992
-0.597992
-0.597992
-0.597992
-0.597992
-0.597992
-0.597992
-0.597992
-0.597992
-0.597992
-0.597992
-0.597992
-0.597992
-0.597992
-0.597992
-0.597992
-0.597992
-0.597992
-0.597992
-0.597992
-0.597992
-0.597992
-0.585925
-0.533113
-0.570977
-0.562382
-0.543612
-0.433415
-0.442439
-0.452284
-0.450967
-0.380774
-0.427527
-0.394250
-0.436955
-0.357379
-0.383524
-0.464707
-0.411484
-0.409002
-0.410674
-0.441825
-0.448438
-0.415758
-0.394397
-0.411960
-0.453126
-0.389518
-0.372379
-0.431773
-0.435513
-0.407554
-0.367657
-0.401020
-0.412308
-0.388973
-0.430848
-0.448809
-0.387634
-0.412385
-0.417440
-0.411041
-0.433812
-0.370646
-0.438122
-0.431981
-0.338543
-0.364297
-0.362230
-0.455304
-0.440408
-0.403325
-0.434738
-0.413783
-0.350637
-0.418984
-0.422716
-0.405950
-0.389514
-0.365762
-0.401053
-0.415274
-0.417975
-0.367352
-0.389640
-0.428147
-0.439687
-0.406051
-0.391101
-0.423205
-0.369788
-0.398116
-0.444901
-0.358535
-0.374621
-0.418138
-0.396897
-0.384273
-0.374348
-0.361412
-0.446261
-0.414819
-0.399610
-0.377306
-0.401555
-0.407802
-0.369767
-0.379616
-0.429011
-0.365758
-0.377710
-0.396482
-0.415814
-0.390812
-0.331142
-0.350642
-0.348474
-0.361576
-0.404677
-0.387360
-0.422723
-0.398095
-0.427010
-0.443177
-0.418103
-0.423410
-0.344427
-0.415036
-0.373846
-0.296271
-0.339899
-0.391959
-0.374473
-0.372132
-0.381543
-0.429008
-0.400120
-0.315025
-0.432007
-0.432287
-0.380997
-0.395231
-0.375426
-0.343819
-0.374948
-0.362884
-0.340568
-0.392675
-0.365268
-0.406866
-0.408912
-0.433789
-0.363479
-0.385257
-0.435642
-0.377476
-0.377460
-0.310180
-0.430315
-0.398335
-0.371846
-0.384447
-0.427069
-0.395956
-0.391369
-0.388246
-0.444055
-0.407182
-0.275822
-0.378032
-0.411649
-0.440748
-0.438871
-0.396887
-0.410434
-0.381176
-0.303879
-0.347980
-0.392676
-0.355762
-0.310519
-0.360780
-0.406978
-0.351421
-0.377457
-0.390174
-0.272083
-0.316963
-0.351960
-0.417533
-0.360236
-0.253771
-0.303982
-0.351896
-0.309338
-0.338506
-0.330759
-0.347720
-0.316509
-0.284184
-0.237721
-0.325611
-0.364240
-0.304254
-0.262962
-0.267825
-0.307774
-0.341792
-0.244827
-0.327260
-0.339062
-0.318691
-0.260454
-0.296713
-0.349421
-0.255872
-0.357221
-0.324671
-0.327646
-0.394442
-0.321046
-0.335511
-0.373162
-0.319253
-0.251106
-0.395763
-0.379702
-0.255995
-0.230100
-0.346182
-0.296306
-0.294576
-0.321026
-0.370309
-0.307189
-0.262596
-0.274998
-0.318873
-0.298197
-0.283745
-0.234746
-0.181839
-0.260243
-0.261078
-0.310189
-0.269710
-0.221944
-0.102825
-0.204911
-0.149118
-0.222594
-0.227444
-0.319500
-0.278874
-0.265913
-0.263403
-0.259426
-0.186296
-0.045637
-0.113720
-0.259425
-0.264129
-0.200165
-0.200903
-0.240098
-0.196332
-0.315893
-0.069361
-0.199657
-0.248149
-0.236545
-0.202743
-0.272155
-0.265421
-0.166780
-0.232334
-0.253861
-0.220683
-0.230346
-0.237405
-0.239474
-0.262574
-0.292304
-0.256321
-0.177815
-0.118450
-0.164297
-0.192505
-0.296560
-0.220654
-0.231812
-0.172837
-0.238801
-0.193698
-0.338768
-0.163973
-0.079791
-0.162422
-0.126032
-0.264755
-0.290501
-0.314032
-0.050842
-0.267633
-0.197845
-0.103340
-0.072789
0.039462
-0.067899
-0.263656
-0.059322
0.159546
0.697132
0.189268
0.063599
0.161513
0.403124
0.184744
0.116826
0.239242
0.055672
-0.144143
-0.064555
-0.113664
-0.014364
0.008756
-0.105581
-0.104316
-0.137728
0.043004
0.162952
-0.091540
0.271261
0.443990
1.070215
0.739785
1.133158
1.566241
1.649218
2.659713
3.852146
2.089953
2.734588
3.104045
2.609378
3.108107
3.698686
3.668983
3.232392
4.179799
3.687883
3.800154
3.606901
4.191502
4.013040
5.997153
4.900172
5.599986
4.327975
2.964517
3.128832
2.819028
4.152201
4.718027
3.606068
4.405225
2.395905
2.492131
2.216730
1.866283
3.161541
3.134548
3.753013
4.051816
2.918396
3.087252
2.265499
2.215077
1.936998
0.565183
0.773136
0.161120
0.451690
1.563181
1.790917
1.659632
1.822652
1.228915
1.253080
0.827639
0.858318
1.261340
0.380365
0.125167
0.181523
0.148617
0.492659
2.325032
1.437869
0.665398
2.062638
1.236184
0.391464
0.235800
0.320215
0.417791
0.437438
0.152004
0.050535
0.491215
1.838635
1.015199
0.816830
0.595275
1.060857
1.007571
0.643562
0.053167
0.236989
0.499120
0.032541
-0.064886
0.011531
0.726505
0.029123
-0.077656
0.217580
0.194860
0.251406
0.326091
0.076549
0.120012
0.137927
0.104409
0.068749
0.135201
-0.149440
-0.055497
-0.155400
-0.162694
0.270437
0.150681
-0.046724
-0.024581
-0.033229
-0.049506
-0.024233
-0.146690
0.096174
0.271995
-0.041989
-0.032862
0.230071
-0.131681
-0.053913
0.063743
-0.114729
-0.049227
-0.000455
-0.063931
-0.053312
0.004400
0.351218
0.029052
-0.168681
-0.113512
0.062570
0.036942
-0.131761
-0.016518
-0.218431
-0.102466
0.215049
0.001046
0.047791
0.051127
-0.153198
0.039265
0.203094
0.190399
-0.204747
-0.154540
0.017618
0.059116
-0.074942
-0.210263
-0.271514
-0.122639
-0.049156
-0.135231
-0.012226
-0.148423
-0.041146
0.023212
-0.185196
-0.087030
-0.029263
-0.285905
-0.229574
0.005749
-0.117145
-0.085312
-0.186431
-0.287694
-0.167438
-0.159535
-0.172194
0.106649
-0.190828
-0.281214
-0.254612
-0.142831
-0.135556
-0.209383
-0.311668
-0.289523
-0.315826
-0.260364
-0.174812
0.070260
-0.069511
-0.288047
-0.287148
-0.130893
-0.227484
-0.299150
-0.207566
-0.183066
-0.262192
-0.322453
-0.231883
-0.355950
-0.324462
-0.246369
-0.392453
-0.466425
-0.486435
-0.499537
-0.585365
-0.597992
-0.597992
-0.597992
-0.597992
-1.068054
-1.068054
-1.068054
-1.068054
-1.068054
-1.068054
-1.068054
-1.068054
-1.068054
-1.068054
-1.068054
-1.068054
-1.068054
-1.068054
-1.068054
-1.068054
-1.068054
-1.068054
-1.068054
-1.068054
-1.068054
-1.068054
-1.068054
-1.068054
-1.068054
-1.068054
-1.068054
-1.068054
-1.068054
-1.068054
-1.068054
-1.068054
-1.068054
-1.068054
-1.068054
-1.068054
-1.068054
-1.068054
-1.068054
-1.068054
-1.068054
-1.068054
-1.068054
-1.068054
-1.068054
-1.068054
-1.068054
-1.068054
-1.068054
