-1.068054
-1.068054
-1.068054
-1.068054
-1.068054
-1.068054
-1.068054
-1.068054
-1.068054
-1.068054
-1.068054
-1.068054
-1.068054
-1.068054
-1.068054
-1.068054
-1.068054
-1.068054
-1.068054
-1.068054
-1.068054
-1.068054
-1.068054
-1.068054
-1.068054
-1.068054
-1.068054
-1.068054
-1.068054
-1.068054
-1.068054
-1.068054
-1.068054
-1.068054
-1.068054
-1.068054
-1.068054
-1.068054
-1.068054
-1.068054
-1.068054
-1.068054
-1.068054
-1.068054
-1.068054
-1.068054
-1.068054
-1.068054
-1.068054
-1.068054
-1.064710
-1.030010
-1.040506
-0.985405
-0.888345
-0.966633
-0.878330
-0.805563
-0.825902
-0.656956
-0.747981
-0.768455
-0.726397
-0.633877
-0.500449
-0.627279
-0.443238
-0.354168
-0.034524
0.134632
0.047114
-0.099877
-0.179995
0.093449
-0.015051
-0.287107
-0.319436
-0.430270
-0.377843
-0.379972
-0.465744
-0.358899
-0.145900
-0.336094
-0.096310
-0.096701
0.028085
-0.229336
0.072269
-0.082587
-0.299463
-0.224404
-0.072273
-0.108485
-0.379875
-0.237510
-0.307518
-0.258934
-0.331129
-0.152276
-0.150515
0.025081
0.060401
0.005328
0.181862
-0.074545
0.022404
-0.235517
-0.341667
0.015287
0.170992
0.055288
-0.095129
0.423904
0.083558
-0.171816
-0.068382
0.139384
-0.239070
0.100846
-0.118419
-0.239937
-0.247110
-0.333443
0.100249
-0.095938
-0.123904
-0.012727
0.263474
-0.059774
-0.008797
0.079968
0.025078
-0.205816
-0.145766
-0.037374
0.069770
-0.100472
-0.307689
0.004942
-0.003584
0.018957
0.089579
0.080166
0.174929
-0.024433
-0.090108
0.049819
0.043643
0.232221
0.035005
-0.300774
-0.038477
-0.326552
0.059526
-0.009747
-0.121810
-0.092119
-0.267006
0.057848
-0.100148
-0.210898
-0.065389
0.393907
0.221832
0.088153
0.211137
-0.065968
-0.052202
0.255053
-0.087045
-0.096388
-0.077588
-0.179993
-0.182298
-0.083187
-0.028206
0.257435
0.167706
0.095271
0.266556
0.118756
0.166647
-0.036744
0.158374
-0.039666
0.065390
0.084936
0.040616
0.237486
0.332234
-0.156031
0.205473
0.196310
0.286722
0.045094
0.483211
0.942312
0.592136
0.477008
0.179372
-0.057210
-0.048762
0.009317
0.280343
0.086610
0.362415
0.342356
0.563002
0.151220
-0.267235
-0.218885
-0.017205
-0.037307
0.228194
-0.119312
0.004656
0.473231
-0.069235
0.109060
0.765086
0.123244
0.097961
0.028721
0.207441
0.179179
0.330887
0.414357
0.232902
0.148385
0.228836
0.265228
-0.001730
0.128749
0.287443
0.227435
0.163973
0.146256
0.070806
0.451057
0.409137
0.701770
0.290654
0.201100
0.302860
0.133762
0.262433
0.155362
0.259025
-0.163866
0.168818
0.232107
0.492958
0.334220
0.018827
0.224434
0.223153
0.284837
-0.020011
0.267501
0.425733
0.290666
0.268872
0.423771
0.430632
0.404390
0.363404
0.168716
0.177141
-0.101408
-0.006251
0.345324
0.302279
0.350404
0.768694
0.905514
1.156101
0.822586
0.591860
0.346701
0.202177
0.078605
-0.016664
0.609399
0.263527
0.060798
0.755880
0.372864
0.172498
0.668995
0.657701
0.605136
0.466857
0.418601
0.493193
0.534564
0.565092
0.511296
0.400888
0.802405
1.018074
1.164161
0.618648
0.567299
0.983684
1.226356
0.453594
0.616929
1.127613
1.736670
1.203249
1.314332
1.036071
0.551452
0.753321
1.020050
0.814481
0.606986
1.000856
0.905830
0.829408
0.585763
0.626525
0.882496
0.875868
1.154673
0.698562
1.634215
0.518000
0.757958
1.236278
0.722821
0.468938
0.624230
1.044338
1.024077
1.165151
0.958307
1.240630
1.704574
1.450115
1.224062
0.853181
0.598949
0.644608
0.674103
0.932501
0.662390
1.513500
1.359903
1.346822
1.297908
1.140089
1.904570
0.900895
0.519156
1.120089
1.856755
1.196557
1.312332
1.357542
1.526071
1.091587
0.555146
1.986886
1.071383
0.891076
1.231875
0.935637
0.447881
0.576484
1.123454
1.157735
1.792906
1.989960
2.451918
1.393282
1.728933
1.933077
1.063448
1.351516
1.543173
1.569997
1.337489
0.974977
1.390251
1.132478
1.411332
1.202391
1.947499
2.839636
4.817196
4.954599
4.089060
6.887164
3.104837
4.701735
3.928936
4.750617
3.247336
1.968124
2.114934
1.759513
1.857915
1.364406
2.731646
1.905914
1.573126
1.687743
1.991094
2.594598
1.694353
2.129010
1.331704
2.347543
2.118428
1.519010
1.783116
1.200498
0.852285
1.165703
1.471067
1.766343
0.564575
0.144945
0.586592
0.202256
0.262288
0.297434
0.491008
0.613049
0.805077
0.505138
0.646746
0.367889
0.490813
1.036157
0.583946
0.612583
0.594363
0.721632
0.297053
0.264369
0.219373
0.181224
0.287302
0.060037
-0.094375
-0.202754
-0.370202
-0.202410
-0.309651
0.034520
-0.119576
-0.302001
-0.284096
-0.329179
-0.055890
0.071731
-0.263575
-0.590767
-0.582851
-0.647558
-0.545971
-0.512844
-0.635247
-0.667726
-0.635983
-0.585797
-0.602274
-0.491268
-0.534235
-0.572199
-0.570256
-0.531529
-0.684283
-0.497871
-0.500256
-0.476785
-0.426991
-0.658248
-0.697736
-0.583100
-0.608331
-0.636853
-0.761765
-0.674330
-0.641944
-0.525087
-0.614501
-0.723216
-0.668366
-0.611002
-0.569489
-0.570009
-0.690273
-0.559041
-0.539179
-0.606762
-0.665793
-0.638121
-0.673773
-0.633607
-0.682806
-0.795804
-0.798130
-0.769598
-0.762048
-0.790118
-0.740155
-0.675087
-0.734428
-0.779019
-0.743980
-0.804091
-0.873903
-0.880610
-0.836555
-0.850888
-0.769556
-0.818318
-0.816462
-0.850849
-0.813301
-0.792546
-0.844401
-0.813961
-0.817375
-0.790973
-0.767275
-0.830923
-0.828436
-0.739770
-0.711607
-0.737314
-0.801523
-0.803957
-0.888776
-0.820584
-0.821884
-0.787347
-0.701241
-0.754586
-0.842265
-0.827686
-0.810199
-0.802136
-0.860248
-0.784371
-0.763236
-0.813810
-0.816086
-0.833726
-0.868224
-0.784971
-0.815745
-0.763172
-0.736182
-0.785335
-0.778901
-0.763364
-0.877513
-0.889686
-0.917231
-0.905099
-0.838458
-0.933087
-0.860917
-0.889529
-0.912523
-0.921095
-0.903187
-0.962923
-0.959274
-0.978342
-0.993923
-0.997279
-1.044807
-1.060100
-1.067897
-1.068054
-1.068054
-1.068054
-1.068054
-1.068054
-1.068054
-1.068054
-1.068054
-0.521086
-0.521086
-0.521086
-0.521086
-0.521086
-0.521086
-0.521086
-0.521086
-0.521086
-0.521086
-0.521086
-0.521086
-0.521086
-0.521086
-0.521086
-0.521086
-0.521086
-0.521086
-0.521086
-0.521086
-0.521086
-0.521086
-0.521086
-0.521086
-0.521086
-0.521086
-0.521086
-0.521086
-0.521086
-0.521086
-0.521086
-0.521086
-0.521086
-0.521086
-0.521086
-0.521086
-0.521086
-0.521086
-0.521086
-0.521086
-0.521086
-0.521086
-0.521086
-0.521086
-0.521086
-0.521086
-0.521086
-0.521086
-0.521086
-0.521086
-0.521086
-0.521086
-0.521086
-0.521086
-0.521086
-0.521086
-0.521086
-0.521086
-0.521086
-0.521086
-0.521086
-0.521086
-0.521086
-0.521086
-0.521086
-0.521086
-0.521086
-0.521086
-0.521086
-0.521086
-0.521086
-0.521086
-0.521086
-0.521086
-0.521086
-0.521086
-0.521086
-0.521086
-0.521086
-0.521086
-0.521086
-0.521086
-0.521086
-0.521086
-0.521086
-0.521086
-0.521086
-0.521086
-0.521086
-0.521086
-0.521086
-0.521086
-0.521086
-0.521086
-0.521086
-0.521086
-0.521086
-0.521086
-0.521086
-0.521086
-0.521086
-0.521086
-0.521086
-0.521086
-0.521086
-0.521086
-0.521086
-0.521086
-0.521086
-0.521086
-0.521086
-0.521086
-0.521086
-0.521086
-0.521086
-0.521086
-0.521086
-0.521086
-0.521086
-0.521086
-0.521086
-0.519297
-0.512242
-0.502479
-0.458816
-0.440228
-0.408810
-0.441826
-0.467672
-0.449423
-0.420077
-0.455760
-0.447676
-0.460294
-0.464370
-0.425334
-0.434411
-0.425458
-0.452286
-0.446553
-0.426126
-0.436810
-0.438922
-0.443043
-0.450227
-0.437944
-0.434530
-0.449813
-0.434330
-0.448295
-0.429610
-0.447356
-0.462803
-0.450223
-0.447949
-0.453263
-0.434012
-0.436559
-0.405151
-0.429441
-0.441369
-0.436174
-0.465390
-0.441315
-0.422351
-0.452986
-0.431599
-0.417846
-0.401636
-0.388114
-0.452468
-0.410597
-0.469068
-0.451475
-0.398596
-0.430502
-0.430448
-0.427348
-0.458868
-0.402418
-0.385434
-0.434705
-0.414605
-0.460154
-0.450677
-0.446796
-0.452858
-0.424690
-0.408163
-0.390698
-0.424479
-0.449870
-0.449094
-0.441518
-0.446615
-0.415066
-0.458319
-0.437625
-0.428632
-0.457427
-0.404060
-0.431693
-0.448628
-0.415732
-0.435543
-0.434805
-0.424678
-0.440070
-0.443972
-0.462547
-0.456149
-0.449622
-0.453820
-0.461616
-0.472480
-0.459152
-0.457678
-0.457030
-0.443851
-0.459122
-0.466843
-0.427712
-0.445744
-0.434523
-0.443729
-0.459038
-0.466805
-0.457719
-0.448345
-0.441448
-0.422479
-0.392806
-0.428723
-0.442718
-0.414259
-0.457622
-0.419308
-0.449785
-0.445830
-0.452978
-0.458904
-0.437887
-0.385477
-0.416621
-0.453152
-0.438394
-0.437693
-0.436441
-0.459779
-0.442652
-0.442916
-0.406229
-0.403143
-0.448560
-0.407801
-0.427199
-0.451673
-0.436619
-0.451157
-0.423753
-0.407627
-0.446630
-0.418985
-0.445599
-0.451826
-0.379015
-0.405299
-0.410885
-0.455297
-0.426754
-0.414791
-0.459659
-0.431085
-0.444029
-0.464650
-0.448467
-0.442011
-0.430189
-0.412587
-0.450963
-0.442968
-0.455253
-0.444359
-0.413478
-0.440024
-0.439578
-0.445662
-0.462034
-0.417195
-0.409126
-0.413144
-0.418687
-0.443914
-0.383534
-0.371132
-0.427203
-0.406886
-0.446038
-0.417854
-0.405431
-0.455586
-0.438689
-0.456931
-0.444093
-0.421797
-0.402044
-0.418248
-0.428046
-0.427461
-0.398377
-0.428051
-0.445875
-0.455294
-0.432998
-0.410655
-0.448944
-0.421408
-0.415931
-0.448260
-0.462112
-0.454932
-0.455098
-0.449034
-0.440257
-0.408002
-0.446378
-0.454938
-0.431204
-0.356927
-0.401183
-0.447095
-0.465840
-0.439760
-0.463829
-0.410949
-0.445332
-0.467287
-0.463512
-0.464287
-0.446706
-0.386954
-0.439956
-0.458374
-0.431626
-0.419795
-0.425207
-0.435178
-0.392934
-0.436034
-0.459550
-0.401311
-0.408111
-0.375737
-0.415410
-0.453203
-0.427696
-0.363907
-0.376133
-0.392665
-0.425333
-0.420498
-0.425617
-0.431600
-0.428304
-0.430922
-0.412395
-0.441505
-0.445932
-0.385933
-0.380191
-0.394879
-0.370736
-0.414854
-0.452448
-0.452775
-0.430016
-0.369643
-0.431915
-0.424359
-0.426913
-0.464070
-0.416297
-0.405747
-0.429233
-0.448136
-0.464077
-0.382849
-0.384003
-0.428815
-0.406448
-0.434977
-0.417523
-0.406680
-0.461021
-0.436558
-0.429031
-0.442111
-0.438699
-0.450764
-0.459114
-0.438703
-0.454608
-0.412718
-0.427530
-0.460518
-0.424464
-0.414410
-0.422285
-0.438362
-0.432089
-0.416767
-0.457064
-0.418290
-0.424415
-0.440846
-0.450358
-0.462959
-0.432564
-0.392572
-0.377900
-0.407695
-0.449179
-0.459461
-0.409648
-0.401665
-0.430160
-0.467597
-0.458086
-0.423723
-0.414682
-0.415232
-0.387767
-0.410814
-0.380457
-0.372846
-0.382159
-0.355219
-0.311455
-0.018380
0.776868
-0.027553
-0.108090
-0.209100
-0.108408
0.155628
0.350733
0.628988
0.351124
0.813910
0.739451
0.820692
0.480619
0.995843
0.499943
0.893804
1.175960
1.029958
0.733586
2.087753
1.203845
1.095057
1.271196
1.092603
0.891818
0.756408
0.860134
1.967576
1.793008
1.572618
1.045878
1.456650
2.181398
1.851940
2.342157
2.695409
3.141413
2.453425
0.970869
1.037417
0.779071
1.007008
0.773910
1.127584
1.432899
1.169312
1.270753
1.102098
1.232965
1.088771
1.054785
1.825723
2.631556
2.243781
1.479477
2.589033
1.954881
3.104883
2.547496
2.893670
1.960884
1.245144
1.318740
3.189673
2.416364
1.500784
2.124230
2.487226
2.350038
4.319319
1.869594
1.613767
0.715199
1.767632
3.051198
3.031640
2.823617
1.605062
2.227782
3.344549
2.466219
2.273356
2.438125
2.613421
2.438604
3.343926
4.031381
5.027783
2.556343
2.823615
3.022149
1.614496
1.409174
2.484754
2.991702
1.719783
2.614784
2.111601
1.985234
1.380124
1.320369
2.606287
2.381008
2.002900
1.646361
2.607228
2.740334
3.922403
2.932431
1.799769
2.944172
2.552219
2.182303
1.206944
2.247784
2.600753
1.569897
2.360136
1.527131
0.998875
1.641039
2.179129
0.825895
1.523104
3.022171
2.384798
-0.074889
-0.373969
-0.314496
-0.332670
-0.374386
-0.401356
-0.375985
-0.399283
-0.366720
-0.327889
-0.398218
-0.272209
-0.266511
-0.329863
-0.372109
-0.417826
-0.362350
-0.376299
-0.406296
-0.372576
-0.401322
-0.353098
-0.408573
-0.413784
-0.383349
-0.386154
-0.391761
-0.396562
-0.422729
-0.429943
-0.444077
-0.396122
-0.366664
-0.389605
-0.374644
-0.437209
-0.412505
-0.438829
-0.449390
-0.425267
-0.399140
-0.371770
-0.410301
-0.437769
-0.433637
-0.440130
-0.394881
-0.403501
-0.448312
-0.439381
-0.462985
-0.436107
-0.408240
-0.440579
-0.409642
-0.446531
-0.445449
-0.435500
-0.423926
-0.394966
-0.423038
-0.406377
-0.411390
-0.454514
-0.442734
-0.431402
-0.440450
-0.452373
-0.497878
-0.517067
-0.521086
-0.521086
-0.671410
-0.671410
-0.671410
-0.671410
-0.671410
-0.671410
-0.671410
-0.671410
-0.671410
-0.671410
-0.671410
-0.671410
-0.671410
-0.671410
-0.671410
-0.671410
-0.671410
-0.671410
-0.671410
-0.671410
-0.671410
-0.671410
-0.671410
-0.671410
-0.671410
-0.671410
-0.671410
-0.671410
-0.671410
-0.671410
-0.671410
-0.671410
-0.671410
-0.671410
-0.671410
-0.671410
-0.671410
-0.671410
-0.671410
-0.671410
-0.671410
-0.671410
-0.671410
-0.671410
-0.671410
-0.671410
-0.671410
-0.671410
-0.671410
-0.671410
-0.671410
-0.671410
-0.671410
-0.671410
-0.671410
-0.671410
-0.671410
-0.671410
-0.671410
-0.671410
-0.671410
-0.671410
-0.671410
-0.671410
-0.671410
-0.671410
-0.671410
-0.671410
-0.671410
-0.671410
-0.671410
-0.671410
-0.671410
-0.671410
-0.671410
-0.671410
-0.671410
-0.671410
-0.671410
-0.671410
-0.671410
-0.671410
-0.671410
-0.671410
-0.671410
-0.671410
-0.671410
-0.671410
-0.671410
-0.671410
-0.671410
-0.671410
-0.671410
-0.671410
-0.671410
-0.671410
-0.671410
-0.671410
-0.671410
-0.671410
-0.671410
-0.671410
-0.671410
-0.671362
-0.664703
-0.647660
-0.625749
-0.618669
-0.620567
-0.562013
-0.613934
-0.604982
-0.610540
-0.557783
-0.586225
-0.559630
-0.541843
-0.542346
-0.547253
-0.497983
-0.486777
-0.431083
-0.425684
-0.501092
-0.494643
-0.534820
-0.496187
-0.525105
-0.481511
-0.482285
-0.454384
-0.498172
-0.520065
-0.474047
-0.451975
-0.431271
-0.479633
-0.459303
-0.461796
-0.476435
-0.260406
0.369118
0.408932
0.290386
0.403250
0.265973
-0.309252
-0.498466
-0.437118
-0.503217
-0.491977
-0.488481
-0.449619
-0.441109
-0.470829
-0.440026
-0.517707
-0.444934
-0.455515
-0.486272
-0.475903
-0.477803
-0.510090
-0.500411
-0.494107
-0.465694
-0.425681
-0.482674
-0.404639
-0.374952
-0.452558
-0.468618
-0.375396
-0.460248
-0.506416
-0.472827
-0.418896
-0.460823
-0.470702
-0.425170
-0.444660
-0.450378
-0.475166
-0.454330
-0.379716
-0.434341
-0.466060
-0.508875
-0.501427
-0.487675
-0.483668
-0.470466
-0.413526
-0.491862
-0.473345
-0.408828
-0.406961
-0.430946
-0.403011
-0.414206
-0.442556
-0.434800
-0.456233
-0.474863
-0.497972
-0.434905
-0.459958
-0.489064
-0.465208
-0.490375
-0.474450
-0.408652
-0.499975
-0.520929
-0.534116
-0.505366
-0.512672
-0.490680
-0.485774
-0.437206
-0.491123
-0.500034
-0.460907
-0.420446
-0.517660
-0.519530
-0.488190
-0.472187
-0.523314
-0.528506
-0.493806
-0.447430
-0.507541
-0.487008
-0.480438
-0.484136
-0.486776
-0.476423
-0.462152
-0.487389
-0.295730
0.253849
0.275033
0.309318
0.230916
0.348929
-0.260139
-0.467648
-0.429743
-0.492218
-0.493685
-0.458207
-0.499307
-0.462648
-0.463800
-0.479545
-0.484510
-0.511728
-0.370371
-0.411178
-0.391754
-0.464839
-0.449498
-0.511796
-0.438207
-0.435215
-0.467070
-0.482183
-0.405432
-0.490204
-0.542750
-0.488239
-0.465296
-0.420534
-0.457280
-0.515691
-0.508431
-0.499463
-0.496441
-0.411885
-0.412410
-0.512867
-0.487655
-0.526612
-0.501517
-0.446153
-0.474343
-0.509769
-0.470922
-0.481984
-0.520929
-0.401876
-0.467065
-0.411741
-0.497425
-0.468872
-0.477716
-0.474104
-0.458687
-0.421598
-0.482229
-0.473453
-0.491906
-0.442726
-0.438914
-0.412056
-0.463478
-0.526796
-0.466290
-0.440335
-0.496186
-0.454827
-0.491087
-0.470457
-0.508954
-0.515544
-0.523266
-0.537055
-0.453977
-0.454917
-0.428118
-0.466633
-0.454120
-0.441185
-0.409180
-0.412463
-0.384562
-0.428889
-0.441396
-0.467173
-0.461809
-0.473141
-0.473865
-0.391934
-0.436884
-0.445510
-0.369038
-0.440006
-0.442289
-0.478034
-0.209558
0.417811
0.373523
0.187715
0.258050
0.181088
-0.319101
-0.437042
-0.450043
-0.465697
-0.479770
-0.391422
-0.395134
-0.354098
-0.369913
-0.415845
-0.365771
-0.404776
-0.444134
-0.462840
-0.449337
-0.433075
-0.395830
-0.391942
-0.386656
-0.373400
-0.377805
-0.330317
-0.333252
-0.332536
-0.432275
-0.333849
-0.269185
-0.280167
-0.361436
-0.263760
-0.228752
-0.179394
-0.179018
-0.230790
-0.206934
-0.143344
-0.230936
-0.088490
-0.289087
-0.188157
-0.157078
-0.121136
-0.130619
-0.145299
0.012431
0.046575
0.146734
0.153360
0.275062
0.140701
0.231825
0.314154
-0.039325
0.086913
0.067109
-0.060242
0.090648
0.057813
0.325704
0.584127
0.602787
0.443291
0.156912
0.317738
0.475706
0.263615
0.388003
0.366722
0.291392
0.451140
0.389484
0.132518
0.554553
1.043748
0.723229
0.916183
1.073645
1.063637
0.750135
0.967849
1.160570
1.069628
1.045392
1.775939
1.867171
2.371968
1.971099
1.621152
1.687819
1.119927
1.988925
1.807292
0.915068
1.652114
1.680884
2.199121
3.132669
2.597608
2.693217
2.549858
2.107113
2.685948
1.875408
1.461328
1.295362
1.929145
2.166488
1.826396
1.832673
1.716622
2.122843
3.023843
3.172394
2.958072
3.348769
2.409992
3.419322
2.911493
3.522042
4.674654
3.936884
2.719337
3.162214
3.015543
3.412328
2.083127
3.593853
3.781890
2.523509
2.009634
1.899920
1.987284
2.071663
2.273319
2.685162
2.920330
2.248907
2.307636
2.657007
3.280237
2.134097
2.096546
1.869176
1.900576
2.149923
3.625973
3.626311
3.137141
3.621492
2.786855
2.347768
2.504001
2.535831
1.746869
1.531409
1.573585
1.788123
1.344632
1.373564
1.270072
1.187467
0.594227
0.841865
0.803935
0.828262
1.216726
0.945183
0.759276
0.811841
0.857898
1.042114
1.016297
0.793772
0.989479
0.487090
0.577356
0.624848
0.754354
0.344701
0.615544
0.769106
0.169295
0.286764
0.208171
0.340447
0.370189
0.262097
0.082980
0.333009
0.346773
0.218828
0.384513
0.191319
-0.093072
0.262094
0.838438
0.743224
0.588610
0.963917
0.931645
0.078808
0.200229
0.063741
-0.182152
-0.149049
-0.272390
-0.323330
-0.299837
-0.204736
-0.328257
-0.346015
-0.352001
-0.363826
-0.378184
-0.372364
-0.297208
-0.405250
-0.386956
-0.401209
-0.380395
-0.336588
-0.435123
-0.462988
-0.467317
-0.403633
-0.482409
-0.467713
-0.426157
-0.416027
-0.426872
-0.491213
-0.389476
-0.448574
-0.406902
-0.445219
-0.416281
-0.453096
-0.432720
-0.451444
-0.382160
-0.367215
-0.440852
-0.403515
-0.375506
-0.420347
-0.484629
-0.442153
-0.395550
-0.430429
-0.486879
-0.471927
-0.329395
-0.315792
-0.350336
-0.415789
-0.474957
-0.473276
-0.474502
-0.516243
-0.495707
-0.479628
-0.509446
-0.442061
-0.426993
-0.442724
-0.436535
-0.435997
-0.464473
-0.435078
-0.454593
-0.358497
-0.346749
-0.300845
-0.455912
-0.521359
-0.511112
-0.542743
-0.564983
-0.578462
-0.590491
-0.587976
-0.637189
-0.642220
-0.668094
-0.671410
-0.671410
-0.671410
-0.671410
-0.671410
-0.671410
-0.671410
-0.695741
-0.695741
-0.695741
-0.695741
-0.695741
-0.695741
-0.695741
-0.695741
-0.695741
-0.695741
-0.695741
-0.695741
-0.695741
-0.695741
-0.695741
-0.695741
-0.695741
-0.695741
-0.695741
-0.695741
-0.695741
-0.695741
-0.695741
-0.695741
-0.695741
-0.695741
-0.695741
-0.695741
-0.695741
-0.695741
-0.695741
-0.695741
-0.695741
-0.695741
-0.695741
-0.695741
-0.695741
-0.695741
-0.695741
-0.695741
-0.695741
-0.695741
-0.695741
-0.695741
-0.695741
-0.695741
-0.695741
-0.695741
-0.695741
-0.695741
-0.695741
-0.695741
-0.695741
-0.695741
-0.695741
-0.695741
-0.695741
-0.695741
-0.695741
-0.695741
-0.695741
-0.695741
-0.695741
-0.695741
-0.695741
-0.695741
-0.695741
-0.695741
-0.695741
-0.695741
-0.695741
-0.695741
-0.695741
-0.695741
-0.695741
-0.695741
-0.695741
-0.695741
-0.695741
-0.695741
-0.695741
-0.695741
-0.695741
-0.695741
-0.695741
-0.695741
-0.695741
-0.695741
-0.695741
-0.695741
-0.695741
-0.695741
-0.695741
-0.695741
-0.695741
-0.695741
-0.695741
-0.695741
-0.695741
-0.695741
-0.695741
-0.689169
-0.676894
-0.683100
-0.610574
-0.615504
-0.636947
-0.632089
-0.595255
-0.614384
-0.604208
-0.607337
-0.603454
-0.532194
-0.359001
-0.508009
-0.484423
-0.443127
-0.460308
-0.494796
-0.392609
-0.265937
-0.325742
-0.313597
-0.199453
-0.323517
-0.394643
-0.414947
-0.405392
-0.311602
-0.286464
-0.371733
-0.354497
-0.399815
-0.424507
-0.335444
-0.405539
-0.357783
-0.369687
-0.377938
-0.312367
-0.365466
-0.403352
-0.417918
-0.356966
-0.358938
-0.293361
-0.348935
-0.332664
-0.391831
-0.435503
-0.444222
-0.347983
-0.379714
-0.381492
-0.319531
-0.330926
-0.481712
-0.443070
-0.351008
-0.345932
-0.180964
-0.284382
-0.414753
-0.459267
-0.477831
-0.369483
-0.298926
-0.436357
-0.434126
-0.389677
-0.369796
-0.324330
-0.342912
-0.332437
-0.201457
-0.385587
-0.368448
-0.425707
-0.328217
-0.382224
-0.420678
-0.426378
-0.387541
-0.386750
-0.355117
-0.363036
-0.358839
-0.480774
-0.460569
-0.343470
-0.351621
-0.320618
-0.230569
-0.380393
-0.430034
-0.420848
-0.388818
-0.251603
-0.398374
-0.365497
-0.413810
-0.409019
-0.350991
-0.471031
-0.398099
-0.338087
-0.439081
-0.400809
-0.395055
-0.427526
-0.344093
-0.271803
-0.442197
-0.411859
-0.440729
-0.437814
-0.336457
-0.341431
-0.483047
-0.422517
-0.452480
-0.386194
-0.440061
-0.287878
-0.458228
-0.460715
-0.408881
-0.352547
-0.200317
-0.361842
-0.423532
-0.432587
-0.419690
-0.352611
-0.388760
-0.357326
-0.282989
-0.335505
-0.412902
-0.435699
-0.422559
-0.453533
-0.320893
-0.406240
-0.412352
-0.393162
-0.301559
-0.298028
-0.395183
-0.346791
-0.368281
-0.448887
-0.443827
-0.412196
-0.422257
-0.473442
-0.442757
-0.420920
-0.448181
-0.346061
-0.381578
-0.446678
-0.413245
-0.420696
-0.420107
-0.411425
-0.390762
-0.458933
-0.375607
-0.459956
-0.439905
-0.413460
-0.301456
-0.285070
-0.444745
-0.413287
-0.411198
-0.387224
-0.343124
-0.399159
-0.419404
-0.414055
-0.430087
-0.378650
-0.393972
-0.359689
-0.462845
-0.471930
-0.447941
-0.438593
-0.382681
-0.354125
-0.442898
-0.448584
-0.465042
-0.458682
-0.364908
-0.374547
-0.306880
-0.295336
-0.396777
-0.459591
-0.471321
-0.401011
-0.340274
-0.367619
-0.430781
-0.431272
-0.400885
-0.403561
-0.383167
-0.304453
-0.402585
-0.432053
-0.417906
-0.457517
-0.463400
-0.433257
-0.438222
-0.529630
-0.483705
-0.442970
-0.378151
-0.398508
-0.385167
-0.421475
-0.437434
-0.407799
-0.421101
-0.373257
-0.292837
-0.454284
-0.453691
-0.469022
-0.403868
-0.316745
-0.354919
-0.437251
-0.404842
-0.438669
-0.424630
-0.386948
-0.370130
-0.423006
-0.428387
-0.426120
-0.395604
-0.357020
-0.352458
-0.402549
-0.395917
-0.333065
-0.401442
-0.308427
-0.401894
-0.415182
-0.459436
-0.415869
-0.496745
-0.442211
-0.434043
-0.402009
-0.434740
-0.452573
-0.430262
-0.390579
-0.408559
-0.271905
-0.432019
-0.387493
-0.366094
-0.417461
-0.291665
-0.307795
-0.389763
-0.407381
-0.431962
-0.452884
-0.343897
-0.407527
-0.470265
-0.423695
-0.466853
-0.434023
-0.469152
-0.322029
-0.377205
-0.443555
-0.477238
-0.411461
-0.390299
-0.404552
-0.453269
-0.430602
-0.465387
-0.433033
-0.346937
-0.297914
-0.155502
-0.299035
-0.169969
-0.250517
-0.078685
-0.218823
-0.200635
0.126973
0.024495
0.036035
0.334482
0.536617
0.674579
0.539829
0.889070
1.310651
1.401807
1.567525
0.982369
1.449352
1.390128
1.476854
1.444420
2.121940
2.038904
1.494340
1.815566
1.928827
2.383276
2.160583
2.168613
3.224379
3.081955
3.465680
5.367146
3.417183
3.110107
3.710339
4.412457
4.739189
3.197476
3.023338
2.827115
2.236101
2.157415
2.530358
2.690298
3.628885
2.628448
2.858412
2.730510
1.839012
1.902782
3.541496
1.530371
2.364362
2.274373
2.096057
1.464605
2.049160
1.962381
1.427543
2.140062
2.743495
3.187840
2.786340
3.469977
1.992677
1.817696
2.011006
2.038609
2.378572
2.274420
1.849803
1.720194
2.375339
1.470618
1.725176
1.963503
1.851901
2.173107
2.503188
2.581779
1.716877
1.958720
2.682653
2.012897
1.640039
1.250200
1.394929
1.595656
1.894589
2.237343
1.560989
1.407119
1.490209
1.495136
2.107773
1.475393
1.550272
1.109641
1.233388
1.096887
1.069243
1.403431
0.979020
1.379991
1.690802
1.748282
1.939577
1.056934
1.784884
1.071085
0.530047
1.604441
1.284420
1.189022
1.052235
0.974621
0.661179
0.617132
0.778185
0.623801
0.383921
0.574042
0.654337
0.172454
0.178952
0.095641
0.404592
0.194836
0.314052
0.207759
-0.020168
-0.039930
0.032066
-0.086386
-0.011622
-0.056980
0.050067
-0.029730
0.020992
-0.179205
-0.298636
-0.238747
-0.266505
-0.217413
-0.255941
-0.238694
-0.261328
-0.281403
-0.324970
-0.311317
-0.241548
-0.140008
-0.156528
-0.273369
-0.199751
-0.233002
-0.194656
-0.050275
-0.192459
-0.161869
-0.193746
-0.134999
-0.251189
-0.260345
-0.314596
-0.141740
-0.313932
-0.299458
-0.311056
-0.256830
-0.211233
-0.269810
-0.269296
-0.278375
-0.336295
-0.320949
-0.347560
-0.281965
-0.278445
-0.306330
-0.343872
-0.404896
-0.336822
-0.293755
-0.324867
-0.279532
-0.355794
-0.405266
-0.379704
-0.309159
-0.286662
-0.346776
-0.312724
-0.354109
-0.378930
-0.367300
-0.285179
-0.298541
-0.299912
-0.275056
-0.241629
-0.270187
-0.355429
-0.333968
-0.237475
-0.246144
-0.150579
-0.232647
-0.259575
-0.264302
-0.344886
-0.382935
-0.252997
-0.334532
-0.236497
-0.421843
-0.344495
-0.398368
-0.415624
-0.450782
-0.445866
-0.468464
-0.556612
-0.534125
-0.616017
-0.656758
-0.692326
-0.695740
-0.695741
-0.695741
-0.695741
-0.695741
-0.695741
-0.695741
-0.695741
0.008019
0.050076
-0.522537
-0.852735
-0.947162
-0.967379
-0.967379
-0.967379
-0.967379
-0.967379
-0.967379
-0.967379
-0.967379
-0.967379
-0.967379
-0.967379
-0.967379
-0.967379
-0.967379
-0.967379
-0.967379
-0.967379
-0.967379
-0.967379
-0.967379
-0.967379
-0.967379
-0.967379
-0.967379
-0.967379
-0.967379
-0.967379
-0.967379
-0.967379
-0.967379
-0.967379
-0.967379
-0.967379
-0.967379
-0.967379
-0.967379
-0.967379
-0.967379
-0.967379
-0.967379
-0.967379
-0.967379
-0.967379
-0.967379
-0.967379
-0.967379
-0.967379
-0.967379
-0.967379
-0.967379
-0.967379
-0.967379
-0.967379
-0.967379
-0.967379
-0.967379
-0.967379
-0.967379
-0.967379
-0.967379
-0.967379
-0.967379
-0.967379
-0.967379
-0.967379
-0.967379
-0.967379
-0.967379
-0.967379
-0.967379
-0.967379
-0.967379
-0.967379
-0.967379
-0.967379
-0.967379
-0.967379
-0.967379
-0.967379
-0.967379
-0.967379
-0.967379
-0.967379
-0.967379
-0.967379
-0.967379
-0.967379
-0.967379
-0.967379
-0.967379
-0.967379
-0.967379
-0.967379
-0.967379
-0.967379
-0.967379
-0.967379
-0.967379
-0.967379
-0.967379
-0.967379
-0.967379
-0.967379
-0.967379
-0.967379
-0.967379
-0.967379
-0.967379
-0.967379
-0.967379
-0.967379
-0.967379
-0.967379
-0.967379
-0.967379
-0.967379
-0.967379
-0.967379
-0.967379
-0.967379
-0.967379
-0.967379
-0.967379
-0.967379
-0.779579
-0.552482
-0.452882
-0.463357
-0.549674
-0.560581
-0.562450
-0.477387
-0.569735
-0.589547
-0.571520
-0.589729
-0.529558
-0.462195
-0.460625
-0.477143
-0.466802
-0.480017
-0.432216
-0.422179
-0.581491
-0.541685
-0.347426
-0.602865
-0.531629
-0.543894
-0.633241
-0.536998
-0.482694
-0.671507
-0.369945
-0.501850
-0.486652
-0.308745
-0.333634
-0.434118
-0.478508
-0.564207
-0.372611
-0.498276
-0.548116
-0.488974
-0.566558
-0.511688
-0.506410
-0.490948
-0.442463
-0.381054
-0.498747
-0.483943
-0.420050
-0.567253
-0.626255
-0.457287
-0.617350
-0.661580
-0.630608
-0.662495
-0.577284
-0.631297
-0.612753
-0.443242
-0.472713
-0.452380
-0.438550
-0.576933
-0.505496
-0.643090
-0.583182
-0.260467
-0.430419
-0.529886
-0.525264
-0.554293
-0.475041
-0.426235
-0.483891
-0.277883
-0.479639
-0.574586
-0.552136
-0.466118
-0.371749
-0.532820
-0.573567
-0.498615
-0.585359
-0.591414
-0.451684
-0.522734
-0.594799
-0.524925
-0.581669
-0.556216
-0.396330
-0.544438
-0.398669
-0.500236
-0.577662
-0.477768
-0.291170
-0.482028
-0.379710
-0.515729
-0.395980
-0.484200
-0.500441
-0.504454
-0.298062
-0.406802
-0.482044
-0.430456
-0.447601
-0.384732
-0.599604
-0.544647
-0.513231
-0.588737
-0.563922
-0.482364
-0.548770
-0.596516
-0.601983
-0.653954
-0.463537
-0.419193
-0.607548
-0.446247
-0.513641
-0.529489
-0.459209
-0.511104
-0.470519
-0.515268
-0.571412
-0.486373
-0.535998
-0.537666
-0.460779
-0.479902
-0.423587
-0.481895
-0.627408
-0.488402
-0.526378
-0.608304
-0.514375
-0.463354
-0.532534
-0.508266
-0.568491
-0.510764
-0.518190
-0.589974
-0.661719
-0.536892
-0.507314
-0.594628
-0.521898
-0.575613
-0.569796
-0.592506
-0.583194
-0.500480
-0.617191
-0.570693
-0.504730
-0.650576
-0.537528
-0.570684
-0.601467
-0.441166
-0.485696
-0.583748
-0.425947
-0.469842
-0.625003
-0.565012
-0.508941
-0.462809
-0.587743
-0.576908
-0.507420
-0.497217
-0.607843
-0.594072
-0.625210
-0.477574
-0.536463
-0.463480
-0.540301
-0.468109
-0.597268
-0.562805
-0.538444
-0.515275
-0.538647
-0.494183
-0.572643
-0.557343
-0.521775
-0.471192
-0.442067
-0.459905
-0.483122
-0.545198
-0.491839
-0.452483
-0.503821
-0.493566
-0.563897
-0.462617
-0.487991
-0.316152
-0.507638
-0.563563
-0.569148
-0.566978
-0.478356
-0.514195
-0.495171
-0.559678
-0.618757
-0.602466
-0.473862
-0.551132
-0.535240
-0.532723
-0.612339
-0.506103
-0.616714
-0.559747
-0.552336
-0.481919
-0.465625
-0.438093
-0.536010
-0.380064
-0.405064
-0.533717
-0.425576
-0.478893
-0.371973
-0.461430
-0.417043
-0.525826
-0.464918
-0.577122
-0.574398
0.287423
2.276853
1.668452
1.525367
0.573033
0.636351
2.231241
2.913680
0.559858
1.207625
1.253931
1.108899
0.979001
0.440219
1.508428
0.856820
0.740319
1.037617
0.945178
0.984795
1.263501
0.706204
1.339426
1.195957
1.243290
1.601159
1.396351
1.485097
1.496323
1.026387
1.889209
1.245198
1.782176
1.799923
1.134810
2.240726
2.756013
2.907718
1.434877
1.572191
2.220060
1.806794
2.482008
2.964787
2.403237
2.274251
3.127115
3.500472
2.270454
2.483483
3.060163
3.437447
2.562516
1.714748
1.881664
2.746415
1.627146
2.023487
1.929253
2.850184
2.769520
2.439638
3.118531
