-0.152104
-0.178590
-0.192919
-0.215655
-0.210919
-0.191547
-0.238433
-0.129291
-0.142555
-0.198042
-0.160230
-0.144804
-0.148921
-0.120994
-0.087660
-0.090702
-0.114997
-0.056050
0.049028
-0.060178
-0.103225
-0.139808
-0.130207
-0.149448
-0.216180
-0.169398
-0.154104
-0.117829
-0.113615
-0.107214
-0.232349
-0.130573
-0.116431
-0.113823
-0.140744
-0.145188
-0.106958
-0.170981
-0.078492
-0.091605
-0.113407
-0.131234
-0.176335
-0.134732
-0.203797
-0.137618
-0.051268
-0.018762
-0.147051
-0.169006
-0.249729
-0.196865
-0.176912
-0.138685
-0.128449
-0.051687
-0.087297
-0.084476
-0.132218
-0.170701
-0.096710
-0.148464
-0.203496
-0.187345
-0.154513
-0.141380
-0.171803
-0.150719
-0.199353
-0.239189
-0.254792
-0.184736
-0.176023
-0.233268
-0.234140
-0.195226
-0.224461
-0.168397
-0.146858
-0.161366
-0.149636
-0.187366
-0.176006
-0.156406
-0.202185
-0.190320
-0.101249
-0.153443
-0.142423
-0.106872
-0.136840
-0.225307
-0.147338
-0.174971
-0.206614
-0.154408
-0.023215
-0.064701
-0.169025
-0.145229
-0.078415
-0.158534
-0.173553
-0.176581
-0.215809
-0.185710
-0.189238
-0.149164
-0.254500
-0.254459
-0.212001
-0.275168
-0.242632
-0.168982
-0.162095
-0.175054
-0.135887
-0.201535
-0.170609
-0.179232
-0.222286
-0.170889
-0.185001
-0.211633
-0.213379
-0.181725
-0.171130
-0.133097
-0.236726
-0.210841
-0.194242
-0.229100
-0.184880
-0.174176
-0.221061
-0.202298
-0.129280
-0.152677
-0.182534
-0.137521
-0.127268
-0.179858
-0.164528
-0.199863
-0.231764
-0.273147
-0.218428
-0.211003
-0.192958
-0.227507
-0.250929
-0.209693
-0.137617
-0.215947
-0.245402
-0.204163
-0.277719
-0.239961
-0.198601
-0.222033
-0.241698
-0.263005
-0.134213
-0.151367
-0.268898
-0.277561
-0.240961
-0.203473
-0.190467
-0.225866
-0.216701
-0.196381
-0.196169
-0.200023
-0.253580
-0.241531
-0.192603
-0.173304
-0.202304
-0.247513
-0.216668
-0.231970
-0.189680
-0.264165
-0.158517
-0.183971
-0.225702
-0.210027
-0.208568
-0.224369
-0.220374
-0.219452
-0.217138
-0.191008
-0.237514
-0.228946
-0.302241
-0.301367
-0.285139
-0.254829
-0.255172
-0.287519
-0.305421
-0.286297
-0.262393
-0.260154
-0.246600
-0.217737
-0.219718
-0.300784
-0.304307
-0.336556
-0.319724
-0.334698
-0.331570
-0.300282
-0.370612
-0.368069
-0.364565
-0.385553
-0.382056
-0.404647
-0.440810
-0.436213
-0.464113
-0.458069
-0.471700
-0.485484
-0.498562
-0.498811
-0.498811
-0.498811
-0.498811
-0.498811
-0.498811
-0.498811
-0.498811
-0.498811
-0.498811
-0.498811
-0.498811
-0.498811
-0.498811
-0.498811
-0.498811
-0.615556
-0.615556
-0.615556
-0.615556
-0.615556
-0.615556
-0.615556
-0.615556
-0.615556
-0.615556
-0.615556
-0.615556
-0.615556
-0.615556
-0.615556
-0.615556
-0.615556
-0.615556
-0.615556
-0.615556
-0.615556
-0.615556
-0.615556
-0.615556
-0.615556
-0.615556
-0.615556
-0.615556
-0.615556
-0.615556
-0.615556
-0.615556
-0.615556
-0.615556
-0.615556
-0.615556
-0.615556
-0.615556
-0.615556
-0.615556
-0.615556
-0.615556
-0.615556
-0.615556
-0.615556
-0.615556
-0.615556
-0.615556
-0.615556
-0.615556
-0.615556
-0.615556
-0.615556
-0.615556
-0.615556
-0.615556
-0.615556
-0.615556
-0.615556
-0.615556
-0.615556
-0.615556
-0.615556
-0.615556
-0.615556
-0.615556
-0.615556
-0.615556
-0.615556
-0.615556
-0.615556
-0.615556
-0.615556
-0.615556
-0.615556
-0.615556
-0.615556
-0.615556
-0.615556
-0.615556
-0.615556
-0.615556
-0.615556
-0.615556
-0.615556
-0.615556
-0.615556
-0.615556
-0.615556
-0.615556
-0.615556
-0.615556
-0.615556
-0.615556
-0.615556
-0.615556
-0.615556
-0.615556
-0.615556
-0.615556
-0.615556
-0.615556
-0.615556
-0.615556
-0.615556
-0.615556
-0.615556
-0.615556
-0.615556
-0.615556
-0.615556
-0.615556
-0.615556
-0.615556
-0.615556
-0.615556
-0.615556
-0.615556
-0.615556
-0.615556
-0.615427
-0.583563
-0.587419
-0.518159
-0.514380
-0.514954
-0.480016
-0.530329
-0.531975
-0.449411
-0.421947
-0.453949
-0.358968
-0.341528
-0.402461
-0.529132
-0.530838
-0.517085
-0.466144
-0.467204
-0.543384
-0.535001
-0.551424
-0.482412
-0.509785
-0.531784
-0.515000
-0.464822
-0.485030
-0.472167
-0.510216
-0.495679
-0.496964
-0.444714
-0.506488
-0.531839
-0.524730
-0.522761
-0.419063
-0.375090
-0.486944
-0.551911
-0.541062
-0.497029
-0.501793
-0.488685
-0.510582
-0.479556
-0.480725
-0.515377
-0.521017
-0.520807
-0.504269
-0.442705
-0.380068
-0.486648
-0.502649
-0.525595
-0.544673
-0.474778
-0.432347
-0.458658
-0.206617
0.047257
-0.262956
-0.511686
-0.542496
-0.566111
-0.564627
-0.549327
-0.467068
-0.419097
-0.377503
-0.474992
-0.519189
-0.531759
-0.519428
-0.515647
-0.486995
-0.483290
-0.472484
-0.478105
-0.527098
-0.534079
-0.565074
-0.535638
-0.469651
-0.440857
-0.512074
-0.455469
-0.412358
-0.475288
-0.441394
-0.497351
-0.524954
-0.520719
-0.509405
-0.497162
-0.473787
-0.508558
-0.528303
-0.520489
-0.507621
-0.532548
-0.506692
-0.415988
-0.491010
-0.448691
-0.470609
-0.512364
-0.550426
-0.535113
-0.481454
-0.496873
-0.502642
-0.517441
-0.545261
-0.547160
-0.534780
-0.551887
-0.533149
-0.547218
-0.560869
-0.535104
-0.553313
-0.546292
-0.498722
-0.501154
-0.499224
-0.552544
-0.514163
-0.522975
-0.517070
-0.539711
-0.510782
-0.546240
-0.551463
-0.534578
-0.532814
-0.519692
-0.527777
-0.566037
-0.562714
-0.555404
-0.524020
-0.548787
-0.510927
-0.542922
-0.555500
-0.543462
-0.530223
-0.562461
-0.502258
-0.437210
-0.396245
-0.498920
-0.521399
-0.537406
-0.524982
-0.537944
-0.516851
-0.531899
-0.522465
-0.540029
-0.460902
-0.493007
-0.531481
-0.519942
-0.523186
-0.536542
-0.550123
-0.554414
-0.503196
-0.492518
-0.509357
-0.483759
-0.444035
-0.474976
-0.527972
-0.543422
-0.538624
-0.521147
-0.546073
-0.518795
-0.541936
-0.502718
-0.560493
-0.569075
-0.540732
-0.470316
-0.503366
-0.367345
-0.447647
-0.481622
-0.555319
-0.526826
-0.486229
-0.515485
-0.504907
-0.532215
-0.549629
-0.511369
-0.282233
-0.166879
-0.453534
-0.487352
-0.539907
-0.525983
-0.478974
-0.500448
-0.515896
-0.524164
-0.537674
-0.543918
-0.377048
-0.419047
-0.548963
-0.560264
-0.565704
-0.547414
-0.556922
-0.547984
-0.533956
-0.522425
-0.492847
-0.462977
-0.541122
-0.531990
-0.541776
-0.510883
-0.551819
-0.548295
-0.519877
-0.512728
-0.558638
-0.553277
-0.539543
-0.560104
-0.490640
-0.414214
-0.441276
-0.533469
-0.482901
-0.492586
-0.540091
-0.518761
-0.522037
-0.544463
-0.529960
-0.505126
-0.520920
-0.493634
-0.369592
-0.250160
-0.312264
-0.434448
-0.478155
-0.504604
-0.486823
-0.551993
-0.533310
-0.544766
-0.514609
-0.512039
-0.540905
-0.542717
-0.558556
-0.553601
-0.527882
-0.513618
-0.513204
-0.431496
-0.462041
-0.417918
-0.526635
-0.516678
-0.535792
-0.502564
-0.497469
-0.478465
-0.514965
-0.545816
-0.498787
-0.533175
-0.553717
-0.419376
-0.125749
0.045854
-0.349403
-0.436638
-0.518137
-0.531490
-0.529272
-0.526675
-0.480299
-0.303697
-0.470279
-0.528233
-0.520080
-0.533714
-0.534790
-0.505187
-0.463731
-0.431016
-0.439740
-0.207175
-0.257503
-0.486730
-0.525612
-0.505837
-0.442436
-0.434232
-0.480373
-0.512652
-0.475669
-0.529795
-0.545155
-0.413987
-0.448570
-0.450161
-0.481480
-0.369724
-0.318600
-0.312278
-0.254197
0.230364
1.377852
4.692525
3.344466
2.379811
1.078265
2.114793
1.967246
1.743444
2.402325
3.087733
2.165160
3.143333
3.450390
4.219684
3.992269
3.721990
5.721984
4.970686
4.019842
3.286200
3.198253
3.617559
1.827914
2.623546
3.681047
2.777954
3.780250
3.889059
2.557930
1.901213
1.385600
1.482566
1.260236
2.129589
1.078880
1.909349
1.642194
1.996283
2.113038
3.358741
1.633313
1.001716
1.497317
1.394702
1.240214
0.899331
1.113822
1.541511
1.203817
2.067484
3.041151
2.589911
3.224532
2.869761
1.745287
1.725109
1.611932
0.947500
0.815206
0.918461
0.627165
1.151478
1.332274
1.375413
1.506153
0.875655
1.566872
1.132805
1.146936
0.782207
0.451917
0.305409
1.095644
1.421921
0.612769
0.904344
0.782035
0.438658
0.567171
0.664089
0.394068
0.568986
0.263876
0.401459
0.754503
0.435268
0.787875
0.959026
0.440235
0.439599
0.564885
0.607412
1.191387
0.697013
0.677114
0.369634
0.352282
0.481262
0.230010
0.516383
0.753643
0.021237
0.327863
0.877548
0.437460
0.921989
0.661566
0.278964
0.511962
0.571522
0.564000
0.572525
0.879759
0.504786
0.196583
0.539680
0.871547
1.011104
0.917232
0.842884
0.514809
0.402805
0.339887
0.506095
1.013188
0.599018
0.609758
1.184296
1.435298
1.380893
0.955168
0.912146
0.967461
1.393308
1.119489
1.255493
0.982607
0.715908
0.467657
0.441938
0.477715
0.590590
0.808948
1.138946
0.736313
1.342470
1.163426
1.354825
0.978374
0.929702
1.322833
0.965558
1.255851
2.020612
1.319598
0.970060
0.658442
0.669440
0.742473
0.667709
0.148494
0.002211
0.314439
0.102885
0.003027
0.682676
0.182942
0.303892
0.388694
0.326136
0.738871
0.486122
0.512401
0.915198
0.976332
0.362246
0.536652
1.175054
1.011549
0.595894
0.695792
0.166578
0.235267
0.261635
0.326495
0.326659
0.203283
-0.382668
-0.610342
-0.615556
-0.615556
-0.682718
-0.682718
-0.682718
-0.682718
-0.682718
-0.682718
-0.682718
-0.682718
-0.682718
-0.682718
-0.682718
-0.682718
-0.682718
-0.682718
-0.682718
-0.682718
-0.682718
-0.682718
-0.682718
-0.682718
-0.682718
-0.682718
-0.682718
-0.682718
-0.682718
-0.682718
-0.682718
-0.682718
-0.682718
-0.682718
-0.682718
-0.682718
-0.682718
-0.682718
-0.682718
-0.682718
-0.682718
-0.682718
-0.682718
-0.682718
-0.682718
-0.682718
-0.682718
-0.682718
-0.682718
-0.682718
-0.682718
-0.682718
-0.682718
-0.682718
-0.682718
-0.682718
-0.682718
-0.682718
-0.682718
-0.682718
-0.682718
-0.682718
-0.682718
-0.682718
-0.682718
-0.682718
-0.682718
-0.682718
-0.682718
-0.682718
-0.682718
-0.682718
-0.682718
-0.682718
-0.682718
-0.682718
-0.682718
-0.682718
-0.682718
-0.682718
-0.682718
-0.682718
-0.682718
-0.682718
-0.682718
-0.682718
-0.682718
-0.682718
-0.682718
-0.682718
-0.682718
-0.682718
-0.682718
-0.682718
-0.682718
-0.682718
-0.682718
-0.682718
-0.682718
-0.682718
-0.682718
-0.682718
-0.682718
-0.682718
-0.682718
-0.682718
-0.682718
-0.682718
-0.682718
-0.682718
-0.682718
-0.682718
-0.682718
-0.682718
-0.682718
-0.682718
-0.682718
-0.682718
-0.682694
-0.674039
-0.658187
-0.660473
-0.642646
-0.594472
-0.609191
-0.559563
-0.565699
-0.471081
-0.468721
-0.510203
-0.511946
-0.527497
-0.505713
-0.529742
-0.554748
-0.556699
-0.552077
-0.545608
-0.543809
-0.510876
-0.467342
-0.435787
-0.435740
-0.482924
-0.513693
-0.454201
-0.485133
-0.420024
-0.423808
-0.419626
-0.471136
-0.501712
-0.450089
-0.437321
-0.505993
-0.528973
-0.492879
-0.469815
-0.456450
-0.461571
-0.457681
-0.480336
-0.468702
-0.461011
-0.465185
-0.459848
-0.445935
-0.491495
-0.479352
-0.452200
-0.441213
-0.411692
-0.479087
-0.462221
-0.475906
-0.488992
-0.498151
-0.515781
-0.512977
-0.521557
-0.476564
-0.433753
-0.377641
-0.464352
-0.482894
-0.493621
-0.526021
-0.527226
-0.507763
-0.524662
-0.522980
-0.439156
-0.476678
-0.506333
-0.443886
-0.385220
-0.502526
-0.547678
-0.543763
-0.497629
-0.510518
-0.384822
-0.387016
-0.467625
-0.499507
-0.505600
-0.530751
-0.506547
-0.447938
-0.517076
-0.513788
-0.488001
-0.471747
-0.478711
-0.481241
-0.461560
-0.463703
-0.442231
-0.395321
-0.458991
-0.425726
-0.461664
-0.450391
-0.465295
-0.476189
-0.428753
-0.468129
-0.461856
-0.491531
-0.477581
-0.439387
-0.483226
-0.519851
-0.498650
-0.464187
-0.435197
-0.459000
-0.459045
-0.429216
-0.350963
-0.479917
-0.435961
-0.517936
-0.538318
-0.520902
-0.558797
-0.559371
-0.544192
-0.523573
-0.461110
-0.441628
-0.422830
-0.488182
-0.528005
-0.551635
-0.529776
-0.494563
-0.426997
-0.462541
-0.461284
-0.526726
-0.490282
-0.456146
-0.410591
-0.447268
-0.403872
-0.462447
-0.481651
-0.492072
-0.488446
-0.430402
-0.410348
-0.441515
-0.450800
-0.399614
-0.538814
-0.473756
-0.474722
-0.418541
-0.403638
-0.487687
-0.512195
-0.470906
-0.443721
-0.514943
-0.492257
-0.485213
-0.458332
-0.450534
-0.431103
-0.460565
-0.472327
-0.484094
-0.450231
-0.446419
-0.452808
-0.404486
-0.480546
-0.507335
-0.477193
-0.449715
-0.487959
-0.454448
-0.415684
-0.439274
-0.479170
-0.486233
-0.508067
-0.571985
-0.550406
-0.544490
-0.583186
-0.569099
-0.546233
-0.550765
-0.523203
-0.516596
-0.515469
-0.556919
-0.525766
-0.494264
-0.485426
-0.470508
-0.435367
-0.417683
-0.479337
-0.470557
-0.425385
-0.391887
-0.427194
-0.487657
-0.495788
-0.437717
-0.465569
-0.448970
-0.446642
-0.422612
-0.417729
-0.462407
-0.473912
-0.402157
-0.351898
-0.453725
-0.446918
-0.477782
-0.490682
-0.478069
-0.455841
-0.371334
-0.372299
-0.404019
-0.480801
-0.459092
-0.400754
-0.422965
-0.500305
-0.526999
-0.479103
-0.434333
-0.497146
-0.507894
-0.523301
-0.539730
-0.577140
-0.541360
-0.502362
-0.482163
-0.436712
-0.443154
-0.411358
-0.489322
-0.521880
-0.434703
-0.404546
-0.435275
-0.500246
-0.509598
-0.505547
-0.471713
-0.448640
-0.507669
-0.498094
-0.505710
-0.541471
-0.549736
-0.475874
-0.403205
-0.445605
-0.477263
-0.502192
-0.456509
-0.466550
-0.502255
-0.460708
-0.445131
-0.465106
-0.484417
-0.455230
-0.476528
-0.455143
-0.465115
-0.402689
-0.409133
-0.441873
-0.483458
-0.453741
-0.491887
-0.494658
-0.487003
-0.471278
-0.481683
-0.467832
-0.443136
-0.534433
-0.536193
-0.539492
-0.515318
-0.519128
-0.497356
-0.445436
-0.466474
-0.492462
-0.461169
-0.356756
-0.444445
-0.470784
-0.461650
-0.469392
-0.528829
-0.517987
-0.480436
-0.530784
-0.533069
-0.518511
-0.437886
-0.422137
-0.444984
-0.394810
-0.434266
-0.442928
-0.338116
-0.353443
-0.345105
0.020179
0.401407
0.728801
2.204490
2.386617
1.140856
1.630878
1.787395
1.547505
1.785537
1.232543
1.141946
1.732260
2.512653
1.720922
3.241572
3.870115
6.558387
3.912581
3.430582
4.549319
4.044895
4.047150
3.565023
4.241889
2.824057
2.563085
3.009864
2.414473
2.124428
1.786033
1.983607
3.328406
3.111123
2.467302
2.046066
2.129462
1.708907
1.914550
1.844161
1.620833
1.997598
2.461357
1.663521
1.741521
1.562407
1.674329
2.517780
2.208419
2.490806
2.539271
2.094941
1.683315
1.635456
1.309376
1.254326
1.602210
1.799804
1.658233
2.050867
1.484473
1.162048
2.253333
1.195821
0.925026
1.308545
1.417402
1.332479
1.160600
1.361471
2.750143
1.781546
2.237601
2.590184
2.155843
2.161213
2.278851
1.363804
1.730785
1.717717
1.121835
1.052120
1.269112
1.354542
2.290345
1.929185
1.981068
1.275339
1.139319
0.984327
0.933607
0.825452
1.029663
1.271667
0.703180
0.904560
1.159166
0.792885
1.107220
0.855487
0.883223
0.901767
1.001130
1.450287
1.057411
0.748428
0.653043
0.876966
0.619446
0.551059
0.537405
0.904782
1.395090
0.603815
0.621239
0.677759
0.768598
0.374962
0.752034
1.084397
0.849797
0.568717
0.793005
0.759761
0.596700
0.587810
0.785306
0.533297
0.368019
0.527333
0.558800
0.820997
0.568249
0.240449
0.039662
0.494838
0.763486
0.442988
0.432627
0.716286
0.429977
0.542981
0.426009
0.341584
0.057458
0.317086
0.432975
0.479770
0.232049
0.602863
0.528430
0.459612
0.472241
0.302234
0.755238
0.873688
0.348175
0.438772
0.246558
0.205852
0.162971
0.335699
0.010056
0.143454
0.204477
0.217970
0.630658
0.423707
0.329280
0.678660
0.566958
0.285874
0.283183
0.267694
0.307214
0.220092
0.056290
0.219607
0.169223
0.330866
0.229399
0.229364
0.197018
0.080402
0.246805
0.290950
0.320364
-0.259773
-0.255802
-0.300010
-0.090513
-0.452466
-0.539899
-0.673999
-0.682718
-0.682718
-0.682718
-0.682718
-0.760595
-0.760595
-0.760595
-0.760595
-0.760595
-0.760595
-0.760595
-0.760595
-0.760595
-0.760595
-0.760595
-0.760595
-0.760595
-0.760595
-0.760595
-0.760595
-0.760595
-0.760595
-0.760595
-0.760595
-0.760595
-0.760595
-0.760595
-0.760595
-0.760595
-0.760595
-0.760595
-0.760595
-0.760595
-0.760595
-0.760595
-0.760595
-0.760595
-0.760595
-0.760595
-0.760595
-0.760595
-0.760595
-0.760595
-0.760595
-0.760595
-0.760595
-0.760595
-0.760595
-0.760595
-0.760595
-0.760595
-0.760595
-0.760595
-0.760595
-0.760595
-0.760595
-0.760595
-0.760595
-0.760595
-0.760595
-0.760595
-0.760595
-0.760595
-0.760595
-0.760595
-0.760595
-0.760595
-0.760595
-0.760595
-0.760595
-0.760595
-0.760595
-0.760595
-0.760595
-0.760595
-0.760595
-0.760595
-0.760595
-0.760595
-0.760595
-0.760595
-0.760595
-0.760595
-0.760595
-0.760595
-0.760595
-0.760595
-0.760595
-0.760595
-0.760595
-0.760595
-0.760595
-0.760595
-0.760595
-0.760595
-0.760595
-0.760595
-0.760595
-0.760595
-0.760595
-0.760595
-0.760595
-0.760595
-0.760595
-0.760585
-0.752787
-0.727535
-0.670534
-0.661594
-0.698334
-0.649049
-0.662349
-0.698698
-0.666064
-0.689801
-0.679617
-0.690198
-0.679599
-0.613707
-0.653326
-0.650869
-0.576879
-0.610221
-0.558373
-0.529723
-0.525303
-0.553655
-0.544152
-0.597796
-0.625988
-0.544808
-0.442578
-0.467877
-0.585301
-0.590566
-0.579773
-0.576447
-0.550901
-0.577616
-0.525043
-0.587781
-0.576623
-0.549240
-0.563869
-0.538618
-0.524063
-0.532306
-0.485602
-0.520544
-0.542499
-0.521463
-0.558747
-0.537856
-0.528672
-0.494128
-0.568301
-0.568861
-0.540238
-0.493947
-0.443660
-0.517165
-0.551123
-0.536080
-0.533461
-0.500546
-0.557716
-0.596723
-0.566771
-0.579526
-0.507210
-0.585206
-0.557121
-0.517825
-0.461109
-0.534352
-0.559869
-0.485221
-0.468737
-0.542459
-0.565683
-0.570647
-0.599065
-0.607642
-0.553212
-0.563562
-0.543085
-0.548619
-0.558496
-0.499577
-0.513210
-0.538613
-0.624194
-0.612914
-0.586681
-0.528676
-0.604786
-0.630726
-0.613409
-0.562676
-0.497959
-0.536505
-0.575346
-0.551803
-0.578454
-0.580447
-0.545609
-0.556131
-0.505961
-0.528452
-0.579886
-0.533220
-0.613791
-0.522473
-0.568918
-0.587464
-0.586312
-0.570322
-0.540614
-0.543682
-0.591780
-0.543167
-0.456041
-0.469692
-0.506617
-0.598201
-0.580291
-0.476686
-0.506435
-0.588584
-0.623657
-0.562893
-0.560829
-0.578067
-0.629380
-0.591714
-0.538402
-0.535335
-0.605885
-0.529306
-0.522267
-0.529681
-0.517396
-0.581040
-0.539406
-0.608230
-0.560880
-0.514629
-0.558564
-0.508933
-0.476915
-0.554865
-0.558780
-0.515062
-0.561841
-0.544122
-0.521257
-0.608468
-0.550922
-0.547323
-0.552569
-0.565337
-0.564809
-0.545232
-0.540391
-0.584420
-0.512507
-0.532849
-0.573069
-0.559229
-0.567575
-0.505161
-0.584096
-0.558866
-0.596313
-0.577366
-0.548631
-0.528743
-0.541591
-0.579865
-0.482677
-0.511088
-0.480649
-0.607668
-0.591826
-0.477438
-0.498932
-0.554591
-0.603994
-0.524486
-0.413705
-0.523546
-0.615123
-0.604001
-0.573179
-0.526219
-0.568388
-0.583782
-0.589472
-0.571369
-0.514467
-0.542100
-0.496299
-0.477646
-0.481371
-0.474469
-0.553814
-0.590226
-0.601946
-0.553105
-0.588718
-0.572340
-0.557918
-0.539175
-0.579079
-0.538720
-0.536538
-0.601134
-0.552814
-0.544532
-0.521032
-0.479288
-0.509906
-0.542690
-0.586984
-0.536046
-0.516084
-0.541596
-0.445919
-0.553984
-0.500929
-0.532444
-0.565275
-0.522556
-0.564494
-0.581988
-0.590789
-0.573994
-0.553490
-0.564628
-0.533869
-0.525303
-0.463007
-0.459546
-0.513639
-0.545705
-0.514154
-0.435658
-0.513683
-0.586918
-0.572213
-0.524897
-0.430039
-0.488901
-0.553125
-0.536158
-0.529393
-0.519639
-0.478917
-0.551348
-0.544409
-0.567449
-0.546795
-0.527438
-0.533521
-0.542137
-0.447865
-0.429939
-0.520593
-0.547933
-0.614970
-0.553655
-0.544907
-0.502863
-0.524392
-0.516911
-0.578898
-0.572971
-0.512976
-0.531411
-0.609166
-0.576223
-0.592808
-0.546263
-0.473863
-0.550045
-0.521343
-0.510079
-0.540414
-0.551963
-0.487168
-0.530298
-0.554307
-0.503110
-0.411702
-0.554781
-0.501468
-0.532397
-0.497338
-0.468066
-0.407236
-0.484704
-0.421750
-0.244121
-0.211579
-0.353519
-0.522569
-0.518441
-0.561397
-0.451074
-0.378821
-0.348915
-0.408835
-0.173244
-0.033889
-0.113009
-0.308594
-0.183319
-0.288155
-0.145235
-0.113696
0.138360
0.032885
-0.233227
-0.269707
-0.168507
-0.205881
0.294784
0.881311
0.634369
0.723927
0.181861
0.114344
0.120896
-0.062522
0.199053
0.351226
0.094289
0.035897
0.178329
0.385758
1.010097
1.392469
1.466212
1.454427
1.456457
1.404454
2.537982
1.563411
1.606244
1.542641
1.296662
2.235016
1.883359
1.185412
0.762238
1.237663
0.844444
1.557696
1.505665
1.037091
0.659427
0.655327
0.446905
0.177248
0.295480
0.568450
1.122592
0.460296
0.704111
0.460047
0.349503
0.307884
0.441122
1.036903
0.853865
0.873844
0.704353
0.520097
0.624977
0.599057
0.334651
0.146801
0.317609
0.023463
0.286742
0.375382
0.229409
0.889509
1.155876
1.361578
0.734635
0.877139
0.539070
1.094483
0.657338
0.765345
1.385797
1.814182
1.959791
1.426723
0.596053
0.574701
1.024591
1.122739
1.740511
2.543449
1.998880
1.849722
1.684821
1.653204
1.963507
1.873012
1.675673
1.363081
2.247167
2.081216
3.070052
2.711624
2.916131
2.649993
2.515812
2.976840
2.565560
1.784939
2.015768
2.541996
1.958536
2.261237
0.747063
1.045516
1.046872
1.431960
0.657678
0.842286
0.475633
1.237750
1.059973
0.822200
1.006072
0.684627
0.461049
0.432034
0.539746
0.908174
0.448100
0.313226
0.286754
0.737789
0.556472
0.625973
0.793489
0.398218
0.646008
0.503018
1.015749
0.597024
0.526365
0.466594
0.225237
0.617011
0.986538
0.833114
0.754577
0.678552
1.085288
1.280108
2.123997
2.095196
2.351060
2.870353
2.998193
2.819864
2.308023
2.791848
4.513172
3.554780
2.381698
2.782253
1.518022
2.721888
2.733879
2.632102
3.401710
1.852535
2.039155
2.760742
1.524554
1.280290
1.734980
1.707105
1.978948
1.460908
1.589677
1.974183
1.276553
1.207881
1.340021
1.607673
2.082673
1.276245
1.637261
2.727468
2.934180
1.912827
1.500462
2.647841
2.712878
1.908736
1.664591
1.685833
1.641448
2.293943
2.846850
1.405167
1.033221
1.036900
1.234748
0.536511
0.210113
0.339586
0.139787
0.067501
0.182497
0.050963
0.355107
-0.062287
-0.028040
-0.216504
-0.249286
-0.420267
-0.594046
-0.605032
-0.748071
-0.760595
-0.760595
-0.760595
-0.760595
-0.760595
-0.760595
-0.760595
-0.760595
-0.455483
-0.455483
-0.455483
-0.455483
-0.455483
-0.455483
-0.455483
-0.455483
-0.455483
-0.455483
-0.455483
-0.455483
-0.455483
-0.455483
-0.455483
-0.455483
-0.455483
-0.455483
-0.455483
-0.455483
-0.455483
-0.455483
-0.455483
-0.455483
-0.455483
-0.455483
-0.455483
-0.455483
-0.455483
-0.455483
-0.455483
-0.455483
-0.455483
-0.455483
-0.455483
-0.455483
-0.455483
-0.455483
-0.455483
-0.455483
-0.455483
-0.455483
-0.455483
-0.455483
-0.455483
-0.455483
-0.455483
-0.455483
-0.455483
-0.455483
-0.455483
-0.455483
-0.455483
-0.455483
-0.455483
-0.455483
-0.455483
-0.455483
-0.455483
-0.455483
-0.455483
-0.455483
-0.455483
-0.455483
-0.455483
-0.455483
-0.455483
-0.455483
-0.455483
-0.455483
-0.455483
-0.455483
-0.455483
-0.455483
-0.455483
-0.455483
-0.455483
-0.455483
-0.455483
-0.455483
-0.455483
-0.455483
-0.455483
-0.455483
-0.455483
-0.455483
-0.455483
-0.455483
-0.455483
-0.455483
-0.455483
-0.455483
-0.455483
-0.455483
-0.455483
-0.455483
-0.455483
-0.455483
-0.455483
-0.455483
-0.455483
-0.454637
-0.444700
-0.438398
-0.350657
-0.402832
-0.421512
-0.418557
-0.421498
-0.383558
-0.386104
-0.361666
-0.334313
-0.280017
-0.197789
-0.242537
-0.244243
-0.204149
-0.091388
-0.030520
-0.157652
-0.007333
0.092479
0.002775
-0.193158
-0.193486
-0.226080
-0.191435
-0.269138
-0.306940
-0.232074
-0.101674
-0.082908
-0.071761
-0.120514
-0.173134
-0.217869
-0.148352
-0.138539
-0.179441
-0.235081
-0.272137
-0.311355
-0.262446
-0.227950
-0.169951
-0.191682
-0.222574
0.301468
0.154691
-0.105488
-0.109385
-0.139101
-0.162709
-0.154098
-0.129107
-0.141673
-0.230890
-0.252425
-0.159411
-0.169352
-0.108940
-0.090458
-0.105272
-0.132935
-0.124411
-0.165096
-0.225901
-0.148697
-0.219769
-0.160441
-0.203521
-0.156707
-0.173532
-0.038508
-0.098140
-0.083826
-0.213467
-0.255506
-0.196658
-0.005575
-0.025548
-0.127877
-0.200468
-0.228402
-0.061768
0.090058
-0.057013
-0.101752
0.030038
-0.018109
0.053131
-0.146021
-0.184090
-0.202694
0.129730
0.075546
0.155501
-0.160904
-0.109079
0.176394
0.206832
0.353309
-0.012478
-0.119175
-0.045168
0.018199
0.111682
0.204372
0.574256
0.200452
0.282314
-0.019855
0.583837
0.543921
0.195362
0.188678
0.228038
0.457543
0.115632
0.095433
0.631030
0.407370
0.054296
0.188328
0.317222
0.668862
0.892134
0.458200
0.584765
0.742204
0.417407
0.125348
0.378824
0.272695
0.310823
0.512478
0.796255
0.626034
0.779449
0.966356
1.006617
0.423098
0.132803
0.503663
0.492544
0.534687
0.714429
0.499922
0.835311
0.579465
0.749806
0.906782
1.054788
1.595310
0.650491
1.188278
0.815399
0.619321
0.696990
2.101902
1.606224
1.269925
0.925583
0.884075
0.621660
0.851421
0.732892
1.519509
1.431165
1.726978
1.323023
1.415942
1.328912
1.682958
2.227191
3.289598
2.731425
2.364166
1.857221
1.936765
1.853111
2.878464
2.552449
3.226448
2.837125
2.768459
1.994058
1.693893
1.527273
1.756644
1.037517
1.547874
1.672538
2.385410
2.745139
1.839002
2.223783
3.117024
4.837883
3.656994
4.234385
3.595963
3.060427
2.548971
2.992182
0.947002
0.752263
0.601006
1.085479
1.336769
1.370193
1.023746
1.077429
1.262061
1.331112
1.781510
1.728513
1.535202
1.740756
1.580746
2.834278
1.980835
3.074836
5.449150
14.413640
2.643305
1.923247
0.177840
-0.273060
-0.313034
-0.308204
-0.334733
-0.347942
-0.333614
-0.343903
-0.351063
-0.348760
-0.356138
-0.377985
-0.385167
-0.381895
-0.364570
-0.351505
-0.375193
-0.381292
-0.375500
-0.375163
-0.376219
-0.378936
-0.390863
-0.390292
-0.361368
-0.373396
-0.379554
-0.385160
-0.366972
-0.351662
-0.332015
-0.356162
-0.385926
-0.382724
-0.365756
-0.348397
-0.354638
-0.347775
-0.346323
-0.358493
-0.357785
-0.383771
-0.371838
-0.382239
-0.393210
-0.388657
-0.387193
-0.390379
-0.361185
-0.394143
-0.369701
-0.387579
-0.380919
-0.355263
-0.370939
-0.363275
-0.373762
-0.373501
-0.356310
-0.340948
-0.347078
-0.360396
-0.377561
-0.347541
-0.335596
-0.358418
-0.336191
-0.378253
-0.382839
-0.380649
-0.371522
-0.387690
-0.360923
-0.387377
-0.397939
-0.393599
-0.381993
-0.372879
-0.375783
-0.384743
-0.374355
-0.382261
-0.396432
-0.370936
-0.362158
-0.377306
-0.388444
-0.365334
-0.378110
-0.376415
-0.363568
-0.360918
-0.355399
-0.367502
-0.346974
-0.377717
-0.367226
-0.374283
-0.383001
-0.373037
-0.377501
-0.383651
-0.392301
-0.394878
-0.386775
-0.367144
-0.399493
-0.388153
-0.382374
-0.364997
-0.359781
-0.389597
-0.368413
-0.369744
-0.394604
-0.394337
-0.378101
-0.352747
-0.332710
-0.338024
-0.356267
-0.359501
-0.346354
-0.339586
-0.367440
-0.372581
-0.373099
-0.374333
-0.360669
-0.373141
-0.383857
-0.375083
-0.385509
-0.373880
-0.371176
-0.374896
-0.385616
-0.392028
-0.396197
-0.388564
-0.382734
-0.398581
-0.396655
-0.402612
-0.406129
-0.402262
-0.394907
-0.358371
-0.384909
-0.394754
-0.387544
-0.374119
-0.372813
-0.359515
-0.371993
-0.383598
-0.381613
-0.359777
-0.343379
-0.325512
-0.344046
-0.352003
-0.362673
-0.382001
-0.397268
-0.396266
-0.387968
-0.387132
-0.399362
-0.406236
-0.386554
-0.379145
-0.340147
-0.363781
-0.369963
-0.348386
-0.379751
-0.373598
-0.361913
-0.356542
-0.340371
-0.365842
-0.374280
-0.364618
-0.365740
-0.376005
-0.372787
-0.385421
-0.396320
-0.401327
-0.386553
-0.384715
-0.381966
-0.388192
-0.395128
-0.400823
-0.393902
-0.375928
-0.400536
-0.404777
-0.393161
-0.381356
-0.368681
-0.387890
-0.371092
-0.380279
-0.389404
-0.379089
-0.372350
-0.367305
-0.366059
-0.360427
-0.362258
-0.365282
-0.364833
-0.381297
-0.375101
-0.376426
-0.370326
-0.389631
-0.391715
-0.385000
-0.389397
-0.381509
-0.371179
-0.376611
-0.400829
-0.392778
-0.385956
-0.393295
-0.377289
-0.377300
-0.378275
-0.366412
-0.359066
-0.371161
-0.390124
-0.360148
-0.321459
-0.363646
-0.357794
-0.355777
-0.349534
-0.367741
-0.365325
-0.362779
-0.374145
-0.373291
-0.380116
-0.389610
-0.392721
-0.374386
-0.391079
-0.380263
-0.380349
-0.370930
-0.365055
-0.371352
-0.377204
-0.381381
-0.379444
-0.392792
-0.399003
-0.395170
-0.376127
-0.383392
-0.399180
-0.392127
-0.398665
-0.388193
-0.349682
-0.371074
-0.368622
-0.348070
-0.368218
-0.390126
-0.388185
-0.372928
-0.347896
-0.346202
-0.367151
-0.379222
-0.365291
-0.381553
-0.377538
-0.397753
-0.407902
-0.412108
-0.421282
-0.413639
-0.419231
-0.417297
-0.418492
-0.413877
-0.427112
-0.428232
-0.423939
-0.425657
-0.428219
-0.430883
-0.432317
-0.455481
-0.455483
-0.455483
-0.455483
-0.455483
-0.455483
-0.455483
-0.455483
-0.419556
-0.419556
-0.419556
-0.419556
-0.419556
-0.419556
-0.419556
-0.419556
-0.419556
-0.419556
-0.419556
-0.419556
-0.419556
-0.419556
-0.419556
-0.419556
-0.419556
-0.419556
-0.419556
-0.419556
-0.419556
-0.419556
-0.419556
-0.419556
-0.419556
-0.419556
-0.419556
-0.419556
-0.419556
-0.419556
-0.419556
-0.419556
-0.419556
-0.419556
-0.419556
-0.419556
-0.419556
-0.419556
-0.419556
-0.419556
-0.419556
-0.419556
-0.419556
-0.419556
-0.419556
-0.419556
-0.419556
-0.419556
-0.419556
-0.419556
-0.419556
-0.419556
-0.419556
-0.419556
-0.419556
-0.419556
-0.419556
-0.419556
-0.419556
-0.419556
-0.419556
-0.419556
-0.419556
-0.419556
-0.419556
-0.419556
-0.419556
-0.419556
-0.419556
-0.419556
-0.419556
-0.419556
-0.419556
-0.419556
-0.419556
-0.419556
-0.419556
-0.419556
-0.419556
-0.419556
-0.419556
-0.419556
-0.419556
-0.419556
-0.419556
-0.419556
-0.419556
-0.419556
-0.419556
-0.419556
-0.419556
-0.419556
-0.419556
-0.419556
-0.419556
-0.419556
-0.419556
-0.419556
-0.419556
-0.419556
-0.419556
-0.419556
-0.419556
-0.419556
-0.419556
-0.419556
-0.419556
-0.419556
-0.419556
-0.419556
-0.419556
-0.419556
-0.419556
-0.419556
-0.419556
-0.419556
-0.419556
-0.419556
-0.419556
-0.419556
-0.418674
-0.394322
-0.368733
-0.344032
-0.217910
-0.130240
-0.155249
-0.161303
-0.133272
-0.076578
-0.170997
-0.095807
-0.101733
-0.103974
-0.101170
-0.143858
-0.112841
-0.138785
-0.124128
-0.120745
-0.129367
-0.123067
-0.084657
-0.115241
-0.036757
-0.131787
-0.158777
