-0.143897
-0.172113
-0.132867
-0.095050
-0.119636
-0.109413
-0.084353
-0.157313
-0.160414
-0.160942
-0.082514
-0.105486
-0.125505
-0.142367
-0.086239
-0.064848
-0.096843
-0.143040
-0.096107
-0.170593
-0.131039
-0.136008
-0.115461
-0.119255
-0.088905
-0.137185
-0.161425
-0.112168
-0.133227
-0.125498
-0.116563
-0.078945
-0.156386
-0.139694
-0.124768
-0.141577
-0.145768
-0.157845
-0.128307
-0.150310
-0.101812
-0.130103
-0.163600
-0.168703
-0.151813
0.003294
-0.030056
-0.097902
-0.059949
-0.125452
-0.140711
-0.109227
-0.113740
-0.139461
-0.168973
-0.151907
-0.149983
-0.140098
-0.096074
-0.122510
-0.193943
-0.121592
-0.186785
-0.200432
-0.193939
-0.162929
0.008008
0.029694
-0.155619
-0.117676
-0.149279
-0.138145
-0.043967
-0.130541
-0.164759
-0.190322
-0.133948
-0.047055
-0.128823
-0.103221
-0.176251
-0.133752
-0.147852
-0.151469
-0.216184
-0.190550
-0.171599
-0.135759
-0.130333
-0.121784
-0.161591
-0.108289
-0.213362
-0.190482
-0.134979
-0.126346
-0.177823
-0.156854
-0.193224
-0.155028
-0.187640
-0.127289
-0.082768
-0.002216
-0.120863
-0.170798
-0.178052
-0.048371
-0.095707
-0.110331
-0.153845
-0.143026
-0.139274
-0.177260
-0.174969
-0.145212
-0.117339
-0.077476
-0.164873
-0.158408
-0.030466
-0.173317
-0.201287
-0.192940
-0.228612
-0.153559
-0.227748
0.018583
-0.061475
-0.085426
-0.104211
-0.188779
-0.131548
-0.155722
-0.158907
-0.096777
-0.145890
-0.193686
-0.177678
-0.126786
-0.118566
-0.135314
-0.169387
-0.156250
-0.130384
-0.127365
-0.054171
-0.085365
-0.124202
-0.113273
-0.162512
-0.138336
-0.111735
-0.055291
0.003657
-0.118630
-0.102132
-0.172479
-0.149427
-0.177729
-0.132861
-0.135110
-0.152734
-0.172992
-0.199650
-0.175847
0.152449
-0.009977
-0.161820
-0.134947
-0.096419
-0.086245
-0.003039
-0.145558
-0.125693
-0.135956
-0.074614
-0.137630
-0.098068
-0.019737
-0.052456
-0.084685
-0.089212
-0.169546
-0.170374
-0.161366
-0.138897
-0.186775
-0.179075
-0.212282
-0.158218
-0.125110
-0.073808
-0.157570
-0.084744
-0.106195
-0.100276
-0.079658
-0.087297
0.283642
0.438712
-0.054795
-0.038931
-0.092704
-0.169358
-0.153176
-0.132696
-0.063873
-0.113966
-0.165004
-0.144845
-0.108435
0.263031
1.253074
0.241512
-0.156456
-0.107303
-0.116483
-0.075908
-0.126251
-0.134469
0.361988
7.256021
4.153586
0.057188
-0.145423
0.078418
0.274748
1.226571
0.066545
-0.104169
-0.058657
0.131841
0.079993
0.222477
0.301114
0.277314
0.120666
0.056639
0.039334
0.038374
0.045670
-0.068934
-0.056894
0.094057
0.064066
0.280394
0.221699
0.034017
-0.005052
-0.090282
-0.092649
-0.138765
-0.055779
0.103712
0.489640
0.682234
0.498113
0.199205
0.092724
0.130673
0.123723
0.279301
0.213031
0.034637
0.045014
0.025776
-0.009977
0.155511
0.030576
0.010847
-0.084616
-0.082601
-0.007331
0.052859
0.023915
-0.091057
0.021896
-0.043972
-0.086565
-0.138218
-0.066310
-0.006444
-0.061154
-0.108690
-0.039547
-0.064130
0.106708
0.009139
0.210258
0.010489
-0.016300
0.020217
-0.015707
-0.026790
-0.045187
0.006877
0.047804
0.152201
0.611364
1.756317
17.380074
10.162104
5.574418
3.545350
2.103436
0.784456
-0.023673
-0.032344
-0.040236
-0.150573
-0.152532
-0.117434
0.034889
-0.010102
-0.062657
-0.061252
-0.049881
-0.013845
-0.089896
-0.040018
-0.001980
-0.038393
-0.038337
-0.055237
-0.050460
-0.044027
0.075825
0.340111
1.082757
1.559345
2.388814
2.539933
2.425764
1.068147
0.910426
1.144803
0.384980
0.467269
0.793488
0.691903
0.339999
0.158872
0.108028
0.230100
0.125987
0.225428
0.038461
0.075697
-0.055594
-0.023142
-0.005211
0.016278
-0.043297
-0.069751
-0.050158
0.046475
-0.015823
-0.066893
-0.028823
-0.042258
-0.026793
-0.025059
-0.074840
-0.062731
-0.084605
-0.128749
-0.084994
-0.044160
-0.009279
-0.136369
0.040544
-0.111976
-0.083197
-0.105756
-0.014597
-0.117432
-0.085557
-0.104948
-0.063276
-0.112246
-0.072085
-0.096828
-0.110913
-0.071614
-0.136275
-0.159711
-0.137635
-0.120901
-0.087525
-0.097310
-0.153321
-0.124022
-0.137645
-0.049540
-0.136271
-0.165984
-0.148639
-0.121558
-0.104761
-0.085866
-0.143691
-0.112700
-0.128582
-0.070836
-0.057574
0.042526
0.083602
0.270079
2.203278
2.578342
-0.065990
-0.128886
-0.162476
-0.043363
-0.095297
-0.058546
-0.065248
0.346403
5.895792
1.151697
0.084386
0.029308
-0.096773
-0.133764
0.100019
0.204747
-0.013431
-0.082545
-0.116168
-0.181382
-0.093825
-0.125186
-0.139332
-0.155492
-0.164713
-0.053181
-0.051146
0.008426
-0.096263
-0.093771
-0.103845
-0.035131
-0.091404
-0.148383
-0.124678
-0.143551
-0.122302
-0.060708
-0.134897
-0.112493
0.264914
0.356858
0.090973
-0.050513
0.022681
-0.093656
0.010472
-0.049852
-0.035966
0.029038
0.114176
0.412377
0.220840
0.068920
0.022382
0.005194
-0.084918
0.041152
0.162906
0.165818
0.085486
-0.031248
-0.076763
-0.016603
-0.050342
-0.076079
-0.045678
-0.098725
-0.105090
-0.044069
-0.071265
-0.046815
-0.164475
-0.147215
-0.211055
-0.320775
-0.418960
-0.419556
-0.419556
-0.654875
-0.654875
-0.654875
-0.654875
-0.654875
-0.654875
-0.654875
-0.654875
-0.654875
-0.654875
-0.654875
-0.654875
-0.654875
-0.654875
-0.654875
-0.654875
-0.654875
-0.654875
-0.654875
-0.654875
-0.654875
-0.654875
-0.654875
-0.654875
-0.654875
-0.654875
-0.654875
-0.654875
-0.654875
-0.654875
-0.654875
-0.654875
-0.654875
-0.654875
-0.654875
-0.654875
-0.654875
-0.654875
-0.654875
-0.654875
-0.654875
-0.654875
-0.654875
-0.654875
-0.654875
-0.654875
-0.654875
-0.654875
-0.654875
-0.654875
-0.654875
-0.654875
-0.654875
-0.654875
-0.654875
-0.654875
-0.654875
-0.654875
-0.654875
-0.654875
-0.654875
-0.654875
-0.654875
-0.654875
-0.654875
-0.654875
-0.654875
-0.654875
-0.654875
-0.654875
-0.654875
-0.654875
-0.654875
-0.654875
-0.654875
-0.654875
-0.654875
-0.654875
-0.654875
-0.654875
-0.654875
-0.654875
-0.654875
-0.654875
-0.654875
-0.654875
-0.654875
-0.654875
-0.654875
-0.654875
-0.654875
-0.654875
-0.654875
-0.654875
-0.654875
-0.654875
-0.654875
-0.654875
-0.654875
-0.654875
-0.654832
-0.650814
-0.645518
-0.639579
-0.624997
-0.616942
-0.634206
-0.623042
-0.606500
-0.604321
-0.606568
-0.607202
-0.610797
-0.516205
-0.560721
-0.570031
-0.530056
-0.528621
-0.533564
-0.501800
-0.519151
-0.473023
-0.508512
-0.530059
-0.487322
-0.510142
-0.465032
-0.512000
-0.514120
-0.498198
-0.476119
-0.518414
-0.534734
-0.521315
-0.459512
-0.413442
-0.526377
-0.524903
-0.481397
-0.415339
-0.447127
-0.453316
-0.515756
-0.499020
-0.446453
-0.459829
-0.486529
-0.482488
-0.518621
-0.515529
-0.540510
-0.524079
-0.533695
-0.487200
-0.476092
-0.538099
-0.512584
-0.490154
-0.522337
-0.484009
-0.455379
-0.464915
-0.440581
-0.537055
-0.514983
-0.532066
-0.504580
-0.494818
-0.541823
-0.533135
-0.512290
-0.513553
-0.471997
-0.482258
-0.555087
-0.564097
-0.560130
-0.547981
-0.510969
-0.542968
-0.540479
-0.535879
-0.548855
-0.535190
-0.520062
-0.503962
-0.498937
-0.513476
-0.535398
-0.489862
-0.513063
-0.479766
-0.501611
-0.519091
-0.509712
-0.518596
-0.516043
-0.557082
-0.531895
-0.467485
-0.501966
-0.499766
-0.478406
-0.542241
-0.534598
-0.492178
-0.472619
-0.418080
-0.513421
-0.542957
-0.559447
-0.552898
-0.496885
-0.510654
-0.554772
-0.564066
-0.551394
-0.565218
-0.531292
-0.503230
-0.578094
-0.564784
-0.556831
-0.526517
-0.509686
-0.487535
-0.500791
-0.518293
-0.522583
-0.512078
-0.554850
-0.546561
-0.500079
-0.539842
-0.547974
-0.577630
-0.593719
-0.562321
-0.562237
-0.596554
-0.564632
-0.555471
-0.541690
-0.566233
-0.570808
-0.555949
-0.557478
-0.529717
-0.563810
-0.528422
-0.554401
-0.548025
-0.503071
-0.547845
-0.535313
-0.516308
-0.542747
-0.548938
-0.555601
-0.553939
-0.571263
-0.550297
-0.523005
-0.545158
-0.550252
-0.527530
-0.564083
-0.508119
-0.509437
-0.486438
-0.554056
-0.579030
-0.572579
-0.584378
-0.539871
-0.558851
-0.558854
-0.565789
-0.550067
-0.536024
-0.575162
-0.566218
-0.546009
-0.578195
-0.566235
-0.545127
-0.541778
-0.570275
-0.546470
-0.565574
-0.555443
-0.525900
-0.565951
-0.567350
-0.551803
-0.518452
-0.548134
-0.560818
-0.555260
-0.567687
-0.566975
-0.557879
-0.554317
-0.546070
-0.545256
-0.567475
-0.564347
-0.538044
-0.530671
-0.525140
-0.534774
-0.487849
-0.500917
-0.515198
-0.525998
-0.509166
-0.533065
-0.493358
-0.538280
-0.549216
-0.536179
-0.563335
-0.577609
-0.537810
-0.534529
-0.545365
-0.514927
-0.526874
-0.538605
-0.525834
-0.449632
-0.480978
-0.507059
-0.552009
-0.567663
-0.542062
-0.568689
-0.522725
-0.565923
-0.595803
-0.572034
-0.523148
-0.554889
-0.541918
-0.562874
-0.585765
-0.579118
-0.530399
-0.547493
-0.544295
-0.503042
-0.506844
-0.515478
-0.528530
-0.542360
-0.484126
-0.401680
-0.428522
-0.446834
-0.445410
-0.439662
-0.460666
-0.493218
-0.465590
-0.494349
-0.485242
-0.459801
-0.412579
-0.430066
-0.334804
-0.322131
-0.328367
-0.341912
-0.417809
-0.409234
-0.396365
-0.350639
-0.406119
-0.405461
-0.272585
-0.241746
-0.245241
-0.166902
-0.204882
-0.246646
-0.184952
-0.007568
-0.188021
-0.027661
-0.188107
-0.232827
-0.218383
-0.203215
-0.045402
-0.066696
-0.107236
0.074433
0.307213
0.019149
-0.019105
0.348717
0.355934
0.215738
0.203054
0.132284
0.182493
0.169937
-0.000076
0.088153
0.263018
0.580818
0.307837
0.607382
0.624349
0.908739
0.896351
0.685589
0.627221
0.700070
0.570110
0.823010
0.407089
0.484169
0.195617
0.182310
0.495998
0.597632
0.224776
0.340609
0.294077
0.617823
0.189202
0.557192
0.502995
0.934906
1.108518
0.761745
0.917181
1.426417
0.928396
1.627460
1.980769
1.745451
2.358571
2.033027
1.438620
1.454098
1.540012
1.348211
1.539085
0.762068
0.602691
1.227455
1.524090
1.572577
1.579593
2.096190
2.199624
3.040206
2.014838
2.133337
1.196845
2.320363
2.463413
1.553590
1.948771
2.676001
2.218543
2.029881
2.427750
1.885119
2.004059
2.033864
1.467937
1.567294
1.409450
2.036956
1.564299
1.533741
1.720861
1.839233
2.454188
1.805258
2.053036
2.606174
3.201466
3.466079
3.388804
3.687599
3.069265
2.584347
2.039750
1.911380
3.575896
3.826671
3.868777
3.031697
2.147604
1.575611
1.231182
1.598165
1.489442
1.402061
1.549644
2.502767
2.438279
1.797320
1.916482
2.633630
1.760862
2.903098
2.089832
2.025913
1.710671
1.657205
2.505579
3.151007
2.532609
3.088360
3.158517
2.919785
2.228594
2.217828
2.015072
2.221938
1.660791
1.480003
1.080668
1.320814
2.144885
3.130038
1.946024
2.741221
2.602289
1.615555
1.536401
1.957992
1.204319
1.184900
0.766043
0.463191
0.970811
1.132961
1.391826
0.931834
0.510286
0.156223
-0.099304
-0.198115
-0.275655
-0.369388
-0.405873
-0.251281
-0.330282
-0.216141
0.005650
-0.161519
0.081093
0.128631
0.096277
-0.225558
-0.206835
-0.266718
0.008667
0.272602
0.221564
0.422985
0.349347
0.180312
0.093376
0.200840
0.275754
0.888120
1.930248
1.145375
0.595984
0.143098
-0.170505
-0.161270
0.114679
0.262597
0.025167
-0.214697
-0.340017
-0.225874
-0.298694
-0.387157
-0.355548
-0.275628
-0.176859
-0.224317
-0.249619
-0.460459
-0.511773
-0.434549
-0.518298
-0.531627
-0.472868
-0.471314
-0.448380
-0.393884
-0.397405
-0.320801
-0.306604
-0.401456
-0.394029
-0.356383
-0.497274
-0.486504
-0.396538
-0.392003
-0.415508
-0.312834
-0.330796
-0.450867
-0.363893
-0.158921
0.005078
-0.239863
-0.326184
-0.330943
-0.264108
-0.458827
-0.563440
-0.462724
-0.455733
-0.565790
-0.586479
-0.649773
-0.654875
-0.654875
-0.654875
-0.654875
-0.654875
-0.654875
-0.654875
-0.654875
-0.912666
-0.912666
-0.912666
-0.912666
-0.912666
-0.912666
-0.912666
-0.912666
-0.912666
-0.912666
-0.912666
-0.912666
-0.912666
-0.912666
-0.912666
-0.912666
-0.912666
-0.912666
-0.912666
-0.912666
-0.912666
-0.912666
-0.912666
-0.912666
-0.912666
-0.912666
-0.912666
-0.912666
-0.912666
-0.912666
-0.912666
-0.912666
-0.912666
-0.912666
-0.912666
-0.912666
-0.912666
-0.912666
-0.912666
-0.912666
-0.912666
-0.912666
-0.912666
-0.912666
-0.912666
-0.912666
-0.912666
-0.912666
-0.912666
-0.912666
-0.912666
-0.912666
-0.912666
-0.912666
-0.912666
-0.912666
-0.912666
-0.912666
-0.912666
-0.912666
-0.912666
-0.912666
-0.912666
-0.912666
-0.912666
-0.912666
-0.912666
-0.912666
-0.912666
-0.912666
-0.912666
-0.912666
-0.912666
-0.912666
-0.912666
-0.912666
-0.912666
-0.912666
-0.912666
-0.912666
-0.912666
-0.912666
-0.912666
-0.912666
-0.912147
-0.909303
-0.905142
-0.899220
-0.898922
-0.873836
-0.853401
-0.777283
-0.796556
-0.810996
-0.776887
-0.856035
-0.838441
-0.778814
-0.784195
-0.739735
-0.775178
-0.735917
-0.708158
-0.691871
-0.702235
-0.712131
-0.680722
-0.651418
-0.620131
-0.567549
-0.666287
-0.593593
-0.600808
-0.663176
-0.660458
-0.630146
-0.647550
-0.645424
-0.597420
-0.592633
-0.585187
-0.626420
-0.630178
-0.563359
-0.614502
-0.650682
-0.690653
-0.651185
-0.602565
-0.599307
-0.601705
-0.594587
-0.581430
-0.532495
-0.541562
-0.588515
-0.580904
-0.382048
-0.369162
-0.442095
-0.376893
-0.392128
-0.328326
-0.296392
-0.388629
-0.368437
-0.285603
-0.252394
-0.077097
-0.043682
0.290261
0.038178
-0.139460
-0.230170
-0.042365
-0.099165
-0.251727
-0.081584
-0.119422
0.176737
-0.067232
-0.088751
0.097347
0.342950
0.065565
0.451440
0.331568
0.170985
0.219655
0.164734
0.158702
0.220351
-0.095051
-0.228327
-0.070535
-0.043633
-0.007331
-0.052102
-0.044148
0.016708
-0.090711
0.027377
0.048605
-0.174145
-0.207783
-0.024500
-0.114810
-0.122447
-0.206079
-0.183188
-0.274421
-0.194682
0.103914
-0.021627
-0.106717
0.018431
-0.067262
-0.049505
0.213810
0.483033
0.482751
0.564717
0.139130
0.340507
0.085897
0.075651
0.020851
-0.101476
0.318699
0.523054
0.320743
0.098337
0.073463
0.071940
0.261540
0.476332
0.500947
0.192893
0.466098
0.597671
0.528408
0.819203
1.051755
1.184996
1.080421
0.785659
1.104907
1.120865
0.895958
1.291730
1.621814
1.342644
0.814960
0.895103
0.917280
1.017746
0.800401
1.220747
1.567404
1.059749
0.830177
1.091379
1.083371
0.988547
1.424635
1.744735
1.235184
1.265924
1.202579
1.548133
1.584514
1.126380
1.606291
1.526776
1.870165
1.339242
1.655131
1.232452
1.911502
1.953789
2.087065
1.509086
1.665371
0.888464
1.240979
1.775400
1.074604
1.318166
1.184125
1.649959
1.611115
2.460251
2.313479
2.404308
1.789930
2.358401
2.674988
1.327597
1.810493
1.686728
2.127111
2.810143
3.407109
2.688024
1.778365
2.739750
1.802083
1.672476
1.436644
2.264364
1.817275
1.582648
2.122677
2.390835
2.898206
1.682648
1.930394
1.783947
1.197219
1.670557
1.696264
2.288566
2.384917
1.759303
2.072314
2.419549
2.629974
2.566828
2.560125
1.329636
1.714819
2.250661
1.977349
1.853050
1.782823
2.084274
2.194217
2.653017
2.628304
1.198456
1.549783
1.857167
1.320349
1.644958
0.914035
1.326133
1.539078
1.046207
1.886070
1.824538
1.480929
0.833059
1.662120
1.477403
0.945102
0.905800
0.715765
0.526151
0.949634
1.045042
1.371697
0.990712
1.543623
1.120736
1.120392
1.241453
1.055260
0.813111
0.953899
1.156511
1.375438
0.534428
1.005972
0.727206
1.043647
0.840632
0.771297
1.405464
0.956550
0.753590
0.533935
0.875865
0.950185
1.261855
0.872085
1.241161
0.952760
1.096259
0.856736
1.633858
4.069791
4.661340
3.687119
1.870406
1.597769
0.899945
0.759627
0.031776
0.108073
0.662458
0.657918
0.310921
0.068097
-0.095251
-0.373409
-0.550774
-0.619194
-0.658369
-0.619592
-0.667483
-0.656064
-0.692126
-0.652945
-0.635294
-0.635946
-0.668977
-0.679758
-0.645340
-0.661595
-0.678392
-0.637434
-0.596507
-0.554951
-0.556689
-0.589969
-0.446374
-0.343581
-0.366796
-0.356357
-0.323653
-0.311815
-0.369695
-0.454629
-0.526198
-0.436853
-0.448452
-0.395721
-0.343282
-0.389412
-0.075782
-0.044138
0.114928
-0.098410
-0.114393
0.072410
-0.279315
-0.310127
-0.148364
-0.108894
-0.104272
-0.168825
-0.325498
-0.256514
-0.335866
-0.513014
-0.395153
-0.243797
-0.002935
-0.236054
-0.288511
-0.371264
-0.238156
-0.004873
0.164999
-0.044903
-0.035580
-0.168354
-0.298663
-0.305676
-0.447841
-0.486269
-0.519654
-0.380706
-0.526140
-0.603446
-0.490441
-0.484572
-0.485714
-0.469416
-0.338413
-0.489244
-0.565737
-0.556384
-0.563958
-0.592992
-0.654039
-0.708114
-0.647117
-0.608303
-0.638734
-0.625226
-0.642294
-0.646367
-0.671141
-0.707209
-0.677799
-0.661991
-0.677359
-0.674895
-0.636796
-0.679163
-0.662606
-0.636923
-0.694884
-0.613528
-0.628798
-0.732701
-0.704269
-0.738374
-0.715016
-0.735672
-0.743207
-0.708204
-0.650904
-0.729955
-0.714109
-0.737026
-0.675589
-0.668735
-0.668215
-0.702302
-0.739434
-0.710595
-0.717305
-0.739530
-0.632467
-0.715330
-0.643264
-0.690464
-0.695880
-0.660222
-0.673234
-0.679200
-0.660227
-0.638921
-0.697541
-0.621265
-0.673991
-0.670494
-0.693100
-0.682171
-0.571450
-0.633739
-0.655143
-0.679551
-0.632992
-0.605778
-0.613538
-0.613554
-0.597324
-0.520732
-0.523453
-0.508968
-0.436155
-0.564403
-0.577466
-0.502005
-0.468015
-0.325773
-0.114337
-0.338221
-0.495322
-0.553893
-0.542737
-0.428833
-0.474503
-0.590538
-0.610103
-0.653630
-0.648615
-0.613625
-0.618361
-0.659848
-0.660120
-0.551861
-0.592089
-0.582742
-0.606322
-0.496826
-0.232032
-0.205776
-0.215674
-0.198905
-0.187402
-0.423577
-0.515186
-0.536458
-0.227843
0.353884
0.281446
0.254097
0.199293
-0.299276
-0.104098
-0.486007
-0.502763
-0.430704
-0.392811
-0.505787
-0.365192
-0.499184
-0.547989
-0.608941
-0.652234
-0.539443
-0.604022
-0.537661
-0.507647
-0.423548
0.004941
0.718158
0.466341
0.291884
0.115860
0.102892
-0.090900
-0.436514
-0.550490
-0.493047
-0.575473
-0.678549
-0.689851
-0.720357
-0.740326
-0.772155
-0.772877
-0.757831
-0.764991
-0.741275
-0.789697
-0.769864
-0.792002
-0.799636
-0.800814
-0.860706
-0.875640
-0.868863
-0.874341
-0.893267
-0.890831
-0.887822
-0.885671
-0.888128
-0.899325
-0.912290
-0.912666
-0.912666
-0.912666
-0.912666
-0.912666
-0.912666
-0.912666
-0.912666
-0.912666
-0.912666
-0.912666
-0.912666
-0.610014
-0.610014
-0.610014
-0.610014
-0.610014
-0.610014
-0.610014
-0.610014
-0.610014
-0.610014
-0.610014
-0.610014
-0.610014
-0.610014
-0.610014
-0.610014
-0.610014
-0.610014
-0.610014
-0.610014
-0.610014
-0.610014
-0.610014
-0.610014
-0.610014
-0.610014
-0.610014
-0.610014
-0.610014
-0.610014
-0.610014
-0.610014
-0.610014
-0.610014
-0.610014
-0.610014
-0.610014
-0.610014
-0.610014
-0.610014
-0.610014
-0.610014
-0.610014
-0.610014
-0.610014
-0.610014
-0.610014
-0.610014
-0.610014
-0.610014
-0.610014
-0.610014
-0.610014
-0.610014
-0.610014
-0.610014
-0.610014
-0.610014
-0.610014
-0.610014
-0.610014
-0.610014
-0.610014
-0.610014
-0.610014
-0.610014
-0.610014
-0.610014
-0.610014
-0.610014
-0.610014
-0.610014
-0.610014
-0.610014
-0.610014
-0.610014
-0.610014
-0.610014
-0.610014
-0.610014
-0.610014
-0.610014
-0.610014
-0.610014
-0.610014
-0.610014
-0.610014
-0.610014
-0.610014
-0.610014
-0.610014
-0.610014
-0.610014
-0.610014
-0.610014
-0.610014
-0.610014
-0.610014
-0.610014
-0.610014
-0.610014
-0.610014
-0.610014
-0.610014
-0.606130
-0.584955
-0.506451
-0.524529
-0.445438
-0.425951
-0.405282
-0.392094
-0.412799
-0.421274
-0.294770
-0.175080
-0.266172
-0.239898
-0.255405
-0.130095
-0.070375
0.037769
0.057879
-0.127563
-0.063618
0.060943
0.022047
-0.071694
-0.168855
-0.169344
-0.022934
0.015312
-0.145889
-0.051996
0.025039
0.055301
-0.076773
-0.054599
-0.016676
-0.069911
0.158825
0.127701
-0.011308
-0.035513
-0.039702
0.102967
0.004376
-0.076276
0.005057
-0.003949
0.167953
-0.133507
-0.071720
-0.057625
0.060549
-0.070201
-0.196391
-0.108181
0.057004
0.110561
-0.034607
0.009050
-0.062792
-0.037906
-0.148677
0.064826
0.037732
-0.014243
0.127140
-0.062864
0.100981
-0.030765
-0.020141
-0.054968
-0.019731
0.091260
0.041433
0.053314
-0.002266
-0.140450
-0.045644
-0.092304
0.113390
0.036270
-0.029436
0.000631
0.090954
2.191193
2.435986
0.459011
0.295596
-0.025563
0.059621
-0.118016
-0.145755
-0.087769
0.072003
0.199639
0.042112
0.026120
0.001215
-0.069561
0.020834
-0.038578
0.107491
-0.126887
-0.089927
-0.075411
-0.148267
0.021022
0.150845
0.028271
0.065156
-0.063520
-0.000188
0.090348
0.055542
0.084829
-0.026586
-0.064197
-0.241490
-0.157785
0.137280
0.092552
-0.102143
-0.061343
0.016664
0.091853
0.108706
0.012365
-0.111176
0.133117
-0.031381
0.049921
0.041918
-0.037435
-0.180735
-0.194931
-0.060066
-0.062568
-0.140320
-0.127170
-0.174542
-0.046290
-0.091694
-0.009788
0.076894
-0.068980
-0.074849
-0.054052
-0.023824
-0.112119
-0.185461
-0.078325
-0.053662
-0.118322
-0.105507
-0.237393
-0.066690
0.013184
0.139531
-0.028690
-0.006583
0.234350
0.028276
0.016974
-0.022254
0.169268
0.353840
0.150127
0.410274
0.151544
0.059359
-0.092787
-0.062113
-0.003706
-0.057969
0.099009
0.118366
-0.083352
-0.050118
-0.015765
0.008966
-0.127069
-0.108461
-0.018989
-0.085484
-0.099994
-0.168115
-0.117158
-0.002781
-0.025355
-0.064740
0.025445
0.043582
-0.068651
-0.036095
0.108680
0.050686
0.025249
0.020355
-0.076707
-0.072131
0.010392
-0.035140
-0.067019
0.127365
0.043458
-0.115065
-0.033284
0.066404
-0.008911
0.082137
0.056451
-0.028309
-0.023707
0.005617
-0.127779
-0.129560
-0.178788
-0.094520
-0.025451
0.000902
-0.026638
-0.103603
-0.033193
0.055757
-0.005842
-0.122473
-0.021838
-0.018883
-0.014534
0.043003
-0.125370
0.064482
-0.096628
-0.051831
-0.062173
-0.128194
0.055879
0.053722
-0.041372
0.013922
0.057111
0.100315
-0.088135
0.027772
-0.040394
-0.001927
-0.137831
-0.072027
-0.147475
0.112341
-0.009298
-0.067707
-0.041492
0.096905
-0.089953
-0.174578
-0.008845
0.007571
-0.053062
0.026542
0.063831
-0.011349
-0.091792
0.019379
-0.016268
-0.006833
-0.003577
-0.073945
-0.037005
-0.063923
-0.166397
-0.040847
0.112077
0.014131
0.033161
-0.051630
-0.095358
0.040324
0.069652
0.016179
0.013413
-0.036106
-0.081793
-0.129493
0.019532
-0.041142
-0.075181
-0.039016
-0.135766
-0.099741
-0.024585
-0.067675
-0.055609
-0.048589
0.021572
-0.198539
-0.078404
0.006936
-0.141334
0.099949
0.093048
-0.015150
0.023055
0.007556
0.028492
-0.103367
-0.023975
-0.043616
-0.075122
0.032330
-0.081430
-0.040623
-0.109746
-0.075501
-0.172165
0.054354
0.074751
0.036584
0.118876
0.030557
0.091600
0.156636
0.150795
-0.019522
-0.018462
0.126556
-0.058481
0.017811
-0.038426
1.697778
17.016058
10.547376
2.786749
0.370220
-0.076039
0.099474
0.005028
-0.021814
0.177030
-0.014895
0.064036
-0.064668
-0.000185
0.064293
0.093506
-0.055522
0.019575
0.005179
0.136648
0.158235
0.003076
0.190510
0.116067
0.218611
0.224523
0.103693
0.120183
0.029286
0.057414
0.024929
0.303313
0.345394
0.437678
0.273431
0.192374
0.865493
0.536905
0.784399
0.695406
1.096616
0.317586
0.366292
0.934889
1.081995
1.222746
0.539077
1.068372
0.412541
0.298680
0.323636
0.254413
0.099942
0.079231
0.203468
0.266026
0.081102
0.066988
0.003475
-0.020189
0.119290
-0.003178
-0.003899
0.058479
0.182804
0.039016
0.050905
-0.038765
0.192605
0.028015
-0.032464
0.044955
0.175330
0.276856
0.095193
0.049238
0.048896
0.152820
0.110411
0.037449
-0.043897
0.105513
0.031606
0.005149
0.036070
0.023923
0.168364
-0.025636
0.065651
0.022608
-0.113924
-0.027610
0.089416
0.111758
0.094046
0.011572
0.089828
-0.039765
-0.012545
0.063378
0.013258
-0.054047
-0.033464
-0.037200
-0.017418
0.084129
0.095373
0.157757
0.157827
0.134533
0.013160
0.152028
0.249573
0.035392
-0.070402
0.003060
0.036220
0.185156
0.083275
-0.048482
0.020915
0.051216
-0.103055
-0.031847
0.012996
-0.040511
-0.153359
-0.066140
-0.053921
-0.037319
0.009728
0.064187
0.113553
0.021350
-0.047755
-0.086420
0.191088
0.049149
0.073118
-0.019522
0.037841
-0.025779
0.065935
-0.055664
0.033557
0.078904
-0.098406
0.001903
0.076257
4.455572
10.668294
4.099743
1.419683
1.287591
0.227646
-0.185715
0.005259
-0.028969
-0.081733
0.016727
-0.031483
0.087309
0.180462
0.181042
0.054605
-0.044457
0.038652
0.433518
0.511621
0.195231
0.053710
0.039145
-0.006859
-0.060301
-0.115532
0.084763
0.109116
-0.066643
0.022825
0.014586
0.323444
0.052517
0.021588
-0.056285
-0.044254
-0.097575
-0.106128
-0.213360
-0.060339
-0.181728
-0.174557
-0.292524
-0.178820
-0.233298
0.287280
0.799358
-0.016430
-0.460779
-0.610014
-0.610014
-0.610014
-0.610014
-0.610014
-0.610014
-0.610014
-1.202839
-1.202839
-1.202839
-1.202839
-1.202839
-1.202839
-1.202839
-1.202839
-1.202839
-1.202839
-1.202839
-1.202839
-1.202839
-1.202839
-1.202839
-1.202839
-1.202839
-1.202839
-1.202839
-1.202839
-1.202839
-1.202839
-1.202839
-1.202839
-1.202839
-1.202839
-1.202839
-1.202839
-1.202839
-1.202839
-1.202839
-1.202839
-1.202839
-1.202839
-1.202839
-1.202839
-1.202839
-1.202839
-1.202839
-1.202839
-1.202839
-1.202839
-1.202839
-1.202839
-1.202839
-1.202839
-1.202839
-1.202839
-1.202839
-1.202839
-1.202839
-1.202839
-1.202839
-1.202839
-1.202839
-1.202839
-1.202839
-1.202839
-1.202839
-1.202839
-1.202839
-1.202839
-1.202839
-1.202839
-1.202839
-1.202839
-1.202839
-1.202839
-1.202839
-1.202839
-1.202839
-1.202839
-1.202839
-1.202839
-1.202839
-1.202839
-1.202839
-1.202839
-1.202839
-1.202839
-1.202839
-1.202839
-1.202839
-1.202839
-1.202839
-1.202839
-1.202839
-1.202839
-1.202839
-1.202839
-1.202839
-1.202839
-1.202839
-1.202839
-1.202839
-1.202839
-1.202839
-1.202839
-1.189733
-1.151475
-1.067095
-1.081266
-1.125559
-1.111011
-0.935171
-0.971564
-0.960400
-1.073592
-0.883436
-0.787817
-0.611382
-0.519596
-0.670652
-0.714403
-0.687819
-0.469229
-0.285929
-0.312740
-0.315403
-0.096906
-0.160045
-0.047091
-0.235428
0.039620
-0.096642
0.055389
0.347339
-0.153036
-0.016299
0.273270
0.261368
0.029795
0.051359
0.172409
0.004304
-0.104678
-0.003375
0.047149
-0.015019
0.028149
-0.025464
-0.395778
-0.406374
-0.126343
-0.094424
-0.380384
-0.122476
-0.211977
-0.147587
-0.257949
0.269407
-0.079526
0.005767
-0.192475
-0.054980
-0.048077
-0.024913
0.314192
0.278161
-0.056180
-0.084804
-0.172514
0.028318
-0.013145
-0.166330
-0.365040
-0.363535
-0.345780
-0.250487
-0.132676
0.071618
-0.189132
-0.462677
0.027682
0.033396
-0.330702
-0.054780
0.142166
-0.247987
-0.236355
-0.422946
-0.334579
-0.264366
0.094092
-0.231443
-0.139639
-0.192809
-0.110952
0.074917
0.205094
-0.141236
0.061031
-0.052754
-0.102151
-0.226441
-0.146871
-0.093430
0.473143
0.143841
0.020342
-0.169865
-0.034017
-0.079766
-0.381643
-0.062756
-0.198862
-0.181195
-0.169270
-0.360423
-0.259619
-0.114123
-0.105630
0.081898
-0.162021
-0.160945
-0.231003
-0.091560
-0.011132
-0.169223
0.098017
-0.043921
-0.026143
-0.001575
-0.153364
-0.177112
-0.202077
-0.098773
0.099864
-0.074449
-0.161267
0.047395
0.057643
-0.147201
-0.180455
-0.384549
-0.102758
-0.234760
-0.145218
-0.246277
-0.189414
-0.045217
0.149590
-0.154827
0.238137
-0.006340
0.061233
-0.025328
0.097197
0.019960
-0.086650
0.009490
-0.028219
0.117970
-0.301103
0.112379
0.157187
0.348398
-0.250125
-0.232726
0.181623
0.057400
0.231044
0.035297
-0.112575
-0.174082
-0.133447
0.151754
-0.094604
0.062582
0.225102
0.041792
0.001017
0.609013
0.070648
0.242934
0.426619
0.295348
-0.002216
0.035569
0.251912
0.283710
0.259161
0.213836
0.286692
-0.114219
0.371914
0.322492
0.586977
0.484256
0.015059
0.081917
0.137153
-0.190001
-0.085625
-0.189570
0.454400
0.234503
-0.112094
-0.094688
-0.100239
0.248941
0.237062
0.461226
0.254621
0.043448
0.091935
-0.080479
-0.160183
0.014862
0.313304
0.322334
-0.073668
-0.140097
0.038763
0.535101
0.125423
0.122944
-0.262464
0.195460
0.356685
0.715653
0.366154
-0.048800
0.387055
0.085966
0.013151
0.478803
-0.002597
0.038436
0.120468
0.096749
0.430861
0.095948
0.162992
0.268093
0.539042
0.054237
-0.024621
0.270977
0.581769
0.509624
0.163429
-0.066358
0.004896
0.173091
0.775153
0.411053
0.170626
0.594238
0.423400
0.951117
0.441908
0.861870
0.633418
0.755132
0.906593
0.678878
0.598193
0.055921
0.524930
0.060283
0.314213
0.129552
0.365464
0.181010
0.155343
0.193853
0.572225
0.673187
0.591339
0.911779
0.605379
0.842843
0.480388
-0.113467
0.100940
0.147641
0.436897
0.545149
0.544149
0.514457
0.749490
0.853758
0.416384
0.807573
1.238906
0.497705
0.183018
1.158994
0.863113
0.105425
0.027511
0.316797
0.123540
0.587506
0.503373
0.172535
0.498326
0.673336
0.337563
0.359191
0.298069
0.741154
0.296608
0.701578
0.665300
0.992348
0.634406
0.379664
0.084239
0.300838
0.759424
2.064710
2.270737
0.683567
0.638883
0.443112
0.519439
0.315212
1.165766
1.420895
1.728674
1.958017
0.916832
0.434775
0.253940
0.689026
0.917420
1.888403
2.308519
1.505264
0.447665
0.274981
0.715336
0.347246
1.305657
1.671497
0.883408
0.664706
0.318755
0.319738
0.484563
2.205560
2.547799
2.797391
1.601114
1.658808
1.338203
2.077691
3.954239
3.668052
0.891827
0.551782
0.826927
1.268180
1.385873
3.655702
3.224267
1.264932
1.540396
1.580783
2.972684
6.772230
4.703343
2.196949
1.655949
1.572806
2.002223
2.277759
4.312065
3.603761
4.710001
2.599554
2.176231
2.313885
1.819858
2.963004
2.556994
1.895339
3.125951
2.349749
1.383291
1.320434
1.185239
0.828094
0.837328
1.656395
1.257316
1.583159
1.218593
1.308451
1.572013
1.949332
2.171758
1.452623
1.024366
0.705810
0.982401
0.699371
0.417115
0.614651
1.328499
1.981243
1.326837
0.798721
0.901774
1.023738
0.537015
1.009395
1.198140
0.405831
1.033263
0.652819
1.070199
0.485766
0.386376
0.371474
0.626322
0.394629
0.356413
0.227315
0.011437
0.027197
0.259926
-0.004109
0.103520
-0.050481
0.199705
0.065423
-0.268381
-0.275523
-0.361927
-0.151291
-0.342397
-0.205014
-0.115863
-0.026688
-0.163961
-0.084583
