-0.375934
-0.368546
-0.361979
-0.357710
-0.343490
-0.337026
-0.379408
-0.416529
-0.358900
-0.286825
-0.352263
-0.314414
-0.281358
-0.335726
-0.364606
-0.264988
-0.339479
-0.250252
-0.238332
-0.275823
-0.279661
-0.352183
-0.360271
-0.361643
-0.384064
-0.443738
-0.364156
-0.362921
-0.451299
-0.390811
-0.449156
-0.479116
-0.441687
-0.478648
-0.450236
-0.505714
-0.529206
-0.512468
-0.566412
-0.589849
-0.631663
-0.639893
-0.639893
-0.639893
-0.639893
-0.639893
-0.639893
-0.639893
-0.639893
-0.548115
-0.548115
-0.548115
-0.548115
-0.548115
-0.548115
-0.548115
-0.548115
-0.548115
-0.548115
-0.548115
-0.548115
-0.548115
-0.548115
-0.548115
-0.548115
-0.548115
-0.548115
-0.548115
-0.548115
-0.548115
-0.548115
-0.548115
-0.548115
-0.548115
-0.548115
-0.548115
-0.548115
-0.548115
-0.548115
-0.548115
-0.548115
-0.548115
-0.548115
-0.548115
-0.548115
-0.548115
-0.548115
-0.548115
-0.548115
-0.548115
-0.548115
-0.548115
-0.548115
-0.548115
-0.548115
-0.548115
-0.548115
-0.548115
-0.548115
-0.548115
-0.548115
-0.548115
-0.548115
-0.548115
-0.548115
-0.548115
-0.548115
-0.548115
-0.548115
-0.548115
-0.548115
-0.548115
-0.548115
-0.548115
-0.548115
-0.548115
-0.548115
-0.548115
-0.548115
-0.548115
-0.548115
-0.548115
-0.548115
-0.548115
-0.548115
-0.548115
-0.548115
-0.548115
-0.548115
-0.548115
-0.548115
-0.548115
-0.548115
-0.548115
-0.548115
-0.548115
-0.548115
-0.548115
-0.548115
-0.548115
-0.548115
-0.548115
-0.548115
-0.548115
-0.548115
-0.548115
-0.548115
-0.548115
-0.548115
-0.548115
-0.548115
-0.548115
-0.548115
-0.548115
-0.548115
-0.548115
-0.548105
-0.540157
-0.524440
-0.526655
-0.533264
-0.534612
-0.533726
-0.512950
-0.493416
-0.507701
-0.499424
-0.460824
-0.445002
-0.464594
-0.462895
-0.455451
-0.443532
-0.463902
-0.463925
-0.448477
-0.424209
-0.443149
-0.445922
-0.418781
-0.427439
-0.451118
-0.440703
-0.432374
-0.452236
-0.450699
-0.472160
-0.438192
-0.436364
-0.455024
-0.420649
-0.414109
-0.439575
-0.471744
-0.390191
-0.359003
-0.388433
-0.395410
-0.444970
-0.452783
-0.454378
-0.456529
-0.444631
-0.443430
-0.453944
-0.423538
-0.472668
-0.460247
-0.453739
-0.447339
-0.443144
-0.457054
-0.457533
-0.473510
-0.436624
-0.439427
-0.457671
-0.447677
-0.448885
-0.459016
-0.466951
-0.450850
-0.423604
-0.433961
-0.465260
-0.483952
-0.459023
-0.473799
-0.444264
-0.368903
-0.414850
-0.446058
-0.403295
-0.433214
-0.475243
-0.456558
-0.443762
-0.450025
-0.464697
-0.454767
-0.437794
-0.454567
-0.422995
-0.437253
-0.419635
-0.454598
-0.454986
-0.437759
-0.452867
-0.438299
-0.441915
-0.416982
-0.427138
-0.378484
-0.404045
-0.438923
-0.445789
-0.406638
-0.391105
-0.358176
-0.403744
-0.419477
-0.459414
-0.395577
-0.379297
-0.423956
-0.388399
-0.372930
-0.417168
-0.442144
-0.414788
-0.417318
-0.411058
-0.410597
-0.424337
-0.463321
-0.450377
-0.441783
-0.428384
-0.403540
-0.432714
-0.438477
-0.457538
-0.450080
-0.410187
-0.439593
-0.429991
-0.457067
-0.459890
-0.460476
-0.447588
-0.420060
-0.353133
-0.448566
-0.431809
-0.405053
-0.436988
-0.434205
-0.443684
-0.439255
-0.447282
-0.441947
-0.419407
-0.427945
-0.424200
-0.405411
-0.418578
-0.425913
-0.455351
-0.441547
-0.426308
-0.438390
-0.411703
-0.409162
-0.438357
-0.431835
-0.426898
-0.427191
-0.438792
-0.424914
-0.393532
-0.397867
-0.377538
-0.422541
-0.455541
-0.480965
-0.447061
-0.398174
-0.424317
-0.426041
-0.415211
-0.418524
-0.399353
-0.407867
-0.433757
-0.438909
-0.462684
-0.462361
-0.417478
-0.402051
-0.445165
-0.429016
-0.429286
-0.414264
-0.452264
-0.460426
-0.411330
-0.382898
-0.444912
-0.432700
-0.435112
-0.455275
-0.417710
-0.427795
-0.353924
-0.417772
-0.437691
-0.426931
-0.437069
-0.443099
-0.455936
-0.442486
-0.409899
-0.457607
-0.461715
-0.399649
-0.408849
-0.427153
-0.457661
-0.449724
-0.424446
-0.465288
-0.432530
-0.394069
-0.427753
-0.426594
-0.440454
-0.458064
-0.419411
-0.444581
-0.397024
-0.422742
-0.412060
-0.396991
-0.436698
-0.393333
-0.446824
-0.426579
-0.424219
-0.439111
-0.446660
-0.462271
-0.429093
-0.439188
-0.449475
-0.450847
-0.445397
-0.440821
-0.437847
-0.469471
-0.425025
-0.432137
-0.441318
-0.446896
-0.444891
-0.425017
-0.407804
-0.410147
-0.447054
-0.458693
-0.444989
-0.458544
-0.455484
-0.443686
-0.425812
-0.423858
-0.421467
-0.390471
-0.462928
-0.405181
-0.410899
-0.438832
-0.417223
-0.431102
-0.415166
-0.448640
-0.438069
-0.448179
-0.425597
-0.426299
-0.390933
-0.436371
-0.395858
-0.390463
-0.415366
-0.400954
-0.398844
-0.401333
-0.413606
-0.420632
-0.375649
-0.400367
-0.412228
-0.384486
-0.380770
-0.328574
-0.286228
-0.262939
-0.142668
-0.279712
-0.291006
-0.282326
-0.301319
-0.182265
-0.209447
-0.119808
-0.185729
-0.182850
-0.162041
0.076610
-0.135011
-0.218290
-0.271199
-0.199186
-0.205349
-0.250815
0.178517
0.133862
0.128911
0.109286
0.195124
0.286736
0.531443
0.337443
0.616487
0.290182
0.282688
0.214946
0.339043
0.449098
0.445905
0.821603
0.021795
0.009192
0.189701
0.735137
1.007972
1.417173
1.844807
1.025003
1.014373
2.488480
3.716161
2.383073
2.779842
1.368027
0.967954
0.545523
0.928999
2.410956
2.066972
1.912047
1.057806
0.990236
2.053766
1.538244
2.100214
1.346420
1.022846
1.626208
1.886790
2.273687
1.975890
3.269707
4.336997
3.203889
3.449574
2.970190
2.343521
3.866286
3.019818
2.023025
1.340124
0.606837
0.318459
0.467532
0.497754
0.430709
1.112656
1.264818
1.151826
2.183894
2.278356
1.929191
2.346323
1.645703
1.389420
0.753311
0.959669
2.261933
2.498684
2.098482
3.064726
4.555550
4.101435
2.350660
3.381654
3.696154
1.757224
2.327579
3.900463
3.995570
3.016680
1.578030
1.087177
0.588149
0.579093
0.630650
0.917385
0.740008
1.188055
1.172138
0.523514
0.722471
1.501131
1.621628
1.583868
1.703444
2.817365
2.691145
2.623015
3.084646
4.411294
3.368317
2.428451
2.589441
3.693139
4.227740
1.568102
1.265649
0.613053
0.292160
0.316939
0.315480
0.167293
0.648720
0.711861
0.836178
0.899698
0.972121
0.933489
1.050954
0.922647
0.168232
0.571290
0.977675
1.014248
1.325792
1.112151
2.314290
2.961806
3.016346
1.956166
0.978414
0.754761
0.072683
-0.098275
-0.240760
-0.317839
-0.348220
-0.326457
-0.332879
-0.307700
-0.367089
-0.396938
-0.352390
-0.342473
-0.363848
-0.431254
-0.413119
-0.418637
-0.401495
-0.352044
-0.378673
-0.140733
0.140341
0.004476
-0.312117
-0.416175
-0.410658
-0.401751
-0.438398
-0.403147
-0.398159
-0.440483
-0.370714
-0.372564
-0.399864
-0.390827
-0.398599
-0.410013
-0.400720
-0.409439
-0.412024
-0.411785
-0.424866
-0.432569
-0.407475
-0.395802
-0.433494
-0.447781
-0.449021
-0.450914
-0.404619
-0.387666
-0.421148
-0.409761
-0.415045
-0.423001
-0.417242
-0.438050
-0.421252
-0.442299
-0.440287
-0.420650
-0.391964
-0.423069
-0.465016
-0.463353
-0.465519
-0.458321
-0.467380
-0.480315
-0.470747
-0.464119
-0.492709
-0.496193
-0.478786
-0.521853
-0.546004
-0.548115
-0.548115
-0.548115
-0.548115
-0.548115
-0.548115
-0.412070
-0.412070
-0.412070
-0.412070
-0.412070
-0.412070
-0.412070
-0.412070
-0.412070
-0.412070
-0.412070
-0.412070
-0.412070
-0.412070
-0.412070
-0.412070
-0.412070
-0.412070
-0.412070
-0.412070
-0.412070
-0.412070
-0.412070
-0.412070
-0.412070
-0.412070
-0.412070
-0.412070
-0.412070
-0.412070
-0.412070
-0.412070
-0.412070
-0.412070
-0.412070
-0.412070
-0.412070
-0.412070
-0.412070
-0.412070
-0.412070
-0.412070
-0.412070
-0.412070
-0.412070
-0.412070
-0.412070
-0.412070
-0.412070
-0.412070
-0.412070
-0.412070
-0.412070
-0.412070
-0.412070
-0.412070
-0.412070
-0.412070
-0.412070
-0.412070
-0.412070
-0.412070
-0.412070
-0.412070
-0.412070
-0.412070
-0.412070
-0.412070
-0.412070
-0.412070
-0.412070
-0.412070
-0.412070
-0.412070
-0.412070
-0.412070
-0.412070
-0.412070
-0.412070
-0.412070
-0.412070
-0.412070
-0.412070
-0.412070
-0.412070
-0.412070
-0.412070
-0.412070
-0.412070
-0.412070
-0.412070
-0.412070
-0.412070
-0.412070
-0.412070
-0.412070
-0.412070
-0.412070
-0.412070
-0.412070
-0.412070
-0.412070
-0.412070
-0.412070
-0.412070
-0.412070
-0.412070
-0.412070
-0.412070
-0.412070
-0.412070
-0.412070
-0.412070
-0.412070
-0.412070
-0.412070
-0.412070
-0.412070
-0.412070
-0.412070
-0.412070
-0.412070
-0.412070
-0.412070
-0.412070
-0.412070
-0.412070
-0.412070
-0.051447
0.063712
-0.088138
-0.105619
-0.007866
-0.089131
-0.144922
-0.161787
-0.098881
-0.019106
0.015768
-0.019133
-0.086085
-0.130721
-0.161289
-0.139679
-0.096150
-0.084324
-0.154264
-0.096228
-0.102996
-0.107022
-0.097544
-0.114503
-0.116108
-0.116223
-0.179536
-0.210856
-0.160345
-0.201830
-0.195327
-0.179293
-0.204990
-0.160051
-0.210128
-0.147838
-0.203480
-0.168707
-0.105605
-0.165832
-0.222051
-0.224237
-0.196582
-0.240311
-0.216036
-0.226505
-0.200684
-0.200075
-0.235385
-0.223465
-0.185259
-0.246797
-0.234795
-0.176866
-0.171533
-0.154324
-0.089638
-0.044005
0.007953
0.166688
0.222451
0.136425
0.272930
0.256754
0.151903
0.094415
0.207400
0.024409
0.129398
0.061785
0.014763
0.058799
-0.111848
-0.036910
-0.093739
-0.182030
-0.209531
-0.135142
-0.185699
-0.134508
-0.160189
-0.186096
-0.161436
-0.193855
-0.125485
-0.145484
-0.123009
-0.181091
-0.172578
-0.130992
-0.204826
-0.213003
-0.191262
-0.089237
-0.110882
-0.120924
-0.055535
-0.109371
-0.082867
-0.064011
-0.016543
-0.136744
-0.122512
-0.169861
-0.177528
-0.199433
-0.138750
-0.124424
-0.121636
-0.083131
-0.154075
-0.168383
-0.150918
-0.143140
-0.132693
-0.108684
-0.059642
-0.085581
-0.089306
-0.152339
-0.225842
-0.217177
-0.175745
-0.210707
-0.166784
-0.187379
-0.181402
-0.155196
-0.099804
-0.118551
-0.169842
-0.228952
-0.196884
-0.205530
-0.223510
-0.193716
-0.171427
-0.196059
-0.197332
-0.244984
-0.173633
-0.253394
-0.169636
-0.185009
-0.154996
-0.083458
-0.145389
-0.163224
-0.215496
-0.161948
-0.168946
-0.174413
-0.185611
-0.162991
-0.100276
-0.183091
-0.227037
-0.169260
-0.212454
-0.235906
-0.181535
-0.226402
-0.222899
-0.175540
-0.242485
-0.274297
-0.210967
-0.259065
-0.204272
-0.168308
-0.180866
-0.213034
-0.245636
-0.239117
-0.184628
-0.185550
-0.225278
-0.192610
-0.083135
-0.183822
-0.203713
-0.190552
-0.182484
-0.177823
-0.145895
-0.221621
-0.213360
-0.214207
-0.218749
-0.184961
-0.143962
-0.202859
-0.174686
-0.272934
-0.214947
-0.216375
-0.237168
-0.233041
-0.134243
-0.179771
-0.196909
-0.174713
-0.199418
-0.206412
-0.194657
-0.213722
-0.262641
-0.185809
-0.185870
-0.216046
-0.144362
-0.216395
-0.224984
-0.210576
-0.163817
-0.158089
-0.209335
-0.236693
-0.204061
-0.204772
-0.168188
-0.157881
-0.171878
-0.208433
-0.235113
-0.236661
-0.178496
-0.242039
-0.229353
-0.223022
-0.222780
-0.242155
-0.208886
-0.175789
-0.236890
-0.168121
-0.200914
-0.170070
-0.143157
-0.184763
-0.230271
-0.186988
-0.173656
-0.184102
-0.226793
-0.253422
-0.229247
-0.225616
-0.214629
-0.213825
-0.191321
-0.240592
-0.221122
-0.194512
-0.247545
-0.233129
-0.215449
-0.221120
-0.183511
-0.173592
-0.227313
-0.172134
-0.166012
-0.202578
-0.208335
-0.206041
-0.245605
-0.214629
-0.143222
-0.211458
-0.184016
-0.198959
-0.219604
-0.154155
-0.210929
-0.230362
-0.235591
-0.199478
-0.196325
-0.203390
-0.209329
-0.219603
-0.109591
23.131340
5.041255
-0.201632
-0.233715
-0.190960
-0.146651
-0.205372
-0.183676
-0.152092
-0.168104
-0.230291
-0.190796
-0.198490
-0.197934
-0.138455
-0.135567
-0.175764
-0.092478
-0.148875
-0.179814
-0.123635
-0.172679
-0.198371
-0.131620
-0.010700
0.043518
-0.035768
0.011505
0.047307
0.203646
0.265657
0.122569
0.072101
0.131503
0.495596
0.832281
0.639617
0.540752
1.013115
1.068942
1.264144
0.665556
1.035819
1.141096
1.338253
1.247654
1.418133
1.725361
0.923456
0.944947
1.018667
1.006432
0.745256
0.707980
0.674850
0.766446
0.501381
0.406145
0.226309
0.326402
0.423623
0.608383
0.212460
0.339967
0.496954
0.430095
0.411967
0.366042
0.172898
0.295087
0.374584
0.401529
0.692985
0.651652
0.721607
0.780067
0.587560
0.417730
0.248393
0.380039
0.368831
0.198018
0.358493
0.441170
0.247989
0.270658
0.293728
0.266573
0.119875
0.251131
0.223427
0.170255
0.099640
0.101359
0.332143
0.433125
0.196597
0.356603
0.464531
0.165917
0.362663
0.123464
0.398627
0.540854
0.503042
0.575875
0.448260
0.633703
0.649726
0.532677
0.162869
0.178520
0.329820
0.212294
0.349887
0.268262
0.271322
0.221298
0.194233
0.298317
0.331324
0.378704
0.199506
0.087757
0.214909
0.077747
-0.043163
0.091899
0.125319
0.029747
0.156101
-0.040197
0.139287
0.111038
0.081345
0.091812
0.243257
0.240039
0.297138
0.334963
0.400833
0.244471
0.260712
0.371171
0.134436
0.198419
0.117670
0.345891
0.290605
0.414456
0.309234
0.399905
0.341892
0.339340
0.130982
0.129028
0.054936
0.217232
0.094144
0.247132
0.190667
0.322426
0.265571
0.250792
0.343616
0.453312
0.391424
0.263714
0.283092
0.314220
0.289018
0.273748
0.276470
0.280479
0.280218
0.166619
0.216650
0.417149
0.330976
0.786519
0.400399
0.803300
0.667302
0.643405
1.117586
0.407262
0.440367
0.735681
0.499172
0.509160
0.502499
0.342907
0.316190
0.186798
0.210958
0.060309
0.036215
0.114325
0.267352
0.301747
0.318156
0.434305
0.247676
0.331682
0.107387
0.206809
0.287926
0.220901
0.178727
0.143815
0.265959
0.403635
0.497446
0.183641
0.174309
0.029274
0.181354
0.129582
0.023401
-0.005657
0.260487
0.096272
0.152273
0.051557
0.054304
0.219696
-0.814030
-0.814030
-0.814030
-0.814030
-0.814030
-0.814030
-0.814030
-0.814030
-0.814030
-0.814030
-0.814030
-0.814030
-0.814030
-0.814030
-0.814030
-0.814030
-0.814030
-0.814030
-0.814030
-0.814030
-0.814030
-0.814030
-0.814030
-0.814030
-0.814030
-0.814030
-0.814030
-0.814030
-0.814030
-0.814030
-0.814030
-0.814030
-0.814030
-0.814030
-0.814030
-0.814030
-0.814030
-0.814030
-0.814030
-0.814030
-0.814030
-0.814030
-0.814030
-0.814030
-0.814030
-0.814030
-0.814030
-0.814030
-0.814030
-0.814030
-0.814030
-0.814030
-0.814030
-0.814030
-0.814030
-0.814030
-0.814030
-0.814030
-0.814030
-0.814030
-0.814030
-0.814030
-0.814030
-0.814030
-0.814030
-0.814030
-0.814030
-0.814030
-0.814030
-0.814030
-0.814030
-0.814030
-0.814030
-0.814030
-0.814030
-0.814030
-0.814030
-0.814030
-0.814030
-0.814030
-0.814030
-0.814030
-0.814030
-0.814030
-0.814030
-0.814030
-0.814030
-0.814030
-0.814030
-0.814030
-0.814030
-0.814030
-0.814030
-0.814030
-0.814030
-0.814030
-0.814030
-0.814030
-0.814030
-0.814030
-0.814030
-0.813864
-0.787397
-0.755584
-0.746606
-0.751508
-0.728842
-0.717418
-0.718379
-0.722033
-0.709913
-0.696692
-0.684385
-0.629215
-0.680132
-0.655897
-0.564992
-0.574860
-0.524960
-0.577536
-0.488779
-0.331249
-0.106881
-0.442350
-0.544069
-0.595312
-0.591625
-0.536607
-0.418312
-0.403605
-0.021490
-0.166051
-0.476949
-0.602394
-0.549613
-0.570317
-0.630400
-0.458446
-0.474583
-0.444267
-0.414611
-0.430184
-0.534486
-0.517467
-0.595569
-0.534869
-0.579872
-0.602806
-0.587914
-0.580158
-0.608868
-0.603535
-0.595534
-0.471726
-0.569344
-0.485238
-0.477777
-0.564716
-0.561855
-0.531155
-0.280319
-0.429248
-0.577855
-0.613486
-0.632031
-0.549966
-0.578561
-0.555580
-0.512007
-0.411644
-0.272227
-0.149253
-0.397048
-0.309001
-0.569519
-0.581007
-0.538809
-0.596336
-0.621719
-0.557267
-0.517213
-0.498105
-0.388889
-0.567022
-0.496777
-0.537506
-0.462211
-0.526939
-0.581045
-0.569701
-0.541087
-0.501665
-0.452163
-0.504897
-0.586879
-0.550431
-0.533061
-0.518379
-0.513909
-0.434310
-0.476850
-0.535045
-0.495725
-0.416007
-0.573237
-0.542430
-0.567957
-0.569841
-0.498599
-0.516561
-0.573901
-0.527815
-0.495599
-0.549325
-0.244460
-0.123922
-0.473228
-0.403793
-0.321859
-0.514066
-0.591611
-0.520658
-0.557074
-0.467548
-0.444853
-0.452261
-0.544903
-0.535831
-0.495345
-0.478096
-0.520888
-0.620638
-0.611760
-0.527723
-0.527238
-0.441426
-0.536484
-0.520254
-0.495823
-0.487474
-0.436347
-0.539003
-0.596186
-0.490219
-0.501841
-0.515398
-0.551176
-0.491378
-0.551178
-0.573994
-0.542189
-0.510124
-0.446619
-0.440471
-0.576331
-0.620947
-0.578740
-0.557870
-0.608515
-0.535480
-0.529819
-0.525553
-0.241839
-0.450397
-0.567246
-0.543320
-0.592826
-0.590177
-0.561913
-0.571538
-0.603116
-0.530209
-0.452129
-0.451038
-0.431033
-0.589918
-0.552398
-0.498600
-0.518500
-0.608960
-0.588509
-0.623635
-0.539575
-0.465067
-0.499821
-0.568146
-0.561195
-0.573822
-0.583955
-0.530003
-0.601166
-0.616553
-0.617323
-0.581254
-0.561939
-0.574230
-0.377256
-0.550434
-0.559842
-0.562915
-0.564103
-0.356327
-0.575273
-0.560530
-0.651611
-0.530162
-0.440073
-0.476533
-0.415206
-0.273958
-0.549611
-0.601036
-0.430089
-0.488756
-0.139686
-0.373695
-0.470408
-0.386469
-0.393368
-0.311430
-0.401418
-0.365649
-0.064606
-0.207993
-0.355637
0.182529
0.827771
0.633171
0.234596
0.622831
-0.159057
-0.475160
-0.321019
-0.326880
-0.377201
-0.375231
-0.063199
-0.443674
-0.288731
0.324061
0.076834
0.818760
-0.320458
0.101485
-0.081530
-0.043648
-0.042209
-0.098232
-0.447865
-0.278562
0.018282
0.415539
-0.471764
-0.264244
-0.272948
-0.139278
-0.294541
-0.092933
-0.239424
0.077505
-0.045821
-0.377048
-0.208763
-0.152361
-0.050697
0.234703
-0.196840
0.075369
-0.226545
-0.301329
-0.210838
-0.339593
-0.251830
-0.019903
0.035985
0.481431
0.024677
-0.500724
-0.401908
-0.363546
-0.502865
-0.435931
-0.457462
-0.272600
-0.377892
-0.436652
-0.382548
-0.171194
0.133156
-0.363723
-0.165088
-0.259223
-0.292292
-0.076915
-0.025574
-0.181572
-0.422442
-0.216567
-0.120754
-0.065208
-0.363545
-0.514315
-0.449529
-0.254092
0.026738
0.979549
0.224946
0.104875
-0.199294
-0.326890
-0.260483
0.065625
-0.139662
-0.040600
0.602748
1.040985
1.510742
0.351946
-0.096113
0.066861
0.115604
0.226280
0.096598
0.135280
0.350114
0.507963
0.523830
0.271103
0.247538
0.296975
0.735957
0.923025
0.766531
1.029550
0.821032
1.497069
3.430080
4.588661
5.006711
3.466303
2.849904
1.679190
0.500526
0.509215
0.841087
0.764257
1.057097
0.382139
0.789905
1.170328
1.931264
1.034258
0.686567
0.150733
0.671192
0.430704
0.659368
1.294899
1.785862
1.686563
1.901583
1.308227
0.688211
0.587397
0.728449
0.518500
0.828648
0.914149
1.546682
2.242350
3.568355
1.759107
1.734758
1.551391
0.898102
1.633031
1.933846
2.119617
3.084000
2.613668
2.767666
2.382455
1.682340
2.361995
2.150257
2.715703
2.492734
2.161720
1.699080
2.375694
2.192951
1.580058
2.498419
2.540471
3.074737
2.220442
2.435989
1.757144
0.907189
1.395056
1.369020
1.342917
1.279182
0.674147
0.325642
0.309271
0.270030
0.843272
1.335634
1.890126
1.705126
1.175727
1.782239
1.238507
2.099027
2.500615
2.016894
3.329798
1.617332
3.565194
2.123984
1.513050
1.126947
0.734966
0.955740
1.857442
1.727513
1.281264
2.514236
3.321650
4.386251
3.824505
2.972128
3.071355
0.953639
0.480701
0.303045
0.523385
0.596604
1.074300
0.442644
0.443204
0.366526
0.152845
0.046761
0.565677
0.931064
0.569068
0.394023
0.597404
0.552300
0.686767
1.072617
1.426621
0.973697
1.024309
0.658093
0.294020
0.384682
1.051087
1.466922
1.400557
0.692341
0.365934
0.664658
0.492091
0.347749
0.217212
0.752534
0.677993
1.173504
0.885554
0.509134
0.093478
0.101381
0.072248
-0.178986
0.167207
0.278584
0.556371
1.144669
1.715486
1.840189
2.348609
2.004767
2.538591
1.878864
2.048536
1.704343
0.206969
-0.295166
-0.169582
-0.276517
-0.470944
-0.572250
-0.501846
-0.472133
-0.371367
-0.449278
-0.421913
-0.415863
-0.370869
-0.324020
-0.393572
-0.116377
-0.281209
-0.003753
0.457814
0.021975
-0.430955
-0.488679
-0.462739
-0.547469
-0.508448
-0.514280
-0.552803
-0.624214
-0.571135
-0.432158
-0.482224
-0.578624
-0.578432
-0.554703
-0.629854
-0.750070
-0.758707
-0.756498
-0.795148
-0.811418
-0.814021
-0.814030
-0.814030
-0.814030
-0.814030
-0.814030
-0.814030
-0.814030
-0.552889
-0.552889
-0.552889
-0.552889
-0.552889
-0.552889
-0.552889
-0.552889
-0.552889
-0.552889
-0.552889
-0.552889
-0.552889
-0.552889
-0.552889
-0.552889
-0.552889
-0.552889
-0.552889
-0.552889
-0.552889
-0.552889
-0.552889
-0.552889
-0.552889
-0.552889
-0.552889
-0.552889
-0.552889
-0.552889
-0.552889
-0.552889
-0.552889
-0.552889
-0.552889
-0.552889
-0.552889
-0.552889
-0.552889
-0.552889
-0.552889
-0.552889
-0.552889
-0.552889
-0.552889
-0.552889
-0.552889
-0.552889
-0.552889
-0.552889
-0.552889
-0.552889
-0.552889
-0.552889
-0.552889
-0.552889
-0.552889
-0.552889
-0.552889
-0.552889
-0.552889
-0.552889
-0.552889
-0.552889
-0.552889
-0.552889
-0.552889
-0.552889
-0.552889
-0.552889
-0.552889
-0.552889
-0.552889
-0.552889
-0.552889
-0.552889
-0.552889
-0.552889
-0.552889
-0.552889
-0.552889
-0.552889
-0.552889
-0.552889
-0.552889
-0.552889
-0.552889
-0.552889
-0.552889
-0.552889
-0.552889
-0.552889
-0.552889
-0.552889
-0.552889
-0.552889
-0.552889
-0.552889
-0.552889
-0.552724
-0.549519
-0.532038
-0.528133
-0.499264
-0.505558
-0.477417
-0.507478
-0.503842
-0.475119
-0.479868
-0.504779
-0.498318
-0.453220
-0.462272
-0.456720
-0.435240
-0.341480
-0.394556
-0.371394
-0.363031
-0.391633
-0.435023
-0.439640
-0.399932
-0.367788
-0.382425
-0.399753
-0.406305
-0.389440
-0.360447
-0.382336
-0.390410
-0.351911
-0.347601
-0.367875
-0.368174
-0.376671
-0.382881
-0.366776
-0.365032
-0.360830
-0.377261
-0.328920
-0.328961
-0.412617
-0.406567
-0.365765
-0.356553
-0.319108
-0.335088
-0.366740
-0.353216
-0.400965
-0.393702
-0.427423
-0.358278
-0.378478
-0.422704
-0.386107
-0.438380
-0.407440
-0.396788
-0.370719
-0.302450
-0.356774
-0.360783
-0.378615
-0.389190
-0.383126
-0.364558
-0.385912
-0.381548
-0.326093
-0.329912
-0.344109
-0.395170
-0.386129
-0.381480
-0.328320
-0.348423
-0.386567
-0.377838
-0.353327
-0.415934
-0.419001
-0.382980
-0.383155
-0.346796
-0.394639
-0.384667
-0.382605
-0.407995
-0.358451
-0.313038
-0.376086
-0.390934
-0.360427
-0.364791
-0.386491
-0.404994
-0.371229
-0.306053
-0.342184
-0.295315
-0.347451
-0.358721
-0.374409
-0.349299
-0.329372
-0.326437
-0.315404
-0.287184
-0.378800
-0.302298
-0.355090
-0.368955
-0.382207
-0.420481
-0.348673
-0.364393
-0.336621
-0.309358
-0.406309
-0.357772
-0.371074
-0.328539
-0.294763
-0.351284
-0.350501
-0.328103
-0.387444
-0.388652
-0.390730
-0.297049
-0.246303
-0.297810
-0.342885
-0.257094
-0.316317
-0.358100
-0.291245
-0.332635
-0.280821
-0.272401
-0.249923
-0.321623
-0.397212
-0.352193
-0.394044
-0.316881
-0.264737
-0.352795
-0.276509
-0.352769
-0.360504
-0.315753
-0.281868
-0.300978
-0.325777
-0.397594
-0.354805
-0.344903
-0.395112
-0.326101
-0.285804
-0.229400
-0.279290
-0.335049
-0.321135
-0.359219
-0.379329
-0.285250
-0.336708
-0.327191
-0.308425
-0.341813
-0.306040
-0.372847
-0.330720
-0.382556
-0.387575
-0.317285
-0.292378
-0.330652
-0.373172
-0.384011
-0.354201
-0.391331
-0.390265
-0.344296
-0.360161
-0.285849
-0.330029
-0.395348
-0.418166
-0.389686
-0.368617
-0.417223
-0.408098
-0.406801
-0.405523
-0.404386
-0.390275
-0.365701
-0.383389
-0.382480
-0.392692
-0.386594
-0.424605
-0.432100
-0.378278
-0.401732
-0.325417
-0.394875
-0.383324
-0.410713
-0.427210
-0.388742
-0.340175
-0.402155
-0.381109
-0.399221
-0.379042
-0.390534
-0.413719
-0.425185
-0.375094
-0.399533
-0.387053
-0.367424
-0.425937
-0.401347
-0.389782
-0.397290
-0.316097
-0.340201
-0.298022
-0.313074
-0.269104
-0.311484
-0.379792
-0.333016
-0.367675
-0.307902
-0.294823
-0.331406
-0.330955
-0.423531
-0.374204
-0.370842
-0.385399
-0.345635
-0.397204
-0.337438
-0.369135
-0.342499
-0.361136
-0.352196
-0.330492
-0.322286
-0.330100
-0.307818
-0.282748
-0.326608
-0.328701
-0.225703
-0.185865
-0.174847
-0.155256
-0.238842
-0.304672
-0.270497
-0.266564
-0.274530
-0.227720
-0.251980
-0.337278
-0.265781
-0.218850
-0.187756
-0.193067
-0.184435
-0.260969
-0.310400
-0.263510
-0.312623
-0.276503
-0.319139
-0.266980
-0.159096
-0.256779
-0.087086
0.122101
0.102423
0.081256
0.077139
0.361228
0.550750
0.659616
0.836941
0.913343
0.275716
0.339598
0.178625
0.201340
0.083072
0.369403
0.379267
0.321230
0.208095
0.221349
0.437852
0.153683
0.171908
0.376283
0.521617
0.661657
0.831953
1.083326
0.879373
0.749706
1.072534
1.231751
1.435670
1.435644
1.104144
0.937149
0.859992
1.147606
1.762746
1.126955
0.893867
1.403805
1.226977
1.223079
1.502972
1.664567
2.340317
1.741127
2.183196
2.274282
1.895162
2.414868
2.675429
4.216293
3.600058
3.024783
3.922776
4.845799
6.141558
6.891569
4.692831
4.850088
3.815683
3.570080
3.784651
2.455496
2.122160
2.767462
1.292802
1.152542
1.130535
1.611201
1.703208
1.871820
2.072731
1.759731
1.962052
1.722585
2.233668
2.490692
2.261727
2.408405
3.498591
3.584105
4.243554
5.969848
3.273595
3.567166
2.673353
2.534206
1.861038
1.734355
1.359647
1.727669
1.432977
1.383700
1.811723
1.343743
1.197071
1.730776
1.553629
1.395709
1.164276
1.066454
1.058637
1.049291
0.645204
0.592513
0.927588
1.720558
1.278684
1.509430
1.393423
1.446784
0.991252
0.248700
0.266065
0.225959
0.135413
-0.036244
-0.052513
-0.013636
0.050426
0.118972
0.218886
0.370831
-0.065670
-0.117643
-0.180456
-0.037052
-0.051922
0.157913
0.232547
0.093309
0.275284
0.419872
0.126522
0.026454
-0.011973
-0.097785
-0.232035
-0.263472
-0.278590
-0.285967
-0.331659
-0.260761
-0.271482
-0.279874
-0.351994
-0.349735
-0.359359
-0.353433
-0.340932
-0.359028
-0.371203
-0.308838
-0.325957
-0.185578
-0.132532
-0.275897
-0.285593
-0.338514
-0.368883
-0.310537
-0.273885
-0.349628
-0.329995
-0.376839
-0.378379
-0.328444
-0.370572
-0.355772
-0.343270
-0.329603
-0.321829
-0.329038
-0.321167
-0.325321
-0.313082
-0.274535
-0.338362
-0.312760
-0.375654
-0.376273
-0.374600
-0.366789
-0.335049
-0.333063
-0.351126
-0.373011
-0.385648
-0.358512
-0.402578
-0.367636
-0.381780
-0.380270
-0.389561
-0.371980
-0.327986
-0.303931
-0.381018
-0.411117
-0.405273
-0.302694
-0.353323
-0.388799
-0.421518
-0.401288
-0.370850
-0.389202
-0.375717
-0.394879
-0.384255
-0.375078
-0.342432
-0.381937
-0.388374
-0.370056
-0.378369
-0.416506
-0.401552
-0.414070
-0.388238
-0.406433
-0.371830
-0.393834
-0.407232
-0.394173
-0.470503
-0.469670
-0.475252
-0.501119
-0.497993
-0.516965
-0.511748
-0.512684
-0.547286
-0.552674
-0.552889
-0.552889
-0.552889
-0.552889
-0.552889
-0.552889
-0.552889
-0.552889
-0.640130
-0.640130
-0.640130
-0.640130
-0.640130
-0.640130
-0.640130
-0.640130
-0.640130
-0.640130
-0.640130
-0.640130
-0.640130
-0.640130
-0.640130
-0.640130
-0.640130
-0.640130
-0.640130
-0.640130
-0.640130
-0.640130
-0.640130
-0.640130
-0.640130
-0.640130
-0.640130
-0.640130
-0.640130
-0.640130
-0.640130
-0.640130
-0.640130
-0.640130
-0.640130
-0.640130
-0.640130
-0.640130
-0.640130
-0.640130
-0.640130
-0.640130
-0.640130
-0.640130
-0.640130
-0.640130
-0.640130
-0.640130
-0.640130
-0.640130
-0.640130
-0.640130
-0.640130
-0.640130
-0.640130
-0.640130
-0.640130
-0.640130
-0.640130
-0.640130
-0.640130
-0.640130
-0.640130
-0.640130
-0.640130
-0.640130
-0.640130
-0.640130
-0.640130
-0.640130
-0.640130
-0.640130
-0.640130
-0.640130
-0.640130
-0.640130
-0.640130
-0.640130
-0.640130
-0.640130
-0.640130
-0.640130
-0.640130
-0.640130
-0.640130
-0.640130
-0.640130
-0.640130
-0.640130
-0.640130
-0.640130
-0.640130
-0.640130
-0.640130
-0.640130
-0.640130
-0.640130
-0.640130
-0.640130
-0.640130
-0.640130
-0.640130
-0.640130
-0.640130
-0.640130
-0.640130
-0.640130
-0.640130
-0.640130
-0.640130
-0.640130
-0.640130
-0.640130
-0.640130
-0.640130
-0.640130
-0.640130
-0.640130
-0.640130
-0.640130
-0.640130
-0.640130
-0.640130
-0.640130
-0.640130
-0.599870
-0.492081
-0.325542
-0.403835
-0.366995
-0.374494
-0.404794
-0.340852
-0.358002
-0.424942
-0.350408
-0.308885
-0.430274
-0.335744
-0.421642
-0.389401
-0.360988
-0.373599
-0.247966
-0.312191
-0.363219
-0.334477
-0.441577
-0.435225
-0.357996
-0.352353
-0.375036
-0.376891
-0.363507
-0.363051
-0.386466
-0.385374
-0.456277
-0.380276
-0.375228
-0.434487
-0.358939
-0.366727
-0.355151
-0.283182
-0.381613
-0.353765
-0.338576
-0.350766
-0.362958
-0.455977
-0.349673
-0.337789
-0.450024
-0.364178
-0.290592
-0.388983
-0.304070
-0.377496
-0.395844
-0.347718
-0.364863
-0.400057
-0.361553
-0.400410
-0.407297
-0.374763
-0.343109
-0.355121
-0.342756
-0.349057
-0.410490
-0.389474
-0.423566
-0.423423
-0.362907
-0.394460
-0.435882
-0.329951
-0.440403
-0.418629
-0.453346
-0.409106
-0.272579
-0.371661
-0.351551
-0.365854
-0.369006
-0.302476
-0.360372
-0.446333
-0.336906
-0.364436
-0.420343
-0.353692
-0.356272
-0.391507
-0.430742
-0.423462
-0.336546
-0.398833
-0.355269
-0.422346
-0.389392
-0.384316
-0.356022
-0.261282
-0.297957
-0.401442
-0.338425
-0.359561
-0.377131
-0.354874
-0.404173
-0.333113
-0.382301
-0.426958
-0.391232
-0.335742
-0.351252
-0.308561
-0.428625
-0.334648
-0.293986
-0.325434
-0.305020
-0.338707
-0.427198
-0.362187
-0.320876
-0.343615
-0.359569
-0.302144
-0.391546
-0.316991
-0.424214
-0.372445
-0.399009
-0.388410
-0.371745
-0.396076
-0.409669
-0.423543
-0.369791
-0.370976
-0.374771
-0.378805
-0.402241
-0.434724
-0.425055
-0.418575
-0.376857
-0.423902
-0.410578
-0.269827
-0.379314
-0.403180
-0.367125
-0.308505
-0.398659
-0.427116
-0.375538
-0.398651
-0.320421
-0.375875
-0.356651
-0.390798
-0.330045
-0.302535
-0.270233
-0.333172
-0.365665
-0.343486
-0.365839
-0.314807
-0.411127
-0.425882
-0.405747
-0.403735
-0.369771
-0.381083
-0.335218
-0.298655
-0.399094
-0.354530
-0.241873
-0.233158
-0.372247
-0.269108
-0.330982
-0.325935
-0.310340
-0.390107
-0.380310
-0.263761
-0.324639
-0.271855
-0.335746
-0.289969
-0.347098
-0.393244
-0.357448
-0.367448
-0.445316
-0.358294
-0.385884
-0.342213
-0.342229
-0.324887
-0.333165
-0.339054
-0.366819
-0.353352
-0.287429
-0.322977
-0.367183
-0.263645
-0.243749
-0.404082
-0.322145
-0.260541
-0.349122
-0.361076
