-43
-54
-50
-53
-57
-62
-60
-55
-46
-30
-18
-15
-14
-19
-31
-40
-37
-34
-32
-26
-13
-8
-4
6
8
10
9
17
17
14
15
13
16
17
25
16
11
12
17
23
22
21
9
4
3
-3
-15
-22
-21
-23
-15
-7
3
7
4
2
-4
-6
1
0
-17
-16
-8
2
7
7
5
-1
-2
-9
-12
-18
-19
-23
-29
-23
-14
5
19
29
26
19
24
32
44
47
46
20
0
-13
-26
-40
-50
-49
-44
-32
-18
-6
-6
-4
-4
-13
-13
-9
-5
-4
-11
-9
-11
-7
-7
-18
-31
-34
-26
-16
-9
-2
2
0
11
22
26
23
17
8
-2
-6
-20
-33
-40
-40
-35
-28
-16
-17
-18
-19
-11
3
5
7
1
-3
5
26
38
46
49
41
27
23
31
40
50
59
60
51
39
34
27
24
21
16
7
-1
-10
-34
-51
-62
-55
-36
-19
-4
-8
-10
-15
-21
-32
-26
-13
-1
12
18
19
16
24
26
20
9
-1
-3
-6
0
-6
-10
-14
-2
12
23
31
28
22
25
32
33
31
41
41
31
9
-10
-17
-8
6
19
23
23
35
49
72
93
108
106
93
88
76
80
89
90
74
47
24
4
0
9
11
8
6
10
9
19
24
22
16
11
12
6
8
21
34
36
45
44
37
29
27
33
45
65
70
65
57
56
57
55
54
44
34
25
24
19
14
11
0
-10
-24
-28
-19
2
28
45
50
50
57
49
43
32
16
-4
-20
-26
-37
-37
-31
-28
-39
-48
-61
-78
-85
-79
-64
-51
-33
-21
-19
-16
-12
-2
-7
-3
2
0
2
9
9
3
7
2
-3
-9
-12
-13
-19
-6
8
22
27
30
18
6
4
2
-8
-9
-8
-1
6
10
9
3
4
15
15
21
29
29
19
3
-4
-9
4
21
37
33
17
-1
-14
-20
-11
-11
-17
-14
-12
-12
-14
-16
-10
-10
-7
-9
-24
-31
-31
-16
-10
8
14
13
8
1
-11
-23
-28
-35
-37
-36
-32
-33
-39
-31
-18
5
21
30
23
10
7
1
3
-4
-5
-11
-11
-7
-15
-24
-33
-27
-24
-15
-8
-10
-12
-18
-14
-14
-16
-18
-23
-36
-39
-35
-33
-28
-16
-7
-8
-8
-21
-41
-59
-63
-61
-58
-50
-47
-53
-48
-41
-40
-51
-56
-56
-48
-38
-31
-35
-49
-52
-59
-60
-61
-51
-43
-38
-31
-28
-29
-27
-9
6
24
37
27
6
-13
-19
-27
-22
-18
-11
-7
-5
-3
-14
-13
-11
-9
-13
-21
-20
-23
-17
-14
-8
-11
-9
-9
-15
-9
5
19
18
17
13
1
-13
-18
-16
-13
3
15
23
31
39
42
39
48
43
32
19
12
11
14
20
27
26
23
17
6
1
13
20
22
19
22
18
19
22
19
17
15
26
33
46
51
45
34
21
24
19
21
19
16
11
10
15
14
19
22
26
24
29
35
30
29
28
25
17
15
11
12
17
40
65
68
64
55
50
48
47
40
22
17
-2
-19
-29
-24
-9
3
17
21
16
6
3
1
6
17
28
23
16
13
9
11
16
26
19
14
6
2
17
30
37
33
32
37
39
46
50
56
56
53
49
35
30
33
40
39
41
45
45
51
58
61
55
61
62
58
51
46
38
19
16
8
8
12
18
25
21
22
20
15
14
21
28
33
40
39
29
16
7
-3
4
25
33
30
11
0
-11
-7
-1
-1
-6
-17
-11
-9
-1
8
11
3
-9
-20
-36
-38
-29
-11
7
22
35
30
24
14
4
-2
4
10
14
17
24
26
15
14
11
14
16
28
38
34
34
19
2
-4
-1
1
-5
-13
-25
-29
-32
-34
-44
-58
-68
-78
-79
-73
-56
-45
-35
-24
-13
-6
-5
6
6
12
16
12
3
-5
-5
-10
-11
-11
-13
-11
-7
-1
-6
-1
13
23
29
38
45
53
66
72
66
37
12
-9
-24
-29
-24
-19
-19
-14
-20
-24
-20
-16
-8
-8
0
4
2
0
0
5
4
5
2
0
7
24
41
56
67
68
60
48
43
38
45
54
57
44
29
21
7
7
16
22
19
15
22
24
32
36
42
43
48
52
46
42
40
35
22
13
6
5
6
13
21
21
35
39
41
30
17
3
-10
-7
-4
-6
0
20
42
58
72
64
48
35
34
32
28
26
27
33
34
39
34
31
33
25
8
-10
-17
-28
-31
-23
-16
-12
-17
-7
-13
1
14
25
26
19
18
9
12
19
24
21
17
13
7
8
22
34
38
42
42
42
40
44
45
39
40
37
37
39
47
48
41
47
49
48
43
38
24
7
2
1
8
8
9
-1
0
2
4
4
2
-2
-8
-6
12
30
44
48
53
47
50
51
48
31
12
6
3
16
27
32
28
29
35
28
27
27
28
26
39
57
63
67
69
66
56
45
27
7
-11
-22
-22
-23
-6
9
11
7
6
0
-5
1
-11
-32
-47
-49
-47
-41
-31
-23
-17
-21
-16
-17
-8
-4
-2
5
19
40
50
56
58
54
37
18
3
-20
-31
-41
-48
-57
-64
-57
-60
-50
-38
-31
-32
-26
-16
-14
-14
-17
-18
-21
-17
-12
-8
-4
1
10
7
9
2
1
0
10
21
24
32
28
22
13
3
-9
-27
-31
-33
-29
-25
-22
-24
-25
-11
-2
6
5
9
8
-2
2
4
8
14
17
6
-6
-11
-18
-26
-30
-22
-13
1
15
19
14
14
26
34
44
49
52
45
44
43
34
35
36
37
28
25
17
4
-4
-9
3
14
40
53
55
42
32
19
8
8
4
4
8
17
15
20
26
24
21
24
42
56
64
71
60
48
37
36
30
29
24
13
1
-14
-16
-24
-30
-44
-54
-64
-58
-35
-20
-7
8
10
-1
-22
-32
-40
-28
-17
-14
-21
-35
-38
-36
-28
-21
-16
-28
-30
-43
-61
-70
-67
-60
-59
-45
-36
-21
-9
5
19
24
35
32
30
27
22
11
-3
-16
-24
-32
-39
-40
-43
-42
-38
-32
-29
-28
-31
-53
-62
-71
-61
-56
-42
-17
-1
19
35
40
38
29
23
11
8
4
0
0
4
10
7
5
-3
-9
-22
-10
-1
3
6
17
26
34
38
32
23
21
-16
-20
-3
2
16
29
36
34
29
38
26
6
-1
-4
13
24
38
27
21
15
12
5
7
3
-7
-15
-18
-13
-19
-14
-17
-15
-4
-5
-11
-4
10
23
20
5
-6
-13
-14
-8
-13
-15
-11
4
13
23
21
20
7
3
-4
-12
-22
-25
-19
-26
-25
-29
-39
-34
-21
-4
3
-9
-20
-42
-64
-72
-70
-46
-7
23
23
3
-19
-28
-23
-7
7
20
40
54
55
45
32
28
24
39
53
58
48
30
-3
-29
-37
-37
-26
-23
-10
-11
-19
-30
-27
-21
-18
4
7
-1
-17
-27
-49
-45
-30
-24
-22
-14
-6
0
4
-2
-3
-20
-37
-44
-50
-37
-15
4
5
7
10
9
11
24
38
50
54
41
38
21
10
5
-4
7
16
21
28
27
18
6
8
-2
-7
-16
-15
-18
-23
-28
-22
-13
-2
-2
24
26
28
27
5
-13
-20
-21
-17
-6
1
-9
-21
-37
-29
-28
-15
-1
20
19
-2
-17
-36
-29
-20
-12
-13
1
14
4
0
-12
-12
-8
5
17
24
27
27
16
-9
-26
-38
-32
-6
29
55
59
58
43
27
19
11
11
7
21
22
16
5
-5
-12
-16
-1
3
4
-12
-16
-21
-19
-14
-22
-23
-15
5
21
26
25
15
-3
-18
-15
-14
-2
6
-3
-5
-8
-15
-28
-36
-34
-17
-1
12
2
-6
-9
2
10
8
3
-8
-13
-23
-33
-30
-29
-18
-28
-29
-37
-31
-32
-30
-17
-9
5
17
35
7
-14
-33
-40
-28
-13
-5
3
8
21
28
28
17
12
1
-4
-4
-17
-39
-40
-20
-11
-12
-4
-1
9
12
10
7
8
17
29
31
20
-1
-30
-39
-32
-22
-24
-15
-8
8
12
12
24
27
42
26
9
3
8
14
5
8
17
25
18
15
7
15
36
33
33
31
30
3
-22
-27
-23
-11
2
-4
-12
-24
-11
2
10
11
8
2
1
5
-3
-12
-21
-19
-24
-32
-32
-22
-9
4
11
5
8
-3
-7
-16
-9
-1
0
-13
-10
-13
-14
1
0
-7
-16
-20
-12
-1
2
-16
-36
-43
-24
-12
-11
4
4
13
4
7
-3
-3
-10
-24
-21
-16
-2
4
14
23
28
14
12
22
28
21
20
11
21
21
26
17
13
10
10
3
-7
-25
-38
-35
-12
1
2
-4
-15
-18
0
29
43
32
5
-35
-62
-74
-56
-40
-24
1
2
-5
-23
-33
-29
-24
-8
-15
-21
-50
-56
-60
-50
-26
-18
-8
-2
10
8
19
24
23
20
11
21
17
20
22
22
9
12
1
-14
-22
-26
-26
-20
-6
3
2
1
1
1
-9
-7
2
11
14
12
5
1
9
4
-18
-28
-28
-26
-21
-1
18
22
25
13
15
12
22
20
14
8
21
29
38
42
27
14
5
6
0
13
18
22
10
2
2
7
18
21
18
6
-2
5
3
1
9
16
17
8
-13
-30
-35
-28
-19
-14
-13
-20
-36
-32
-22
-11
0
20
25
9
-1
7
12
14
30
30
31
10
-9
-29
-36
-20
-3
12
17
26
15
10
12
9
-8
-16
-16
-3
3
14
19
15
0
2
-3
3
0
-19
-35
-36
-34
-40
-38
-15
20
48
65
57
41
24
20
17
10
11
7
14
15
27
24
2
-11
-37
-45
-32
2
28
43
55
44
32
21
24
25
17
14
4
-2
-5
-4
4
5
11
-11
-34
-56
-62
-67
-67
-63
-62
-58
-48
-35
-43
-38
-32
-26
-28
-27
-27
-41
-40
-37
-29
-48
-52
-65
-61
-49
-34
-17
-10
-6
-13
-29
-29
-25
-17
-32
-47
-63
-71
-59
-37
-18
-14
-12
-32
-53
-61
-42
-12
15
39
34
20
8
3
2
4
12
21
26
25
16
-17
-34
-29
-11
-11
-10
-22
-32
-32
-27
-22
-17
-12
-17
-23
-29
-30
-22
-22
-3
12
10
3
-12
-17
-28
-14
-18
-29
-44
-50
-55
-52
-29
-14
0
-4
-11
-23
-40
-39
-28
-15
-14
-12
-22
-28
-10
2
16
19
6
-7
-32
-24
-8
17
27
21
-7
-27
-30
-28
-12
15
37
45
42
38
22
4
-5
5
22
41
51
53
39
25
16
14
20
45
46
22
-4
-30
-33
-17
0
23
35
43
27
2
-17
-12
6
19
32
18
-3
-22
-31
-28
-23
-12
-6
-2
12
19
4
-7
-3
9
18
22
15
-4
-5
-8
0
5
5
3
-8
-7
-1
7
1
-2
-7
-5
12
32
60
61
66
64
58
46
38
33
42
53
57
49
45
35
28
8
8
1
-6
-8
-15
-5
2
21
39
42
38
28
17
7
11
7
2
-4
5
16
20
23
13
-3
3
11
19
17
2
-7
-27
-26
-18
-9
12
23
23
17
11
13
24
43
58
57
32
18
9
6
23
28
40
29
32
27
21
27
24
20
5
-3
-6
-7
-6
2
12
10
20
15
5
0
-4
-1
0
-4
-20
-39
-28
-20
-12
-8
-2
-1
-4
-9
-3
-8
-5
-14
-14
-10
1
12
6
-1
3
10
13
10
11
0
-4
-12
-17
-23
-21
-22
-16
-5
0
-3
0
14
36
40
38
25
24
13
21
15
14
16
14
7
-10
-8
5
15
14
18
20
32
44
40
37
42
46
36
11
5
-3
-3
-12
-17
-18
-6
8
16
6
-5
-8
-18
-7
2
9
9
15
16
7
3
0
0
-20
-35
-24
-16
8
15
7
-5
-11
0
12
27
35
33
19
23
8
4
-7
-1
-7
-18
-22
-25
-11
-13
-1
-4
2
15
16
8
-14
-15
-15
-12
-3
2
7
7
2
-18
-29
-26
-21
-23
-29
-29
-40
-36
-37
-28
-29
-19
-7
2
14
22
10
-18
-20
-18
-13
-17
-27
-36
-47
-32
-35
-34
-40
-34
-28
-35
-28
-30
-33
-36
-28
-21
-8
0
-5
-6
-18
-10
-4
2
17
21
22
29
31
20
6
-2
-3
-6
0
12
23
32
43
44
30
27
31
31
37
25
17
2
-12
-14
-27
-30
-20
-7
1
8
11
-4
-13
-29
-34
-28
-14
-2
5
-5
7
18
34
46
41
28
10
-1
-13
-22
-28
-32
-22
-13
-9
-18
-23
-5
0
4
-9
-9
-22
-31
-35
-34
-21
-20
-10
-12
-7
-4
-2
-1
2
18
23
30
39
38
37
33
40
37
44
36
28
20
19
25
22
14
12
-3
-10
-3
10
11
2
-2
3
4
3
-12
-18
-20
3
23
26
32
24
22
16
10
8
4
10
-6
-13
-16
-9
-29
-45
-56
-57
-61
-55
-44
-36
-28
-28
-45
-45
-44
-21
-20
-24
-22
-25
-30
-32
-29
-37
-42
-40
-43
-47
-45
-31
-5
20
33
15
-2
-18
-12
-13
-5
-2
3
-4
-6
-12
-27
-19
-5
2
-6
-18
-23
-10
10
25
38
30
24
25
17
16
15
13
13
27
29
25
17
6
-5
-13
-12
-14
-10
-21
-10
-9
-2
2
-1
0
2
7
-20
-16
-9
17
29
20
12
-11
-11
-4
15
31
31
21
5
-4
0
15
8
22
21
20
11
1
-9
-9
-1
-2
-11
-24
-27
-33
-39
-48
-43
-23
-3
7
2
-11
-17
-14
-16
-18
-15
-32
-39
-35
-28
-25
-24
-14
-17
-22
-32
-44
-56
-70
-70
-69
-54
-41
-36
-52
-60
-55
-56
-53
-48
-48
-42
-29
-14
-9
-12
-10
-19
-18
-14
-20
-21
-26
-17
-10
-13
-10
-4
-5
2
3
6
2
0
3
3
7
25
21
26
37
38
52
45
37
18
2
-9
-15
-24
-29
-39
-57
-70
-65
-61
-67
-79
-79
-65
-32
-9
9
6
6
-2
-19
-21
-27
-20
-16
-3
14
14
8
-11
-11
-19
-2
8
16
13
6
0
-24
-31
-36
-18
12
42
46
31
24
12
-2
-16
-18
-8
-1
18
21
24
11
-4
-9
-16
-12
-18
-22
-19
-9
-9
-16
-14
-11
-11
-10
-16
-20
0
21
35
25
11
-3
-29
-33
-22
-3
18
29
43
47
38
32
23
15
24
27
20
2
-9
-21
-34
-32
-25
-15
-6
-2
1
-5
-5
-7
2
16
29
34
30
26
24
25
18
30
20
13
9
6
11
13
25
19
10
2
-4
-7
-2
14
27
24
18
13
-1
5
14
22
27
29
24
20
14
25
30
38
52
45
29
15
5
-1
-4
-2
2
0
4
0
1
4
10
6
3
-8
-20
-52
-68
-77
-70
-63
-50
-38
-30
-19
-20
-9
-14
-14
-24
-47
-60
-59
-57
-56
-46
-47
-43
-32
-11
2
6
-1
-10
-25
-27
-17
-6
6
12
11
1
1
3
3
-2
9
12
9
7
7
7
3
9
13
5
14
11
16
16
18
23
13
15
-6
-20
-15
8
36
54
58
46
27
12
-4
-6
-6
11
13
16
15
31
42
35
12
-3
-30
-31
-23
-36
-34
-31
-10
-10
-2
2
-2
2
-9
-10
-24
-25
-19
-18
-7
-1
-1
1
12
20
33
31
45
50
41
29
13
-1
-6
-1
1
3
0
-14
-26
-26
-20
-13
-16
-13
-23
-16
-11
5
-5
-29
-30
-29
-29
-23
-22
-22
-15
5
22
27
12
4
-6
-15
-8
-12
-14
-14
-1
5
18
25
29
30
31
18
1
-9
-4
-2
-6
-6
7
11
28
43
49
33
19
6
-7
-2
0
10
-9
-8
-10
-1
15
18
15
3
7
8
15
11
19
20
33
45
33
16
13
14
15
-2
-21
-40
-61
-67
-58
-45
-21
11
25
33
29
29
20
14
15
16
9
2
-1
-1
18
32
40
22
6
-2
-19
-19
-21
-15
-20
-37
-47
-44
-23
2
12
-6
-16
-20
-27
-34
-36
-38
-41
-44
-48
-42
-32
-22
-20
-37
-36
-42
-40
-32
-23
-15
-20
-4
8
18
29
19
1
-14
-14
-7
1
5
3
-10
-8
20
41
51
58
58
53
48
32
19
8
-8
-25
-33
-23
2
30
32
29
13
-6
-7
-5
4
2
2
-2
-13
-11
-12
-8
-29
-26
-25
-16
-15
-13
-26
-31
-27
-14
-11
-14
-9
-2
-4
0
-12
-26
-27
-27
-18
-14
-4
0
-7
-13
-10
-17
-18
-14
-16
-7
-2
6
4
-1
1
9
13
10
1
-17
-22
-20
-3
1
15
22
6
-10
-13
-19
-29
-34
-40
-37
-20
-8
8
9
17
21
16
-2
-14
-14
-5
12
13
13
5
14
20
15
13
6
7
14
24
20
12
15
7
-5
-13
-5
0
-3
-5
-10
-13
-23
-31
-29
-9
5
8
-8
-23
-27
-35
-34
-29
-21
-15
-19
-31
-49
-46
-31
-17
-6
-6
4
1
0
10
8
-4
-4
-24
-42
-60
-68
-72
-64
-50
-34
-22
-19
-13
-25
-48
-52
-53
-41
-30
-16
-5
-9
-6
-16
-27
-35
-32
-32
-26
-12
-19
-38
-56
-54
-55
-46
-48
-42
-43
-26
-8
6
22
24
21
5
-13
-20
-30
-23
-3
16
24
31
36
38
21
5
-12
-21
-24
-28
-34
-35
-29
-21
-16
-8
2
5
2
4
1
-2
11
2
10
6
1
-19
-28
-25
-17
-9
-9
0
-3
-10
-17
-12
-4
9
21
11
0
-10
-23
-35
-26
-13
-5
-7
-10
2
18
37
49
27
16
11
20
20
10
-1
-6
-3
6
14
19
37
59
60
52
45
50
55
52
53
56
64
89
93
82
66
34
22
29
51
66
57
43
20
6
10
19
27
27
32
41
35
33
39
29
24
22
30
40
48
44
40
37
46
41
42
40
59
43
39
35
41
33
29
35
26
26
19
20
40
54
52
27
3
2
17
22
40
43
44
23
13
-2
-12
-8
-2
-14
-11
-12
-3
-4
9
13
16
19
15
15
9
18
16
9
8
11
9
-1
13
17
25
22
14
5
5
7
10
11
-6
-26
-35
-31
-6
23
29
21
15
-9
-1
7
0
-19
-37
-33
-31
-27
-22
-10
-6
-7
-24
-36
-36
-22
-7
-19
-19
-22
-38
-33
-24
-13
-6
-7
-22
-15
-4
12
26
27
29
25
22
11
13
3
2
6
6
-5
-13
-6
-9
-6
-2
-7
-11
-16
-6
-1
8
12
4
-1
-6
-8
-1
-4
7
10
7
-1
-2
-9
-5
5
17
20
12
-5
-16
-20
-2
-5
-20
-34
-37
-29
-13
10
20
26
31
41
40
26
11
4
-4
-10
-12
-16
-6
2
3
0
3
3
-12
-31
-41
-41
-40
-39
-41
-21
2
36
42
39
38
14
-6
-27
-26
-32
-29
-21
-8
-13
-33
-43
-58
-56
-43
-33
-31
-26
-20
-18
-17
0
8
12
2
-15
-29
-32
-7
7
1
-8
-30
-38
-35
-12
5
15
20
8
6
-2
10
16
24
27
21
12
5
9
-3
-17
-8
-5
9
3
3
-1
1
9
5
18
43
69
71
50
25
2
-13
-23
-12
2
22
41
44
33
20
3
-14
-22
-12
-4
-11
-15
-34
-51
-55
-33
-21
-3
20
30
24
12
4
3
-5
-1
-2
-11
-29
-42
-40
-32
-18
-10
-6
-7
-10
-16
-26
-20
-12
3
24
33
18
11
7
3
-4
2
21
24
15
-2
-17
-29
-40
-35
-38
-30
-22
-29
-32
-35
-27
-26
-43
-39
-40
-37
-19
-15
-19
-17
-20
-22
-31
-34
-35
-25
-26
-27
-34
-35
-12
7
20
12
-3
-20
-36
-40
-51
-52
-50
-39
-35
-34
-36
-36
-35
-32
-30
-40
-41
-19
-4
4
6
11
7
-2
-8
-12
-18
-21
-24
-42
-38
-28
-13
-22
-42
-46
-53
-48
-40
-39
-52
-58
-65
-81
-87
-85
-77
-71
-60
-58
-60
-66
-66
-75
-64
-43
-16
3
12
11
-3
-26
-37
-47
-49
-53
-41
-45
-40
-22
-3
-15
-31
-40
-27
-12
1
-5
-6
-13
0
11
22
33
30
18
9
8
7
14
28
30
23
7
10
6
26
38
46
36
27
27
28
35
33
30
21
28
39
40
41
31
25
21
28
39
40
29
11
-11
-22
-15
5
20
21
22
25
21
25
21
20
12
9
-9
-23
-13
3
28
36
19
8
-6
-7
