30
35
41
35
25
17
16
29
48
64
72
67
55
37
10
6
-4
-14
-18
-11
6
16
32
49
58
76
87
101
103
96
87
64
41
27
15
14
26
31
30
26
30
49
60
71
69
63
62
67
84
101
126
128
108
88
80
73
67
75
79
93
93
95
86
81
79
91
96
92
70
34
8
10
32
64
75
79
62
46
26
6
-5
2
20
22
25
19
20
18
9
2
-10
8
27
41
32
18
6
-2
5
27
49
70
94
99
107
110
114
111
95
72
43
3
-12
-17
4
27
51
56
40
27
32
37
43
44
32
-1
-30
-55
-62
-44
-8
18
32
32
32
19
7
-4
-13
-17
-21
-23
-42
-51
-52
-48
-40
-21
16
34
33
18
-2
-16
-4
-2
-6
-15
-30
-49
-57
-44
-15
2
12
15
24
13
-6
-51
-94
-110
-96
-66
-50
-32
-28
-22
4
37
61
66
51
22
-11
-41
-60
-88
-123
-140
-146
-132
-97
-49
-13
27
40
45
40
29
13
-15
-38
-44
-57
-65
-63
-32
-2
42
68
83
85
82
73
61
39
33
27
14
23
24
39
55
76
91
94
93
88
76
73
66
66
64
70
71
77
84
87
81
61
42
11
-21
-40
-49
-54
-60
-56
-48
-38
-31
-26
-26
-32
-38
-56
-82
-101
-114
-127
-120
-103
-92
-89
-85
-70
-48
-22
12
13
-5
-51
-74
-89
-84
-72
-63
-69
-80
-90
-87
-55
-6
29
38
40
16
-4
-13
-8
-11
-30
-52
-63
-59
-42
-25
-3
6
31
28
19
0
-14
-27
-51
-58
-69
-60
-49
-38
-16
7
40
50
38
22
19
7
-4
-31
-57
-80
-78
-50
-20
21
51
74
79
81
75
62
38
17
-5
-15
-20
-31
-31
-15
17
40
39
45
40
32
16
-11
-34
-61
-59
-46
-10
9
25
39
54
88
112
112
92
49
10
-33
-43
-50
-42
-14
24
44
53
58
48
29
8
-1
-16
-34
-56
-66
-62
-29
32
85
123
148
146
122
85
41
1
-28
-45
-59
-77
-80
-61
-30
6
23
27
22
24
31
22
1
-32
-66
-112
-120
-119
-93
-63
-44
-28
-13
25
52
66
56
40
22
1
-1
-1
11
21
44
56
59
59
39
21
6
4
-12
-23
-31
-34
-29
-20
-4
-10
-20
-33
-45
-55
-56
-39
-23
-11
3
21
51
87
119
125
122
116
102
96
96
102
95
70
58
40
28
21
11
11
34
63
91
91
75
44
23
11
-4
-21
-34
-32
-27
-32
-33
-26
-17
-1
24
54
77
82
72
44
27
22
31
38
32
22
-22
-38
-39
-11
22
46
61
40
22
6
-11
-19
-30
-31
-28
-7
32
69
85
91
82
67
49
40
34
19
14
-1
-6
-3
6
17
3
8
5
21
40
53
52
35
24
13
0
-24
-44
-77
-94
-82
-54
-18
23
69
103
120
118
96
58
20
-9
-28
-24
-10
9
17
39
60
87
101
105
89
59
30
6
-15
-21
-24
-14
-10
0
4
5
20
30
45
29
19
3
-1
-1
14
23
20
27
30
47
69
86
89
79
74
68
64
50
23
-13
-36
-48
-50
-72
-93
-98
-91
-51
-8
36
60
66
56
28
1
-1
-6
-7
-2
6
3
1
6
18
33
44
51
53
46
29
12
2
6
18
22
20
23
21
14
9
5
3
18
43
53
53
45
27
15
7
13
21
22
23
2
-19
-36
-42
-54
-56
-45
-26
-12
3
29
41
55
63
62
55
40
30
17
-3
-17
-17
-13
21
57
76
77
70
54
30
5
-36
-91
-124
-134
-104
-47
17
65
78
83
94
98
86
58
27
3
-19
-35
-40
-52
-34
2
54
110
154
184
181
171
127
86
61
57
46
14
-10
-21
1
43
93
117
117
113
98
78
63
41
14
-19
-36
-29
0
35
70
87
105
125
124
96
52
15
-16
-25
-22
-10
-4
6
18
23
35
54
63
48
39
21
-2
-23
-42
-60
-70
-72
-72
-57
-38
-4
8
-7
-26
-52
-52
-45
-34
-25
-14
17
40
51
44
47
51
60
74
62
43
19
-7
-25
-26
-3
19
26
35
41
54
70
87
81
66
36
33
28
34
32
17
2
6
37
62
83
92
91
82
80
56
30
3
-1
9
18
38
52
48
38
21
-4
-38
-61
-82
-100
-101
-103
-94
-78
-51
-28
-14
0
11
7
-2
-22
-41
-64
-79
-74
-59
-33
-11
2
7
18
40
48
49
45
40
21
0
-10
-15
-20
-14
-12
1
10
13
-2
-23
-32
-19
3
57
106
141
163
149
124
81
59
41
18
8
30
70
115
135
134
122
106
86
53
27
24
17
1
-23
-33
-24
6
47
69
67
44
14
-16
-32
-33
-36
-50
-54
-44
-30
0
22
44
57
62
60
35
8
-22
-44
-57
-48
-20
1
17
19
23
27
35
29
6
-22
-33
-34
-41
-37
-33
-29
-13
9
27
26
18
0
-21
-35
-44
-49
-55
-39
-20
2
29
48
55
57
66
65
59
38
33
19
18
8
-2
-9
-9
11
28
39
36
29
15
18
21
3
-13
-33
-34
-30
-27
-15
-22
-27
-9
5
19
11
-3
-18
-25
-29
-37
-58
-50
-25
23
77
114
122
102
84
68
58
57
55
51
30
17
4
-2
-8
-22
-39
-50
-33
-12
-2
9
4
-12
-39
-53
-51
-47
-37
-35
-30
-20
0
1
-9
-16
-23
-30
-34
-44
-58
-80
-81
-59
-23
14
43
66
63
50
29
6
8
22
49
47
51
56
75
93
99
85
54
46
44
36
21
8
17
40
70
88
82
67
52
42
45
55
52
45
37
46
51
49
47
34
16
0
-7
-15
-15
-8
1
14
24
56
63
68
58
35
9
-11
-13
-21
-14
-6
2
5
-9
-8
-8
7
21
20
4
-17
-29
-49
-47
-35
-13
4
17
29
38
42
49
55
48
52
41
18
-3
-18
-6
21
56
72
78
74
77
77
75
70
48
32
28
43
45
43
28
22
15
27
55
72
80
66
37
-6
-47
-70
-85
-88
-89
-91
-101
-108
-103
-104
-96
-84
-65
-43
-18
-5
-5
-14
-30
-58
-88
-116
-129
-117
-91
-52
-23
-14
-5
-3
7
3
4
82
-31
-43
-39
-39
-9
-5
18
7
-12
-42
-53
-62
-31
-19
-14
5
-2
-31
-68
-108
-92
-76
-41
-41
15
59
99
114
75
25
-13
-2
16
33
48
21
-12
-51
-82
-67
-57
-69
-91
-96
-59
20
67
87
77
47
22
-26
-89
-121
-125
-81
-18
-2
8
-17
-40
-34
4
33
71
93
112
110
100
80
30
-7
-15
-20
-27
-48
-73
-110
-85
-91
-43
-33
-25
-5
15
52
86
97
74
51
2
-15
-20
-4
13
-24
-60
-78
-73
-47
-18
-19
-39
-17
-7
8
-5
-6
1
13
38
18
-10
-39
-58
-50
-11
-16
11
-2
-12
-3
20
2
-1
-15
-3
-22
-28
-48
-30
-7
9
3
-13
-4
-27
-1
11
1
-10
-1
3
2
4
5
-8
-26
-23
-11
15
49
53
64
40
27
-2
-34
-54
-42
-26
-22
-38
-70
-67
-47
-9
-4
-1
-1
-2
-13
-20
-16
29
37
53
46
34
29
-4
-33
-66
-49
-46
-21
-35
-47
-57
-89
-64
-67
-23
-8
12
32
18
9
-1
-34
-35
-13
0
26
23
36
-1
-34
-53
-46
-6
14
21
29
36
60
7
-8
-55
-51
-42
-44
-43
-62
-56
-78
-65
-66
-59
-28
-28
-24
-20
16
61
91
96
93
96
87
69
20
-13
-37
-71
-85
-84
-56
-39
-8
11
20
41
55
80
62
43
-6
-37
-28
-21
-23
-18
-12
-18
-45
-53
-70
-50
-32
12
18
7
-5
9
1
11
-5
6
-9
-29
-16
-24
18
26
27
23
15
5
5
-5
13
-34
-47
-85
-108
-121
-121
-124
-100
-115
-71
-40
28
61
62
21
-36
-71
-101
-108
-90
-57
-37
-56
-57
-89
-92
-77
-63
-42
-15
-1
4
-11
-20
-30
-33
-30
-60
-81
-90
-58
5
8
-11
-27
-37
-34
6
2
18
6
34
34
50
46
35
23
20
48
54
54
32
-5
-12
-22
-21
6
-5
4
0
23
25
17
-26
-46
-26
-3
36
44
61
18
38
11
11
-35
-37
-33
-1
20
27
9
-19
-37
-63
-75
-80
-49
9
69
120
159
162
136
96
63
26
28
45
8
-17
-46
-66
-72
-73
-60
-39
-8
-5
-6
-15
33
50
79
49
35
-13
-19
-4
32
45
65
61
65
64
34
-3
-24
-31
-5
-6
9
-18
-10
7
16
25
36
43
67
47
43
33
43
33
34
25
25
23
17
47
63
80
61
28
14
2
-13
-39
-40
-28
13
-2
-11
-12
-25
-23
-23
-34
-37
-34
-11
-5
0
-24
-24
-35
-6
13
31
7
-14
-41
-52
-40
-42
-22
-56
-54
-67
-71
-55
-42
-51
-43
5
-4
-5
-44
-58
-26
-25
-26
-40
-27
37
77
61
24
13
-1
-1
-19
-5
29
53
74
68
9
-22
-49
-42
1
32
43
51
20
3
-32
-48
-35
-24
27
54
78
57
30
19
19
20
26
44
3
4
-12
-12
7
24
36
50
23
30
15
18
-13
-23
-52
-34
-33
-33
-49
-65
-85
-64
-80
-54
-47
-52
-8
7
57
83
115
66
10
-45
-71
-81
-53
-36
3
21
21
40
22
28
5
-1
-26
-31
-63
-71
-90
-51
-35
-29
-33
-80
-104
-88
-39
-9
2
-1
-11
-27
7
16
29
26
13
-10
-9
-26
-18
-26
17
9
2
-6
-11
-5
-1
-20
-40
-52
-50
-42
-37
-31
-23
-4
-39
-39
-33
-23
-11
12
23
18
23
35
50
63
52
34
5
-21
-50
-62
-72
-79
-87
-113
-100
-82
-76
-46
-24
-10
-6
1
20
12
-14
-28
-32
-53
-48
-74
-68
-49
-29
14
14
0
2
1
-3
-20
-56
-70
-48
-17
1
-11
-36
-45
-44
-20
4
5
19
23
32
4
16
8
3
0
-5
-33
-40
-46
-14
2
23
14
-20
-26
-15
25
54
56
51
21
10
17
21
17
1
-10
-27
-50
-43
-24
0
4
38
105
110
110
25
-33
-23
-14
11
-7
-4
-24
-28
-16
-3
19
38
37
13
19
29
49
41
6
1
-4
10
53
107
72
69
14
-22
-38
-25
-8
-1
-20
-36
-40
-23
-2
14
24
30
35
37
35
29
7
-33
-27
-43
-40
-35
-12
-4
-17
-63
-80
-75
-55
-35
-44
-19
-14
17
67
84
97
55
45
35
46
66
74
77
70
31
40
20
19
4
-5
-11
-17
-14
-5
1
8
15
3
8
-3
10
8
-11
-6
-31
-54
-55
-44
-15
6
8
-25
-49
-68
4
42
92
90
72
48
25
20
31
56
88
106
112
91
68
37
51
75
114
84
65
1
-45
-91
-92
-88
-28
29
66
48
35
15
3
4
50
51
68
55
44
33
13
38
47
39
32
-15
-43
-58
-47
-37
1
41
44
49
19
-1
-16
-18
-35
-38
-57
-61
-45
-13
3
18
16
13
27
43
37
35
31
63
69
80
-10
-74
-109
-86
-18
3
27
0
-8
3
23
33
5
-23
-42
-83
-97
-87
-53
-19
24
28
6
-21
-49
-23
4
26
39
28
7
-4
-28
-23
-32
13
-4
-11
-44
-76
-77
-83
-74
-68
-60
-38
-22
1
22
27
37
13
-26
-85
-75
-49
-13
-19
-41
-25
-14
18
38
5
-5
-40
-23
-15
-21
-35
-28
-44
-35
-42
-38
-19
9
-12
-46
-66
-45
-27
-11
-25
-57
-82
-59
-57
-31
-45
-55
-64
-54
-12
19
25
0
-18
-51
-57
-40
-6
29
37
45
-2
-29
-59
-54
-55
-43
-28
-15
-6
22
2
-11
-25
-6
23
39
87
73
98
10
-23
-72
-60
-10
40
52
62
44
18
0
0
13
-4
0
4
9
10
10
14
11
36
24
37
10
-1
13
-1
6
-11
-32
-40
-38
-17
12
50
82
77
60
10
-26
-46
-7
47
60
38
-2
-12
-19
14
46
74
62
78
55
89
88
102
89
56
26
-7
-17
-11
-8
5
32
69
102
92
98
70
36
21
24
52
56
53
35
7
-14
-23
-21
4
15
4
-16
-19
-27
-39
-59
-99
-98
-98
-66
-49
-36
-22
-4
11
13
10
-19
-33
-47
-45
-45
-44
-37
-50
-26
-16
-11
3
6
23
25
11
-15
-20
7
11
-25
-64
-92
-94
-61
-69
-41
-16
14
16
27
14
9
11
-13
7
0
25
63
87
85
74
69
44
37
15
10
5
9
-6
-22
-9
-35
-46
-70
-52
-22
-17
-2
0
0
9
-2
-23
-39
-56
-51
-63
-42
-24
-22
-42
-73
-88
-99
-99
-84
-76
-72
-70
-62
-45
-31
10
13
27
26
22
42
87
102
73
-12
-83
-132
-149
-137
-104
-75
-69
-63
-67
-45
-25
-1
-7
-13
-4
-24
-24
-34
-26
-36
-29
-41
-31
-55
-40
-32
-21
8
15
-2
-7
-11
1
9
33
43
36
7
8
19
54
53
79
57
56
57
64
69
76
64
47
12
10
16
9
10
24
21
22
26
35
50
56
29
9
13
29
38
17
6
17
24
35
54
49
32
2
-23
-26
-15
15
57
88
109
114
95
74
21
-7
-32
-38
-49
-41
-29
-36
-56
-78
-65
-5
-8
0
-29
-26
-42
-67
-60
-45
5
20
-3
-27
-46
-45
-44
-26
-20
-27
-18
-34
24
10
30
29
16
20
-22
-18
-24
30
45
36
13
-3
-21
-19
-30
-30
-43
-53
-46
-41
-24
-25
-38
-44
-55
-33
-2
27
63
60
64
32
10
-16
-44
-22
35
70
73
30
-21
-31
-21
0
13
33
87
81
75
30
6
-23
-38
-28
-23
10
17
36
24
30
17
26
40
55
45
34
8
19
20
39
46
36
6
-40
-61
-54
-32
-15
-24
-32
-41
-25
-16
-22
-30
-63
-97
-71
-90
-83
-85
-51
2
27
47
11
-2
-28
3
-5
10
-13
-21
-46
-95
-93
-83
-26
13
10
-21
-52
-50
-38
-31
-29
-47
-43
-50
-38
-25
-38
-58
-71
-58
-35
-12
3
3
-6
-4
-12
14
27
-6
-41
-60
-24
-12
45
10
-26
-43
-35
-1
20
14
1
-22
-47
-49
-37
-45
-30
-13
-26
-33
-33
-44
-53
-58
-49
-16
-16
-24
-42
-78
-45
-40
0
17
23
-7
-31
-37
-32
-39
-30
-41
-61
-83
-89
-72
-44
-11
15
5
14
3
24
27
29
-6
-11
-9
16
2
-27
-39
-44
-35
-9
-19
-20
-20
-4
-22
-32
-46
-68
-79
-85
-41
6
18
15
-12
-4
-31
3
37
35
28
31
44
86
104
90
64
17
24
35
54
45
5
-35
-48
-12
51
70
51
-16
-76
-57
-20
23
59
59
42
17
-1
9
-16
-9
-13
-3
8
33
63
88
101
115
87
79
78
63
53
38
32
46
36
33
27
-17
-42
-58
-46
-19
52
15
-10
-38
-21
13
29
44
27
16
5
8
26
-2
-24
-32
-29
-14
12
-2
34
54
86
68
41
24
-1
-8
-18
-19
-13
5
24
55
56
52
38
31
28
43
48
21
-19
-62
-58
-13
9
5
-39
-48
-49
-11
14
8
-16
-52
-46
-37
-13
15
30
26
18
40
66
71
67
51
46
50
20
-1
-42
-41
-33
-5
25
46
35
8
-3
1
4
8
17
-4
-12
-14
4
16
17
15
-26
-27
-22
-1
22
53
83
66
55
47
66
51
25
-1
-33
-50
-47
-39
-32
-13
-1
21
14
19
7
0
5
-15
-34
-78
-92
-103
-120
-120
-109
-54
-17
42
56
53
22
-16
-22
-42
-24
-44
-83
-102
-127
-118
-96
-60
-26
14
68
75
65
19
-5
-19
-16
1
10
3
-4
-9
-28
-5
5
39
71
57
76
57
46
-2
-40
-95
-128
-122
-100
-40
27
93
100
102
62
50
-5
17
-17
-37
-74
-107
-139
-139
-94
-18
61
114
119
130
95
79
39
-5
-35
-73
-93
-68
-38
-26
-31
-22
17
61
64
60
28
-10
-27
-5
5
3
-9
-41
-40
-32
-15
-6
14
37
61
93
63
37
8
-11
-6
3
2
24
34
51
71
101
64
58
16
16
-14
-17
-23
-17
10
-3
-3
-23
-18
-17
-13
-2
25
45
61
64
29
-26
-61
-63
-32
-13
20
31
22
1
13
12
6
-8
-27
-38
-58
-36
-35
-35
-41
-32
-34
-12
-10
-1
15
62
56
41
17
-9
-24
-30
-16
-7
-12
-18
-16
-13
-4
-7
14
1
-15
-42
-49
-35
-17
11
-24
9
-9
-23
-32
-22
-1
5
1
6
24
28
37
37
8
-4
-31
-25
-11
26
61
81
117
104
98
107
86
79
34
5
-11
3
34
55
38
17
11
51
61
107
84
57
34
48
43
24
-9
-33
-30
-11
16
37
63
56
48
29
13
-11
-44
-81
-116
-94
-68
0
15
43
28
12
17
24
29
58
55
44
29
-4
1
-7
-16
-29
-22
2
-9
-4
12
42
88
89
86
53
25
-3
-1
-5
9
-29
-46
-84
-87
-53
-45
-15
11
41
32
33
-2
6
-3
11
1
-5
-29
-55
-47
-64
-55
-41
-39
-7
11
5
-2
-11
-20
11
26
22
2
-23
-29
-15
-33
-40
-53
-62
-59
-52
-25
-19
-17
-16
-11
7
18
-16
-45
-68
-44
-30
-15
1
-13
-24
-29
-73
-79
-95
-100
-87
-75
-80
-91
-104
-104
-62
-19
-10
-5
-36
-46
-4
18
36
22
35
59
75
63
80
69
47
45
-1
-23
-28
-32
-52
-43
-76
-58
-42
-34
-43
-53
-67
-31
-12
43
35
68
35
34
16
28
39
49
16
26
-23
-21
-36
-6
21
48
39
12
1
20
32
36
-13
-15
-38
-29
-38
-51
-43
-71
-73
-53
-16
15
13
-3
-22
-38
-14
9
8
13
-13
-30
-35
-11
14
17
-4
0
11
30
21
17
-20
-13
-25
-13
-41
-17
-2
30
52
45
15
14
11
8
-16
-51
-52
-52
-23
8
5
6
-21
-24
-48
-44
-52
-60
-89
-104
-84
-76
-35
-23
-9
9
35
36
36
19
28
10
-6
-33
-40
-18
-22
5
6
0
-12
-38
-46
-42
11
33
41
-1
-21
-30
-4
36
66
64
80
52
33
4
-5
-2
0
-12
4
8
23
14
-3
-19
-16
-15
-40
-37
-39
-27
-41
-51
-52
-52
-45
-14
14
47
44
40
2
-25
-57
-61
-38
-5
29
11
-11
-17
-24
-11
11
30
33
18
-13
-26
-36
-40
-46
-34
-15
11
5
2
12
17
25
17
-14
-15
-4
11
14
20
37
52
34
33
14
30
23
34
14
-9
-53
-45
-31
7
-4
6
-26
-15
-13
-1
32
65
85
64
60
48
58
31
30
29
16
-4
-15
-6
39
80
107
90
60
46
37
39
43
29
26
24
24
18
23
32
43
44
50
28
9
-32
-13
-22
-30
-25
-22
25
27
44
46
43
51
32
-13
-40
-67
-63
-65
-57
-55
-40
-24
42
67
72
67
20
-19
-79
-109
-96
-47
12
47
-4
-50
-90
-94
-51
-22
3
32
4
17
0
12
17
11
-8
-21
-13
5
25
88
40
20
-29
-43
-45
-44
-38
-61
-51
-68
-75
-77
-90
-58
-38
-37
-48
-66
-50
-43
-25
-52
-79
-85
-86
-84
-63
-34
-25
-19
-14
-7
-21
-42
-43
-39
-15
-10
16
15
31
21
41
-12
-57
-108
-126
-112
-71
-77
-60
-55
-36
-24
0
5
-3
-36
-66
-79
-86
-43
-20
-2
-21
-19
-27
-32
-25
17
6
-12
-62
-100
-98
-66
-37
-38
-23
-26
9
-4
5
-23
-40
-54
-76
-78
-64
-45
0
5
2
-3
5
28
49
70
50
46
34
17
10
-15
-39
-54
-29
17
42
49
45
19
6
-39
-71
-85
-66
-24
1
-8
-12
-30
-33
-31
-19
-1
0
-10
-14
-12
-4
1
9
0
-5
-22
-21
-21
-16
-17
-28
-23
-25
-19
-14
9
22
15
16
-10
-14
-17
-16
16
23
32
33
41
55
59
43
37
26
34
24
0
1
-10
-18
-25
-40
-49
-63
-34
-13
13
33
68
74
108
147
127
118
55
3
-39
-77
-91
-98
-53
-15
7
6
-6
-16
-27
-21
-19
-12
-3
5
3
-25
-41
-20
-14
-5
-11
-41
-33
1
35
34
14
-30
-48
-63
-59
-43
-36
