-25
-39
-38
-26
-11
7
15
16
3
-1
14
13
17
5
-2
-23
-28
-24
-21
-11
-7
-15
-36
-49
-56
-59
-48
-27
-8
1
2
-12
-22
-26
-16
-3
8
15
9
-2
-11
-9
-5
5
18
11
1
3
4
8
9
10
9
11
8
19
16
20
25
23
13
10
11
20
26
33
36
40
39
39
22
12
13
19
14
0
-6
-16
-6
2
12
6
6
6
-5
-10
-14
-4
9
34
49
57
61
63
62
58
55
42
28
12
3
-11
-24
-25
-26
-23
-10
5
19
29
34
29
21
12
16
8
4
3
7
10
10
11
3
5
15
18
14
4
3
-7
-16
-20
-23
-19
-13
10
7
12
8
2
-4
-2
1
1
4
9
12
4
-5
-23
-45
-52
-43
-24
-10
1
9
12
22
30
33
22
17
1
-13
-19
-21
-29
-37
-42
-54
-60
-46
-19
12
29
38
34
25
17
9
-11
-21
-26
-18
-10
9
35
45
46
47
36
22
0
-15
-28
-28
-28
-24
-27
-16
3
14
14
11
5
-7
-11
-21
-36
-45
-51
-46
-41
-27
-23
-20
-17
-9
7
13
16
10
-3
-12
-28
-37
-52
-44
-37
-30
-18
0
13
18
24
25
21
17
18
7
10
19
31
36
37
43
35
42
53
65
69
61
61
54
53
52
51
56
62
71
68
63
61
59
58
66
73
65
50
32
14
5
1
3
-16
-33
-52
-57
-52
-25
-3
7
7
1
-15
-29
-20
-6
13
12
5
-9
-14
-4
9
11
-1
-12
-26
-32
-34
-32
-42
-40
-34
-26
-15
-13
-6
-1
1
5
-7
-15
-28
-35
-36
-26
-21
-27
-25
-25
-20
-25
-27
-26
-28
-26
-12
2
7
11
9
9
6
2
-7
-25
-29
-30
-34
-40
-41
-43
-61
-70
-87
-99
-98
-93
-91
-89
-75
-63
-49
-37
-23
-18
-11
-7
-13
-28
-41
-31
-24
-13
-6
-12
-26
-39
-44
-56
-52
-39
-20
-9
-2
1
-4
-12
-9
-3
8
19
24
11
7
4
3
-1
-6
-7
-20
-32
-44
-49
-53
-42
-26
-16
-11
-7
-5
-10
-10
-15
-23
-28
-29
-20
-13
4
13
3
-3
-2
3
14
30
38
41
31
13
-9
-33
-38
-38
-30
-25
-24
-34
-39
-42
-37
-34
-37
-36
-47
-50
-43
-35
-25
-14
-1
4
5
1
-8
-23
-26
-21
-18
-11
-7
-9
-17
-14
-2
13
33
41
37
20
9
-1
-3
5
11
15
5
1
-2
1
7
25
41
48
44
33
20
17
24
25
18
14
5
6
16
34
34
28
15
-3
-13
-21
-10
-14
-9
-4
6
18
28
37
29
24
23
20
5
-12
-20
-27
-21
-18
-15
-20
-13
-8
-11
-17
-27
-36
-52
-57
-55
-47
-32
-19
-12
-15
-23
-32
-38
-38
-33
-30
-37
-31
-35
-41
-49
-49
-48
-53
-55
-58
-61
-53
-41
-30
-25
-18
-21
-31
-43
-44
-34
-11
10
8
-15
-41
-52
-54
-47
-44
-40
-42
-43
-38
-42
-42
-34
-26
-22
-22
-30
-54
-70
-68
-52
-35
-21
-9
-11
-14
-23
-33
-35
-24
-8
0
-6
-19
-30
-40
-34
-28
-24
-20
-19
-23
-38
-45
-50
-49
-36
-19
-5
1
1
-13
-27
-31
-22
-12
-14
-16
-34
-46
-50
-32
-19
0
15
23
22
13
15
29
53
74
66
32
-16
-60
-91
-93
-63
-15
28
50
52
27
9
6
14
18
29
31
22
7
-11
-20
-25
-9
13
38
56
58
40
0
-26
-48
-55
-46
-28
-20
-26
-33
-43
-50
-45
-30
-22
-21
-21
-24
-30
-34
-29
-24
-10
7
11
6
-11
-18
-28
-30
-28
-30
-37
-38
-34
-35
-26
-14
-8
-9
-21
-25
-40
-36
-24
-9
-7
-3
3
-4
-8
-11
-5
-1
9
11
6
-1
-4
-3
0
13
25
30
33
29
27
25
36
37
29
17
8
0
-3
14
32
43
49
52
49
36
31
17
11
10
19
19
8
3
-2
-1
2
16
14
14
14
11
3
-1
3
-5
-5
-8
-9
-11
-10
-3
-2
0
3
3
-9
-28
-42
-52
-51
-44
-39
-34
-13
9
22
33
35
36
38
49
50
37
23
16
17
14
17
12
-1
-12
-13
-13
-17
-14
-16
-22
-33
-36
-40
-25
-4
20
37
47
51
51
52
64
64
53
31
19
-6
-17
-27
-32
-32
-25
-9
2
22
42
59
64
62
49
27
8
-1
-8
-16
-12
-2
6
21
38
51
58
65
64
51
37
26
13
0
8
17
28
34
40
44
39
39
35
28
26
33
35
32
32
15
9
5
7
8
-5
-8
-23
-29
-30
-21
-21
-25
-24
-31
-32
-33
-19
-14
-6
8
10
11
7
11
6
0
3
7
9
17
21
9
1
-2
0
0
2
4
-1
-5
0
5
18
34
51
50
44
38
40
45
60
68
67
64
61
55
44
38
22
9
4
14
29
38
48
48
45
43
46
47
47
50
44
28
12
2
-3
-2
15
24
26
19
14
4
-2
-3
-4
-4
-1
12
10
13
7
-4
-11
-9
-6
-13
-19
-20
-15
-14
-12
-13
-17
-13
-16
-28
-47
-51
-46
-40
-36
-31
-26
-31
-26
-24
-25
-28
-31
-27
-24
-9
-9
-11
-15
-12
-17
-16
-17
-20
-22
-20
-11
-8
-9
-6
-11
-15
-22
-26
-33
-32
-25
-16
-7
5
24
22
25
32
36
30
16
5
-14
-18
-20
-20
-25
-29
-14
-16
-13
-21
-26
-27
-16
0
4
9
-1
-9
-24
-29
-31
-23
-6
5
8
-6
-15
-22
-26
-24
-12
-6
-10
-9
-20
-23
-14
-1
15
18
17
-4
-35
-69
-85
-94
-93
-79
-68
-66
-71
-64
-55
-34
-12
1
-3
-19
-24
-34
-33
-31
-29
-33
-36
-30
-31
-19
-14
-11
-19
-32
-37
-47
-45
-38
-34
-42
-47
-54
-62
-59
-53
-41
-40
-33
-45
-63
-82
-95
-98
-99
-82
-76
-68
-57
-39
-22
-16
-7
-7
-15
-20
-18
-31
-46
-54
-60
-60
-53
-46
-42
-40
-36
-31
-27
-24
-18
-24
-22
-24
-27
-39
-48
-44
-39
-22
-7
1
0
-4
-3
-2
-1
-5
1
-9
-20
-31
-42
-32
-15
1
0
-11
-25
-41
-45
-37
-28
-29
-27
-23
-26
-28
-26
-17
-6
11
15
2
-13
-28
-29
-25
-10
-8
-2
-3
2
-1
0
16
26
40
39
44
36
34
34
36
33
35
37
26
18
5
-11
-18
-20
-7
-3
0
6
5
2
9
27
39
50
50
46
40
39
40
37
30
33
39
34
33
17
10
4
2
4
-1
4
5
8
10
23
27
34
42
47
51
57
64
58
40
36
33
47
56
68
61
50
40
37
35
34
18
-2
-20
-23
-19
-13
-1
14
10
8
2
-3
-11
-13
-11
-10
-5
4
21
34
45
41
15
-21
-45
-49
-43
-24
-14
-14
-21
-25
-21
-18
-2
-7
-26
-48
-54
-46
-38
-22
-14
-2
12
21
15
-10
-32
-53
-67
-64
-50
-24
-4
20
25
24
19
22
20
26
36
42
39
35
33
34
43
56
64
58
41
27
10
11
11
24
38
55
71
61
42
25
17
14
30
48
51
53
43
36
19
13
16
18
3
-8
-16
-25
-17
-8
0
10
9
17
17
26
28
26
27
37
39
41
45
34
17
1
-12
-13
-12
-15
-22
-29
-36
-40
-49
-50
-39
-35
-35
-44
-45
-54
-49
-34
-12
0
7
18
6
6
12
8
-1
-24
-46
-68
-76
-66
-54
-44
-39
-27
-23
-17
-9
-11
-17
-29
-30
-22
-9
5
15
12
15
11
16
20
20
5
-19
-23
-27
-27
-26
-24
-27
-29
-20
-14
-1
6
7
-6
-23
-30
-32
-32
-37
-30
-34
-32
-25
-25
-24
-27
-21
-25
-25
-24
-18
-11
-3
1
-1
2
3
-3
-14
-28
-28
-24
-2
16
30
27
24
17
-1
-16
-26
-27
-32
-23
-15
-16
-16
-17
-19
-26
-27
-28
-33
-35
-30
-23
-20
-6
-13
-17
-15
-7
2
6
12
7
2
-7
-7
-12
-17
-10
1
6
9
1
-15
-24
-32
-36
-40
-43
-33
-34
-28
-29
-32
-42
-44
-38
-36
-28
-25
-26
-32
-38
-41
-53
-61
-67
-57
-50
-36
-30
-35
-40
-47
-59
-77
-75
-77
-77
-78
-76
-68
-65
-57
-56
-52
-49
-38
-33
-42
-49
-60
-69
-71
-58
-37
-13
14
22
24
18
17
16
18
18
10
1
-5
0
-1
8
20
33
42
42
38
17
-3
-17
-26
-37
-34
-26
-25
-27
-34
-30
-35
-31
-19
-11
5
15
22
17
12
2
-14
-22
-26
-26
-28
-15
-3
9
18
17
6
-17
-33
-53
-63
-63
-47
-31
-17
4
10
8
-1
1
-3
-13
-25
-54
-84
-105
-110
-109
-101
-88
-72
-56
-44
-36
-42
-42
-37
-27
-19
-8
2
-9
-27
-46
-52
-45
-33
-16
-12
-13
-17
-32
-51
-60
-51
-46
-32
-22
-15
-14
-16
-12
-16
-15
-11
-8
-10
-6
-5
-1
0
-5
-6
-19
-24
-39
-44
-49
-40
-32
-25
-16
-9
-8
-8
-1
3
11
23
22
22
16
19
27
36
44
35
31
27
36
25
9
-2
-8
-6
1
14
13
21
27
34
31
30
42
47
53
53
42
30
27
30
33
38
43
38
22
7
-7
-12
-7
2
19
24
32
31
26
22
28
31
37
52
52
44
31
24
15
4
7
9
20
27
40
34
24
15
7
6
18
34
40
40
39
29
23
20
26
32
35
30
23
12
3
3
1
11
18
18
16
14
26
29
29
25
27
21
24
24
21
31
45
56
51
32
14
3
-3
5
16
18
29
36
39
35
29
27
20
31
38
41
29
10
-15
-29
-23
-13
13
43
79
94
99
97
85
70
62
62
59
49
32
6
-20
-39
-40
-41
-28
-11
-3
-3
-11
-12
-20
-18
-14
-12
-25
-29
-36
-41
-39
-32
-20
-15
-4
0
-5
-9
-20
-24
-24
-13
-5
-13
-35
-52
-61
-61
-41
-21
-5
4
8
3
-14
-18
-25
-19
-9
8
21
22
28
15
-2
-15
-13
-12
-1
14
24
27
24
28
26
38
53
61
55
40
34
27
31
30
28
22
26
-88
-40
-13
43
69
55
12
7
28
39
19
-13
-28
-35
-18
2
24
36
25
23
20
49
60
42
14
-3
9
21
22
11
10
23
43
80
96
89
84
74
92
118
97
69
50
55
41
32
21
28
31
30
7
-19
-4
8
19
-6
-9
-17
-5
18
38
54
44
42
20
32
46
58
41
25
10
21
15
35
35
47
68
58
71
46
39
18
18
22
21
50
47
71
51
46
34
42
33
1
-17
-14
-1
13
25
29
25
-1
-22
-34
-43
-45
-48
-39
-22
10
21
-5
-40
-75
-86
-75
-34
-19
-12
-27
-22
-14
-36
-31
-16
14
40
33
8
7
-5
-13
6
8
25
-2
-16
-69
-97
-99
-65
-33
-61
-84
-84
-46
-4
1
-25
-64
-58
-33
-26
-32
-43
-46
-33
-27
-6
9
25
37
36
22
-12
4
21
57
82
67
41
-2
-21
-22
-3
23
-2
-21
-32
-23
5
18
40
34
29
22
41
59
74
95
100
64
4
-39
-55
-6
33
50
47
20
4
1
24
57
83
80
84
88
112
92
79
37
32
45
57
83
105
136
141
126
79
41
18
10
41
49
31
8
19
39
51
30
-21
-44
-39
-12
4
-11
5
9
22
8
-25
-41
-30
-12
12
8
26
20
10
7
-17
4
7
15
-2
0
7
31
68
85
87
49
14
1
-2
22
62
51
0
-58
-61
1
49
76
91
55
9
-48
-53
-31
3
22
6
-32
-43
-13
-1
7
-15
-19
-45
-40
-43
-29
-10
20
31
44
20
-17
-45
-38
3
39
45
29
-21
-54
-73
-61
-18
10
21
7
-26
-39
-38
-28
-1
8
-19
-58
-90
-82
-57
-30
-2
-3
-7
-9
5
10
3
14
-7
-26
-56
-80
-82
-56
18
41
45
-3
-23
-24
-10
-9
-13
-18
-9
15
16
4
-30
-35
-42
-24
-8
-7
-21
-9
1
25
55
36
21
4
16
33
34
23
-6
17
52
93
117
95
73
52
50
62
65
83
72
84
82
94
103
103
77
76
96
116
104
96
95
104
85
102
78
51
23
-12
-30
-11
15
32
24
16
11
4
-8
-13
-17
-2
5
10
-8
-9
18
54
86
105
92
76
40
41
42
82
93
86
46
-6
-26
-19
35
91
95
65
18
-7
-14
14
40
49
49
18
33
31
38
11
-3
-29
-20
15
20
20
20
26
58
88
99
74
31
33
55
69
58
35
36
36
54
51
43
23
14
16
-1
2
-11
-5
12
24
36
51
37
19
-14
-43
-47
-36
-18
20
10
26
32
19
-15
-35
-25
19
58
83
80
41
23
15
17
17
22
3
0
-13
-12
-20
-18
11
15
19
6
10
11
-2
11
27
69
80
53
26
15
17
43
46
68
75
62
28
10
25
59
126
152
145
117
68
33
9
17
26
24
15
26
33
12
10
-20
-38
-30
-27
4
29
14
-3
-34
-29
30
72
62
36
3
18
27
49
23
16
-12
-26
-22
19
39
33
10
10
21
18
5
-11
-5
10
36
47
36
8
0
-25
-16
-7
34
44
33
-15
-67
-77
-62
-30
22
49
38
-15
-35
-23
-3
3
-17
-41
-70
-52
-15
9
10
8
6
9
-2
4
10
30
44
35
25
34
86
113
122
89
46
12
16
-7
-20
-20
-7
26
22
11
-8
-61
-64
-56
-15
9
30
48
32
23
14
18
40
71
92
96
73
65
78
91
89
69
29
7
11
15
8
0
-34
-73
-94
-87
-46
-19
-38
-74
-101
-61
-16
7
29
51
64
22
-25
-48
-64
-36
-33
-23
-33
-12
-8
-20
-45
-66
-63
-61
-65
-56
-49
-21
-21
-41
-51
-26
1
2
-30
-18
18
47
50
33
13
15
10
4
3
-9
-24
-48
-56
-38
-2
-12
-2
-5
4
12
-15
-65
-104
-125
-117
-120
-145
-178
-209
-205
-183
-157
-168
-194
-195
-177
-136
-92
-55
-38
-30
9
19
71
96
90
60
42
34
25
17
12
42
62
50
26
3
13
53
54
57
67
84
89
69
61
62
77
107
98
92
79
84
90
99
78
51
24
32
39
59
19
-21
-48
-53
-28
-8
5
-1
8
22
33
26
23
14
1
-8
-24
-16
-8
17
24
41
9
-15
-44
-32
13
35
45
26
26
16
6
-18
-36
-33
-19
-28
-35
-18
28
45
40
16
0
-18
-19
-21
-29
-42
-56
-69
-49
-50
-59
-63
-40
-15
-7
-45
-69
-90
-89
-43
-19
2
-4
15
3
-1
-15
-20
-24
-32
-25
-18
-43
-81
-112
-110
-83
-46
-17
8
0
-14
-42
-58
-63
-69
-85
-108
-100
-65
-34
3
-10
-28
-39
-29
-32
-42
-64
-70
-64
-32
-8
-12
-14
-18
-6
16
33
28
4
-18
0
19
-1
-15
-22
-21
29
29
42
21
16
30
56
72
63
46
6
31
40
35
18
-30
-19
4
47
57
76
73
65
51
18
32
42
43
52
61
58
34
-7
-44
-48
-27
6
21
6
5
6
14
17
11
16
1
-4
-6
-29
-50
-46
-49
-5
20
54
19
7
-39
-33
-36
-24
-36
-45
-36
-30
-46
-53
-61
-82
-78
-61
-11
4
3
-10
-17
-16
-8
22
18
31
28
27
41
58
67
43
33
-23
-28
-13
44
82
86
70
67
49
49
35
51
42
55
26
14
15
36
90
111
138
124
87
53
37
68
55
33
-12
-45
-36
-3
23
37
23
46
29
34
14
17
21
52
47
43
45
12
-2
-46
-26
-17
-7
31
55
50
15
-15
0
17
42
20
-21
-36
-23
-3
12
-25
-29
-18
8
42
40
29
30
57
78
92
62
31
-9
8
21
8
-10
-37
-3
25
34
10
-28
-37
-19
9
32
45
38
-3
-7
-5
14
45
38
7
-26
-29
14
39
18
-10
-42
-44
-7
44
77
45
11
-8
4
30
45
24
13
14
22
25
3
-23
-49
-39
-30
-14
-24
-34
-15
6
32
30
22
2
6
32
32
34
6
-23
-70
-98
-99
-60
-62
-55
-94
-99
-104
-94
-88
-66
-40
-19
-12
-24
-31
-52
-42
-37
-16
-25
-53
-78
-66
-9
25
2
-66
-116
-147
-121
-123
-115
-132
-146
-123
-131
-152
-154
-146
-107
-77
-76
-43
-58
-68
-72
-93
-71
-51
-39
-29
-54
-61
-68
-38
-26
-34
-81
-123
-94
-72
-30
-31
-42
-61
-29
4
4
-17
-62
-94
-83
-40
-23
-27
-67
-67
-71
-79
-90
-104
-76
-60
-35
-38
-76
-106
-106
-82
-47
-21
-29
-66
-79
-85
-78
-61
-31
-29
-24
-26
-23
-28
-40
-68
-74
-60
-44
-35
-28
-62
-57
-42
-22
9
-3
-29
-40
-41
-46
-9
-12
-22
-70
-85
-94
-87
-83
-37
-5
-5
-9
-22
-35
-46
-57
-63
-89
-115
-139
-97
-65
-5
12
13
-11
-31
-17
11
21
13
5
27
21
29
32
42
50
30
27
39
39
37
26
3
3
1
1
-10
-33
-37
-35
4
51
57
33
-5
-2
13
24
7
-22
-44
-33
-2
32
49
53
56
60
116
128
108
67
49
43
37
35
14
2
6
32
37
36
27
27
42
43
32
33
17
17
28
39
31
25
0
1
34
69
60
29
-24
-44
-11
29
48
8
-12
-21
-19
-3
14
35
13
-11
-44
-27
6
18
19
57
96
107
57
14
-2
-6
-7
2
22
36
39
42
42
17
0
-9
3
4
36
13
-5
-25
-26
-7
17
25
18
8
7
-12
-15
-32
-14
20
42
75
46
0
-18
-21
13
19
26
14
-2
-28
-31
-3
43
60
37
-3
-17
-19
-27
-34
-22
8
46
55
31
-11
-12
15
44
68
64
45
10
-9
11
6
12
22
41
63
78
88
105
108
106
93
76
68
41
22
11
25
51
56
46
39
15
24
69
102
97
60
35
57
91
113
116
107
83
73
29
21
20
41
68
83
94
105
106
120
92
69
34
24
-1
-5
17
50
92
138
158
148
115
91
82
94
80
67
37
24
25
38
56
114
125
135
132
102
54
-6
-49
-58
-38
-8
17
25
11
-1
19
52
85
102
101
58
23
-21
-47
-33
-8
21
41
59
68
51
30
5
-13
-20
8
46
90
108
108
79
56
40
54
63
52
35
5
-5
-7
-22
-43
-48
-15
17
63
72
58
40
16
14
2
10
24
62
54
60
48
59
55
72
52
38
32
16
-19
-35
-39
-13
-4
17
31
49
70
83
72
62
54
41
25
1
-8
0
18
41
40
22
4
-12
-1
19
52
48
30
10
13
35
59
82
102
98
89
51
17
-24
-9
-8
-7
-16
-24
-13
-18
-12
-17
-30
-47
-57
-99
-93
-89
-45
5
37
68
59
57
37
24
-1
-12
-27
-45
-40
-34
-28
-37
-36
-16
-4
13
-2
-31
-65
-56
-41
-11
-12
-7
-20
-10
-8
-8
-25
-50
-43
-40
-42
-39
-50
-42
-34
-20
-15
-26
-34
-42
-41
-54
-59
-63
-56
-33
-15
-10
-25
-30
-11
17
61
63
35
17
-9
-20
-22
-3
21
35
21
-7
-32
-51
-41
-48
-76
-73
-80
-54
-47
-33
-28
-19
7
27
54
86
80
40
2
-9
1
5
-40
-51
-54
-24
18
30
12
-14
-62
-94
-108
-52
-33
-42
-38
-29
-22
-15
-23
-41
-28
-25
-43
-43
-29
0
23
19
21
23
17
12
-10
-15
-3
3
-20
-48
-55
-63
-50
-16
44
92
91
79
65
48
27
3
6
29
38
26
-5
5
29
65
96
125
129
104
49
17
4
19
36
25
-3
-22
-25
-24
-23
-33
-59
-85
-116
-108
-89
-34
22
42
18
-2
-9
-4
3
-6
-33
-53
-78
-97
-98
-69
-22
10
17
27
20
10
-3
-25
-47
-66
-69
-29
-5
-1
7
-2
24
38
31
8
-17
-14
8
35
57
61
29
19
4
-2
5
8
-24
-79
-120
-116
-90
-34
26
85
112
83
44
0
7
21
41
25
5
-15
-35
-2
29
58
65
64
80
86
69
53
13
-21
-26
0
39
58
41
30
39
71
84
65
37
17
28
49
49
