-54
-62
-60
-56
-54
-41
-18
20
41
41
19
25
38
39
9
-15
-19
-3
24
16
-6
-16
7
48
64
50
21
-13
-25
-25
-34
-60
-66
-69
-43
-13
19
24
27
26
21
1
-23
-38
-38
-27
-18
-29
-67
-88
-71
-27
29
76
93
77
35
0
-25
-9
3
2
-21
-61
-88
-95
-61
-33
-5
5
16
22
9
6
22
37
32
14
-16
-68
-92
-89
-51
-8
20
34
25
22
10
-4
-31
-26
-13
-1
5
-5
-31
-50
-46
-30
-8
11
15
-8
-51
-68
-76
-68
-31
7
47
62
65
66
61
58
42
9
-30
-62
-85
-99
-87
-50
-5
28
41
15
-3
2
35
62
65
56
14
-19
-28
-6
3
3
-24
-39
-53
-45
-25
-12
2
10
20
27
35
27
13
-2
-13
-20
-33
-40
-48
-66
-80
-88
-73
-48
-13
-1
-13
-21
-23
-14
-8
6
-3
-35
-74
-102
-93
-49
25
74
69
39
-1
-27
-34
-30
-30
-47
-72
-92
-111
-109
-86
-53
-26
-10
-6
3
22
49
74
78
54
15
-42
-74
-78
-57
-23
-3
7
18
28
36
26
8
-5
-24
-50
-78
-93
-83
-66
-52
-59
-90
-99
-84
-44
-16
-5
-6
-13
-15
-1
11
16
26
20
8
-4
-12
-29
-61
-50
-29
2
19
7
-13
-30
-15
3
31
45
34
2
-23
-29
-34
-35
-44
-48
-48
-27
-2
8
15
13
3
-14
-5
23
47
62
69
70
67
59
39
7
-25
-32
-37
-55
-65
-79
-84
-79
-76
-78
-80
-69
-34
6
41
43
23
-3
-9
-5
-5
-14
-31
-54
-78
-85
-85
-71
-58
-41
-52
-57
-50
-32
-25
-25
-29
-35
-28
-6
4
1
-24
-34
-47
-35
-23
-9
1
4
-14
-49
-63
-55
-42
-42
-46
-48
-52
-32
-7
18
25
34
30
24
11
-13
-30
-35
-16
-4
-15
-31
-49
-44
-51
-34
-28
-24
-22
-18
-21
-40
-56
-71
-72
-74
-65
-74
-62
-38
-13
11
34
61
72
58
21
-29
-76
-95
-78
-53
-29
-26
-38
-59
-47
-2
40
78
83
67
47
47
53
36
23
22
35
45
51
52
51
61
51
29
11
19
38
45
24
-18
-47
-56
-22
39
85
126
136
117
77
44
15
-5
-32
-65
-106
-131
-104
-63
-20
-1
6
5
12
41
67
80
65
41
11
-7
-23
-53
-74
-76
-43
-5
24
47
62
73
94
98
78
52
34
23
7
-12
-11
0
37
51
28
-18
-61
-73
-66
-42
-11
14
25
27
31
18
22
34
48
60
63
25
-18
-57
-56
-37
-20
3
17
29
45
50
35
3
-3
-1
4
-9
-41
-68
-67
-36
0
-4
-24
-39
-36
-9
21
21
0
-34
-47
-53
-43
-39
-48
-57
-49
-21
0
15
4
-15
-24
-11
12
20
9
-4
-24
-47
-52
-54
-56
-51
-53
-40
-39
-37
-34
-51
-51
-43
-29
-32
-30
-46
-41
-29
-13
6
25
45
43
21
-9
-19
-27
-46
-57
-77
-88
-93
-83
-77
-59
-38
-29
-25
-15
-7
-15
-17
-24
-32
-24
-3
14
13
-5
-27
-45
-61
-59
-31
-29
-22
-9
9
27
34
22
-1
-4
9
12
-1
-13
-18
-5
23
41
46
27
7
-16
-36
-41
-46
-57
-70
-56
-50
-52
-58
-72
-81
-74
-34
16
58
67
65
52
49
54
47
17
-16
-36
-47
-39
-28
-40
-73
-110
-122
-103
-45
24
67
73
56
36
15
14
22
45
64
69
50
-7
-63
-94
-93
-77
-55
-30
-10
13
37
51
42
28
12
16
47
91
119
103
75
45
38
41
45
29
-10
-43
-91
-120
-124
-97
-59
-21
15
33
42
51
65
63
52
21
-20
-64
-89
-95
-90
-79
-49
-10
35
76
101
83
57
19
-9
-29
-37
-39
-39
-38
-33
-36
-47
-50
-50
-54
-53
-58
-64
-75
-62
-33
-4
2
10
7
3
3
-6
-12
-9
-15
-27
-55
-49
-36
-11
3
14
16
7
8
-3
-5
0
12
2
-24
-27
-33
-19
1
35
68
99
116
101
79
42
0
-43
-67
-64
-52
-54
-60
-45
-21
23
58
66
57
29
10
-12
-24
-19
-21
-33
-45
-53
-69
-84
-104
-123
-132
-116
-97
-59
-22
22
46
64
85
97
77
34
-16
-77
-127
-155
-166
-164
-132
-84
-35
-10
5
2
1
-2
-4
-27
-58
-84
-108
-136
-147
-119
-70
-11
12
2
-20
-34
-36
-29
-17
-14
-28
-41
-34
0
24
35
16
-11
-44
-51
-32
-11
-4
-9
-28
-41
-36
-12
10
43
67
53
24
-14
-34
-42
-44
-34
-19
-14
-4
1
-2
-6
-1
11
12
2
-39
-88
-127
-131
-117
-94
-62
-50
-47
-50
-42
-33
-32
-26
-40
-66
-100
-121
-132
-129
-117
-114
-133
-149
-156
-160
-136
-112
-95
-85
-78
-53
-26
3
18
23
23
31
41
49
58
70
80
68
56
46
15
-1
-1
22
55
93
123
131
113
97
82
77
77
57
34
19
22
32
41
46
15
-14
-27
-1
34
38
31
4
-7
-7
20
42
73
115
133
129
99
71
37
27
24
10
-13
-27
-25
-13
-4
17
29
25
-12
-63
-114
-127
-100
-71
-35
-4
17
30
38
46
36
-1
-51
-97
-117
-95
-56
-22
-17
-29
-38
-40
-10
25
46
25
-10
-40
-51
-33
-2
23
15
6
-17
-29
-18
-1
13
8
9
2
1
2
5
0
14
40
68
74
63
46
18
-3
-14
-16
-13
4
24
33
34
37
36
28
12
17
22
35
19
-30
-95
-126
-112
-76
-19
15
32
22
22
33
35
24
-1
-34
-61
-58
-43
-35
-41
-51
-58
-57
-48
-30
-9
13
22
11
-19
-26
-34
-42
-40
-35
-15
-11
-11
-18
-33
-46
-60
-74
-68
-40
-13
-2
-12
-28
-57
-59
-26
14
42
34
5
-36
-53
-46
-27
-14
-11
-20
-40
-43
-39
-17
-1
26
38
26
27
29
35
35
26
20
-5
-24
-46
-53
-63
-53
-49
-43
-30
-7
18
27
26
0
-23
-22
1
21
30
39
24
-2
-34
-58
-68
-70
-59
-60
-48
-29
-4
-3
-26
-55
-77
-93
-85
-45
2
38
38
13
-11
-16
-4
-5
-16
-31
-57
-69
-71
-48
-35
-26
-36
-59
-79
-85
-66
-53
-35
-29
-25
-23
-8
6
4
2
6
19
15
19
16
17
19
24
19
15
9
7
7
0
-9
-23
-34
-27
-20
-17
-24
-46
-80
-85
-61
-22
4
-8
-29
-63
-81
-71
-45
-25
-14
-21
-44
-54
-48
-31
-32
-54
-85
-122
-137
-132
-106
-78
-55
-46
-57
-55
-42
-18
0
23
15
-11
-43
-53
-27
-8
0
-10
-29
-30
-9
6
5
-18
-42
-68
-71
-58
-37
-29
-25
-26
-21
-13
-6
-3
-11
-11
-22
-37
-42
-36
-31
-34
-23
-14
-2
-1
1
-13
-34
-39
-56
-69
-75
-80
-80
-80
-65
-53
-44
-33
-21
-29
-32
-35
-35
-36
-43
-48
-59
-53
-41
-31
-19
-19
-14
-22
-25
-26
-32
-55
-69
-65
-56
-37
-28
-29
-35
-25
-19
-11
4
17
12
-24
-76
-124
-136
-115
-75
-43
-36
-13
4
35
54
61
42
17
10
17
13
10
-6
-5
17
60
92
103
91
69
37
14
9
-4
-33
-58
-80
-85
-59
-22
-2
3
8
31
46
55
49
42
24
8
3
-1
8
22
22
6
4
0
-1
0
11
27
29
24
16
0
-3
-6
-10
-20
-17
-14
-10
-4
6
6
1
10
16
11
-4
-23
-32
-45
-47
-50
-32
1
34
43
46
43
33
22
4
-2
-28
-57
-82
-101
-96
-74
-45
-37
-30
-17
14
44
51
36
1
0
24
59
68
32
-21
-63
-46
9
59
67
48
16
-14
-25
-1
18
39
39
24
1
-18
-26
-17
-6
19
28
25
37
61
96
108
105
71
21
-1
2
12
8
-19
-57
-86
-65
-14
25
36
34
21
16
12
15
15
10
11
8
18
30
29
2
-19
-43
-52
-68
-76
-76
-71
-52
-50
-53
-67
-59
-30
-15
-3
-19
-37
-41
-27
-4
-12
-36
-58
-85
-90
-90
-85
-84
-84
-78
-83
-91
-79
-72
-59
-38
-8
21
44
69
78
73
62
44
19
-13
-15
-32
-43
-62
-77
-78
-62
-28
0
7
5
18
29
43
31
3
-18
-22
7
15
5
-16
-34
-51
-45
-45
-41
-37
-34
-34
-34
-31
-23
-35
-44
-55
-48
-37
-17
-4
-20
-44
-71
-78
-50
2
48
71
64
48
23
-8
-19
-12
12
45
59
28
-34
-100
-144
-142
-97
-40
-2
9
10
-16
-40
-54
-42
-31
-2
25
53
65
52
23
-24
-50
-45
-23
-10
8
27
33
36
14
-10
-49
-56
-45
-17
38
86
110
84
33
-3
-14
11
41
65
59
40
5
-34
-54
-56
-47
-38
-15
-1
19
36
66
81
71
51
23
-1
-26
-48
-77
-94
-88
-80
-64
-55
-58
-66
-71
-44
-18
-2
1
0
-14
-34
-45
-53
-59
-68
-67
-77
-71
-67
-64
-70
-61
-41
-30
-27
-39
-43
-45
-36
-25
-43
-65
-77
-76
-67
-46
-31
-35
-40
-35
-28
-22
-5
-7
-14
-25
-28
-24
-23
-17
-13
-35
-66
-88
-94
-85
-72
-67
-70
-61
-43
-27
-11
3
5
-18
-51
-78
-97
-92
-74
-53
-48
-37
-23
-17
-5
2
13
7
-16
-35
-75
-82
-72
-56
-48
-51
-51
-52
-35
-11
14
18
11
-7
-32
-55
-76
-90
-110
-112
-107
-91
-59
-18
16
22
13
-8
-30
-26
-4
19
28
28
13
-17
-47
-48
-32
-6
2
-19
-41
-36
-4
29
55
74
71
52
23
16
9
19
20
13
-2
-21
-31
-29
-5
30
47
38
6
-7
-19
-4
18
26
3
-35
-57
-54
-23
3
8
-11
-30
-29
-13
21
45
28
-12
-55
-59
-30
11
45
52
38
28
10
7
14
39
65
67
52
7
-25
-39
-18
16
36
57
53
45
30
12
-7
-29
-38
-41
-37
-19
-1
16
41
76
100
104
90
72
30
2
-18
-18
-11
3
17
33
37
53
59
66
63
52
16
-26
-56
-71
-69
-61
-52
-52
-38
-9
18
24
26
7
-9
-11
-3
-1
-9
-5
3
20
31
36
30
11
3
-13
-24
-23
-10
5
17
28
26
25
17
13
2
-7
-3
2
13
19
32
43
70
91
87
60
22
4
-10
-17
-19
-32
-41
-39
-28
-33
-27
-5
38
77
88
67
15
0
9
39
47
32
9
-26
-56
-71
-71
-55
-21
-3
4
9
20
20
27
43
55
40
-6
-44
-71
-69
-40
-21
-19
-19
-10
1
2
-9
-18
-15
-11
-10
-22
-27
-11
9
13
9
-14
-40
-49
-22
11
37
50
61
54
40
14
-5
-13
-6
5
-4
-14
-25
-25
-33
-30
-11
-13
-19
-33
-44
-60
-65
-55
-49
-27
-9
3
17
19
1
-6
5
45
69
64
49
23
-5
-25
-32
-34
-40
-38
-54
-68
-71
-57
-40
-29
-11
3
2
-20
-56
-80
-77
-37
-16
-31
-62
-95
-105
-101
-93
-92
-91
-93
-75
-66
-34
10
32
33
17
-3
-22
-34
-47
-65
-85
-95
-89
-84
-56
-18
7
-9
-38
-46
-41
-4
19
37
26
8
-28
-67
-76
-57
-36
-25
-23
-18
-7
3
11
6
-16
-5
-3
14
22
25
22
29
39
30
8
-20
-33
-37
-33
-17
-25
-35
-51
-45
-36
-18
16
40
40
19
-1
-9
7
30
45
46
41
47
46
55
58
61
54
38
25
-1
-9
-7
-6
-4
-6
-1
-3
7
-3
-17
-38
-38
-23
-18
-6
-37
-31
-16
10
28
31
8
-21
-50
-67
-59
-44
-34
-35
-29
-22
-13
-6
3
-2
-13
-15
-12
4
12
17
8
-8
-5
0
13
32
52
57
63
53
33
-1
-22
-23
-19
-11
-7
-7
-1
9
20
33
51
71
86
88
79
63
43
36
39
46
43
43
37
30
30
34
46
50
69
74
79
84
84
78
60
47
35
26
26
33
38
37
26
3
-20
-26
-10
3
10
9
0
-6
-1
12
3
-10
-26
-27
-14
4
23
18
15
18
28
36
33
22
-2
-13
-10
2
5
4
4
1
12
21
21
13
14
20
25
26
26
31
34
49
50
38
25
22
16
13
18
16
13
6
6
19
30
39
34
18
7
11
6
6
1
7
9
14
6
5
0
6
18
25
24
17
10
-3
-4
10
20
21
12
4
-6
-6
-7
-7
-10
-12
-9
-9
-5
-2
0
-8
1
10
11
14
13
19
17
21
16
11
9
21
34
35
21
-12
-44
-56
-39
-15
2
16
11
4
-2
-7
-21
-33
-25
-12
3
12
25
17
5
2
-11
-22
-39
-50
-54
-40
-25
-25
-42
-61
-58
-54
-41
-36
-46
-63
-71
-54
-41
-18
5
18
22
20
21
18
21
22
30
24
18
-3
-22
-19
-2
15
13
8
-6
-21
-27
-35
-37
-44
-35
-30
-24
-30
-43
-66
-84
-77
-57
-33
-13
-3
-4
-6
-6
-8
-20
-30
-26
-21
-14
-15
-25
-32
-32
-22
-25
-33
-43
-45
-39
-32
-27
-43
-52
-54
-46
-30
-18
-26
-56
-79
-77
-63
-50
-41
-42
-52
-51
-38
-17
-1
7
0
-13
-24
-29
-24
-20
-14
-24
-45
-61
-62
-48
-38
-20
-15
-4
4
19
15
0
-15
-39
-54
-60
-55
-58
-59
-46
-30
-4
23
46
45
36
19
-5
-34
-59
-60
-58
-34
-6
21
33
33
27
10
-15
-45
-66
-75
-63
-44
-34
-25
-13
-5
-7
-8
-26
-45
-51
-35
-6
9
17
2
-20
-35
-32
-16
1
16
7
-10
-22
-21
-17
-23
-30
-40
-44
-38
-21
-14
-11
-4
-3
-19
-34
-42
-43
-27
-10
0
-2
-10
-1
7
21
29
30
36
52
66
48
16
-24
-53
-58
-40
-21
-14
-11
-3
9
17
24
14
-11
-16
-18
-8
-11
-10
-11
-9
-3
12
28
33
42
39
34
30
26
11
-13
-31
-52
-65
-65
-49
-33
-27
-29
-44
-58
-63
-46
-24
-2
10
5
-20
-42
-43
-45
-35
-25
-26
-35
-45
-36
-29
-6
15
30
36
25
11
-9
-19
-27
-36
-42
-35
-28
-28
-30
-28
-19
-16
0
9
23
24
21
5
-11
-8
0
15
21
20
3
-10
-6
-2
-3
-8
-11
-8
1
16
15
4
-10
-16
-21
-15
-2
5
4
3
15
34
58
73
57
30
12
11
27
48
60
58
48
47
49
40
21
2
-14
-32
-43
-53
-62
-63
-57
-44
-36
-12
10
27
38
37
33
15
11
1
-10
-26
-36
-37
-26
0
21
31
29
25
19
8
-5
-25
-39
-49
-52
-52
-46
-24
-2
0
-4
-9
-25
-26
-15
-13
-15
-25
-31
-49
-54
-52
-47
-44
-47
-50
-63
-61
-47
-34
-27
-23
-19
-27
-32
-35
-33
-38
-36
-36
-33
-25
-19
-15
-24
-26
-38
-49
-55
-47
-33
-24
-12
-17
-25
-37
-42
-51
-55
-44
-28
-12
0
3
-2
-11
-13
-17
-23
-31
-28
-22
0
23
36
36
31
34
27
33
33
25
8
-3
-3
-2
1
9
15
21
35
46
44
32
19
6
-3
-9
-15
-19
-14
2
21
31
44
61
83
111
129
125
97
67
31
4
-11
-15
-9
-15
-4
4
26
48
75
88
86
64
17
-33
-71
-75
-64
-41
-16
-5
-10
-12
-1
1
12
23
19
4
-23
-43
-67
-75
-71
-64
-59
-58
-48
-36
-19
0
4
-1
-9
-19
-33
-46
-48
-44
-48
-43
-40
-39
-34
-25
-14
-11
9
18
19
6
-6
-21
-33
-33
-36
-35
-35
-30
-31
-31
-22
-20
-15
-14
-13
-31
-62
-81
-83
-60
-35
-14
-16
-21
-14
-3
5
14
22
10
2
-6
-24
-45
-63
-61
-53
-36
-19
-15
-22
-10
18
42
55
41
13
-21
-30
-24
-10
7
21
36
40
47
42
27
15
9
11
9
9
5
1
3
9
9
1
13
13
15
14
27
40
55
61
48
19
-24
-63
-91
-85
-56
-26
-14
-16
-8
2
26
47
55
48
26
-2
-41
-71
-85
-82
-63
-26
15
50
75
90
89
68
38
6
-18
-26
-22
-22
-37
-40
-38
-23
1
23
36
32
27
7
-13
-30
-34
-26
-17
-9
-14
-24
-26
-7
6
22
39
44
39
30
24
18
13
12
3
-11
-24
-24
-23
-7
9
20
22
16
13
10
21
33
44
41
33
17
3
4
5
10
5
-1
-5
-9
6
29
45
39
24
8
3
7
11
7
-8
-6
-4
7
23
30
36
33
28
11
-12
-30
-32
-33
-37
-42
-50
-51
-43
-20
-11
-2
1
6
13
20
33
20
8
-4
-11
-10
-18
-19
-37
-49
-46
-31
-13
6
21
28
31
20
5
-14
-13
-2
6
-1
-26
-49
-63
-48
-24
-2
8
9
-2
-10
-16
-28
-52
-75
-77
-61
-44
-31
-36
-40
-34
-22
-12
-15
-22
-34
-49
-55
-47
-36
-20
-3
-1
-17
-37
-44
-42
-29
-22
-34
-61
-78
-74
-68
-56
-46
-36
-36
-44
-43
-48
-38
-31
-27
-37
-40
-38
-35
-26
-16
-11
-16
-21
-28
-43
-48
-38
-15
6
32
35
24
19
16
10
-16
-23
-27
-9
18
39
41
27
24
31
42
43
26
1
-18
-15
-11
-19
-40
-59
-72
-61
-32
-15
-17
-37
-57
-75
-75
-61
-48
-45
-45
-32
-22
-7
0
0
-8
-6
4
7
8
-6
-18
-22
-19
-15
-24
-31
-17
11
45
69
63
32
-4
-21
-21
-20
-16
-27
-48
-59
-52
-31
-14
8
12
3
-9
-26
-45
-53
-34
-13
9
13
16
19
15
4
-28
-64
-80
-67
-56
-43
-35
-28
-28
-26
-23
-40
-52
-61
-62
-60
-59
-49
-37
-17
-2
-2
-18
-30
-39
-39
-26
-9
-1
-3
14
35
53
59
49
27
4
-11
-28
-39
-53
-50
-39
-21
9
27
28
18
12
1
-16
-26
-37
-32
-14
6
9
-7
-20
-28
-27
-22
-7
-3
1
17
24
31
22
12
-1
4
22
31
27
14
6
-5
-2
6
15
17
7
-2
-20
-27
-26
-13
-1
16
19
13
-1
-17
-15
-3
19
25
5
-16
-26
-20
-7
12
20
18
10
4
0
-9
-5
-7
-7
1
16
22
25
33
41
50
41
25
-3
-21
-19
-8
6
9
9
6
18
40
61
56
32
13
-7
1
19
34
30
23
10
-5
-12
-8
-5
3
9
15
7
11
14
20
14
9
3
-1
1
15
24
18
20
24
33
41
36
20
5
12
18
36
49
54
43
36
41
53
52
38
29
24
30
37
39
35
34
45
43
43
42
45
44
42
44
26
9
0
3
18
33
40
19
1
-7
-6
0
17
32
29
15
-1
-11
-18
-11
-11
-15
-20
-23
-26
-29
-12
7
26
36
35
23
11
7
-2
-3
-7
-11
-25
-46
-54
-51
-31
-14
-6
-14
-9
11
25
23
7
-4
-17
-17
-14
-7
-10
-6
-5
-15
-23
-31
-29
-23
-23
-26
-42
-46
-38
-20
-17
-16
-16
-15
0
12
12
-1
-10
-14
-16
-4
15
36
51
66
60
38
22
15
18
23
41
39
34
24
25
21
19
21
14
10
8
26
34
31
26
11
6
3
9
4
3
11
23
28
27
32
24
24
23
25
25
31
41
30
18
2
-8
-7
4
21
17
18
18
16
9
-3
-20
-40
-53
-52
-42
-35
-15
2
21
27
22
8
-9
-17
-28
-40
-49
-41
-28
-15
-2
3
4
10
22
13
-8
-25
-33
-35
-36
-31
-37
-28
-5
11
13
-2
-5
-16
-16
-18
-26
-37
-45
-39
-38
-30
-22
-12
-3
8
16
15
12
27
48
54
46
16
-17
-41
-40
-24
-14
-9
-16
-25
-26
-8
8
7
-1
-18
-36
-40
-34
-27
-19
-2
18
34
40
28
14
-1
0
4
7
3
3
-5
-4
-6
-3
-15
-22
-33
-55
-69
-83
-83
-71
-59
-39
-44
-50
-53
-49
-42
-30
-21
-31
-43
-52
-47
-35
-19
-10
-12
-13
-5
9
2
-6
-27
-43
-37
-19
-4
-10
-26
-51
-66
-61
-45
-33
-40
-39
-39
-24
-9
11
17
20
25
9
-6
-22
-16
-9
-8
-9
-25
-43
-54
-48
-43
-43
-37
-39
-42
-48
-47
-58
-63
-65
-58
-50
-39
-26
-27
-25
-16
4
23
44
53
38
18
11
16
22
21
10
0
2
15
15
7
4
7
15
24
30
27
24
42
43
30
1
-12
-4
18
53
67
61
48
37
23
16
18
15
12
9
20
26
27
18
5
0
