-31
-40
-26
-6
15
62
82
103
106
75
76
38
24
-11
-22
-1
-42
-42
-42
-46
-47
-31
-6
-13
-41
-76
-95
-90
-83
-80
-75
-77
-52
-54
-48
-48
-39
-54
-55
-72
-39
-42
-28
-25
-33
-31
-41
-44
-52
-31
-22
-14
2
14
44
42
46
49
59
59
56
42
41
29
-1
-40
-68
-72
-39
-23
17
33
36
10
-6
-30
-37
-39
-43
-74
-107
-136
-160
-134
-93
-54
-76
-111
-118
-116
-95
-97
-104
-101
-75
-27
-1
25
38
20
-1
-5
40
81
85
58
40
33
79
92
125
117
105
75
64
61
65
52
61
69
69
67
125
144
157
131
91
90
82
99
82
81
69
25
-18
-46
-13
39
107
151
158
134
36
6
-5
39
84
70
3
-64
-74
-48
-28
-3
24
60
93
91
52
-34
-94
-153
-181
-165
-121
-49
15
43
31
-10
-45
-59
-63
-54
-59
-31
-6
40
64
88
102
136
117
76
4
-48
-82
-93
-97
-105
-92
-61
-11
54
64
69
57
36
26
-1
-22
-39
-37
-41
-38
-57
-76
-78
-38
20
29
-7
8
37
45
36
31
42
48
53
55
58
71
134
146
145
96
46
2
-38
-60
-69
-57
-1
26
35
30
68
74
90
73
43
-1
-51
-58
-32
28
87
110
116
105
88
43
39
45
46
29
-12
-64
-83
-55
8
71
100
94
66
58
65
34
16
-28
-43
-58
-115
-152
-133
-93
-16
45
98
103
91
74
60
67
60
49
32
10
-19
-32
-46
-24
-2
-24
-34
-68
-79
-76
-72
-16
-39
-42
-55
-54
-5
58
90
89
42
27
14
43
73
75
55
1
-30
-45
-6
27
42
34
3
1
-1
-8
-17
-39
-26
-41
-21
-17
-46
-24
-54
-52
-66
-68
-79
-61
-43
-21
-8
1
14
8
34
52
43
31
7
16
-10
-41
-66
-83
-61
-46
-18
-25
-50
-52
-64
-40
-20
-23
-33
-32
-19
-18
-4
0
13
24
2
-2
-15
-10
12
59
42
44
18
6
24
40
49
36
31
12
30
-11
-24
-40
-31
-28
-30
-57
-83
-111
-103
-71
-26
2
2
-26
-3
38
17
10
-29
-25
-13
7
4
-14
-46
-82
-115
-130
-102
-78
-58
-30
-26
-42
-47
-60
-63
-56
-47
-57
-68
-67
-40
-21
-17
-22
-33
-22
-33
-11
-13
35
25
8
-38
-28
-52
-51
-58
-35
-7
10
6
9
-2
-28
-53
-61
-66
-61
-78
-79
-93
-74
-42
-45
-55
-72
-92
-83
-74
-23
-11
14
6
1
14
7
17
-26
-48
-59
-30
-30
7
38
71
102
102
58
25
7
-43
-49
-62
-40
1
-2
17
9
27
29
40
29
13
15
6
25
41
34
20
-6
-25
-41
-47
-35
-27
-25
-2
29
54
55
57
62
56
36
-4
-32
-27
-19
6
5
12
26
20
39
33
35
-21
-51
-42
-48
-46
-61
-50
-27
23
64
98
100
100
61
6
-46
-65
-41
-3
19
21
10
7
-2
-25
-7
-3
15
38
34
53
55
34
45
20
9
0
-2
14
35
46
9
5
-5
14
42
46
46
-22
-73
-83
-52
15
45
64
55
24
-7
-28
-40
8
45
59
38
1
9
14
51
73
71
69
64
34
36
59
79
69
19
-29
-48
-28
8
31
23
0
-30
-59
-71
-43
-3
14
10
-13
-12
-5
-1
2
11
54
62
41
14
15
60
75
75
45
27
-1
-13
-25
-52
-68
-82
-91
-78
-50
-23
-9
24
50
64
59
45
28
13
-3
-22
-29
-28
-1
17
39
78
75
80
54
40
53
79
79
38
-32
-80
-97
-75
-56
-46
-31
-4
31
70
70
61
24
6
7
0
-13
-26
-73
-58
-45
-20
8
22
9
9
13
21
22
9
16
-3
-9
-39
-30
-52
-48
-63
-54
-8
49
71
68
64
59
60
48
38
26
39
55
66
62
32
33
25
43
49
48
37
40
56
60
63
55
48
34
-5
-45
-82
-94
-61
-58
-37
-34
-18
8
6
8
13
16
-11
-49
-98
-135
-149
-123
-82
-51
-12
-24
-17
-18
-25
-11
-13
-19
-44
-64
-105
-146
-149
-122
-87
-59
-63
-42
-24
-6
-2
-51
-68
-77
-83
-78
-100
-84
-69
-60
-58
-28
-14
10
1
3
-8
-18
-40
-64
-81
-60
-26
-5
3
8
-1
-7
11
5
26
-19
-54
-95
-124
-111
-125
-130
-109
-74
-43
0
44
24
9
-18
-45
-52
-46
-32
-26
-52
-74
-69
-59
-47
-39
-20
-14
-9
-32
-51
-63
-53
-12
16
51
32
26
-18
-37
-25
-5
32
49
9
-46
-80
-96
-80
-50
-44
-39
-18
-18
10
-5
17
7
-14
-38
-22
-3
-8
-1
-12
-4
-26
-35
-20
-21
17
32
45
16
-15
-82
-89
-62
-22
-1
-38
-57
-62
-43
-25
-9
2
14
7
-15
-46
-51
-23
12
53
63
68
24
-3
-36
-46
-27
-35
-37
-61
-56
-35
-11
7
39
52
80
90
91
76
78
61
68
61
85
61
50
-2
-33
-50
-42
-16
-13
-3
35
31
39
11
14
7
19
22
39
60
57
62
52
64
58
36
-11
-23
-34
-29
-27
-15
11
-10
-22
-57
-52
-31
-32
-31
-53
-30
-30
-21
-15
-13
-6
-2
13
30
26
20
22
25
38
37
41
31
16
-20
-28
-37
-25
7
8
8
4
-14
-27
11
7
16
-3
0
22
41
30
27
0
26
57
59
52
24
-1
-18
-1
14
28
19
14
-14
-52
-70
-72
-49
-21
-3
-3
-36
-56
-39
-27
15
40
36
26
3
-25
-42
-45
2
-6
-32
-84
-64
6
86
135
121
73
28
16
7
30
25
5
52
32
68
33
0
18
8
18
35
36
45
38
22
14
8
-16
-40
-54
-33
12
43
72
79
69
58
25
40
29
28
29
24
-14
-33
-25
-10
38
43
34
6
-7
-9
-12
7
-5
-9
-4
30
56
76
85
82
54
21
5
26
65
63
55
9
-22
-21
-16
3
3
19
25
34
14
13
-15
6
14
6
16
21
27
21
14
-18
-46
-58
-69
-61
-66
-65
-20
16
26
22
1
-13
-41
-49
-80
-75
-65
-52
-53
-14
-2
18
0
-11
-26
-24
12
22
36
42
30
33
-12
-10
-3
-5
-10
1
9
13
50
27
24
-1
1
-14
-17
-20
-41
-40
-43
-27
16
49
70
64
34
-6
-15
1
43
97
120
108
35
-38
-84
-63
-28
28
37
74
42
15
-7
2
37
53
27
25
-20
-32
-15
23
66
105
101
83
46
-3
-23
-30
4
3
-13
-70
-120
-125
-127
-73
-46
-36
-46
-50
-38
-40
-33
-56
-32
-45
-33
-18
1
26
47
33
15
5
-14
-13
-11
-20
-7
7
35
59
46
61
48
21
-4
-57
-85
-56
-69
-55
-96
-87
-51
-3
27
39
56
35
32
0
36
-3
-25
-57
-60
-19
-3
-12
-16
10
32
26
18
6
-36
-48
-66
-37
-43
-29
-19
6
29
30
19
-7
2
-13
-40
-65
-73
-34
1
50
58
43
24
-5
0
-11
3
-34
-54
-62
-61
-83
-89
-72
-24
13
44
48
21
24
18
9
-22
-31
-33
16
17
4
-35
-66
-59
-63
-79
-80
-61
-27
3
17
4
4
-2
50
41
64
-2
-56
-69
-72
-61
-59
-43
-35
-27
-43
-31
-29
-9
30
29
25
-21
-66
-52
-36
-34
-26
0
35
36
38
20
7
-12
-15
-5
2
28
11
-12
16
18
20
23
32
38
35
-3
-34
-45
-50
-12
26
68
85
55
38
32
23
21
-9
-28
-46
-76
-91
-86
-67
-56
-22
-32
-32
-40
-23
-1
11
12
-6
10
33
14
26
32
25
16
8
8
12
11
19
23
24
31
38
35
41
44
44
26
11
-4
-25
-32
-27
-32
-31
-23
-19
3
24
44
31
11
16
14
15
-11
-47
-49
-43
-7
24
44
45
45
12
0
-24
-27
-29
-27
-17
-7
3
9
-5
-9
-4
19
17
-4
-40
-73
-100
-109
-117
-121
-113
-68
-45
-46
-59
-71
-72
-74
-73
-76
-84
-60
-53
-45
-51
-69
-70
-65
-46
-32
-50
-60
-87
-92
-104
-90
-79
-74
-57
-34
-12
-6
1
0
-11
-22
-42
-67
-75
-84
-82
-80
-80
-46
-34
-11
-23
-40
-66
-78
-86
-93
-80
-67
-43
-49
-29
-27
-32
-36
-53
-43
-50
-41
-37
-51
-58
-50
-45
-42
-52
-67
-70
-59
-41
-39
-32
-24
-28
-28
-38
-57
-60
-64
-67
-72
-74
-78
-89
-65
-57
-27
-5
-17
-28
-45
-46
-62
-70
-56
-34
2
26
34
11
-6
-7
8
8
5
-20
-44
-36
-29
-20
-34
-60
-68
-55
-35
-3
-4
-17
-40
-42
-46
-14
23
54
58
51
47
23
9
-6
-24
-26
-17
0
15
25
27
25
19
19
17
5
8
9
1
-19
-19
-8
12
22
46
44
50
24
16
0
-5
-9
-23
-15
-8
-9
-10
-26
-24
-34
-18
-15
-11
-28
-24
-22
-23
-29
-48
-47
-57
-51
-55
-45
-34
-13
-3
-8
-9
-15
-32
-47
-46
-58
-76
-87
-92
-76
-63
-49
-39
-30
-4
13
17
39
45
46
6
-17
-29
-21
-5
-7
-13
-4
-9
-4
-13
-9
-1
-5
3
-2
-15
-31
-55
-38
-15
23
44
58
45
43
40
37
36
34
17
-15
-15
-20
-8
-14
-12
-10
-22
-5
6
9
7
-24
-42
-74
-78
-60
-48
-22
5
13
13
15
8
15
18
7
-9
-25
-34
-31
-57
-73
-83
-85
-62
-28
-6
11
6
19
21
20
5
-14
-36
-56
-81
-88
-73
-49
-30
-17
1
12
22
7
9
3
23
49
74
78
62
33
21
-3
-1
-2
4
32
76
127
144
141
115
90
75
68
56
49
21
-1
-24
-41
-24
-20
-13
-12
-19
-10
7
40
39
25
2
-6
-4
9
17
37
49
66
59
60
63
72
69
42
20
31
38
61
76
66
67
56
49
43
34
41
39
29
9
-28
-52
-64
-50
-66
-78
-106
-114
-112
-100
-78
-81
-75
-66
-65
-70
-88
-103
-107
-95
-73
-70
-45
-25
-3
-12
-36
-57
-69
-72
-59
-59
-60
-75
-69
-67
-40
-18
-7
-23
-51
-47
-59
-57
-63
-76
-87
-101
-69
-47
-4
14
10
-16
-41
-57
-71
-80
-88
-91
-79
-65
-65
-58
-51
-25
-11
-12
-12
-20
-43
-46
-43
-22
-36
-35
-47
-44
-46
-44
-42
-30
-8
1
2
-5
4
2
9
5
4
-5
-18
-31
-33
-29
-6
-22
-32
-46
-33
-39
-46
-54
-59
-67
-76
-70
-66
-68
-59
-61
-66
-67
-73
-69
-80
-77
-79
-77
-81
-86
-75
-55
-8
22
31
6
-29
-63
-72
-50
-38
-40
-47
-51
-57
-46
-56
-51
-31
-19
-10
-10
-34
-29
-28
5
24
46
26
27
43
49
46
25
-12
-49
-60
-60
-47
-37
-34
-24
-16
-18
-24
-45
-54
-54
-47
-49
-35
-31
-22
-39
-44
-54
-62
-61
-64
-57
-45
-39
-25
-34
-27
-24
-20
-13
-18
-32
-42
-48
-43
-48
-84
-82
-96
-83
-65
-77
-89
-111
-119
-129
-118
-97
-89
-80
-87
-79
-77
-72
-63
-41
-37
-25
-17
-27
-23
-31
-29
-35
-35
-19
-3
1
11
4
13
3
14
23
31
28
24
17
4
-5
-16
-17
5
11
12
11
18
15
3
10
15
36
47
39
21
14
-1
12
20
41
46
30
33
51
58
53
51
54
52
43
42
29
12
2
-6
-22
-25
-26
-24
-21
-17
-10
-7
8
24
26
21
-1
-11
-6
-2
3
-7
-1
28
54
64
89
89
90
74
47
28
17
2
-20
-32
-30
-1
21
34
54
54
31
14
3
13
-3
-12
-26
-17
-3
11
12
8
-6
12
7
9
14
-3
-18
-29
-47
-53
-31
-1
19
12
-17
-36
-32
-15
-1
-20
-46
-66
-72
-75
-78
-78
-96
-94
-75
-60
-44
-43
-29
-29
-21
-13
-5
-1
7
9
12
2
-28
-43
-56
-54
-71
-86
-88
-62
-29
-14
-10
-18
-36
-35
-13
-18
-32
-43
-38
-16
8
18
15
1
-5
-3
3
26
40
24
1
-3
-11
-14
-11
2
4
12
3
-5
2
7
31
34
26
14
3
4
23
47
61
77
77
71
49
34
34
43
47
61
60
40
25
7
2
3
34
39
46
25
14
-2
4
7
14
27
62
76
79
40
29
17
26
27
12
-14
-22
-9
5
23
35
34
32
31
41
23
5
-17
-23
-18
-8
2
19
47
65
70
43
35
17
-15
-27
-35
-48
-44
-47
-26
-27
-28
-16
4
11
5
-20
-44
-62
-66
-57
-63
-58
-55
-41
-31
-21
-17
-12
-4
15
5
-9
-37
-59
-51
-36
-38
-34
-42
-39
-40
-44
-32
-21
-17
-28
-16
-26
-19
-19
-10
-16
-25
-18
-12
-2
10
18
19
22
11
3
-16
-29
-54
-66
-53
-40
-36
-31
-24
-16
-38
-37
-72
-91
-91
-79
-57
-44
-45
-40
-45
-55
-55
-61
-59
-36
-15
-12
-26
-23
-32
-37
-39
-50
-54
-49
-39
-20
-14
-19
-36
-57
-67
-44
-35
-27
-23
-36
-37
-31
-19
-30
-28
-16
-17
-1
13
26
20
3
-29
-33
-43
-26
-14
-21
-8
5
22
46
58
67
77
80
82
65
26
-3
-27
-49
-61
-60
-47
-32
-9
-3
2
4
5
-22
-55
-82
-101
-109
-115
-81
-38
12
42
57
50
36
12
-12
-42
-57
-72
-102
-115
-133
-127
-106
-67
-25
-6
3
2
-4
-7
-14
-27
-48
-67
-77
-101
-118
-106
-102
-103
-98
-82
-55
-22
6
22
23
-3
-38
-78
-101
-100
-95
-70
-48
-21
7
39
48
41
24
13
6
-29
-53
-87
-103
-118
-109
-92
-65
-44
-43
-44
-31
-1
26
28
24
15
-15
-42
-70
-89
-81
-88
-79
-77
-63
-31
-2
23
36
45
35
16
-2
-13
-21
-25
-25
-56
-62
-68
-48
-38
-37
-41
-48
-68
-72
-64
-62
-44
-31
-29
-4
0
8
18
31
37
34
28
33
28
10
11
-8
-15
-19
-14
2
28
53
54
37
7
-28
-48
-70
-74
-78
-56
-42
-8
9
24
35
38
29
13
4
-38
-58
-80
-81
-72
-54
-32
-15
-5
17
29
28
36
36
17
7
-13
-28
-52
-62
-66
-71
-70
-71
-53
-49
-25
-18
-8
-2
-18
-43
-60
-52
-37
-12
-9
-12
-9
-40
-43
-56
-68
-56
-20
-1
17
22
9
4
-2
2
-3
-13
-20
-23
-26
-27
-11
-8
-7
-22
-45
-75
-91
-100
-115
-118
-102
-71
-36
-11
-9
-9
3
-1
-6
-47
-69
-74
-60
-34
-11
5
13
2
-24
-14
-1
40
53
35
11
-28
-64
-64
-53
-30
-33
-36
-15
-1
15
23
13
15
5
-22
-58
-92
-98
-94
-79
-61
-54
-41
-36
-25
-14
-5
3
7
-2
-12
-19
-20
-23
-4
13
19
19
12
4
13
33
39
25
-10
-46
-77
-85
-85
-69
-63
-71
-75
-86
-73
-41
-21
2
30
36
35
18
25
20
0
-25
-40
-61
-52
-47
-55
-58
-59
-38
-27
-24
-42
-57
-73
-66
-63
-59
-53
-46
-54
-50
-60
-49
-43
-40
-47
-63
-69
-73
-73
-89
-82
-72
-67
-60
-39
-26
-19
-28
-14
-39
-50
-63
-66
-53
-42
-40
-50
-57
-51
-39
-50
-51
-59
-58
-39
-22
-12
-25
-32
-36
-37
-7
-2
-3
-16
-21
-32
-44
-59
-71
-60
-45
-6
4
1
-22
-53
-62
-53
-28
-4
0
-11
-11
-43
-31
-32
-23
-13
-9
-3
0
-1
6
8
-15
-40
-40
-71
-68
-84
-74
-47
-20
9
24
20
26
22
8
-1
-15
-22
-16
-15
-5
-2
11
14
17
26
46
49
28
24
15
21
12
13
3
7
11
13
15
13
25
19
13
8
-12
-13
-28
-35
-57
-64
-65
-50
-32
-7
34
44
69
65
56
27
-18
-55
-86
-95
-87
-72
-47
-23
-5
3
5
16
25
33
37
28
0
-24
-53
-52
-51
-21
0
3
2
-2
-8
-22
-24
-26
-27
-26
-33
-29
-41
-34
-54
-48
-45
-31
-20
-15
-10
-5
-17
-24
-25
-23
-14
-11
-32
-49
-63
-54
-48
-23
6
44
68
74
72
60
34
15
1
-4
-16
-10
-2
29
43
52
50
84
97
93
62
44
15
-5
-8
-13
-14
-20
-2
24
41
50
37
40
58
90
111
108
90
61
48
35
22
17
14
35
51
54
51
39
22
7
-4
4
5
4
15
21
31
60
56
45
36
27
15
1
-18
-27
-33
-32
-36
-41
-47
-32
-5
16
17
1
-15
-11
18
25
11
6
-1
-12
-26
-29
-32
-21
-15
-12
-7
-6
-10
-7
-1
18
24
1
-33
-53
-68
-77
-84
-89
-80
-56
-16
4
14
30
28
10
-9
-30
-45
-44
-30
-21
-17
-1
15
41
52
57
45
26
-14
-56
-100
-130
-131
-122
-115
-100
-83
-56
-17
15
37
47
42
24
-24
-69
-78
-67
-49
-18
-14
-13
-36
-53
-56
-65
-48
-50
-58
-46
-43
-41
-42
-30
-10
9
10
10
-11
-24
-46
-64
-74
-88
-79
-87
-73
-54
-36
-25
-8
11
28
33
28
31
23
19
15
-8
-17
-17
-14
-15
-21
-24
-30
-29
-9
-19
-13
-31
-60
-76
-99
-93
-75
-68
-68
-73
-87
-113
-122
-122
-100
-72
-55
-49
-65
-59
-56
-62
-62
-77
-101
-106
-106
-86
-73
-51
-44
-46
-45
-43
-47
-59
-53
-53
-41
-39
-5
11
25
20
-1
-23
-43
-41
-45
-49
-51
-41
-12
27
53
66
56
68
66
51
32
0
-6
-7
-6
12
26
63
74
66
54
23
11
-25
-19
-8
-5
9
9
8
-5
-16
-23
-3
22
41
47
23
1
-13
-24
-15
-16
-29
-26
-18
1
19
31
27
4
-15
-20
-23
-20
-2
-2
-2
-1
26
47
49
47
49
52
21
35
35
41
49
38
39
33
17
-1
-34
-35
-45
-15
-3
-3
-17
-29
-27
-32
-28
-8
9
15
7
1
-11
4
4
9
-2
-2
1
19
36
23
37
46
62
51
24
14
0
7
24
49
53
48
21
39
53
61
61
36
10
-7
-30
-43
-52
-45
-39
-17
16
22
26
18
33
51
46
33
-7
-53
-98
-128
-158
-155
-127
-93
-73
-63
-50
-36
-21
-2
4
14
24
15
-7
-20
-16
-12
-19
-47
-75
-100
-99
-98
-100
-89
-79
-73
-97
-109
-96
-53
-7
15
38
28
6
1
-20
-5
-10
-17
-42
-41
-33
-42
-43
-46
-44
-40
-41
-36
-40
-48
-44
-53
-59
-60
-42
-39
-14
-11
-1
-7
-9
-29
-48
-59
-57
-38
-40
-43
-50
-58
-56
-71
-96
-127
-119
-111
-99
-91
-78
-74
-63
-50
-48
-46
-55
-48
-70
-61
-61
-44
-41
-42
-42
-42
-29
-30
-19
-17
-20
-17
-24
-27
-25
-6
-9
-9
-9
-31
-43
-51
-45
-45
-45
-60
-74
-68
-57
-53
-49
-53
-56
-43
-27
-9
3
-13
-10
-24
-29
-35
-26
-14
-20
-10
-20
-23
-34
-40
-29
-7
19
26
23
20
27
14
-6
-14
-17
-11
-12
-16
-24
-25
-19
-17
-13
-21
-11
-20
-1
17
30
23
19
28
47
47
41
31
7
14
9
1
-10
-23
-33
-44
-51
-46
-50
-41
-50
-44
-31
-12
-10
-15
-21
0
19
6
-13
-42
-51
-43
-33
-20
-14
17
32
46
37
23
-1
-13
-7
3
13
14
-7
-24
-39
-18
19
37
35
36
33
41
35
19
-8
-27
-32
-39
-32
-30
-25
-21
-12
10
9
8
5
-3
-19
-22
-22
-18
-18
-14
-20
-10
8
12
5
-1
4
3
-1
-7
-15
-36
-56
-60
-54
-30
-13
0
-11
-16
-15
-18
-16
-3
-11
-15
-17
-15
-10
-5
-3
-20
-39
-66
-60
-50
-27
-22
-26
-32
-54
-59
-95
-94
-93
-54
-29
-7
12
-4
-19
-33
-29
-33
-24
-32
-32
-23
-33
-32
-37
-22
-26
-46
-58
-69
-84
-76
-77
-72
-74
-70
-58
-43
-34
-23
-22
-31
-39
-42
-41
-38
-39
-53
-70
-82
-74
-56
-54
-36
-39
-43
-45
-32
-26
1
14
9
4
-6
4
2
4
-2
-4
-13
-7
-7
-19
-18
-28
-23
-23
-13
-10
3
-20
-54
-70
-75
-43
-1
26
58
72
54
4
-30
-59
-74
-92
-97
-84
-78
-53
-49
-49
-49
-33
-25
-2
18
22
7
-8
1
-1
4
0
-11
-27
-57
-64
-65
-30
4
21
1
-31
-57
-73
-66
-62
-54
-49
-64
-56
-46
-37
-21
-26
-35
-41
-32
-24
-20
-30
-50
-70
-75
-77
-83
-91
-75
-57
-28
-17
-2
-2
0
-13
-39
-63
-51
-12
13
