-6
3
1
-2
2
-1
-2
-6
-2
-8
6
28
47
48
36
29
13
9
0
-13
-28
-34
-21
-9
7
19
21
12
0
-13
-29
-39
-50
-67
-85
-82
-78
-71
-57
-40
-29
-29
-23
-15
-5
-1
4
1
1
2
-6
-21
-37
-47
-56
-52
-36
-23
-13
-14
-18
-36
-55
-63
-58
-44
-31
-22
-34
-40
-41
-40
-35
-20
6
27
38
34
20
4
-1
2
0
-3
-3
1
4
13
10
1
-9
-11
-7
0
16
23
19
7
7
10
14
14
1
-15
-21
-11
-4
-10
-21
-34
-42
-38
-24
-7
-9
-16
-32
-39
-27
-2
10
20
15
-3
-21
-29
-19
-3
16
22
13
-9
-26
-22
-11
10
33
37
16
-19
-44
-59
-50
-32
-12
-4
0
-5
-9
-6
2
3
-4
0
-1
-6
-20
-23
-15
-8
4
8
13
13
24
36
41
52
50
36
21
17
18
24
33
28
21
13
23
33
43
39
23
0
-11
-17
-24
-22
-9
5
26
39
46
30
8
-5
-10
-11
2
19
25
28
24
10
-11
-22
-17
-6
15
29
31
20
13
13
17
19
15
2
-17
-21
-29
-39
-42
-31
-15
4
18
11
-12
-22
-11
16
39
48
36
15
-4
-16
-29
-39
-38
-37
-36
-27
-10
-7
-11
-17
-28
-31
-26
-14
-17
-23
-29
-37
-49
-64
-78
-98
-98
-78
-38
-3
20
27
22
18
11
-9
-29
-31
-30
-29
-33
-31
-19
-9
13
16
17
10
-1
-13
-29
-29
-36
-41
-41
-36
-40
-56
-62
-63
-50
-30
-6
7
4
1
-4
0
-3
-13
-42
-67
-73
-61
-43
-28
-15
-13
-14
-2
1
3
8
19
19
26
28
23
7
-13
-24
-24
-9
22
43
41
29
9
-6
-11
-2
0
1
-5
-17
-19
-20
-23
-33
-55
-54
-37
-7
22
44
46
31
20
3
-4
-7
0
0
-2
-6
-15
-15
-6
11
20
26
28
21
9
-13
-40
-78
-111
-124
-115
-89
-57
-28
-14
1
16
37
49
48
36
6
-26
-53
-76
-87
-80
-57
-26
-2
17
29
29
29
23
18
13
9
-10
-25
-24
-22
-21
-32
-41
-44
-39
-19
-8
-10
-22
-35
-47
-51
-46
-44
-38
-29
-11
7
22
26
18
-6
-29
-31
-26
-9
5
6
9
13
33
43
52
53
50
37
20
3
-17
-23
-15
-9
-7
-10
-5
2
17
23
20
9
9
11
7
-1
-8
-15
-17
-8
-3
7
16
24
32
33
42
47
48
45
37
12
-15
-24
-32
-35
-29
-8
4
4
-1
-17
-19
-9
8
6
-7
-28
-43
-43
-45
-40
-47
-47
-33
-12
3
9
11
-3
-9
-11
-13
-13
-14
-17
-15
2
25
35
20
-2
-31
-48
-44
-26
-14
-21
-29
-43
-54
-58
-52
-52
-49
-40
-41
-51
-72
-86
-88
-76
-50
-38
-34
-30
-21
-17
-13
-13
-19
-22
-25
-20
-27
-29
-20
-8
6
17
21
12
5
2
5
3
-1
-1
-10
-8
6
5
-5
-6
-1
1
-5
-23
-36
-42
-26
-8
-6
-10
-11
-6
0
13
7
-12
-37
-48
-48
-49
-49
-61
-67
-58
-34
-16
-20
-31
-56
-69
-72
-59
-53
-52
-42
-31
-17
-1
12
9
3
-9
-32
-53
-68
-72
-72
-64
-45
-31
-22
-20
-17
-23
-22
-13
4
7
14
17
5
-3
-3
3
5
6
-7
-25
-37
-42
-42
-45
-40
-39
-41
-42
-49
-57
-67
-56
-39
-17
2
16
15
-10
-19
-30
-28
-20
-1
23
36
46
28
4
-9
-8
-13
-26
-40
-56
-63
-54
-24
1
27
38
42
36
28
29
26
27
34
31
18
-1
-11
-13
-5
6
5
6
12
35
43
47
39
40
36
33
14
-10
-29
-38
-33
-27
-5
10
20
23
20
26
28
51
71
83
87
88
82
73
71
60
51
49
59
64
58
45
25
10
8
21
14
10
2
-7
-13
-14
-1
2
13
28
39
34
16
-4
-23
-19
-1
18
29
29
32
31
38
54
63
57
51
46
31
10
-10
-26
-41
-34
-26
-17
-10
-3
6
13
27
25
14
1
-1
3
9
16
14
7
10
19
31
41
47
42
32
18
5
-19
-37
-39
-26
-13
-17
-11
-18
-8
15
31
28
15
2
-5
0
13
18
11
7
19
32
47
60
64
59
51
47
40
33
22
1
-18
-20
-11
-2
7
20
33
31
24
2
-13
-15
-6
-1
-12
-18
-28
-21
0
27
41
19
-11
-37
-39
-25
-3
1
-2
-6
-5
-8
0
27
48
70
71
51
16
-15
-21
-25
-23
-34
-48
-52
-42
-18
-11
-3
6
10
-1
-10
-22
-27
-21
-7
3
3
6
13
17
11
-1
-25
-55
-69
-78
-70
-48
-22
-4
3
18
25
31
28
15
-7
-34
-40
-39
-36
-39
-34
-34
-24
-11
5
14
11
0
-25
-35
-36
-29
-32
-41
-40
-42
-40
-31
-16
-1
13
15
-6
-21
-29
-28
-32
-38
-50
-68
-75
-71
-56
-38
-19
1
3
-4
-14
-28
-40
-40
-43
-38
-33
-17
-4
-1
8
11
10
-3
-14
-29
-39
-38
-47
-54
-61
-55
-50
-36
-19
-8
-5
-8
2
-1
2
5
11
18
21
32
29
33
33
39
41
40
34
8
-14
-32
-34
-31
-18
-3
7
16
29
38
30
14
-3
-29
-38
-40
-35
-37
-27
-22
-12
7
24
38
29
24
12
5
2
2
-5
-20
-28
-35
-31
-19
-2
3
0
-4
-3
2
8
20
11
3
-1
-10
-15
-28
-43
-61
-61
-40
-8
16
26
30
19
12
4
3
-8
-14
-19
-31
-29
-24
-16
-17
-18
-21
-20
-8
4
18
17
21
10
-1
-7
-11
-18
-27
-23
-7
16
40
60
59
42
21
-2
-18
-17
-11
-3
0
8
7
0
0
11
19
22
25
25
24
19
21
6
3
-7
-18
-28
-30
-12
-11
-1
3
14
22
16
15
-5
-15
-15
-8
-4
2
-6
-31
-51
-57
-46
-33
-19
-11
-15
-19
-24
-30
-41
-34
-25
-17
1
15
10
-1
-4
-3
-14
-29
-42
-47
-40
-33
-37
-57
-71
-59
-35
-4
13
13
5
6
21
30
28
12
-12
-38
-54
-61
-66
-52
-18
33
80
106
102
62
28
13
8
-6
-23
-45
-55
-46
-25
-3
4
10
2
-8
-8
-2
5
-1
-6
-18
-29
-34
-26
-15
-11
2
2
-2
-7
-3
-3
4
29
45
50
44
41
26
6
-8
-25
-38
-43
-33
-20
-1
10
10
-3
-9
-7
-6
-5
5
14
18
22
26
18
19
30
38
25
4
-13
-20
-7
19
36
31
20
17
15
32
42
48
38
33
25
17
1
-1
-9
-23
-24
-28
-16
6
31
47
39
26
-5
-32
-57
-66
-72
-64
-40
-5
18
31
24
0
-28
-52
-67
-76
-76
-71
-75
-74
-67
-53
-32
-11
12
10
0
-13
-19
-19
-25
-32
-49
-46
-30
-8
4
7
7
5
12
13
-1
-34
-43
-40
-20
-7
1
-4
-14
-17
-22
-25
-30
-34
-33
-33
-26
-26
-33
-35
-22
-10
-1
1
-6
-10
-1
12
7
-14
-53
-92
-111
-100
-62
-42
-30
-21
-6
17
34
49
38
34
30
31
23
17
27
35
58
80
91
85
76
65
50
34
8
-8
-31
-34
-39
-39
-32
-16
4
21
41
39
28
2
-23
-47
-68
-63
-49
-30
-11
4
3
-7
-13
-28
-45
-61
-70
-85
-81
-60
-34
-12
-8
-15
-36
-53
-55
-48
-31
-18
-1
-14
-27
-44
-55
-64
-60
-46
-40
-29
-23
-15
-10
-2
9
19
20
22
18
4
-14
-38
-72
-95
-107
-98
-81
-46
-20
-7
-6
9
25
35
44
29
6
-10
-13
3
23
53
62
54
37
24
9
3
9
15
19
19
27
29
36
41
36
20
2
-4
-11
0
25
41
42
32
21
4
-2
-1
3
5
7
12
10
18
20
17
5
-11
-29
-47
-48
-39
-21
-12
2
1
1
1
2
3
-7
-4
-5
6
14
22
9
-10
-27
-39
-43
-45
-41
-40
-30
-13
-1
0
-15
-31
-53
-56
-29
5
26
19
-1
-27
-32
-20
-12
-15
-18
-7
9
31
50
51
28
2
-12
-20
-13
-5
-4
-8
-6
-3
1
3
6
8
4
11
15
4
-6
-8
-1
2
15
20
27
34
44
48
39
38
25
17
11
18
22
25
30
30
29
26
24
20
26
41
46
32
8
-10
-21
-19
-12
-16
-16
-13
14
33
47
39
21
-3
-5
2
9
5
-4
-20
-26
-12
4
2
-10
-12
-2
1
14
4
-3
-1
7
10
5
3
6
17
38
48
41
22
21
27
40
52
56
59
61
73
72
57
37
28
28
30
32
30
29
42
70
80
77
60
47
35
30
32
16
9
-1
-4
-1
4
17
12
15
26
32
20
-1
-18
-22
-4
11
21
19
26
35
44
56
51
37
7
-9
-13
-2
9
30
41
35
24
9
4
11
21
14
-12
-28
-39
-28
-9
11
19
30
47
53
44
16
-2
-20
-18
-11
-11
-17
-10
9
26
43
42
14
-26
-67
-90
-105
-104
-93
-82
-73
-51
-27
-10
2
-6
-16
-30
-32
-36
-38
-30
-8
10
14
9
4
0
7
18
21
-2
-24
-53
-73
-73
-50
-19
0
13
3
-9
-16
-13
-13
-18
-31
-48
-62
-64
-50
-44
-32
-18
-9
-12
-30
-51
-62
-53
-33
-17
-13
-10
-2
-13
-26
-43
-50
-51
-38
-26
-23
-31
-35
-32
-23
-12
-14
-21
-11
9
34
39
33
15
1
-5
-7
-16
-35
-28
-14
-2
5
5
9
9
21
20
-1
-29
-45
-49
-39
-21
-9
3
6
9
1
-7
-12
-13
-20
-24
-29
-41
-47
-37
-17
15
38
53
28
0
-26
-40
-52
-57
-57
-63
-62
-50
-34
-15
0
9
13
24
32
31
12
-5
-18
-21
-17
-10
0
13
38
50
44
22
3
-20
-38
-36
-34
-32
-33
-29
-27
-20
0
12
17
5
-8
-36
-54
-53
-53
-52
-53
-40
-24
-2
18
37
46
56
59
38
8
-23
-41
-47
-39
-24
-17
-10
2
13
21
25
21
7
8
20
36
40
35
27
24
29
33
24
7
-3
-14
-28
-41
-49
-54
-47
-18
-2
12
11
15
18
15
7
-18
-47
-67
-69
-67
-60
-45
-35
-26
-20
-5
2
6
-2
-21
-35
-41
-32
-31
-29
-28
-19
-13
-4
1
-15
-35
-50
-52
-58
-71
-87
-107
-99
-73
-45
-23
-2
12
13
-1
-22
-36
-40
-22
-6
2
3
9
21
28
44
44
30
13
0
-5
-2
14
26
24
10
0
-11
-5
14
27
33
42
56
54
57
51
33
9
-9
-4
10
35
65
84
90
79
62
29
0
-16
-21
-32
-38
-38
-36
-23
-12
-7
-6
-1
3
-8
-28
-43
-47
-44
-26
-8
15
40
62
68
57
53
34
16
0
-11
-22
-33
-25
-9
17
43
68
75
70
62
41
12
-24
-54
-84
-103
-107
-102
-90
-75
-55
-50
-34
-17
0
0
-9
-19
-44
-66
-80
-73
-63
-49
-41
-41
-33
-17
-5
-9
-14
-30
-48
-55
-56
-52
-60
-64
-77
-81
-71
-42
-16
-11
-19
-42
-68
-77
-66
-43
-27
-6
-1
12
16
19
19
14
21
25
20
7
-5
-17
-21
-13
-9
-1
5
12
1
-3
-8
-12
-15
-24
-17
-11
7
25
33
28
24
26
24
29
31
24
7
-2
-3
-3
-2
6
15
20
29
22
1
-20
-31
-34
-22
7
27
32
24
13
17
19
34
33
27
28
29
38
30
24
7
-9
-14
-9
-14
-24
-31
-22
-7
5
1
-26
-56
-68
-64
-52
-47
-41
-49
-47
-46
-45
-51
-59
-66
-70
-54
-35
-24
-33
-45
-56
-60
-60
-63
-63
-67
-51
-38
-25
-18
-6
9
7
7
-2
-10
-11
-8
-18
-40
-60
-81
-78
-57
-29
-17
-22
-18
-11
1
5
1
-17
-35
-37
-34
-33
-36
-36
-37
-25
-4
7
8
3
-6
-21
-33
-33
-30
-28
-35
-40
-49
-43
-27
-6
19
30
35
22
17
25
38
41
31
1
-37
-61
-58
-28
-2
14
6
-17
-21
-7
17
31
42
37
35
29
23
6
-6
-2
7
22
33
41
34
21
14
14
14
9
6
-5
-12
-16
-13
-17
-20
-14
-19
-17
-13
-3
4
8
5
-15
-30
-32
-22
-7
5
15
12
20
26
25
12
9
9
2
-13
-34
-45
-56
-52
-49
-44
-28
-2
21
38
48
36
19
0
-14
-10
-2
29
52
66
67
66
58
49
54
54
43
29
25
24
32
41
42
38
31
29
11
-1
-8
-19
-29
-41
-44
-41
-14
14
38
42
37
25
5
5
6
8
-2
-13
-28
-47
-54
-51
-42
-37
-27
-15
-9
5
13
15
0
3
1
1
0
8
17
29
46
50
44
28
19
17
15
32
43
36
14
8
8
16
24
30
27
33
29
12
-4
-17
-31
-38
-53
-42
-30
-26
-15
-7
-4
3
-10
-25
-26
-18
-12
-19
-28
-21
-4
17
36
34
16
5
14
27
44
48
44
28
42
47
55
52
46
40
21
16
12
-1
-6
-8
-3
-8
-21
-37
-53
-58
-53
-39
-25
-3
0
-8
-29
-25
-16
-2
20
20
21
25
39
43
43
33
27
13
8
2
-9
-19
-13
-9
0
5
2
-2
-5
-1
1
-6
-12
-8
-6
-11
-8
-17
-20
-34
-30
-28
-8
20
30
23
12
0
-10
-11
-5
9
10
17
18
19
18
25
34
36
51
46
40
25
32
34
38
41
41
46
47
52
51
46
56
64
65
67
66
55
49
36
13
-8
-29
-16
-11
-1
-11
-20
-31
-32
-32
-14
-8
7
19
24
22
20
14
14
13
9
4
-4
-6
-7
-9
-14
0
10
4
-12
-30
-44
-37
-26
-16
-14
5
6
-2
-12
-25
-23
-27
-22
-24
-21
-14
-8
-14
-27
-34
-32
-23
-6
16
27
31
34
27
17
10
5
-6
-4
7
17
21
21
21
17
23
34
44
38
16
6
2
8
13
24
34
49
59
55
42
35
27
12
0
-12
-26
-27
-16
-21
-26
-21
-13
-7
5
11
21
23
30
24
17
10
10
-1
-3
7
16
20
7
-2
-21
-36
-34
-35
-24
-23
-14
-17
-16
-21
-28
-33
-29
-14
-30
-41
-59
-58
-53
-32
-18
-5
1
11
18
20
14
1
-7
-15
-8
-10
-17
-5
2
5
-18
-36
-48
-43
-28
-14
1
22
43
59
50
28
1
-18
-24
-16
-21
-33
-32
-26
-5
10
27
24
23
25
16
13
14
28
28
26
18
17
15
6
4
0
10
16
6
1
7
24
16
3
-1
13
21
44
45
38
22
22
21
15
14
13
21
31
36
27
9
-3
-7
-4
4
22
48
62
73
68
54
49
39
44
49
58
57
37
0
-16
-32
-23
-5
11
14
1
-8
-16
-3
4
7
2
7
23
30
30
35
32
29
15
11
-10
-17
-34
-36
-43
-38
-39
-32
-17
5
25
24
46
62
71
57
43
28
23
22
9
-14
-32
-42
-33
-28
-14
-12
-7
-11
7
15
24
29
25
13
4
10
9
13
-2
-21
-36
-46
-29
-24
-12
-3
-5
-19
-39
-40
-37
-23
-7
-3
-2
-14
-7
-5
-5
-5
-8
-2
15
35
45
51
45
36
23
14
21
24
31
43
53
43
44
22
-1
-10
-16
-17
-17
-13
-2
9
24
37
41
43
42
53
55
54
41
30
32
34
30
10
0
4
4
1
11
15
15
16
21
18
16
14
5
-5
-1
18
33
41
39
25
9
2
1
-1
-4
-1
-8
-17
-14
-21
-14
-13
-12
-16
-26
-29
-36
-42
-49
-38
-33
-39
-40
-54
-52
-42
-19
3
20
22
13
-7
-10
-8
-13
-11
-14
-14
-29
-36
-31
-36
-31
-19
-11
-11
-21
-23
-29
-27
-10
10
22
25
14
11
14
24
21
0
-2
-3
9
11
21
19
4
-15
-29
-30
-15
-4
0
4
17
19
11
13
31
59
90
113
116
108
89
85
75
63
54
40
31
17
12
0
-12
-21
-34
-35
-29
-4
7
19
25
22
20
9
17
16
20
29
36
36
35
33
32
30
37
29
10
-10
-27
-40
-53
-60
-65
-64
-53
-39
-28
-19
-8
-2
-7
-4
-19
-33
-38
-32
-26
-40
-41
-53
-48
-36
-17
-3
-2
-4
-6
-13
-18
-26
-34
-43
-41
-37
-21
-2
21
20
18
8
-10
-26
-39
-24
-10
11
38
47
46
39
29
21
10
6
11
7
7
-2
-19
-34
-32
-21
-27
-24
-31
-38
-44
-40
-34
-29
-22
-34
-43
-48
-36
-26
-36
-40
-49
-56
-52
-46
-41
-42
-42
-58
-65
-73
-56
-54
-49
-33
-23
4
14
28
24
14
9
14
15
14
13
9
9
24
34
33
25
19
16
12
21
21
27
27
21
7
6
11
18
21
35
45
58
61
66
55
39
23
21
24
35
51
61
54
44
29
20
11
13
5
-14
-28
-43
-40
-27
-19
-12
-12
-8
-17
-34
-42
-25
-13
-7
-4
-21
-38
-43
-38
-21
-5
4
0
-9
-9
2
3
10
21
42
47
46
37
15
-1
-8
-5
-10
-13
-26
-38
-33
-17
8
15
21
5
1
5
19
35
40
45
50
55
45
47
47
60
75
77
70
61
54
46
32
29
28
25
26
29
28
34
43
52
51
54
54
61
63
60
51
41
38
48
50
46
41
27
13
23
38
51
49
37
31
25
34
42
47
64
72
77
66
64
54
55
57
71
68
59
49
40
37
39
45
55
52
61
63
53
45
31
23
23
27
37
36
29
35
31
37
40
42
35
28
25
13
10
2
-6
-22
-20
-20
-28
-34
-36
-32
-22
-9
6
14
8
10
27
39
61
63
56
42
41
32
13
7
4
7
5
2
1
-2
-1
-4
2
11
20
12
15
26
38
40
46
50
46
34
25
21
26
27
33
27
32
50
68
71
59
56
57
71
88
89
85
76
73
52
34
32
28
29
25
25
25
30
34
33
18
11
14
17
29
37
50
47
62
58
49
39
32
25
13
-1
1
-1
9
9
2
-2
12
34
54
61
59
47
38
39
25
9
-4
-5
-8
-1
6
17
22
15
22
7
7
10
13
9
-3
3
-3
-9
-12
-15
-13
-12
-9
-23
-32
-38
-38
-32
-30
-28
-34
-43
-44
-30
-16
6
10
14
6
3
-7
-30
-27
-25
-19
-24
-32
-43
-44
-31
-33
-29
-41
-39
-42
-45
-31
-28
-36
-48
-44
-43
-22
-15
3
11
9
24
33
47
54
48
41
44
60
62
66
64
59
44
39
43
52
59
61
44
27
18
25
31
39
33
29
20
14
13
5
6
12
25
36
54
61
55
55
47
52
50
59
58
57
49
59
63
67
60
43
19
0
-5
-12
-10
-2
10
27
43
54
45
38
38
34
26
18
23
19
14
9
-3
-1
-6
-4
-5
-1
-3
2
0
5
16
23
22
32
42
58
73
80
74
69
57
51
44
62
70
72
59
41
23
5
5
1
-2
-13
-15
-13
-5
8
14
16
17
40
48
45
40
36
37
37
38
33
30
22
11
6
3
8
-6
-15
-22
-20
-26
-15
8
16
20
5
-12
-24
-36
-30
-44
-51
-45
-33
-28
-19
-16
-17
-6
3
12
12
17
24
42
56
58
45
23
6
-6
-18
-13
-4
3
9
8
9
-6
-6
-3
-12
-20
-27
-21
-9
0
15
18
21
21
25
13
11
12
12
18
28
34
18
-10
-32
-47
-45
-27
-21
-18
-22
-15
-14
-16
-22
-25
-23
-9
3
-11
-11
-18
-8
-2
12
21
17
18
27
36
40
42
35
26
25
29
34
16
17
11
11
10
12
10
7
6
0
-18
-30
-25
-27
-27
-43
-39
-25
-14
0
-4
-4
8
18
25
21
20
5
5
6
7
-9
-12
-16
-13
-8
-16
-23
-27
-34
-32
-38
-32
-29
-29
-49
-48
-46
-46
-47
-40
-30
-22
-9
-9
-10
-14
-13
-25
-26
-25
-32
-33
-36
-25
-24
-30
-29
-29
-39
-35
-29
-24
-22
-25
-20
-17
-7
15
16
29
33
24
24
24
37
39
35
26
16
-5
-28
-51
-80
-93
-89
-72
-58
-49
-45
-34
-21
-7
7
7
18
12
5
2
4
