13
20
28
29
15
5
-9
-6
-23
-21
-24
-18
-9
7
10
5
3
-1
21
47
75
74
62
53
44
27
11
3
2
9
25
30
32
22
8
-6
-18
-20
-17
-13
-4
3
-1
-2
-4
0
-6
-9
-14
-16
-2
24
43
41
35
21
8
7
18
27
30
32
29
30
22
27
28
21
24
18
4
-9
-20
-30
-32
-17
-5
1
1
0
-9
-25
-30
-26
-9
9
20
17
13
3
-4
-1
3
30
28
36
32
30
25
20
31
25
19
6
3
10
21
27
14
1
1
4
4
10
17
21
29
40
55
68
70
71
56
45
40
33
25
17
14
19
22
33
27
20
19
8
1
-2
-1
0
-2
5
-1
-36
-66
-78
-70
-48
-22
-6
0
-2
-11
-16
-14
-2
-4
-17
-31
-35
-42
-32
-15
-1
2
-5
-11
-16
-10
-7
8
8
21
32
42
48
48
44
35
37
33
26
16
15
14
6
6
-4
-9
-21
-25
-33
-33
-22
-10
-5
0
0
5
1
15
16
11
12
24
28
44
51
59
49
31
11
4
16
31
27
12
-7
2
10
11
3
-7
-22
-15
3
5
10
9
23
14
15
11
14
21
25
16
4
-3
2
6
15
17
15
6
7
1
10
19
32
41
29
23
13
6
10
11
7
4
7
-2
-13
-21
-25
-16
-5
2
5
-2
-5
6
-6
-20
-27
-22
-22
-17
-13
-17
-13
-16
-13
-11
-19
-20
-10
-7
9
16
13
9
8
5
8
0
-9
-16
-9
-18
-18
-16
-11
-13
-14
-6
-4
-2
2
17
23
12
5
-15
-20
-23
-23
-11
-18
-8
-10
-13
-16
-11
2
13
29
32
26
14
6
9
18
21
15
1
-9
-5
-5
-15
-19
-23
-32
-33
-35
-32
-21
4
12
11
7
10
-2
-3
-7
-13
-24
-32
-32
-23
-12
2
14
3
6
0
-4
2
11
20
19
16
3
-1
-2
9
14
4
6
-4
-10
-14
-13
-13
-14
-12
-12
-8
4
23
32
27
28
28
28
22
15
2
-8
4
11
19
13
1
-11
-16
-9
-6
-8
-5
-3
-1
15
40
53
53
55
49
31
22
16
25
21
11
-6
-15
-9
16
37
38
35
16
3
-3
0
-2
-5
2
1
8
5
-3
-1
-19
-9
-3
17
26
41
32
38
46
50
36
10
5
11
12
13
3
-6
-6
-6
-1
9
14
14
-1
-11
-10
-18
-15
-4
7
20
35
37
28
15
7
7
10
31
37
34
27
31
41
37
44
34
11
-13
-19
-14
-16
-2
5
16
26
39
51
53
60
54
40
12
-3
-6
5
24
21
13
-1
-1
-8
-2
7
6
4
8
16
6
-8
-19
-26
-35
-36
-30
-39
-46
-47
-36
-31
-30
-33
-26
-21
-18
-31
-49
-54
-54
-54
-54
-49
-40
-38
-29
-28
-32
-22
-7
2
9
14
27
33
40
42
36
22
12
-10
-27
-41
-44
-50
-41
-28
-17
-15
-23
-17
-31
-35
-32
-27
-26
-26
-21
-18
-8
-2
4
6
3
-1
-12
-7
3
8
-7
-15
-9
-15
-21
-32
-38
-40
-22
-9
5
11
12
26
32
45
41
36
40
58
77
69
62
44
37
20
12
-1
-3
3
9
14
23
35
44
40
34
16
11
7
6
-1
2
7
-2
-2
-5
-5
-18
-24
-29
-34
-41
-38
-20
-22
-16
-20
-12
-18
-16
-13
-15
-5
-3
-1
-3
-5
-5
-6
-5
-7
17
34
59
73
66
61
54
55
47
44
38
39
39
43
41
40
58
70
75
74
81
83
85
82
86
90
85
94
87
92
92
87
82
84
98
99
98
86
70
46
31
18
9
14
27
48
52
50
50
40
46
54
75
90
95
91
89
91
95
83
73
73
87
76
69
64
60
59
65
75
71
64
49
45
46
57
49
31
17
19
38
45
52
44
43
35
40
37
34
30
21
10
3
6
1
4
21
25
24
15
-1
2
13
29
35
25
13
6
-21
-38
-35
-23
-11
-9
-10
-20
-18
-17
-4
3
7
1
-1
-12
0
13
9
3
-19
-37
-37
-25
-27
-48
-59
-57
-45
-38
-31
-21
-14
-4
-16
-25
-26
-11
-8
-15
-10
-1
5
15
17
15
17
14
15
17
10
21
26
29
28
18
8
4
5
4
5
5
2
-5
-15
-26
-33
-32
-26
-14
-6
0
4
15
26
32
26
17
17
19
24
13
20
19
13
8
-10
-24
-21
-4
14
26
32
23
20
18
27
22
7
-6
-10
2
17
41
46
48
50
60
61
58
51
44
32
15
-1
-24
-25
-18
-12
2
20
35
27
14
10
8
18
19
18
18
15
24
18
14
18
8
10
6
7
0
-12
-22
-24
-32
-46
-59
-74
-75
-60
-42
-38
-34
-39
-43
-46
-41
-42
-37
-33
-29
-23
-16
15
28
34
31
21
15
13
25
30
38
37
25
19
16
31
33
35
31
28
23
32
50
38
26
25
34
48
48
52
53
54
50
36
36
44
47
42
30
29
29
27
27
39
50
56
65
60
48
40
27
20
16
30
36
30
21
2
-2
3
17
21
18
23
29
32
37
39
33
27
18
13
-2
-18
-31
-34
-26
-11
-3
-5
-8
-18
-33
-37
-27
-8
6
14
10
-9
-14
-18
-21
-20
-9
-2
3
-5
-9
-2
-7
-15
-22
-35
-42
-41
-45
-49
-51
-45
-43
-46
-37
-36
-32
-29
-38
-37
-31
-19
-16
-24
-26
-31
-22
-12
-7
-20
-24
-23
-10
-1
3
-5
-20
-35
-36
-44
-48
-53
-45
-48
-40
-36
-15
-5
-13
-22
-37
-30
-5
18
25
20
17
15
9
2
-1
-6
2
0
-6
-3
5
14
-2
-14
-18
-21
-21
-20
-28
-48
-62
-79
-93
-92
-83
-69
-56
-42
-42
-46
-65
-68
-72
-56
-34
-13
3
9
12
8
5
0
-7
-21
-29
-28
-37
-27
-8
16
14
10
15
20
35
43
45
45
42
36
29
28
34
36
31
20
17
12
13
8
0
-14
-22
-7
7
28
43
52
50
58
61
61
55
43
35
22
38
46
48
35
19
14
17
26
23
14
9
9
9
8
18
32
35
33
39
44
56
69
71
71
57
42
11
3
15
38
58
53
29
10
4
4
11
11
27
50
58
57
48
35
20
8
3
1
14
26
36
24
22
24
20
25
26
41
55
67
70
61
49
44
32
29
33
28
18
7
2
0
3
10
13
19
24
38
34
26
14
3
0
3
16
26
39
54
54
33
4
1
-3
7
3
-3
-14
-21
-38
-51
-41
-24
-2
-6
-3
-9
-19
-24
-27
-22
-19
-4
14
28
34
43
58
59
59
45
18
10
14
7
2
-4
1
3
-2
-11
-14
-15
-6
-5
-12
-17
-19
-13
-17
-2
2
6
-1
6
8
15
18
20
14
13
22
18
15
10
9
4
1
3
-13
-20
-23
-11
-2
4
19
14
19
21
20
16
10
5
4
7
19
21
16
21
23
33
23
10
-8
-7
-7
-1
3
3
23
27
13
13
4
12
11
20
20
12
20
20
22
7
-4
-9
-8
-10
-7
-11
-8
10
17
31
33
27
14
11
9
-7
-29
-47
-49
-48
-27
-11
-7
-12
-20
-27
-17
-7
11
14
11
20
23
22
16
5
-11
-26
-29
-30
-32
-30
-38
-31
-23
-7
4
-4
-12
-25
-26
-14
-4
-10
-14
-22
-17
-17
-8
0
5
6
21
26
34
29
34
25
26
30
27
31
23
30
24
23
17
20
14
1
-4
-17
-7
-1
-7
-33
-48
-47
-53
-52
-51
-52
-51
-56
-62
-64
-59
-45
-28
-19
-1
19
26
43
45
45
49
54
56
47
33
39
38
39
42
35
25
15
19
31
39
44
48
48
50
49
36
24
25
28
30
26
19
3
-7
-11
-14
-23
-33
-29
-27
-21
-25
-26
-29
-35
-41
-57
-51
-45
-29
-32
-21
-8
2
-1
-20
-41
-65
-66
-53
-34
-11
8
17
6
0
-24
-37
-35
-17
13
23
23
6
-6
-9
-6
-4
-5
9
22
28
14
4
-11
-21
-11
-14
-3
-2
10
10
-1
3
3
0
1
-8
-20
-28
-45
-46
-51
-42
-28
-33
-30
-20
-6
4
7
3
-17
-30
-33
-24
-17
-6
2
5
3
0
-3
0
22
39
48
43
40
46
42
52
50
42
39
25
27
14
18
14
19
23
29
26
11
5
-3
-16
-19
-9
-1
13
14
7
0
10
34
43
43
37
36
40
50
57
49
39
33
25
26
31
46
54
64
75
78
70
54
42
16
2
3
-5
-11
-17
-1
20
35
43
36
28
20
11
-5
-3
4
16
9
13
13
24
26
19
12
4
16
12
2
-2
6
29
35
41
41
41
53
56
56
49
46
39
30
17
20
11
7
9
12
6
4
9
18
44
51
49
33
23
30
28
36
42
52
50
34
21
8
16
28
38
32
22
4
-5
5
34
57
57
52
38
37
34
38
36
19
21
13
11
-2
4
9
19
36
36
32
24
23
20
20
31
43
52
56
58
46
43
40
40
40
24
18
7
6
5
-7
-18
-34
-31
-37
-30
-32
-16
-20
-12
-8
-2
9
24
25
12
11
10
2
-2
0
10
11
12
0
0
9
3
-8
-30
-36
-38
-38
-32
-29
-28
-28
-26
-19
-22
-31
-43
-48
-40
-22
-8
-14
-11
-2
4
11
15
23
18
12
9
-1
0
1
6
11
12
8
-1
6
9
-1
-16
-22
-1
11
30
45
48
30
10
-2
-4
1
5
2
-7
-13
-14
-13
-14
1
16
22
28
28
18
4
-5
0
22
44
44
33
18
17
12
7
25
34
31
17
14
15
23
38
43
34
24
23
25
20
12
2
3
11
30
29
26
25
21
21
19
24
14
8
-5
-18
-25
-20
-7
-2
-5
-6
1
-4
8
11
-2
-17
-27
-31
-34
-42
-45
-42
-30
-14
-3
2
10
19
39
59
69
68
56
62
59
53
48
48
45
29
17
3
-7
-6
0
-9
-12
-20
-17
-11
1
7
12
15
20
10
-7
-7
0
8
22
36
38
34
30
30
21
13
9
3
-6
-4
-2
10
13
21
23
20
21
21
21
34
42
47
48
58
64
62
69
83
100
98
79
53
36
25
31
26
24
25
17
-1
-12
-6
3
-1
-9
-33
-59
-82
-85
-79
-70
-62
-54
-52
-48
-50
-49
-48
-39
-33
-30
-34
-30
-39
-36
-16
-1
6
6
25
34
38
34
27
12
11
11
17
27
26
27
21
23
16
15
17
27
29
34
30
37
37
37
46
48
34
27
21
32
40
39
23
13
20
21
32
28
30
24
11
10
21
38
55
65
52
44
46
53
55
49
53
46
46
61
65
66
56
56
56
61
65
52
39
38
23
19
3
12
11
12
13
17
14
21
30
43
30
1
-24
-47
-47
-43
-36
-38
-38
-54
-52
-42
-16
6
9
8
-9
-24
-40
-42
-43
-44
-39
-35
-28
-14
6
7
0
-13
-24
-32
-49
-59
-71
-67
-62
-65
-62
-62
-50
-41
-37
-28
-35
-45
-49
-45
-51
-46
-38
-25
-26
-30
-37
-55
-63
-63
-55
-38
-18
-9
-21
-46
-57
-68
-64
-58
-52
-57
-61
-67
-59
-53
-44
-53
-50
-53
-28
-12
5
21
19
19
13
21
28
26
23
13
16
27
57
74
78
84
84
84
76
66
41
29
10
7
-1
-11
-1
0
14
28
30
35
43
58
60
60
68
84
78
77
60
39
16
-1
-9
-17
-15
-20
-30
-21
-10
-4
-12
-18
-26
-21
-13
4
10
9
14
11
15
8
15
10
4
-9
-22
-37
-39
-39
-47
-49
-49
-45
-50
-60
-69
-81
-83
-75
-79
-72
-80
-77
-81
-72
-54
-36
-27
-32
-31
-37
-33
-32
-37
-52
-59
-46
-38
-15
-5
10
17
32
33
7
-10
-8
8
14
4
-17
-34
-33
-22
-19
-25
-33
-37
-32
-12
-2
8
0
2
3
8
12
27
39
45
37
20
3
2
20
38
53
57
43
27
19
29
41
47
45
55
63
73
73
60
52
53
56
65
75
92
93
107
116
117
105
95
82
66
38
24
17
17
22
24
18
14
18
28
31
51
56
53
43
28
23
21
21
20
32
42
54
53
41
32
18
5
4
12
28
33
38
30
20
3
15
28
55
75
67
55
37
34
27
27
19
14
10
15
32
25
16
3
-1
-6
-2
8
16
23
22
26
32
45
57
59
58
62
59
63
64
59
51
39
32
21
10
14
10
13
17
32
45
36
34
26
40
61
77
62
41
24
19
17
14
25
28
33
37
51
63
62
61
47
46
55
50
35
23
33
40
43
39
34
25
17
9
-14
-21
-13
-2
12
24
31
31
32
32
32
30
42
56
60
59
53
43
35
42
48
55
55
48
36
14
0
-10
-20
-21
-19
0
14
35
44
45
37
34
23
18
26
29
38
37
43
35
25
16
14
17
13
1
-27
-47
-59
-60
-44
-28
-14
-8
11
32
46
39
21
9
-5
-8
-12
-2
10
19
29
15
8
12
17
13
6
3
5
5
9
15
17
19
21
29
50
65
67
44
36
20
15
17
23
27
25
30
24
25
19
28
24
7
-14
-28
-31
-22
-16
-11
-9
6
20
23
18
15
8
8
8
8
7
15
34
39
49
52
51
42
27
29
19
19
22
17
3
-6
-14
-8
-5
5
-2
-14
-21
-26
-30
-28
-29
-27
-36
-31
-29
-18
-9
3
11
1
-5
-20
-34
-31
-27
-11
-11
-2
-14
-20
-30
-23
-16
-21
-20
-29
-34
-38
-43
-48
-50
-40
-36
7
-41
-38
-31
-25
-32
-27
-29
-20
1
3
-9
-29
-43
-50
-50
-43
-32
-22
-1
11
0
-22
-41
-43
-35
-14
2
7
-1
-12
-31
-49
-46
-40
-29
-20
-10
-6
-11
-6
-7
-2
-6
-4
-4
-12
-16
-27
-30
-24
-12
-12
-20
-22
-9
1
6
6
-4
-7
-21
-44
-67
-72
-58
-38
-29
-14
-11
-9
-4
5
5
9
4
-7
-24
-36
-36
-43
-45
-49
-52
-51
-33
2
35
64
75
68
45
29
25
22
27
38
50
50
52
52
35
10
-5
-6
-2
2
9
11
11
12
13
23
33
56
59
45
18
1
-16
-27
-28
-23
-27
-27
-14
-19
-12
-10
-11
-12
-7
17
26
29
11
-12
-35
-49
-50
-46
-32
-7
21
41
50
49
28
5
-4
3
14
34
36
29
25
28
38
33
37
39
43
42
33
19
2
11
25
35
40
36
34
24
38
50
59
63
67
68
64
54
44
37
45
54
47
35
20
9
-1
-14
-17
-22
-27
-33
-41
-47
-40
-29
-26
-15
-6
-5
-17
-37
-45
-47
-30
-20
-30
-65
-94
-97
-74
-38
-9
3
-10
-26
-42
-56
-64
-58
-47
-40
-37
-41
-44
-44
-43
-41
-48
-53
-71
-84
-85
-70
-44
-26
-16
-17
-27
-24
-19
-21
-30
-41
-41
-36
-26
-15
-18
-14
-17
-30
-54
-73
-70
-64
-43
-26
-15
-15
-23
-22
-20
-9
1
6
-1
-5
-6
-24
-43
-60
-63
-58
-39
-19
-17
-21
-19
-25
-26
-17
0
17
27
21
-6
-46
-80
-104
-113
-108
-87
-63
-46
-20
-15
-25
-47
-60
-76
-80
-71
-69
-66
-63
-45
-25
-10
-7
-23
-41
-56
-58
-68
-71
-62
-51
-38
-42
-53
-81
-98
-99
-86
-70
-50
-38
-46
-67
-82
-89
-91
-91
-82
-81
-77
-87
-116
-159
-179
-170
-140
-98
-60
-36
-32
-33
-48
-61
-58
-42
-26
-35
-39
-38
-27
-11
-12
-20
-35
-40
-44
-55
-70
-83
-88
-81
-58
-43
-41
-42
-33
-28
-15
-2
-2
-12
-30
-44
-59
-59
-51
-42
-39
-38
-27
-17
-1
21
39
41
40
35
19
11
1
-4
-6
-14
-22
-31
-33
-32
-32
-37
-32
-32
-31
-36
-35
-34
-32
-21
-6
5
14
21
18
1
-3
-15
-20
-25
-11
-6
1
8
1
-6
-11
-7
-7
-11
-9
-7
-5
0
12
25
38
46
47
35
20
9
-1
-12
-9
-2
6
5
-6
-20
-18
-11
-13
-26
-40
-33
-37
-35
-38
-40
-43
-39
-32
-28
-8
13
28
30
22
-3
-42
-77
-88
-78
-57
-23
-6
6
7
11
11
4
3
-11
-41
-69
-68
-50
-25
-15
-22
-28
-30
-23
-20
-15
-9
-1
-6
-13
-10
-18
-10
10
22
26
10
-1
-17
-24
-27
-24
-21
-18
-14
-16
-12
-1
5
11
10
20
12
9
-5
-12
-18
-7
3
3
3
7
16
12
5
-7
-26
-39
-42
-39
-48
-53
-67
-85
-99
-103
-98
-88
-62
-52
-41
-35
-24
-24
-27
-37
-51
-67
-70
-53
-47
-42
-29
-16
4
16
20
3
-17
-34
-40
-36
-26
-17
-24
-27
-31
-37
-41
-35
-16
-15
-15
-23
-27
-41
-50
-52
-56
-50
-38
-24
-17
-13
-19
-25
-31
-28
-23
-10
10
22
27
22
11
-4
-23
-29
-48
-65
-84
-81
-63
-51
-31
-39
-49
-67
-78
-92
-95
-86
-79
-74
-76
-77
-92
-102
-106
-103
-100
-93
-85
-85
-94
-108
-123
-129
-120
-105
-91
-74
-51
-45
-52
-66
-78
-86
-86
-81
-79
-79
-73
-64
-68
-71
-78
-76
-73
-64
-63
-59
-53
-40
-37
-37
-32
-31
-30
-31
-35
-33
-39
-37
-39
-47
-53
-43
-27
-11
0
-3
-16
-31
-39
-43
-37
-33
-28
-19
-8
13
7
-6
-22
-27
-34
-45
-55
-62
-46
-13
19
39
38
21
-6
-27
-32
-28
-25
-23
-19
-20
-16
-6
8
9
5
-9
-26
-43
-48
-45
-39
-23
-18
-17
-18
-5
12
27
44
44
28
7
-12
-27
-36
-42
-59
-73
-83
-77
-66
-50
-25
-9
-12
-37
-58
-73
-65
-51
-47
-59
-77
-86
-92
-87
-81
-82
-93
-102
-98
-95
-78
-73
-77
-97
-111
-109
-104
-99
-98
-109
-123
-119
-96
-67
-40
-35
-53
-80
-92
-96
-102
-101
-95
-84
-86
-79
-76
-68
-52
-26
9
20
22
6
-15
-30
-37
-37
-31
-20
-17
-21
-31
-36
-38
-43
-43
-49
-48
-36
-6
13
26
38
45
55
57
61
54
52
44
15
-21
-53
-77
-97
-109
-106
-86
-60
-24
4
11
8
-1
1
3
7
4
-6
-9
0
10
8
-3
-14
-22
-19
-9
-8
-14
-9
-6
6
10
3
-13
-42
-54
-61
-49
-34
-16
11
26
40
28
7
-10
-12
-12
-20
-23
-31
-32
-21
1
6
-5
-15
-25
-28
-25
-19
-24
-21
-23
-24
-41
-51
-57
-74
-79
-80
-75
-73
-71
-58
-48
-45
-42
-49
-59
-62
-65
-66
-53
-40
-32
-37
-40
-39
-33
-13
6
12
6
7
1
-7
-13
-2
10
19
33
45
66
89
111
122
122
121
116
112
109
107
89
76
78
91
94
85
75
62
58
55
38
21
17
16
2
-16
-18
-1
19
34
40
34
29
22
11
3
10
20
24
26
25
20
9
6
8
6
2
-9
-24
-39
-35
-32
-19
-16
-16
-11
-12
-16
-25
-40
-44
-40
-24
-4
24
40
49
41
32
13
-10
-30
-56
-86
-104
-94
-77
-46
-12
25
49
49
30
-9
-46
-64
-70
-60
-47
-24
-14
-12
-27
-37
-39
-24
-4
-1
2
-4
-18
-42
-63
-74
-80
-78
-76
-71
-67
-51
-45
-44
-53
-58
-49
-50
-44
-46
-53
-57
-53
-48
-41
-38
-50
-57
-58
-39
-24
-16
-13
-22
-29
-40
-44
-42
-36
-24
-25
-26
-39
-38
-36
-26
-22
-22
-26
-32
-35
-55
-60
-52
-41
-42
-48
-44
-38
-22
-7
-5
-18
-39
-56
-68
-69
-61
-51
-50
-51
-53
-54
-43
-30
-16
-7
2
-4
-20
-37
-48
-57
-72
-76
-78
-80
-83
-87
-84
-78
-69
-66
-62
-55
-39
-37
-50
-59
-71
-77
-74
-56
-43
-39
-33
-48
-73
-102
-127
-137
-118
-77
-35
-10
-1
2
-5
-9
-4
-1
-3
-12
-25
-44
-40
-29
-26
-36
-51
-48
-42
-21
-7
-2
-9
-21
-18
-22
-27
-36
-47
-52
-48
-50
-53
-55
-49
-49
-53
-48
-49
-49
-52
-58
-71
-88
-90
-80
-56
-34
-16
-6
-5
-5
-20
-33
-47
-46
