-4
16
14
-29
-78
-115
-105
-86
-57
-53
-45
-48
-19
1
9
7
-1
-12
-29
-40
-53
-43
-38
-41
-64
-97
-109
-106
-97
-86
-84
-79
-67
-53
-38
-45
-62
-74
-85
-98
-91
-61
-24
1
14
5
-30
-32
-33
-28
-31
-53
-65
-81
-74
-65
-55
-41
-33
-30
-44
-59
-74
-85
-93
-101
-115
-119
-130
-145
-158
-157
-149
-152
-153
-143
-125
-106
-92
-79
-81
-88
-102
-103
-110
-95
-71
-60
-36
-17
3
15
13
8
-12
-23
-42
-84
-125
-155
-167
-153
-128
-84
-37
-9
17
19
0
-33
-67
-78
-88
-92
-113
-133
-129
-109
-86
-76
-77
-96
-108
-90
-37
3
15
-17
-54
-78
-80
-41
-16
1
7
0
-1
10
33
43
58
68
82
84
71
41
-11
-44
-58
-51
-38
-31
-23
-39
-42
-27
8
39
69
79
65
45
2
-18
-40
-25
-22
-25
-28
-32
-25
-24
-20
-19
-24
-25
-25
-15
-3
8
-6
-41
-77
-71
-44
-19
-17
-39
-62
-60
-42
-31
-36
-59
-89
-116
-113
-89
-76
-78
-97
-110
-115
-107
-75
-59
-44
-27
-31
-36
-31
-2
19
16
-8
-54
-88
-103
-99
-93
-83
-78
-71
-77
-74
-52
-45
-32
-32
-48
-65
-77
-83
-89
-76
-66
-47
-13
33
67
76
53
25
-7
-41
-69
-90
-94
-86
-78
-75
-75
-61
-40
-30
-27
-36
-48
-29
-6
13
-1
-34
-56
-62
-26
18
41
21
-36
-90
-139
-143
-119
-79
-39
-4
27
40
52
52
34
-1
-30
-49
-68
-95
-123
-144
-147
-114
-67
-36
-22
-5
29
53
84
86
80
47
7
-53
-94
-106
-90
-67
-47
-55
-79
-113
-122
-110
-75
-48
-47
-54
-70
-55
-31
-18
-13
-24
-61
-68
-58
-29
1
7
-4
-35
-69
-80
-100
-108
-114
-99
-77
-51
-27
-17
-4
-1
-7
-12
-25
-29
-40
-60
-73
-78
-89
-88
-89
-88
-105
-112
-109
-106
-86
-60
-52
-58
-60
-47
-25
-15
-17
-30
-50
-58
-63
-62
-55
-46
-45
-66
-59
-70
-80
-91
-93
-87
-70
-50
-39
-41
-43
-38
-30
-18
3
9
0
-28
-45
-62
-75
-77
-79
-70
-54
-46
-58
-77
-82
-67
-60
-53
-57
-79
-93
-90
-67
-50
-36
-40
-49
-56
-34
-18
0
19
38
53
53
40
23
0
-17
-46
-67
-69
-54
-28
-1
30
45
41
20
1
-14
-25
-44
-56
-73
-60
-50
-50
-45
-34
-13
-9
-26
-47
-67
-78
-60
-50
-56
-58
-61
-57
-51
-40
-50
-69
-99
-123
-144
-156
-166
-182
-200
-211
-205
-183
-156
-129
-120
-111
-89
-76
-74
-77
-87
-88
-67
-37
-10
-14
-30
-63
-85
-103
-106
-87
-78
-72
-64
-70
-80
-72
-62
-49
-28
-24
-35
-55
-63
-72
-67
-61
-56
-60
-53
-39
-24
-18
-14
1
6
-1
-15
-44
-65
-76
-70
-72
-58
-51
-29
-25
-19
-16
-31
-52
-67
-77
-78
-68
-59
-63
-90
-105
-103
-73
-29
6
13
20
24
32
10
-21
-78
-126
-150
-136
-113
-75
-34
-5
0
-22
-50
-85
-117
-112
-115
-86
-44
3
47
79
85
55
0
-55
-91
-119
-121
-106
-90
-83
-72
-54
-29
-7
10
13
0
-29
-55
-92
-113
-115
-113
-102
-92
-89
-94
-92
-72
-32
7
28
36
29
6
-23
-44
-48
-23
-1
8
18
19
4
-41
-84
-115
-126
-116
-91
-70
-44
-30
-32
-55
-74
-75
-62
-51
-28
-15
2
10
6
-21
-66
-111
-144
-151
-143
-115
-107
-102
-86
-69
-41
-19
6
20
27
17
-7
-53
-115
-180
-235
-242
-220
-179
-153
-120
-94
-75
-67
-58
-45
-29
-9
-8
-25
-32
-25
-11
-3
-7
-32
-55
-71
-74
-74
-100
-116
-135
-138
-116
-78
-49
-31
-26
-30
-26
-21
-17
-10
-10
-1
-16
-13
-19
3
14
30
39
37
24
18
26
22
18
0
-15
-24
-29
-35
-49
-64
-68
-59
-41
-29
-24
-37
-46
-45
-45
-51
-52
-54
-59
-47
-27
-4
-7
-8
-16
-6
-1
4
5
-9
-9
-19
-22
-38
-53
-59
-71
-70
-83
-91
-82
-50
-13
22
51
58
48
27
17
13
4
5
-4
-15
-29
-40
-55
-63
-63
-78
-76
-81
-73
-74
-63
-45
-14
-18
-35
-58
-87
-95
-86
-67
-44
-33
-33
-44
-21
17
53
47
33
6
-20
-34
-39
-34
-30
-3
1
12
10
11
10
0
-7
-10
-24
-23
-33
-41
-59
-76
-85
-94
-91
-84
-76
-62
-39
-22
-14
-21
-23
-27
-39
-44
-55
-74
-95
-103
-102
-75
-28
15
27
7
-13
-45
-56
-83
-110
-138
-145
-115
-76
-29
-3
11
-6
-16
-27
-28
-32
-43
-69
-91
-96
-94
-93
-79
-62
-44
-26
-10
-13
-29
-55
-53
-39
-16
13
16
12
0
-11
-28
-34
-36
-39
-35
-37
-3
6
18
-1
-13
-28
-36
-38
-51
-53
-45
-31
-20
-17
-11
-10
-5
-17
-48
-85
-100
-83
-74
-62
-64
-65
-67
-56
-42
-38
-57
-85
-127
-157
-170
-156
-146
-134
-138
-136
-144
-141
-146
-141
-117
-67
-20
5
17
-5
-31
-75
-119
-160
-201
-214
-220
-206
-187
-162
-139
-118
-77
-49
-37
-43
-63
-82
-114
-138
-159
-172
-180
-173
-162
-82
-37
-22
-17
-24
-31
-20
-5
14
31
31
20
2
0
2
12
23
20
18
17
34
43
47
30
5
-28
-27
-19
-24
-27
-35
-40
-42
-46
-41
-33
-14
3
8
-3
-10
-25
-38
-48
-55
-66
-85
-76
-60
-36
-19
-14
-7
-10
-10
-16
-13
1
22
29
17
7
-7
-6
8
37
58
61
51
28
8
4
14
19
37
63
81
86
76
57
29
22
35
59
68
60
40
15
-2
5
24
32
32
30
18
13
11
14
22
17
-15
-55
-79
-69
-24
16
59
84
88
88
87
71
40
14
3
16
28
26
10
-15
-15
-12
-6
3
11
26
21
18
17
23
20
10
-3
-14
-25
-13
-16
-24
-22
10
43
78
97
97
80
48
22
0
5
10
23
29
29
34
20
28
39
60
67
74
67
49
29
20
20
29
45
53
59
58
59
48
36
55
65
84
86
105
126
123
119
88
52
16
-19
-31
-41
-10
14
36
48
40
31
30
28
25
3
-20
-41
-71
-80
-88
-80
-58
-16
28
53
57
40
11
-31
-67
-82
-84
-64
-41
-24
-16
-1
18
22
16
18
12
-2
-20
-41
-63
-70
-67
-47
-35
-5
-1
7
4
21
32
31
34
23
16
6
3
-9
-13
-8
6
9
11
17
11
-2
-25
-47
-53
-41
1
27
43
52
45
24
12
5
10
17
18
9
-1
-10
4
21
40
52
59
63
80
81
76
57
42
29
1
-17
-37
-39
-39
-26
-17
-7
15
34
46
55
65
58
32
3
-19
-36
-34
-5
33
50
65
47
22
-2
-14
-9
10
36
52
50
42
46
56
73
92
98
91
83
85
82
83
77
70
64
53
48
30
25
13
0
-10
-5
10
-1
-24
-60
-79
-80
-67
-34
-11
15
31
36
26
21
12
-12
-16
-23
-13
1
25
41
49
50
57
64
57
54
47
44
46
42
33
15
23
45
57
70
79
75
79
83
83
75
54
33
7
7
25
65
105
136
153
137
123
115
117
101
75
48
15
6
13
26
34
47
60
74
83
93
97
90
83
61
33
-7
-27
-28
-18
11
27
31
27
23
13
6
2
-7
-24
-34
-47
-50
-43
-15
10
20
20
17
1
-15
-23
-30
-38
-50
-58
-74
-71
-55
-38
-40
-43
-55
-63
-58
-45
-35
-31
-36
-30
-36
-37
-29
-19
-13
0
14
14
25
33
38
38
37
43
35
22
12
6
1
-1
-12
-18
-16
3
26
32
34
29
34
40
59
70
86
91
59
3
-58
-94
-102
-69
-21
21
42
43
40
33
31
28
24
10
-5
1
5
35
56
73
76
73
67
50
37
26
11
1
0
4
2
8
20
37
42
50
52
39
33
20
2
-16
-26
-28
-21
-18
2
1
-14
-38
-60
-66
-60
-47
-40
-29
-7
8
18
18
22
1
-32
-58
-83
-83
-72
-53
-33
-11
8
19
18
7
5
-13
-19
-22
-23
-33
-40
-41
-37
-32
-20
-19
-26
-26
-26
-26
-24
-13
-9
-11
-12
-2
12
28
40
44
36
38
40
38
32
27
27
31
50
67
75
73
58
28
-6
-17
-29
-34
-54
-60
-57
-46
-29
-27
-33
-36
-37
-45
-50
-54
-66
-82
-91
-83
-67
-34
-3
22
37
44
50
45
46
48
54
58
68
79
78
90
102
115
113
110
88
58
29
13
-10
-45
-66
-74
-62
-26
13
51
71
87
94
97
104
104
89
46
10
-16
-25
-12
14
46
63
76
76
72
70
63
60
49
48
35
16
-8
-21
-31
-24
-10
7
17
22
21
15
12
2
-17
-54
-73
-77
-67
-52
-23
4
20
19
6
-17
-25
-40
-59
-91
-101
-101
-80
-68
-51
-40
-39
-18
3
10
6
-8
-28
-45
-46
-50
-46
-33
-2
27
34
32
26
23
16
11
-5
-9
-4
11
23
26
26
8
21
33
47
41
25
25
12
1
-13
-19
-3
16
53
65
68
61
42
20
14
-1
-22
-33
-15
33
55
67
57
42
23
13
-8
-25
-33
-30
-19
0
18
35
33
49
42
36
28
22
5
-25
-54
-76
-89
-83
-62
-36
-13
19
39
49
40
12
-10
-26
-25
-27
-31
-48
-54
-52
-24
25
74
94
82
52
12
-1
1
-1
-6
-11
-7
-7
8
17
34
40
45
52
52
53
46
25
-25
-57
-69
-44
-7
28
46
41
39
27
31
26
15
-10
-42
-58
-63
-71
-57
-42
-16
3
30
39
34
12
-1
-12
-25
-38
-57
-64
-49
-17
18
55
87
96
82
59
51
45
48
48
43
30
22
17
25
58
77
85
67
45
42
45
64
72
55
20
-14
-22
-15
-5
-4
-15
-37
-29
-18
-1
5
2
-10
-29
-35
-34
-26
-10
9
23
34
43
52
66
70
70
49
34
38
46
51
57
84
97
108
113
102
84
64
61
67
84
98
111
104
91
79
63
57
52
52
49
46
45
35
35
47
62
72
78
74
70
57
46
40
19
19
14
8
16
25
48
49
59
48
26
4
-14
-19
-25
-4
2
11
7
6
1
5
22
35
47
38
33
15
13
21
25
20
19
29
42
59
73
84
84
68
58
49
56
57
51
44
47
61
58
54
42
30
14
24
41
58
61
61
43
30
23
32
44
50
49
40
21
16
3
-12
-15
-13
-10
-10
-4
0
0
-4
-6
-12
12
24
6
-32
-79
-84
-75
-68
-55
-47
-39
-43
-44
-55
-60
-60
-51
-35
-15
-15
-29
-34
-22
-1
0
-12
-21
-28
-19
-6
1
9
21
19
6
-9
-10
-2
5
20
21
15
10
19
27
23
13
-6
-7
5
25
39
42
42
29
14
10
2
-12
-17
-13
10
23
35
37
38
30
35
16
-8
-32
-38
-37
-28
-21
-23
-20
-16
-6
-11
-15
-13
-1
2
-1
-1
-8
-13
-11
-13
-16
-21
-20
-34
-44
-62
-63
-61
-51
-51
-67
-87
-93
-73
-39
-9
1
-11
-33
-43
-49
-48
-37
-35
-37
-26
-7
12
22
20
15
7
16
20
10
-11
-17
-19
-19
-26
-29
-55
-57
-53
-34
-33
-42
-55
-74
-73
-48
-23
-5
-9
-10
-19
-19
-5
-1
-1
2
5
12
26
40
60
67
61
55
45
39
40
41
56
84
100
108
97
94
80
66
77
92
102
101
101
93
82
70
54
57
70
92
87
70
56
49
53
64
89
86
79
59
34
8
-10
-15
-18
-8
2
10
8
1
4
-3
-3
-2
2
7
9
9
-4
-17
-14
9
27
46
50
36
29
28
28
30
33
33
24
21
18
23
20
20
3
-26
-44
-53
-44
-39
-22
-16
-14
-15
-21
-21
-25
-19
-15
-19
-24
-18
-22
-15
-2
4
3
2
-3
-19
-18
-11
10
18
20
16
-14
-38
-51
-39
-28
-25
-27
-46
-43
-34
-26
-33
-51
-60
-66
-60
-57
-52
-53
-38
-35
-35
-39
-48
-42
-31
-8
5
15
24
42
47
37
25
23
11
10
5
2
-1
8
20
17
7
12
20
31
33
21
2
-14
-12
-12
4
37
70
100
104
93
71
48
42
51
46
39
20
0
-1
13
28
36
41
48
55
62
75
81
65
46
19
-1
-16
2
19
38
49
47
35
57
57
54
29
16
13
-7
-31
-41
-22
7
36
59
73
82
87
71
45
22
0
-5
-8
2
-7
-7
-6
-1
6
2
0
-5
26
24
-8
-67
-117
-124
-123
-115
-104
-94
-107
-113
-108
-97
-87
-69
-58
-44
-23
-11
-17
-23
-26
-26
-23
-17
-13
-16
-33
-37
-30
-10
16
15
3
-15
-24
-27
-32
-32
-52
-63
-72
-53
-38
-32
-29
-30
-32
-30
-37
-39
-39
-15
0
11
20
29
30
23
24
19
23
15
7
-14
-18
-6
12
13
13
9
16
38
65
85
75
56
40
22
19
8
5
1
14
26
41
43
30
3
-17
-19
-16
-16
-23
-27
-32
-31
-26
-18
-10
-10
1
-3
-5
-10
-17
-33
-35
-28
-19
-12
-15
-25
-42
-40
-18
10
43
53
43
22
17
39
49
56
59
68
79
81
78
58
50
51
67
79
95
97
83
66
47
41
24
2
-28
-55
-58
-44
-28
-21
6
42
89
122
125
106
72
61
43
27
18
15
17
12
6
-11
-23
-9
27
68
100
125
132
123
105
84
58
46
43
40
29
17
12
8
8
24
34
35
31
20
12
26
39
52
42
44
39
37
35
40
45
53
57
52
25
0
-5
12
41
72
80
82
75
82
86
72
61
41
18
0
-17
-39
-60
-61
-51
-7
45
87
109
120
134
142
131
116
101
87
78
80
89
89
92
97
90
94
109
136
167
179
172
151
143
147
148
137
127
123
115
91
79
64
58
65
82
78
79
77
82
86
95
79
56
30
14
30
46
73
80
77
57
44
28
22
19
4
-17
-20
-9
19
38
60
72
68
62
55
48
55
60
53
24
-6
-16
-23
-17
-2
11
28
47
52
50
43
41
46
37
35
27
30
38
52
49
34
38
46
52
39
13
-14
-28
-27
-33
-43
-43
-20
7
36
49
35
18
-1
-6
-7
-6
8
9
3
-23
-44
-56
-36
-6
16
24
22
32
30
32
31
26
16
-5
-30
-55
-72
-74
-62
-61
-38
-22
-12
-11
-6
-3
8
24
32
24
14
2
1
-1
13
29
41
53
46
31
4
-10
-34
-60
-81
-78
-69
-68
-68
-77
-78
-63
-39
-23
-22
-30
-64
-88
-103
-86
-71
-51
-44
-35
-35
-27
-23
-25
-27
-36
-45
-64
-99
-119
-135
-114
-77
-35
6
44
63
52
35
13
-2
-19
-33
-48
-69
-64
-48
-16
12
34
41
37
33
45
55
61
69
65
51
38
38
46
62
84
78
67
40
20
3
2
14
22
12
-10
-18
-12
3
28
35
39
45
56
62
71
65
49
16
-9
-6
10
39
54
65
65
74
92
108
128
146
144
132
100
64
13
-12
-16
-1
8
19
26
32
52
69
78
72
69
60
64
84
119
135
133
115
89
67
48
42
41
46
65
89
96
92
78
58
60
69
80
80
77
66
55
58
83
103
96
71
51
28
43
55
69
56
46
36
34
26
25
18
23
22
20
17
13
25
38
31
32
35
53
76
78
65
34
16
2
-7
-9
-12
-1
2
20
32
30
28
25
29
29
36
41
54
62
70
55
46
48
53
40
17
4
-12
-14
-7
-9
-14
-19
-7
3
22
38
60
69
67
62
35
20
11
4
-10
-8
-10
1
16
25
20
3
-13
-26
-52
-76
-80
-74
-61
-34
-24
-3
20
51
55
44
29
9
9
2
-4
-40
-72
-86
-88
-92
-101
-90
-90
-77
-75
-62
-51
-44
-53
-86
-101
-101
-67
-41
-28
-27
-30
-14
-1
13
11
8
7
-12
-32
-35
-34
-26
-5
2
5
12
19
29
29
27
23
20
16
8
-2
-17
-11
-6
-11
-13
-13
-15
-22
-25
-37
-53
-82
-96
-118
-123
-109
-87
-61
-40
-23
-15
-7
-3
-10
-25
-37
-38
-48
-46
-43
-32
-37
-31
-29
-22
6
19
23
1
-14
-23
-32
-32
-27
-20
-11
0
20
37
50
58
52
31
8
-9
-14
-6
16
24
19
16
3
-7
-9
0
18
34
53
58
61
56
58
49
33
27
16
11
-1
-11
-44
-65
-63
-44
-28
-24
-18
-14
-2
9
8
-4
-20
-26
-29
-17
7
23
38
47
57
53
49
40
26
0
-14
-28
-43
-55
-58
-51
-40
-4
27
56
77
62
44
14
0
-18
-33
-51
-55
-55
-55
-35
-17
7
30
42
51
37
25
2
-31
-57
-70
-70
-58
-34
-17
2
11
25
24
15
-3
-34
-57
-67
-51
-27
3
24
29
30
18
10
-4
-2
7
19
20
30
33
29
18
6
-4
-12
-5
-9
-6
-17
-10
14
35
65
66
57
24
3
-16
-23
-16
-5
11
30
42
29
13
4
16
23
31
41
37
41
39
46
52
56
52
30
13
2
-7
-7
-2
14
23
36
49
56
49
48
38
32
30
26
31
29
35
42
42
41
48
65
84
97
81
41
-3
-37
-56
-64
-42
-11
5
18
15
21
32
58
71
73
76
77
80
66
54
37
18
18
38
57
69
63
54
32
26
16
1
-9
-20
-23
-24
-3
35
54
61
54
46
43
39
43
38
33
38
38
47
50
64
55
38
22
11
15
10
2
-22
-37
-30
-12
3
30
51
56
45
38
33
26
18
4
-18
-20
-15
-1
17
28
37
40
37
39
25
12
6
0
-1
-2
8
4
15
23
25
20
14
3
-11
-32
-43
-48
-36
-16
1
19
22
35
31
19
9
-10
-32
-47
-33
-5
12
24
23
23
21
19
11
10
14
18
25
28
32
28
17
17
17
21
32
39
35
37
54
59
50
8
-22
-35
-29
0
25
38
33
12
-5
-1
34
52
43
27
26
39
49
45
30
9
-7
-11
-12
0
10
8
-4
-12
-19
-17
-7
2
1
-17
-18
-22
-19
-4
17
36
28
14
-5
-14
-7
-2
29
47
78
75
59
41
37
31
20
19
14
17
31
49
61
59
51
39
29
23
34
23
10
-7
-14
-9
11
38
49
55
56
49
34
27
18
-4
-33
-54
-77
-83
-75
-53
-38
-18
-5
3
-2
2
9
5
6
-7
-13
-30
-30
-21
-8
4
16
21
15
21
25
33
39
43
35
14
-7
-23
-32
-29
-22
-27
-45
-52
-52
-52
-45
-43
-41
-33
-30
-33
-52
-69
-68
-60
-38
-7
31
51
68
76
81
80
65
34
4
-10
-6
-16
-12
-9
9
12
23
27
37
43
49
36
11
-9
-26
-29
-28
-19
-9
-5
7
4
-9
-21
-32
-25
-18
-4
-12
-23
-26
-27
-21
-20
-16
-19
-31
-28
-9
2
3
4
8
18
10
-6
-32
-49
-50
-47
-40
-52
-48
-48
-29
-17
-7
-8
-2
16
17
23
14
10
5
15
20
21
33
48
59
47
28
8
-5
-9
-18
-20
-20
-12
-14
-25
-41
-45
-51
-47
-27
-7
-9
-11
-12
-20
-13
-8
-8
-5
-4
-1
-4
-9
-6
13
29
50
76
86
88
85
77
67
64
59
45
40
45
53
59
56
50
48
56
77
86
78
57
30
10
11
26
48
49
50
42
39
50
62
73
66
61
61
58
58
56
42
21
7
-1
-5
9
29
56
69
82
67
43
29
38
52
71
80
74
63
60
63
62
53
42
12
-16
-33
-37
-41
-49
-61
-64
-61
-45
-30
-28
-23
-17
-21
-27
-31
-37
-42
-45
-30
-13
-8
1
-7
-11
-18
-22
-16
-14
3
6
3
4
5
6
-6
0
0
-10
-33
-47
-41
-24
-4
-4
-16
-32
-28
-31
-23
-22
-29
-39
-37
-25
-6
13
30
26
8
-20
-30
-38
-37
-47
-51
-53
-37
-6
2
22
20
13
5
2
18
22
30
33
40
40
54
78
98
120
131
128
106
85
53
30
21
20
25
22
37
47
64
79
87
76
49
30
32
