44
36
64
87
86
50
27
33
51
59
48
20
0
11
32
41
37
37
38
11
-17
-43
-39
-20
12
37
39
34
3
-29
-34
-28
-34
-30
-26
-16
-13
-3
-19
-30
-11
23
44
40
20
15
21
1
-30
-57
-58
-49
-49
-82
-98
-99
-75
-66
-24
-23
-22
-20
-31
-20
-33
-31
-29
-41
-21
-5
18
33
26
-10
-49
-79
-69
-34
7
54
59
21
-12
-24
-7
2
21
0
4
-18
-27
-22
-13
-3
-11
-36
-31
-13
-10
-21
-31
-42
-26
-12
22
49
62
72
57
32
21
-13
-24
-31
3
24
24
35
30
37
26
39
66
98
113
98
82
63
43
32
40
45
29
2
-24
-42
-58
-41
10
71
102
106
95
51
28
6
18
10
25
33
44
68
103
102
83
36
22
-4
10
-10
6
-17
-29
-43
-56
-45
-29
-20
5
15
3
-29
-55
-51
-29
-16
-7
-7
-30
-18
-15
10
-3
-6
-41
-34
-26
11
44
52
83
85
83
56
33
-1
-31
-34
-41
-51
-59
-74
-75
-47
0
30
35
6
-17
-44
-37
-36
-34
-32
-12
8
17
20
15
13
-26
-57
-54
-64
-43
-48
-48
-71
-84
-59
-42
-26
-26
-20
-2
25
16
-14
-40
-25
0
19
12
-11
-3
-5
16
22
19
33
45
46
51
77
62
46
14
6
16
24
14
-27
-61
-63
-38
-12
13
24
21
21
-17
-52
-73
-59
-8
17
28
20
-1
-16
-18
-22
-6
-1
17
26
31
41
65
63
80
84
70
56
16
0
-12
-8
32
69
87
99
80
50
17
3
-1
10
25
46
56
72
69
51
22
7
5
5
13
9
1
1
14
30
29
26
23
27
9
20
1
4
-17
-13
-11
-2
-25
-46
-67
-59
-27
10
19
17
20
6
1
-11
-27
-30
-18
-22
-14
-3
11
38
52
50
26
-11
-54
-73
-89
-86
-79
-78
-56
-51
-57
-65
-52
-16
-1
3
-16
-30
-47
-74
-87
-73
-56
-25
-10
-19
-45
-53
-62
-55
-54
-50
-25
-10
-16
-38
-63
-55
-24
20
39
46
23
13
25
43
57
49
25
-5
-24
-34
-47
-68
-58
-13
27
54
58
48
39
33
31
21
12
6
9
8
21
32
53
63
51
23
5
-4
-16
-18
-22
8
4
-32
-63
-80
-71
-51
-1
27
50
31
-7
-36
-50
-24
-16
-32
-36
-46
-31
-22
-2
-14
-34
-44
-29
-32
-38
-52
-75
-76
-70
-77
-69
-59
-31
-3
27
33
21
11
-9
-8
-30
-50
-58
-69
-65
-15
19
43
39
41
57
88
109
120
98
58
35
30
34
44
37
41
65
67
52
23
15
-1
-21
-36
-51
-41
-41
-25
-35
-40
-34
-16
-12
-5
-17
-31
-40
-51
-47
-53
-52
-62
-87
-108
-87
-64
-38
-31
-47
-67
-84
-85
-50
-50
-52
-80
-90
-105
-107
-108
-114
-94
-91
-92
-100
-89
-45
-5
22
8
-25
-68
-68
-55
-20
-3
-11
-36
-53
-36
-28
-26
-33
-54
-57
-47
-41
-62
-102
-134
-96
-57
-31
-25
-45
-54
-63
-50
-25
-2
10
-8
-3
2
4
-8
-5
18
40
40
9
-11
-48
-47
-38
-20
-36
-59
-90
-83
-41
-11
13
-9
-6
2
17
31
19
-12
-49
-53
-62
-65
-68
-66
-56
-35
-11
-8
-13
-35
-37
-23
-9
6
11
7
5
10
17
20
17
-4
-34
-47
-37
-23
-7
-8
-9
-19
-8
15
47
59
60
58
34
-3
-43
-71
-64
-54
-67
-115
-158
-179
-197
-196
-203
-223
-221
-210
-179
-144
-120
-97
-91
-86
-76
-28
19
74
76
47
4
4
33
59
60
27
-6
-19
-1
35
56
76
91
107
139
132
114
85
88
84
81
48
37
54
56
59
53
40
50
62
82
87
99
101
101
104
118
131
139
117
77
46
36
72
98
108
110
98
98
107
119
113
73
45
28
17
26
11
14
26
33
28
14
21
39
61
54
42
17
13
17
29
44
23
12
-14
-43
-47
-28
-26
-31
1
36
69
91
110
93
52
17
7
45
64
56
29
0
-7
-21
-22
-24
-7
6
27
31
44
56
75
84
69
50
41
44
35
27
27
27
28
27
-4
-29
-24
9
25
8
-3
-12
1
28
45
44
53
72
98
86
70
35
24
20
25
20
18
30
33
28
11
5
6
17
38
44
41
31
17
5
25
63
99
113
104
107
97
92
78
84
96
107
134
128
113
81
34
3
-8
-8
16
16
16
6
3
19
35
39
62
89
123
120
93
85
74
81
84
57
68
108
136
142
119
108
119
110
129
140
134
101
54
4
-11
3
28
61
84
108
130
154
153
119
82
58
64
65
65
54
28
14
-5
9
0
-15
-8
-17
-37
-56
-69
-60
-48
-35
-56
-61
-80
-83
-73
-44
7
32
27
-12
-37
-49
-58
-47
-41
-67
-74
-75
-32
38
91
119
108
98
49
-7
-21
-50
-33
-36
-56
-75
-86
-83
-66
-67
-74
-56
-15
28
65
65
67
57
65
63
50
28
14
-17
-30
-27
-11
24
61
81
89
92
95
56
10
-5
-6
4
-11
-6
55
86
88
61
39
55
65
55
30
31
42
52
75
87
99
91
84
75
57
39
31
19
24
26
24
3
6
21
18
6
4
16
26
37
50
64
63
71
77
83
80
46
18
-20
-22
-4
2
27
22
29
37
49
48
27
13
-7
-20
-47
-48
-32
-20
-9
-7
15
36
30
9
-21
-22
-23
-22
-30
-35
-47
-42
-17
9
36
46
64
54
29
9
4
9
14
14
13
34
55
59
36
32
47
48
44
10
1
-12
-20
-17
-2
14
19
-12
-29
-43
3
31
59
77
67
65
30
20
-20
-13
-5
-5
0
29
39
62
50
39
21
-5
-10
4
8
5
-19
-37
-47
-42
-39
-27
-24
-9
-20
-14
21
24
23
7
9
22
0
-27
-46
-37
-16
15
29
22
7
-11
-40
-44
-35
-13
8
16
1
-30
-31
-25
-13
9
46
52
32
-7
-28
-37
-12
-7
-29
-59
-54
-39
-25
-41
-46
-21
-6
24
34
35
22
-15
-43
-46
-17
22
40
34
12
-23
-24
-13
-11
-6
3
7
20
-2
8
17
25
9
-7
-7
6
16
6
-13
-7
-13
-15
-38
-50
-63
-70
-65
-43
-13
18
26
5
-37
-75
-104
-107
-100
-77
-40
3
64
116
130
130
103
68
43
29
14
-11
-16
-12
-6
5
14
40
48
48
32
23
6
3
-15
-43
-65
-46
-22
-16
-9
-5
25
57
88
80
53
24
5
-4
4
14
16
7
7
24
42
55
52
47
29
31
21
28
10
10
-18
-26
-18
-35
-34
-27
0
12
0
-4
-4
3
18
29
24
21
9
-10
-24
-18
10
23
28
10
-9
6
1
6
-16
-34
-28
-28
-38
-54
-66
-62
-55
-56
-49
-32
-13
-22
-41
-48
-31
-29
-65
-76
-80
-72
-69
-50
-41
-20
-5
-11
-23
-18
-5
4
-14
-24
-34
-23
-2
14
2
-33
-67
-74
-65
-62
-57
-53
-30
-12
-5
-25
-22
-28
-44
-63
-50
-46
-47
-67
-61
-54
-47
-45
-51
-58
-52
-22
-38
-58
-89
-96
-69
-54
-45
-46
-49
-57
-68
-57
-30
-7
-5
-26
-50
-69
-66
-21
6
26
23
29
35
28
17
-1
-21
-39
-46
-57
-80
-87
-101
-107
-99
-87
-67
-27
-20
2
0
5
-3
-1
3
22
11
-7
-17
-17
-21
-7
13
16
-26
-83
-110
-119
-71
-37
-12
-11
-10
15
58
81
72
49
35
46
84
78
61
34
4
8
22
41
48
45
30
31
14
6
-26
-67
-91
-85
-77
-70
-57
-34
-19
-7
-12
-41
-74
-86
-79
-59
-38
-27
-30
-31
-26
-37
-67
-100
-107
-102
-77
-48
-37
-31
-29
-1
28
59
57
34
-13
-59
-77
-88
-83
-63
-38
-12
17
30
21
1
-6
-22
-12
5
8
-11
-52
-89
-97
-68
-13
21
5
-15
-9
27
59
63
44
24
20
17
4
-10
-11
-8
0
0
18
24
37
47
43
57
82
117
112
101
89
69
55
35
25
23
33
45
69
60
30
6
-14
-12
8
14
28
27
26
-4
11
46
100
117
121
75
35
-21
-15
12
53
91
74
37
15
49
78
114
121
96
64
33
26
30
33
52
60
59
55
38
51
59
70
77
61
92
104
111
68
35
17
12
39
49
59
50
33
-9
-32
-30
5
24
21
21
27
29
29
-1
-22
-43
-36
-36
-14
-5
4
-10
-19
-21
9
40
66
65
43
15
-8
-29
-35
-27
-9
-19
-45
-64
-53
-36
-12
-1
13
28
42
29
10
8
-5
4
-4
11
10
-5
-30
-56
-59
-62
-49
-45
-49
-75
-114
-124
-102
-61
-62
-74
-84
-90
-80
-56
-22
-11
-17
-45
-48
-38
-16
1
18
23
42
42
51
49
60
63
72
64
35
-6
-33
-41
-39
-14
1
23
5
4
13
19
16
14
21
17
35
17
-4
-28
-28
-19
-13
-16
-24
-10
-1
-5
-14
-27
-10
-8
-1
8
22
26
11
8
5
10
21
44
53
65
78
73
68
27
-3
-29
-38
-21
-5
12
4
-7
-19
-37
-28
-13
7
20
14
1
-3
-23
-28
-33
17
55
63
41
24
21
22
15
-11
-42
-55
-43
-30
-31
-20
-11
0
41
58
78
86
107
115
104
57
14
-27
-40
-38
-37
-56
-65
-55
-22
12
24
27
21
7
2
1
0
-7
-32
-32
-9
13
12
0
12
35
36
38
33
63
74
91
74
75
86
81
47
37
43
79
85
63
21
-7
-13
-25
-24
-22
1
8
11
7
17
28
40
61
70
74
71
55
39
9
-7
-7
9
34
40
29
9
18
53
81
83
96
87
80
50
15
3
4
3
-34
-41
-47
-48
-48
-43
-11
25
63
76
91
60
33
-11
-53
-69
-64
-41
-26
-8
-9
-17
-17
-16
-4
0
3
-1
-26
-44
-51
-38
-10
-4
-21
-53
-65
-57
-22
5
39
42
31
10
21
27
47
82
85
78
58
39
3
-20
-26
-17
-1
9
18
18
36
45
58
62
65
61
32
9
11
33
53
66
30
-13
-42
-35
-14
4
9
13
13
-4
-10
-5
2
29
25
14
-5
-18
-2
3
26
31
40
53
58
45
44
69
87
101
98
95
56
17
-16
-29
-25
-35
-30
-50
-74
-77
-52
-5
41
53
22
5
18
45
52
24
-28
-77
-95
-81
-39
-7
12
22
13
19
32
34
43
51
65
69
69
81
75
60
42
26
16
9
3
10
13
31
40
20
-16
-41
-46
-22
-18
-33
-80
-113
-102
-50
-16
5
-9
-28
-32
-25
-18
-7
-4
17
3
-14
-38
-63
-67
-57
-59
-43
-44
-29
-32
-30
-18
-44
-66
-72
-47
-26
-10
16
37
61
61
50
34
32
21
2
-8
-20
-30
-29
-27
-12
-1
1
-2
-21
-51
-58
-60
-54
-53
-40
-18
-2
2
2
-5
-10
8
23
35
28
40
48
41
34
31
45
87
121
107
101
87
63
42
17
21
33
22
6
-24
-26
-24
5
18
40
50
55
59
44
35
12
20
15
19
7
13
23
27
23
37
60
72
86
94
94
98
58
21
-8
13
26
35
21
-17
-26
-38
-29
-53
-74
-89
-71
-45
-15
36
67
79
77
40
9
-10
-21
-26
28
-1
-40
-56
-10
33
60
109
86
84
35
4
-21
-15
48
114
117
73
14
-13
-4
27
20
15
17
41
52
48
40
36
20
26
-3
-33
-29
-13
7
-10
-39
-58
-56
-50
-2
-4
-14
-82
-147
-130
-94
-65
-52
-50
-41
-19
29
30
47
12
-25
7
17
23
9
-7
14
13
20
15
20
59
51
49
2
19
3
17
43
59
52
37
20
28
61
64
66
51
28
4
-9
-14
-13
7
43
79
71
17
-48
-73
-57
-72
-46
-5
61
87
110
82
63
18
-15
-27
-41
-42
-9
11
13
-7
-34
-52
-51
-59
-36
-26
6
15
22
11
-12
-50
-47
-18
36
17
33
-13
-27
-19
45
65
91
53
32
7
-4
-9
-31
-25
5
52
89
82
63
8
-24
32
32
61
26
26
19
19
20
-3
-38
-73
-87
-70
-58
-42
-20
51
30
12
-36
-56
-36
-34
-36
-37
-8
12
15
-1
-26
-15
-1
13
1
-12
-14
24
65
88
87
42
3
-42
-21
15
45
49
79
68
106
82
36
-4
-12
6
17
-1
-19
-34
-16
18
32
14
6
-5
-22
-9
-2
-13
-41
-81
-74
-42
-3
23
21
-5
-18
-21
-17
-14
19
-7
5
8
34
38
22
21
37
26
25
-16
-19
-16
-17
-9
-13
4
26
6
-1
-11
20
28
32
2
-38
-30
23
28
27
18
-6
8
7
11
4
-5
4
27
45
46
31
53
44
36
4
4
-5
68
40
26
-20
-49
-41
-17
2
-11
-22
-28
3
25
15
-2
-27
-16
-5
15
8
22
31
37
37
-1
-43
-83
-69
-34
5
1
-7
-23
-29
8
8
-10
-9
14
45
35
8
10
19
22
11
-15
-5
2
8
-9
40
55
74
37
10
-3
24
23
28
13
39
23
24
-8
-37
-6
-29
-15
-15
-1
-7
3
1
-14
-34
-32
-20
-24
-13
-25
-36
-38
-39
-23
-42
-44
-44
-36
-56
-24
-40
-41
-26
-27
-4
-22
-22
-25
-19
-16
-14
1
29
52
80
64
55
51
49
45
31
3
27
21
14
-26
-18
-20
-21
-22
0
51
57
36
5
-22
-28
-46
-53
-22
-26
-25
-63
-57
-37
-33
-44
-31
-15
17
28
51
19
-22
-65
-89
-83
-82
-75
-79
-59
-26
-34
-41
-80
-87
-52
-35
-26
-27
-69
-68
-70
-77
-59
-26
-15
-7
-2
12
1
-2
7
33
37
62
15
2
0
16
29
13
-11
-19
-29
-5
7
5
-3
33
29
25
-24
-57
-50
-4
9
19
-10
-8
4
32
26
42
73
79
39
-14
-67
-78
-67
-57
-41
-12
0
5
-9
-5
-8
-25
3
3
13
27
24
20
-9
-25
-15
-2
20
54
62
65
45
45
38
35
42
40
44
52
73
72
50
11
0
35
53
71
47
31
22
32
27
38
16
-7
-2
3
55
72
60
47
15
6
0
-19
-27
-29
-39
-11
-10
14
31
34
43
2
-42
-41
-22
9
47
52
61
20
-14
-13
-32
31
9
13
-26
-43
-17
-14
-22
-40
-46
-49
-43
-5
-5
10
6
-19
-33
1
8
27
15
-2
6
9
4
-16
-13
-29
-25
-50
-62
-47
-10
-7
3
3
-9
-26
-38
-4
37
82
87
57
21
-8
-10
-22
-13
-13
-7
22
55
115
105
96
53
-11
-23
-24
-30
-9
-4
8
7
0
26
45
57
34
10
-3
43
63
70
49
45
51
31
12
-6
-11
5
16
36
39
14
3
-37
-53
-44
-33
-36
-28
-6
-1
-1
-1
-13
3
-14
-29
-43
-36
7
-9
-37
-92
-100
-80
-47
-33
-18
-5
-1
-6
-23
-31
-14
-3
-13
-15
-21
-22
-9
32
66
66
37
-8
-26
-20
1
35
58
51
40
17
42
78
85
66
32
16
27
27
16
-6
-15
-2
-7
-18
-8
16
35
47
24
35
35
44
51
42
53
54
52
11
-11
-14
-15
33
28
27
-23
-60
-81
-94
-94
-75
-62
-59
-40
-21
-13
16
1
15
3
-17
-24
-30
-32
-8
43
52
34
14
-24
-27
-32
-16
-8
-5
3
22
28
43
30
20
69
72
70
18
-7
-21
-1
7
7
7
-16
-25
3
17
22
25
10
31
30
17
2
-11
-10
-2
8
7
12
6
42
67
67
36
23
5
-6
-46
-58
-51
-29
-25
-16
-5
9
0
-18
-3
22
38
35
11
8
21
68
96
80
27
-3
5
9
18
4
19
50
49
30
-20
-20
-13
-7
-13
42
40
58
31
3
5
1
1
0
6
34
50
38
0
-38
-67
-50
-57
-37
-41
-20
-28
-28
-23
-6
21
10
7
47
41
34
-23
-27
-26
8
-7
-50
-86
-87
-60
-34
-5
-16
-18
-25
-22
-29
-43
-25
17
60
58
60
19
-12
-34
-48
-51
-47
-23
-28
-14
-40
-70
-83
-56
-16
2
35
5
-6
-43
-44
-4
4
-1
-32
-25
-23
-9
3
26
37
53
67
63
66
51
5
0
-23
-25
-24
-35
-44
-68
-48
-35
1
-3
-14
-15
-39
-62
-65
-55
-20
4
12
-3
-31
-37
3
4
47
41
21
-10
-21
-36
-31
-16
-7
10
-6
-15
-35
-38
-39
-47
-45
-14
16
6
0
-7
-2
-1
-19
-14
-25
2
-15
-11
-16
-26
-13
-23
-16
16
23
22
-3
-8
7
14
36
9
-3
-14
-24
-9
3
12
17
22
38
31
37
6
25
6
4
11
11
24
23
32
23
3
-2
-9
-14
-21
-34
12
21
15
-15
-65
-56
-61
-62
-44
-9
16
15
13
-5
9
44
44
32
12
-13
19
32
40
35
18
1
-1
19
42
75
76
91
83
43
-3
-62
-59
-33
-18
-19
-1
4
18
5
5
25
66
89
74
49
9
2
22
57
62
38
0
-12
-1
14
-5
29
20
9
18
-11
-18
-36
-41
-26
-3
27
45
36
11
-1
-34
-56
-76
-27
-15
1
-13
9
19
69
52
20
-18
6
14
31
30
14
8
-6
-6
-4
-6
-16
-30
-2
-21
26
22
16
-3
-17
-35
-28
-47
-48
-49
-28
-1
3
9
-1
8
26
25
-18
-67
-101
-82
-63
-40
-22
-3
-18
-34
-44
-40
28
39
30
-18
-21
-1
-6
-26
-28
-2
-6
-15
-15
-16
27
19
6
-28
16
14
10
-37
-52
-46
-44
-17
-6
-10
-38
-37
-4
22
35
28
18
10
41
35
26
19
-19
-29
-20
-23
-26
-31
-45
-44
-48
-30
-23
-29
-52
-69
-38
-30
-15
-15
-23
-23
-37
-58
-80
-80
-57
-25
-16
-36
-15
-50
-39
-39
-42
-15
9
37
19
7
-20
-8
13
3
-24
-15
21
54
51
19
-1
13
11
14
16
40
37
56
16
18
10
-2
23
12
23
10
-24
-29
-15
-9
20
23
10
-4
-10
-32
-3
-12
-16
-38
-64
-51
-7
22
40
40
47
67
77
52
8
18
11
32
49
51
68
31
4
-11
3
32
41
61
19
2
-11
17
46
61
28
-6
-37
-39
-34
-27
0
27
75
72
48
2
5
0
-3
7
2
24
16
20
17
13
-9
-10
21
31
42
45
50
47
37
-16
-74
-56
-54
-42
-43
10
36
57
25
10
7
18
10
1
5
18
27
18
-8
23
36
40
27
20
24
56
76
107
84
52
19
14
63
69
57
23
8
11
65
54
65
30
38
43
29
-2
-27
-5
18
32
41
20
25
56
37
57
17
1
-19
-54
-71
-72
-78
-48
-22
6
-6
-3
-2
7
23
8
-2
-23
-24
-12
18
9
27
31
30
29
31
25
12
20
6
-1
-8
-13
3
20
39
50
32
26
38
44
55
55
14
19
-4
12
6
-1
14
25
29
23
-13
-20
-12
0
18
7
12
-1
-4
-1
66
55
46
5
-10
-12
-9
1
-21
-15
8
17
40
11
-25
11
22
51
32
1
-5
0
23
15
17
-4
-9
16
43
39
28
4
7
19
14
7
21
4
53
41
30
9
-26
-42
-58
-63
-7
10
56
54
34
24
24
6
-6
-26
-48
-53
1
-7
-12
-51
-30
-23
-14
-24
-31
9
15
0
-36
-63
-59
3
-1
1
-37
-6
-3
37
35
27
-7
-13
-7
-14
24
-10
-18
-29
-26
11
27
10
-11
-25
-27
-21
-22
-27
23
69
86
86
78
42
26
0
-16
-20
0
0
34
41
53
44
27
20
81
67
62
18
-4
20
43
57
28
-1
13
11
47
27
24
12
9
34
16
-6
-32
-64
-61
-44
-35
-32
-43
-39
-12
-24
-32
-41
-35
-25
-11
-16
-16
12
22
35
21
21
25
6
5
-29
-40
-56
-41
-47
-49
-55
-38
-20
-5
-14
-18
-23
-43
-40
-23
-5
36
79
78
63
23
-25
-22
-20
-21
-26
-27
-16
26
21
7
-28
-65
-47
-15
-7
-9
6
-1
2
-8
-8
4
10
12
15
0
20
13
23
60
50
35
-29
