-63
-35
-23
-8
-2
7
23
30
28
16
-2
-12
-31
-55
-79
-110
-122
-102
-60
-17
13
28
9
-22
-56
-82
-87
-73
-38
2
38
54
40
5
-27
-37
-38
-44
-59
-96
-133
-149
-133
-102
-61
-22
7
25
40
32
-1
-42
-85
-110
-125
-126
-127
-125
-104
-69
-27
-17
-18
-35
-58
-66
-69
-71
-81
-91
-102
-107
-99
-69
-45
-19
6
12
13
6
-3
-24
-44
-41
-27
-13
-5
-11
-32
-35
-15
12
39
48
56
47
38
25
2
-35
-65
-88
-102
-114
-118
-112
-97
-66
-25
11
41
48
40
23
18
14
1
-22
-51
-86
-122
-140
-152
-149
-130
-95
-65
-48
-24
-8
-1
-18
-38
-72
-90
-96
-83
-79
-70
-66
-60
-26
15
59
68
48
14
-30
-59
-85
-105
-113
-111
-83
-65
-40
-17
-4
5
0
6
-7
-16
-33
-41
-52
-62
-59
-63
-59
-41
-27
-28
-29
-32
-24
-5
0
-18
-50
-59
-42
-11
14
27
24
7
-1
-19
-34
-50
-64
-76
-74
-63
-50
-37
-28
-10
7
16
19
6
-17
-31
-32
-32
-26
-30
-30
-33
-36
-30
-42
-45
-39
-25
-12
-9
-7
-15
-1
18
41
54
62
58
46
36
28
21
6
-2
4
11
20
19
14
-4
-7
-14
-16
-19
-9
-6
-15
-18
-26
-20
-11
3
7
-1
-27
-73
-112
-138
-133
-125
-102
-74
-53
-42
-31
-30
-46
-56
-58
-53
-48
-47
-35
-25
-17
-12
-14
-15
-14
-2
-3
-9
-27
-42
-53
-54
-42
-35
-30
-21
-14
-5
9
13
8
-15
-27
-47
-57
-63
-66
-73
-60
-29
3
16
15
-18
-56
-84
-84
-67
-56
-43
-58
-72
-87
-90
-93
-79
-51
-31
-19
-14
-11
-15
-20
-25
-34
-45
-50
-52
-58
-46
-34
-29
-35
-54
-53
-42
-25
-6
0
-2
-12
-15
-29
-32
-33
-31
-29
-20
-14
-27
-48
-57
-54
-35
-8
2
-5
-32
-53
-67
-83
-93
-111
-114
-94
-53
-21
-11
-7
-24
-36
-55
-56
-54
-41
-20
-10
-5
-14
-20
-26
-29
-12
1
-1
-17
-38
-63
-74
-67
-70
-79
-92
-90
-79
-61
-54
-60
-62
-50
-31
-17
-13
-16
-19
-33
-42
-40
-42
-40
-43
-46
-50
-42
-38
-35
-28
-19
-18
-17
-18
-29
-40
-38
-21
-8
-18
-29
-28
-17
2
1
3
-2
20
27
17
-8
-26
-34
-27
-6
8
3
-5
-11
-19
-22
-27
-48
-53
-48
-24
-11
-10
-22
-32
-39
-30
-5
2
-12
-24
-37
-39
-38
-42
-72
-105
-118
-108
-83
-58
-46
-32
-15
11
29
36
50
66
59
42
15
-12
-32
-25
-11
-1
6
3
-6
-5
7
17
22
6
-8
-29
-40
-43
-43
-35
-29
-11
1
17
22
22
3
-21
-36
-54
-49
-38
-37
-40
-45
-37
-27
1
13
18
5
-14
-17
-18
-6
6
15
16
19
17
17
8
-17
-45
-70
-79
-69
-64
-62
-55
-53
-54
-40
-35
-48
-69
-86
-80
-79
-63
-59
-56
-45
-23
-13
-9
6
30
69
83
76
30
-19
-59
-64
-45
-21
-3
-20
-40
-58
-54
-37
-15
7
-2
-14
-12
6
34
54
57
35
13
-2
-12
-23
-40
-45
-60
-59
-47
-39
-39
-35
-37
-41
-54
-54
-47
-36
-26
-35
-47
-46
-28
-7
-17
-32
-59
-74
-66
-48
-30
-22
-9
-2
-1
-11
-17
-51
-79
-86
-77
-60
-29
9
42
63
71
64
46
37
25
11
-2
-24
-32
-47
-36
-11
7
23
42
68
92
108
102
57
-3
-57
-93
-101
-83
-56
-36
-24
-9
2
10
35
52
59
42
8
-23
-39
-26
-16
-32
-61
-89
-95
-83
-42
0
41
45
46
31
27
26
30
29
21
-7
-46
-69
-65
-41
-28
-32
-50
-67
-64
-31
8
21
8
-18
-30
-19
8
16
2
-29
-57
-75
-75
-56
-50
-60
-74
-85
-85
-69
-51
-34
-29
-19
-20
-31
-31
-41
-53
-65
-64
-67
-60
-62
-65
-54
-41
-14
-3
-24
-35
-45
-41
-41
-37
-46
-51
-61
-64
-69
-65
-51
-46
-45
-60
-67
-68
-53
-34
-30
-39
-49
-49
-44
-33
-19
-14
-9
-14
-21
-38
-56
-63
-73
-85
-98
-96
-93
-78
-55
-30
-23
-16
-25
-37
-37
-22
-3
2
-7
-23
-44
-59
-60
-52
-36
-14
3
11
9
2
-15
-35
-42
-30
-21
-18
-24
-46
-57
-48
-35
-38
-52
-65
-70
-67
-67
-74
-90
-93
-79
-67
-57
-50
-37
-17
-1
12
-2
-14
-16
-19
-20
-13
-6
-9
-22
-40
-60
-76
-76
-72
-62
-54
-42
-34
-18
-7
2
5
10
12
-1
-21
-31
-49
-74
-99
-105
-83
-64
-28
-6
8
10
7
2
2
16
21
23
7
-3
-30
-39
-27
-6
-1
-11
-31
-55
-66
-66
-62
-53
-40
-28
-37
-36
-32
-30
-36
-39
-39
-39
-39
-49
-55
-62
-55
-57
-62
-78
-89
-90
-87
-71
-66
-69
-67
-68
-63
-62
-45
-33
-26
-18
-12
-18
-33
-44
-54
-53
-43
-28
-22
-17
-15
-15
-18
-25
-13
-7
-1
6
9
20
28
46
44
43
33
12
-1
-10
-11
-15
-22
-13
-7
8
26
32
30
12
8
-7
-30
-59
-81
-89
-78
-44
-31
-15
-4
10
11
7
1
-2
-2
21
38
36
17
-1
-2
-2
7
0
-26
-53
-68
-68
-60
-43
-60
-76
-85
-56
-28
-22
-37
-62
-72
-69
-46
-32
-22
-6
8
19
21
5
-30
-57
-65
-55
-43
-49
-61
-83
-89
-68
-45
-26
-22
-26
-17
-9
7
8
-15
-35
-57
-79
-89
-93
-94
-90
-68
-32
-16
-21
-40
-50
-41
-17
-14
-30
-47
-45
-29
-19
-11
-16
-27
-27
-13
-15
-22
-43
-69
-89
-86
-75
-60
-52
-46
-42
-41
-44
-42
-51
-56
-42
-22
-8
-21
-48
-95
-129
-125
-111
-89
-71
-47
-9
30
53
47
3
-46
-82
-102
-93
-73
-53
-43
-26
-22
-32
-39
-48
-48
-52
-57
-76
-90
-95
-75
-54
-44
-49
-66
-86
-92
-81
-62
-41
-22
-2
11
21
15
-8
-46
-72
-86
-88
-72
-67
-69
-77
-71
-58
-45
-19
1
13
11
11
9
-7
-28
-47
-65
-64
-55
-55
-59
-68
-61
-41
-22
5
14
9
4
-17
-41
-70
-86
-83
-65
-36
-33
-48
-82
-105
-101
-82
-40
-20
-15
-4
2
3
-9
-20
-34
-44
-59
-71
-83
-86
-78
-60
-39
-24
1
12
18
25
26
21
15
16
19
42
68
80
58
20
-6
-20
-20
-8
-9
5
27
50
44
13
-40
-95
-123
-102
-62
-23
-8
-2
-1
2
-3
-21
-41
-52
-47
-35
-25
-23
-22
-30
-27
-17
-20
-37
-48
-52
-43
-34
-21
-23
-17
-11
-15
-14
-9
4
6
-3
-13
-20
-18
-12
-8
-34
-53
-53
-24
4
27
37
29
21
30
41
45
45
34
15
1
4
0
-13
-25
-38
-41
-33
-25
-23
-31
-37
-40
-26
-9
19
38
45
65
71
42
-12
-75
-133
-142
-117
-91
-74
-81
-78
-83
-80
-78
-83
-93
-99
-88
-74
-56
-50
-48
-48
-39
-25
-19
-32
-50
-83
-115
-119
-103
-70
-40
-18
-8
-18
-14
-15
-12
-19
-34
-47
-70
-76
-84
-83
-60
-29
9
33
49
48
38
28
30
33
26
29
20
27
34
60
82
93
92
72
43
23
26
27
28
29
33
31
29
26
6
0
-13
-29
-37
-54
-41
-40
-26
-20
-28
-39
-47
-38
-30
-17
-3
0
-1
0
-1
11
31
54
72
70
74
65
50
45
42
40
16
-4
-35
-70
-92
-88
-78
-51
-2
35
71
79
67
49
12
-10
-25
-29
-33
-26
-31
-37
-52
-82
-118
-127
-118
-92
-66
-56
-48
-42
-28
-3
2
-1
-12
-29
-23
-21
-12
-6
-11
-22
-37
-48
-49
-43
-47
-36
-28
-18
-25
-27
-27
-24
-24
-28
-31
-36
-10
1
13
13
1
-5
-27
-30
-34
-15
-4
0
-27
-35
-35
-6
1
-15
-43
-79
-99
-83
-63
-49
-47
-38
-25
-2
4
-2
-33
-71
-97
-115
-110
-96
-88
-91
-97
-107
-128
-125
-123
-115
-123
-127
-117
-101
-62
-28
-5
-22
-59
-103
-133
-136
-113
-92
-87
-83
-81
-69
-34
-6
2
-13
-34
-51
-58
-60
-63
-79
-101
-110
-106
-94
-79
-58
-39
-29
-17
-14
-19
-32
-47
-74
-81
-73
-68
-57
-51
-39
-41
-52
-54
-61
-59
-51
-39
-31
-28
-26
-33
-42
-36
-40
-51
-68
-77
-84
-86
-90
-109
-135
-145
-135
-99
-67
-35
-21
-27
-38
-28
-1
16
32
24
13
-10
-41
-84
-122
-126
-114
-94
-85
-85
-82
-64
-30
-7
-2
-9
-23
-29
-36
-41
-61
-82
-93
-81
-69
-67
-62
-72
-79
-71
-47
-28
-1
12
29
35
35
34
14
-1
-25
-51
-76
-87
-86
-89
-78
-84
-92
-89
-57
-6
40
68
74
60
33
13
-4
-27
-55
-81
-95
-90
-47
-2
28
45
57
65
69
74
51
22
-12
-32
-53
-65
-71
-80
-81
-72
-46
-21
12
49
84
109
114
96
45
-13
-58
-86
-92
-85
-65
-60
-42
-19
16
42
58
56
34
8
-4
-12
-24
-30
-33
-31
-30
-27
-33
-55
-61
-64
-50
-38
-25
-16
-20
-19
-44
-66
-85
-77
-58
-37
-9
2
10
8
1
-9
-23
-32
-47
-54
-50
-30
-23
-19
-21
-47
-73
-89
-85
-74
-45
-30
-27
-42
-62
-73
-81
-78
-58
-31
-25
-23
-37
-60
-68
-62
-53
-58
-57
-60
-57
-39
-25
-17
-23
-16
-19
-9
-5
-9
-22
-50
-74
-92
-90
-63
-37
-36
-59
-74
-66
-44
-24
-27
-41
-60
-60
-60
-57
-56
-45
-33
-13
15
44
60
59
46
19
16
25
30
34
24
30
30
24
23
11
-1
-3
-1
-1
-5
-25
-41
-47
-27
-5
-1
-12
-27
-40
-57
-55
-60
-53
-53
-43
-31
-24
-15
-9
-3
-9
-18
-40
-51
-60
-63
-73
-83
-95
-127
-130
-102
-53
-6
9
7
-13
-36
-39
-37
-29
-9
1
-1
-2
-10
-18
-31
-50
-59
-75
-86
-90
-83
-68
-31
1
12
2
-16
-27
-17
0
17
12
5
9
7
4
12
16
14
-8
-28
-32
-38
-24
-31
-42
-48
-40
-36
-29
-17
-8
6
22
42
46
44
40
38
26
15
9
-6
-11
-27
-39
-45
-41
-28
-29
-30
-32
-43
-56
-60
-43
-17
-4
10
5
-3
-21
-22
-15
9
32
37
18
7
7
-2
20
42
48
27
11
9
48
82
83
50
12
-17
-16
-1
11
-1
-21
-28
-7
36
86
110
97
67
36
23
31
53
74
74
63
51
39
39
39
38
35
34
35
12
-18
-30
-28
-6
15
31
43
43
72
105
126
107
90
60
36
30
30
37
36
36
39
40
34
24
2
-10
-22
-27
-20
-4
-3
-14
-40
-47
-39
-32
-28
-26
-38
-32
-25
-14
-5
2
24
39
37
29
9
0
8
25
15
0
-25
-43
-47
-42
-20
2
22
39
47
49
40
38
11
-19
-49
-80
-84
-71
-56
-61
-79
-94
-101
-102
-88
-67
-58
-46
-45
-17
8
56
72
54
17
-11
-35
-52
-56
-65
-65
-52
-38
-28
-42
-42
-59
-64
-76
-77
-68
-51
-25
-18
-28
-35
-35
-24
-11
16
33
23
20
10
-10
-28
-46
-46
-33
-13
5
-2
-17
-26
-20
-2
-5
-10
-42
-53
-46
-25
-17
-15
-38
-79
-113
-113
-101
-98
-100
-104
-107
-93
-57
-11
20
33
18
-10
-31
-22
-14
-12
-18
-32
-47
-55
-48
-35
-29
-18
-21
-30
-34
-38
-46
-64
-74
-94
-102
-95
-82
-73
-68
-59
-66
-77
-79
-48
-11
16
11
-19
-53
-65
-61
-64
-73
-94
-114
-128
-127
-102
-77
-55
-49
-64
-88
-116
-132
-162
-177
-171
-150
-144
-130
-111
-75
-38
-6
-1
-12
-20
-31
-26
-20
-5
-5
-8
10
18
23
5
-22
-38
-55
-36
-20
5
39
73
91
92
96
85
86
87
99
107
95
68
20
-11
-18
11
39
60
74
77
72
67
74
77
78
69
50
31
31
41
48
62
99
131
147
137
107
73
43
27
16
18
33
45
32
10
-12
-20
-8
23
39
42
31
17
-11
-45
-73
-88
-83
-61
-23
-4
-1
-1
-2
0
14
26
38
32
18
-7
-27
-33
-18
-6
-5
-13
-27
-30
-28
-5
15
28
28
9
-29
-41
-19
14
30
22
-6
-30
-40
-42
-48
-50
-55
-58
-66
-49
-20
11
27
28
25
15
6
-16
-44
-40
-17
17
31
25
7
-6
-6
1
0
-28
-47
-64
-68
-73
-73
-69
-52
-9
20
39
20
2
-28
-62
-88
-118
-141
-134
-104
-64
-32
-3
6
13
20
14
-14
-56
-83
-81
-49
-5
21
7
-16
-40
-39
-20
-6
-3
-24
-31
-20
1
18
15
4
-22
-42
-41
-34
-43
-43
-43
-42
-42
-24
-22
-30
-51
-77
-89
-75
-39
-21
-26
-18
-16
3
16
25
18
2
-7
-25
-28
-27
-27
-50
-70
-75
-66
-53
-42
-24
-6
-2
-12
-33
-43
-38
-26
-25
-27
-8
5
17
25
25
5
-6
-7
-6
0
6
11
-2
-20
-39
-40
-33
-22
-16
-50
-74
-84
-66
-54
-21
-9
2
11
24
29
16
-8
-36
-51
-38
-4
25
16
-16
-74
-101
-89
-49
-20
-16
-17
-34
-52
-76
-83
-74
-45
-6
15
-7
-36
-59
-50
-19
18
35
21
4
-11
-23
-35
-45
-53
-56
-46
-47
-58
-54
-39
-15
-6
-8
-11
-20
-4
18
24
8
-3
-9
-3
2
28
40
57
73
81
79
69
53
27
4
-11
-18
-32
-39
-36
-28
-29
-18
-31
-58
-73
-64
-23
24
79
100
98
76
36
2
-33
-49
-61
-85
-108
-128
-140
-141
-132
-124
-125
-123
-118
-123
-115
-100
-77
-64
-41
-22
-11
-19
-44
-70
-66
-38
8
26
39
23
4
-12
-21
-27
-44
-60
-68
-59
-47
-12
34
53
56
38
18
4
4
33
73
112
119
83
28
1
-4
7
32
57
72
78
83
74
47
26
14
2
1
-1
5
13
23
22
2
-24
-31
-34
-15
-5
15
24
28
26
5
-34
-77
-106
-120
-99
-66
-43
-40
-45
-32
0
57
103
112
75
17
-46
-90
-99
-65
-18
12
16
-14
-36
-32
3
17
-11
-62
-111
-113
-75
-11
36
46
57
40
35
33
26
-8
-63
-106
-128
-125
-84
-13
47
88
86
53
19
-1
-1
-28
-61
-99
-110
-91
-44
10
29
37
45
66
69
51
5
-55
-96
-83
-48
-1
15
3
-38
-64
-56
-17
22
25
1
-39
-63
-55
-45
-40
-22
-9
-2
3
-15
-46
-83
-92
-85
-68
-61
-40
-11
6
32
27
8
-3
-2
2
-15
-27
-55
-62
-73
-69
-75
-67
-47
-21
-1
7
4
-14
-15
-3
-7
-10
-29
-25
-26
-17
-6
-14
-35
-57
-69
-71
-41
6
40
48
27
-7
-51
-75
-78
-52
-23
-5
-1
-12
-11
13
30
41
47
39
25
1
-6
-11
-15
-15
-36
-70
-110
-122
-107
-90
-60
-49
-29
-21
-5
0
-2
6
-4
-19
-37
-47
-53
-49
-36
-19
-4
15
31
42
47
32
21
9
35
63
62
37
11
-1
-11
-20
-32
-45
-38
-18
-6
-2
-5
-10
-7
-2
18
49
73
94
90
71
43
15
-3
-21
-22
-9
17
56
64
50
16
12
11
7
-11
-39
-53
-64
-56
-59
-64
-58
-43
-38
-36
-28
-23
-18
0
25
46
65
77
82
82
78
78
67
49
38
11
-12
-50
-69
-113
-118
-100
-72
-54
-47
-37
-36
-16
5
16
21
10
1
-22
-39
-55
-72
-75
-75
-65
-71
-79
-89
-92
-93
-69
-44
-29
-32
-33
-20
-11
0
-7
-22
-27
-23
-36
-55
-61
-47
-22
1
24
19
5
-7
-21
-33
-39
-38
-31
-25
-13
-3
-7
-15
-19
-26
-18
-3
0
-15
-37
-46
-45
-19
4
10
-12
-45
-69
-77
-57
-25
19
46
52
32
-5
-20
-5
18
19
2
-27
-54
-64
-42
10
46
84
72
51
30
27
32
35
41
39
23
30
38
50
50
43
32
17
21
27
37
48
63
59
51
22
-8
-32
-42
-37
-22
-23
-27
-16
-7
1
3
-14
-29
-25
-4
5
9
-12
-39
-64
-71
-74
-80
-82
-81
-81
-82
-74
-46
-35
-21
-17
-5
1
22
57
88
104
92
54
11
-10
-37
-58
-80
-85
-71
-67
-40
-14
19
48
55
30
-5
-21
-31
-31
-16
-7
-5
-15
-18
-16
-1
27
55
69
69
71
60
51
45
42
29
14
11
11
13
3
6
-12
-15
-19
-32
-58
-70
-66
-47
-18
-7
-23
-54
-75
-75
-78
-72
-61
-51
-43
-24
3
24
31
37
29
22
22
13
14
9
5
-3
-27
-38
-41
-35
-15
-4
-7
-36
-55
-69
-72
-66
-61
-53
-40
-6
13
2
-30
-46
-36
-13
1
-15
-47
-73
-60
-49
-16
8
16
-2
-25
-43
-62
-55
-30
-2
11
3
-18
-51
-51
-42
-29
-26
-26
-23
-23
-17
-1
21
29
27
-1
-33
-40
-19
27
62
98
93
79
52
27
3
-26
-29
-51
-88
-115
-120
-93
-66
-45
-47
-57
-59
-42
-29
-35
-38
-52
-57
-57
-50
-55
-57
-63
-58
-59
-53
-44
-49
-33
-13
0
1
-13
-22
-36
-38
-15
10
24
23
22
-3
-9
-19
-13
-2
14
16
-4
-14
-23
-17
-13
-6
4
3
9
0
-9
-32
-44
-62
-70
-65
-43
-20
-3
23
34
37
38
43
51
48
52
40
21
13
14
2
-23
-32
-39
-29
-7
21
47
58
55
41
18
10
16
10
-5
-26
-59
-85
-100
-88
-80
-68
-60
-55
-54
-31
1
16
32
22
23
0
-21
-49
-69
-68
-55
-45
-42
-34
-25
-12
8
18
14
5
4
0
-5
-13
-12
-17
-24
-24
-27
-35
-50
-59
-70
-60
-26
-8
9
-2
-9
-14
-17
-17
-20
-16
-6
8
4
-22
-60
-97
-113
-110
-75
-53
-33
-30
-31
-37
-31
-2
-1
-2
-30
-41
-40
-18
13
21
16
-6
-24
-34
-22
0
19
40
59
66
66
75
84
70
50
32
27
39
44
31
-1
-13
-5
1
-1
14
17
19
2
-16
-30
-19
18
59
79
81
69
54
25
12
-1
-2
11
30
31
33
42
43
53
57
52
53
32
32
21
14
16
4
-18
-20
-17
0
-7
-15
-21
-17
6
39
54
43
27
34
52
83
94
73
33
16
17
32
44
41
28
15
26
42
45
47
29
6
-5
-2
14
25
17
7
-3
-15
13
35
51
17
-37
-94
-106
-70
-27
2
3
-8
-28
-27
-3
18
23
14
6
-5
-5
-11
-24
-42
-55
-45
-39
-19
-7
2
4
13
16
9
18
39
59
69
60
42
22
20
38
49
32
0
-33
-70
-69
-66
-59
-53
-37
-22
-2
0
-10
-31
-44
-34
-26
-23
-32
-28
-18
-20
-8
-12
-16
-16
-7
-10
-30
-20
-11
9
8
-18
-48
-60
-40
-10
-10
-3
-13
-23
-30
-45
-52
-59
-50
-28
-32
-41
-42
-38
-25
-19
-18
-32
-34
-7
29
54
44
12
-13
-21
-7
-6
-21
-36
-56
-61
-54
-25
-14
-20
-18
-22
-17
-5
9
17
0
-7
-22
-41
-64
-73
-76
-79
-82
-95
-89
-65
-23
7
11
-1
-35
-58
-58
-42
-44
-56
-71
-75
-65
-45
-25
-33
-45
-47
-52
-62
-85
-102
-113
-98
-61
-39
-28
-44
-65
-91
-87
-68
-36
-22
-11
-10
-16
-23
-29
-20
-20
-6
-11
-34
-62
-77
-78
-66
-43
-26
-23
-29
-22
-7
3
21
30
17
-1
-32
-61
-78
-91
-105
-101
-96
-61
-41
-20
18
36
32
-1
-34
-55
-36
-1
33
33
13
-10
-30
-42
-62
-83
-109
-100
-63
-28
-4
8
6
-4
-14
-18
-27
-13
14
39
44
31
20
13
14
27
16
-4
-28
-45
-45
-39
-26
-30
-41
-47
-46
-27
10
40
47
41
32
19
-13
-46
-61
-62
-45
-25
-19
-30
-51
-28
-14
13
4
-18
-53
-74
-79
-82
-74
-64
-69
-82
-79
-48
-27
-9
-5
-9
-10
-5
3
-16
-36
-69
-85
-86
-71
-50
-53
-64
-78
-82
-82
-59
-31
-23
-34
-68
-103
-127
-95
-46
-3
-7
-44
-97
-121
-100
-68
-32
-9
11
7
-9
-22
-31
-38
-38
-46
-70
-87
-65
-25
16
20
5
-19
-32
-39
-30
-17
3
0
-15
-28
-22
-3
33
70
102
87
54
25
10
11
22
33
23
9
-7
-15
-1
20
36
17
-12
-31
-28
-11
20
21
7
-16
-18
1
28
59
54
37
10
13
27
36
41
1
-39
-85
-117
-122
-114
-74
-37
-14
-9
-5
-22
-31
-42
-39
-45
-48
-50
-50
-34
-2
29
54
48
22
-24
