0
-6
7
10
3
-4
-1
12
31
36
45
30
24
20
29
29
29
28
19
26
26
38
34
27
36
42
45
35
17
1
9
15
19
22
15
4
-4
-4
4
19
34
44
31
4
-15
-23
-22
-8
15
25
25
34
24
18
0
-1
5
3
6
-4
-18
-21
-27
-23
-14
1
18
20
10
-1
-10
-12
-9
-2
1
12
26
23
23
31
47
55
45
29
-2
-7
5
14
20
24
20
3
-13
-20
-10
4
27
36
25
12
1
-1
-21
-18
-17
-3
-1
11
14
15
18
14
10
14
7
0
-13
-22
-18
-11
-6
-5
-16
-26
-26
-22
-15
-5
9
1
6
9
0
-10
-24
-30
-26
-20
-11
4
2
10
15
11
2
-9
-24
-28
-31
-24
-19
-20
-8
-6
-16
-16
-15
-13
-10
-1
7
6
17
6
-3
-13
-23
-14
-15
-6
4
0
6
13
16
27
32
23
2
-7
-10
-8
-21
-22
-31
-27
-11
7
5
-3
-10
-21
-11
-10
7
9
7
20
26
19
5
-9
-18
-14
6
11
9
-9
-25
-33
-30
-10
-1
2
-19
-40
-57
-57
-43
-45
-39
-43
-37
-35
-30
-21
-11
-15
-2
3
16
19
28
24
13
24
31
43
42
45
34
17
8
1
-4
-2
5
6
1
-8
-23
-47
-62
-65
-72
-64
-46
-38
-38
-41
-35
-32
-26
-21
-20
-20
-16
-6
-13
-2
-2
-1
-6
-18
-26
-44
-42
-23
-7
-8
0
2
0
-7
-10
-2
5
7
7
13
17
16
2
-12
-8
-3
4
0
-5
-22
-34
-36
-43
-55
-59
-49
-36
-22
-25
-36
-47
-55
-42
-46
-35
-25
-18
-19
-17
-4
11
18
9
-11
-36
-47
-34
-21
1
13
9
-2
-6
-5
-7
-10
4
24
21
11
-8
-28
-27
-27
-40
-56
-57
-34
-11
-1
-5
-1
-16
5
-4
-5
-20
-19
-19
-27
-15
-13
-10
-8
-6
-6
-13
-29
-44
-60
-61
-52
-57
-62
-63
-62
-61
-44
-26
-23
-20
-14
-13
-7
-13
-11
-12
-13
-19
-25
-40
-36
-28
-19
-15
-3
22
27
30
18
-1
-4
-10
5
1
5
-1
-5
4
11
16
-5
-27
-46
-65
-58
-49
-36
-33
-31
-28
-17
1
30
38
25
10
-4
-5
9
25
30
26
31
25
23
28
45
52
64
71
76
64
51
55
33
30
33
23
19
4
14
26
30
35
29
31
26
25
7
11
26
45
46
52
52
46
35
19
11
7
18
22
5
-9
-7
19
41
69
67
54
38
19
12
9
32
59
74
64
49
24
-2
-2
0
-7
-15
-14
-8
20
33
38
32
31
30
41
47
49
49
31
8
3
-8
9
31
40
35
21
11
-8
0
13
27
26
15
2
-11
-13
-6
11
18
37
36
32
13
6
-2
-2
9
22
21
16
14
7
10
27
46
44
28
21
9
4
2
-8
-13
-23
-16
5
15
32
18
5
-6
-9
-20
-24
-24
-10
-9
-11
-15
-15
4
28
28
9
0
11
12
22
19
22
14
3
-4
-7
-4
-12
-25
-43
-48
-40
-33
-20
-10
-7
-4
-8
-3
-7
-9
-15
-12
-2
13
21
2
-3
3
11
8
3
5
-2
-4
4
2
4
7
6
4
8
-1
-7
-16
-16
-18
-27
-30
-22
-12
13
25
28
12
-5
-6
-11
-4
1
9
-4
-19
-28
-40
-44
-21
7
25
32
30
25
19
11
0
-7
-3
2
1
-3
-3
-8
-19
-9
-10
-19
-26
-31
-27
-29
-21
-14
-17
-10
-7
-2
-5
-17
-35
-39
-24
-1
19
15
18
11
7
9
6
-4
-12
-15
-15
-10
-3
0
-9
-22
-32
-21
-14
11
26
4
-12
-14
-15
-20
-29
-24
-19
-9
-6
-8
-14
-22
-19
-3
25
35
34
16
27
37
28
20
15
19
11
10
2
-8
-17
-27
-39
-33
-24
-2
5
-1
-13
-23
-20
-1
-5
-4
-2
7
13
21
33
30
21
14
5
-3
-10
-14
-22
-33
-33
-21
-1
16
35
35
23
5
-6
-14
0
9
8
17
19
32
25
36
54
74
74
50
26
1
-1
13
15
13
18
10
-3
-19
-26
-18
-25
-26
-51
-77
-88
-77
-51
-33
-9
0
3
-5
-19
-37
-46
-40
-30
-27
-28
-31
-50
-65
-57
-38
-5
19
50
58
47
28
10
4
10
21
32
42
33
23
13
6
-4
-16
-22
-16
-5
1
-1
3
-8
-12
-5
10
13
12
10
22
24
20
6
-12
-5
-1
4
8
16
23
21
16
15
22
29
35
33
33
38
30
20
5
5
16
25
55
52
47
31
27
27
37
51
42
26
11
1
14
12
26
25
30
33
29
12
18
21
40
39
22
8
-9
-12
-11
-12
-19
-27
-41
-53
-38
-7
13
16
13
2
-17
-29
-35
-31
-33
-27
-24
-16
1
20
15
-7
-26
-39
-44
-49
-56
-63
-68
-49
-49
-46
-54
-50
-40
-34
-25
-29
-37
-38
-24
-23
-6
9
25
24
18
1
-25
-32
-30
-24
-11
-8
1
-4
-21
-28
-42
-34
-28
-20
-26
-30
-36
-30
-34
-34
-37
-38
-33
-3
16
38
50
44
34
24
17
16
-1
-15
-38
-41
-30
10
34
34
39
38
45
46
47
21
0
-19
-20
-23
-30
-17
0
18
38
29
25
22
34
32
31
37
46
41
35
32
15
2
-15
-17
-12
-10
-21
-55
-55
-44
-25
-9
-11
-8
-17
-31
-32
-39
-43
-47
-59
-51
-43
-20
-23
-44
-63
-72
-70
-56
-42
-48
-62
-69
-69
-65
-60
-64
-64
-79
-74
-88
-82
-89
-83
-85
-84
-70
-59
-63
-76
-80
-76
-65
-55
-49
-53
-48
-38
-27
-11
-1
-5
-10
-14
-11
-32
-44
-34
-15
-7
-23
-39
-59
-60
-49
-43
-43
-43
-40
-44
-41
-31
-20
-16
2
17
33
34
35
22
11
3
-6
-18
-14
-4
11
15
31
27
25
15
10
19
19
22
30
34
37
35
19
11
25
48
66
64
57
39
40
60
70
72
63
50
33
6
-8
-7
-2
9
12
-8
-19
-28
-22
-15
-1
12
15
15
15
21
28
29
34
37
49
52
45
27
21
16
3
0
5
15
16
22
26
30
22
23
32
37
47
36
20
10
13
16
18
22
16
10
9
21
25
25
30
34
29
15
14
-1
-1
12
19
32
35
37
36
34
49
49
59
53
43
22
7
1
-2
-5
-2
3
8
23
33
42
32
31
27
26
27
29
13
0
-10
-3
3
3
16
14
7
2
21
51
64
64
37
14
16
7
-1
0
18
36
33
20
3
-11
-15
-5
-5
11
12
10
13
20
33
35
30
15
-7
-22
-9
18
42
56
61
45
31
18
7
0
-5
-6
-6
-13
-26
-29
-27
-12
-1
20
18
24
7
9
2
6
2
-7
1
5
18
30
47
46
33
28
24
29
21
10
-9
-37
-51
-56
-36
-18
-3
1
15
27
22
0
-21
-25
-25
-22
-8
4
19
18
23
-5
-10
-5
7
7
-11
-13
-13
-1
11
17
14
-5
-23
-42
-33
-15
-6
-26
-30
-32
-24
-4
10
19
17
12
3
-4
-16
-14
-17
-30
-40
-40
-36
-23
-18
-15
-20
-4
5
8
5
-3
-19
-31
-32
-33
-28
-24
-10
-10
-10
-8
-11
-15
-21
-17
-13
-3
7
12
2
-8
-19
-30
-31
-33
-34
-40
-42
-33
-42
-37
-36
-26
-27
-33
-36
-37
-29
-8
9
8
0
-12
-26
-17
-12
1
-3
-8
-20
-33
-39
-31
-23
-24
-26
-40
-45
-46
-42
-32
-34
-25
-27
-34
-28
-10
3
-58
-59
-60
-52
-47
-44
-38
-41
-48
-57
-59
-50
-39
-28
-22
-33
-48
-56
-70
-79
-69
-62
-49
-38
-32
-33
-33
-36
-34
-42
-42
-36
-38
-32
-31
-29
-34
-30
-31
-37
-42
-39
-38
-38
-46
-44
-49
-40
-31
-21
-36
-30
-44
-48
-65
-66
-56
-48
-36
-45
-59
-70
-69
-63
-50
-35
-26
-36
-46
-50
-50
-54
-51
-52
-42
-37
-30
-33
-40
-42
-39
-44
-39
-38
-38
-25
-14
-6
-12
-29
-33
-39
-32
-18
-2
-7
-2
-2
-16
-14
-10
9
16
20
17
-1
-11
-10
-5
2
2
15
15
2
-2
-12
2
-3
-3
-10
-25
-24
-18
-3
6
26
28
25
19
26
34
42
48
51
34
6
-4
-19
-19
-11
-8
1
15
31
36
37
41
46
42
29
29
25
39
48
42
30
23
32
36
41
42
37
28
24
18
4
-16
-24
-29
-24
-22
-18
-22
-10
6
12
0
-2
-6
-4
-1
0
4
-2
10
10
9
8
9
12
11
9
0
-13
-22
-26
-37
-42
-36
-22
-11
-1
16
25
31
46
54
48
34
21
1
2
13
16
15
10
15
8
1
-2
9
31
44
44
27
19
21
21
10
-8
-6
-16
-16
-16
-8
2
16
10
-2
-9
-10
-4
-7
-2
-1
-5
-15
-34
-41
-52
-34
-35
-26
-27
-30
-36
-37
-21
-3
-2
2
11
2
1
-17
-32
-39
-24
6
37
58
74
67
39
10
-4
0
10
8
-4
-17
-29
-36
-33
-16
17
47
50
39
22
5
4
12
19
22
23
20
-5
-15
-28
-25
-29
-20
-28
-40
-48
-38
-22
-14
5
11
23
24
20
6
-16
-23
-23
-24
-22
-21
-28
-35
-32
-35
-33
-31
-18
-3
0
7
-4
-17
-27
-21
-26
-27
-35
-38
-32
-19
1
-1
-5
-10
-11
-20
-19
-15
-18
-15
-21
-25
-25
-21
-18
-17
-16
-11
2
-3
-6
-17
-33
-31
-20
4
10
25
29
30
29
37
31
30
38
35
30
19
21
16
21
28
19
5
-7
-12
-15
-32
-31
-32
-27
-30
-27
-27
-27
-11
-8
-7
-6
-4
-7
0
7
0
-14
-37
-35
-26
-4
14
6
-10
-28
-32
-28
-14
2
18
24
21
21
12
17
24
29
22
25
27
31
29
21
21
14
37
45
54
63
70
66
57
50
41
26
16
23
20
12
6
0
-6
-8
7
19
31
36
34
27
20
30
33
38
46
37
27
29
36
33
28
18
9
3
0
11
16
21
18
9
-2
-4
-16
-25
-32
-22
-12
-7
-5
-7
-22
-37
-45
-41
-28
-12
-2
-12
-16
-13
-2
6
11
-2
-12
-34
-50
-63
-71
-54
-36
-25
-32
-31
-37
-39
-40
-47
-48
-45
-26
-20
-9
-11
-27
-36
-50
-44
-43
-34
-18
-21
-26
-30
-18
-16
-16
-14
-16
-19
-15
-15
-23
-31
-34
-33
-44
-45
-47
-39
-28
-15
-5
-9
-9
-22
-39
-52
-47
-30
-17
4
10
-1
-18
-30
-44
-53
-45
-51
-53
-68
-70
-72
-70
-64
-57
-46
-35
-23
-25
-30
-29
-24
-19
-15
-14
-22
-27
-31
-33
-34
-38
-29
-37
-43
-39
-41
-33
-32
-17
-6
6
22
27
26
30
33
26
10
-2
-13
-20
-7
1
9
12
20
34
39
50
54
50
50
54
53
50
62
62
64
62
69
64
56
57
55
53
45
41
33
24
26
23
23
13
6
-7
-8
3
-3
-6
-13
-8
3
16
25
27
26
25
37
46
47
40
20
1
2
3
-4
-15
-11
-2
5
11
6
-12
-18
-22
-15
-22
-18
-20
-31
-41
-47
-51
-54
-44
-35
-32
-32
-39
-43
-42
-26
-31
-38
-46
-43
-40
-47
-50
-57
-60
-61
-45
-35
-18
-4
-6
-16
-19
-15
-15
-10
-14
-6
-15
-22
-21
-28
-26
-21
-15
-22
-30
-31
-43
-43
-43
-47
-55
-62
-63
-63
-53
-40
-26
-26
-11
-5
-1
-2
-4
-10
-19
-17
-29
-38
-44
-35
-22
-16
-5
-5
-8
-6
-1
-1
4
16
23
23
15
12
5
-4
-5
-14
-12
-3
8
10
17
22
25
23
22
27
23
20
13
1
-6
-6
13
9
14
19
25
25
34
41
36
30
28
32
25
15
5
-2
5
17
23
17
11
8
3
11
15
20
9
9
1
-1
5
17
32
33
40
39
32
29
19
7
1
13
15
17
8
8
2
14
32
42
47
57
70
71
61
47
32
4
-13
-14
-14
4
24
36
35
37
37
32
35
37
38
27
35
42
40
34
25
26
23
27
16
-4
-14
-15
-8
-3
16
24
27
27
33
44
43
50
36
21
8
7
10
3
4
11
19
17
12
-6
-8
2
11
13
19
32
25
17
8
-1
-6
-6
-4
-2
1
14
23
27
24
10
-19
-42
-59
-61
-57
-30
-1
5
15
8
4
-5
-3
6
15
15
14
9
-6
-9
-7
-11
-16
-15
-9
-13
-13
-30
-42
-48
-43
-33
-39
-34
-44
-45
-43
-32
-18
-7
-3
-22
-47
-69
-69
-60
-41
-19
-7
0
0
4
5
15
17
9
-5
-32
-30
-33
-16
-3
3
5
13
20
19
13
16
18
18
17
16
-1
-5
-8
-14
-19
-13
-2
1
12
17
29
23
14
-3
-11
-7
7
9
-6
-3
-18
-25
-29
-21
-16
-12
-10
-6
-6
-9
-8
-8
-4
9
18
22
19
4
-8
-13
-12
-5
-19
-35
-47
-61
-63
-59
-55
-55
-48
-38
-38
-38
-40
-46
-57
-57
-52
-47
-47
-43
-39
-38
-30
-29
-24
-19
-10
-8
-7
-3
-8
-11
-8
2
5
-3
5
12
20
30
44
48
34
22
-4
-16
-9
17
31
47
47
30
3
-17
-8
3
27
44
51
42
17
0
-5
6
27
37
22
5
3
-1
1
0
1
10
16
21
13
21
30
28
17
6
5
2
-4
-4
-12
-18
-11
-6
-3
-9
-7
13
21
31
25
8
-2
-1
-4
-5
5
-8
-10
-22
-25
-42
-56
-67
-71
-69
-55
-30
-9
10
22
32
30
22
5
-15
-27
-32
-31
-37
-35
-22
-19
-19
-17
-25
-28
-24
-13
2
13
11
1
-20
-23
-21
-13
-8
-1
-3
-10
-5
-3
-8
-12
-13
-19
-31
-46
-61
-69
-54
-23
8
21
24
8
-12
-28
-35
-33
-32
-25
-34
-45
-46
-39
-35
-39
-37
-40
-37
-38
-36
-43
-50
-44
-36
-23
-18
-19
-31
-36
-34
-39
-47
-53
-46
-46
-46
-45
-38
-29
-17
-14
-11
-10
-9
-16
-34
-44
-55
-55
-47
-28
-5
-6
-4
-10
-12
-15
-8
3
2
10
16
10
8
10
0
3
16
21
27
23
27
15
-1
-9
-9
-4
6
18
13
11
5
-10
-27
-40
-33
-29
-7
3
4
-9
-16
-18
-26
-25
-23
-24
-27
-20
-4
-6
-4
-11
-2
2
7
9
0
-12
-25
-25
-23
-8
4
12
22
22
26
15
19
17
12
18
24
22
12
5
2
-8
-14
-18
-31
-42
-40
-42
-50
-62
-53
-48
-33
-27
-26
-31
-32
-29
-34
-44
-45
-49
-53
-54
-47
-52
-48
-39
-23
-7
7
15
13
12
10
21
22
25
31
21
15
13
7
2
1
2
7
12
15
15
13
21
18
11
11
13
7
4
6
10
9
5
8
-1
-19
-28
-39
-34
-22
0
19
24
35
36
33
27
25
15
6
-5
-9
-8
12
31
23
21
18
17
8
2
-4
-14
-14
-8
3
6
6
8
9
18
27
23
12
11
12
13
18
17
21
11
4
-4
-16
-10
1
11
3
-2
-2
-8
-2
0
2
6
19
25
34
32
31
18
15
16
18
11
-3
-7
-15
-20
-3
7
14
32
47
63
79
75
59
36
22
16
5
-7
-13
-13
-8
5
24
36
39
37
34
26
27
34
34
40
36
26
8
-6
-19
-25
-21
-10
3
0
-1
-11
-15
-12
-4
1
-1
-2
-2
2
5
8
12
4
3
-4
-13
-9
6
8
15
15
17
14
14
15
10
7
-1
-11
-18
-17
-11
-18
-22
-21
-19
-25
-33
-31
-28
-29
-31
-29
-27
-14
-3
-7
-3
-5
-6
-23
-34
-37
-47
-45
-28
-14
-8
-9
-24
-32
-37
-39
-38
-43
-35
-38
-43
-54
-47
-43
-32
-30
-35
-40
-36
-26
-21
-21
-17
-17
-18
-19
-8
-6
-5
1
-4
-22
-45
-54
-56
-53
-56
-65
-67
-60
-37
-28
-19
-15
-18
-28
-26
-13
-10
-11
-23
-36
-46
-39
-31
-38
-39
-29
-18
-9
-2
-6
-23
-40
-55
-60
-64
-62
-58
-55
-58
-45
-30
-11
4
7
7
4
-3
-17
-20
-14
-21
-28
-35
-26
-19
-20
-13
-12
-4
-3
-3
-7
-13
-12
-17
-24
-23
-19
-20
-28
-33
-28
-21
-1
7
2
-4
-8
-12
-20
-10
-1
-7
-13
-27
-29
-30
-16
-2
6
-1
-3
-29
-66
-86
-89
-76
-56
-31
-7
6
23
18
15
10
3
-12
-33
-26
-13
1
9
14
7
-4
-1
-1
0
-7
-10
-24
-22
-11
2
11
8
5
-14
-27
-40
-44
-39
-28
-11
-13
-6
13
29
36
21
15
2
4
12
14
10
3
10
4
10
12
17
10
11
7
5
8
19
38
33
23
7
3
20
38
34
15
10
16
25
30
40
46
49
55
46
40
44
55
63
66
68
63
56
36
31
11
3
1
6
-1
11
21
33
42
53
48
37
28
29
18
14
10
8
13
25
33
31
31
40
49
43
40
28
17
1
8
23
44
52
40
10
-14
-27
-28
-36
-30
-27
-31
-27
-27
-26
-28
-26
-28
-26
-14
1
9
5
-11
-27
-36
-39
-23
-23
-16
-9
-11
-15
-17
-4
16
43
63
70
60
40
27
6
1
-3
6
13
20
27
23
27
33
50
61
69
51
14
-30
-57
-62
-52
-32
-7
11
25
34
27
15
4
-3
-13
-12
-6
8
13
26
34
42
39
43
39
35
35
20
-3
-22
-35
-35
-25
-4
5
6
8
13
0
-9
-24
-26
-41
-55
-55
-59
-44
-28
-31
-37
-50
-46
-41
-28
-26
-30
-49
-55
-58
-59
-59
-55
-57
-71
-91
-101
-115
-98
-70
-44
-24
-11
-10
-17
-40
-56
-62
-62
-47
-41
-40
-40
-38
-41
-46
-42
-53
-61
-68
-54
-41
-36
-30
-40
-50
-51
-52
-57
-67
-70
-63
-56
-55
-45
-55
-49
-34
-28
-20
-37
-52
-74
-67
-53
-35
-26
-30
-18
-18
-17
-14
-16
-26
-37
-36
-27
-16
2
10
14
25
19
17
11
10
3
-8
-6
-9
-13
-16
-11
-1
10
37
49
42
24
5
4
1
10
5
9
1
6
4
2
10
1
-10
-17
-23
-16
-3
4
-3
-19
-38
-38
-41
-33
-16
-3
3
-3
-12
-33
-37
-36
-36
-30
-16
4
17
20
27
25
27
26
23
9
-1
-11
-3
-5
11
6
16
22
32
38
24
23
12
22
25
42
55
58
64
57
56
58
73
81
80
84
75
67
63
69
74
72
61
30
6
-5
5
18
15
12
-4
-20
-24
-22
-13
-14
-16
-32
-52
-55
-54
-53
-47
-37
-35
-42
-56
-54
-51
-38
-27
-17
-30
-39
-43
-47
-41
-33
-21
-17
-12
-25
-39
-47
-58
-58
-58
-53
-49
-58
-58
-45
-41
-37
-26
-19
-22
-32
-42
-44
-33
-16
-4
-7
-26
-38
-46
-35
-20
-2
9
18
21
9
-12
-21
-15
-2
8
12
-2
-9
-11
-4
8
21
32
18
2
-11
-14
-19
-14
-10
-6
-2
1
-3
-14
-17
-17
-13
-13
5
17
19
22
5
-16
-44
-50
-39
-24
7
32
40
40
33
25
31
47
50
46
33
22
6
-9
-11
-11
4
12
23
9
-6
-8
-11
-4
4
18
15
11
0
-16
-31
-33
-23
-19
-11
-10
-13
-26
-31
-38
-44
-42
-33
-24
-24
-25
-27
-28
-21
-9
4
5
-2
-11
-20
-27
-19
-13
-15
0
-2
4
11
12
10
4
-1
-13
-30
-33
-23
-9
-5
2
-5
-16
-30
-35
-46
-41
-27
-13
-8
-12
-20
-33
-36
-22
-7
-1
0
2
5
1
0
-21
-41
-59
-61
-59
-53
-44
-32
-32
-23
-13
-17
-12
-2
-4
4
7
12
15
5
6
0
3
24
35
34
20
5
2
-1
11
25
36
35
42
38
37
45
43
42
42
45
39
23
19
9
4
0
-2
-13
-24
-32
-29
-35
-26
-18
-20
-12
-8
-10
-15
-23
-21
-24
-18
-20
-16
-18
-10
0
5
24
30
26
1
-15
-24
-28
-19
-5
6
12
21
24
19
10
6
10
17
32
26
11
6
13
29
24
28
10
5
2
8
15
-1
-5
-17
-31
-38
-45
-39
-28
-2
17
18
16
12
11
14
14
-3
-26
-33
-26
-21
-9
4
11
7
1
11
14
27
