1.703079
1.670741
1.638407
1.606472
1.574547
1.543036
1.512481
1.511770
1.509822
1.479226
1.448643
1.418284
1.387941
1.357831
1.327759
1.298163
1.268505
1.238164
1.207944
1.178911
1.149937
1.121480
1.092600
1.060424
1.028478
0.998164
0.968114
0.939765
0.911137
0.880863
0.850995
0.823342
0.795264
0.765048
0.734832
0.704621
0.675042
0.648223
0.620754
0.590625
0.560498
0.530379
0.500262
0.470153
0.440047
0.409949
0.379853
0.349767
0.319684
0.289610
0.260741
0.235323
0.208690
0.178754
0.148824
0.118910
0.089001
0.059108
0.029223
-0.000646
-0.030507
-0.060350
-0.088199
-0.111822
-0.137430
-0.167046
-0.196647
-0.226221
-0.255778
-0.285307
-0.311995
-0.333681
-0.358161
-0.387351
-0.416514
-0.445631
-0.474716
-0.503753
-0.532755
-0.561704
-0.586444
-0.605221
-0.628081
-0.656484
-0.684826
-0.713089
-0.735870
-0.751810
-0.766831
-0.780750
-0.800660
-0.827445
-0.854099
-0.880607
-0.899142
-0.909253
-0.926885
-0.952144
-0.967957
-0.974581
-0.990040
-1.013744
-1.026399
-1.029162
-1.030439
-1.030439
-1.006911
-0.963998
-0.956482
-0.976934
-0.996957
-1.016655
-1.049690
-1.092410
-1.106483
-1.100620
-1.093059
-1.084365
-1.106398
-1.148049
-1.156281
-1.144091
-1.130189
-1.115285
-1.117088
-1.128232
-1.138515
-1.148339
-1.137777
-1.116809
-1.114420
-1.121082
-1.106259
-1.081452
-1.097268
-1.131071
-1.164019
-1.196608
-1.206505
-1.207303
-1.184990
-1.153873
-1.143944
-1.141674
-1.138291
-1.134527
-1.152112
-1.176620
-1.154500
-1.118099
-1.081091
-1.043908
-1.028903
-1.019928
-1.032498
-1.050570
-1.044480
-1.032609
-1.019796
-1.006773
-0.992851
-0.978742
-0.963778
-0.948648
-0.932705
-0.916618
-0.899762
-0.882780
-0.865072
-0.847255
-0.828754
-0.810160
-0.790922
-0.771605
-0.751682
-0.731693
-0.711136
-0.690523
-0.669378
-0.648186
-0.645726
-0.644653
-0.623177
-0.600430
-0.577258
-0.554064
-0.530474
-0.506867
-0.482889
-0.458900
-0.434563
-0.410220
-0.385551
-0.360937
-0.352695
-0.344212
-0.318545
-0.292488
-0.250639
-0.209882
-0.199672
-0.189390
-0.177597
-0.164971
-0.138071
-0.111160
-0.084088
-0.057986
-0.043699
-0.028258
-0.000581
0.028302
0.068470
0.103022
0.090659
0.081674
0.098132
0.116099
0.144386
0.171259
0.189294
0.208910
0.237602
0.264833
0.284309
0.305399
0.334430
0.361983
0.382775
0.405182
0.434493
0.463813
0.493168
0.521014
0.543194
0.567007
0.596583
0.626166
0.655772
0.685386
0.715021
0.744664
0.774327
0.803996
0.833685
0.863381
0.893094
0.922814
0.952550
0.982293
1.012052
1.041816
1.071596
1.099656
1.123955
1.150073
1.179982
1.209897
1.239821
1.271555
1.306727
1.338186
1.362905
1.389542
1.419507
1.436481
1.431883
1.439098
1.465088
1.479348
1.475759
1.472363
1.469248
1.466330
1.463690
1.474209
1.502345
1.530714
1.559382
1.561073
1.529562
1.526098
1.555742
1.557137
1.526545
1.525279
1.555871
1.586685
1.617730
1.618663
1.589486
1.591496
1.623430
1.639812
1.641877
1.628130
1.600419
1.573006
1.545846
1.519001
1.492414
1.463846
1.433733
1.406023
1.380107
1.351795
1.321767
1.291746
1.261729
1.231718
1.201713
1.171715
1.141721
1.114905
1.090002
1.065554
1.041370
1.013591
0.983833
0.954089
0.924352
0.898994
0.875835
0.848346
0.818780
0.789234
0.759698
0.725353
0.688913
0.652718
0.616624
0.589858
0.566769
0.538985
0.509441
0.485470
0.463478
0.436009
0.406698
0.383850
0.363059
0.335931
0.306901
0.285316
0.265840
0.239086
0.210394
0.181764
0.153150
0.133373
0.115665
0.089357
0.061170
0.043048
0.026974
0.001137
-0.026540
-0.054101
-0.081641
-0.109055
-0.136449
-0.163706
-0.190942
-0.218028
-0.245095
-0.271998
-0.298881
-0.338513
-0.379508
-0.407590
-0.434454
-0.449392
-0.463352
-0.502233
-0.542862
-0.557639
-0.570905
-0.610695
-0.651728
-0.692573
-0.733411
-0.760781
-0.787817
-0.814607
-0.841393
-0.867901
-0.894407
-0.920605
-0.946798
-0.972651
-0.998494
-1.023962
-1.049413
-1.074448
-1.099460
-1.124010
-1.148527
-1.172529
-1.196489
-1.219874
-1.243203
-1.265890
-1.288505
-1.310401
-1.332208
-1.353208
-1.374096
-1.394082
-1.413929
-1.432767
-1.451434
-1.468975
-1.486310
-1.502393
-1.518228
-1.532680
-1.546838
-1.559480
-1.571779
-1.582431
-1.592689
-1.601183
-1.609232
-1.615419
-1.621112
-1.624874
-1.628103
-1.629365
-1.630062
-1.628799
-1.626950
-1.623188
-1.618832
-1.612645
-1.605870
-1.597376
-1.588308
-1.577656
-1.566455
-1.553813
-1.540653
-1.526202
-1.511266
-1.495183
-1.478653
-1.461112
-1.443160
-1.424322
-1.405108
-1.385123
-1.357395
-1.314499
-1.279215
-1.258178
-1.236844
-1.214980
-1.192844
-1.170243
-1.147393
-1.124135
-1.100649
-1.076806
-1.052752
-1.028384
-1.003824
-0.978987
-0.953973
-0.928715
-0.903293
-0.877657
-0.851870
-0.825892
-0.799776
-0.773491
-0.753556
-0.741014
-0.721518
-0.694255
-0.666892
-0.639424
-0.605576
-0.565168
-0.524649
-0.484020
-0.450266
-0.423019
-0.395677
-0.368251
-0.333863
-0.293412
-0.260066
-0.232657
-0.197997
-0.157528
-0.124453
-0.097059
-0.062126
-0.021641
0.011162
0.038543
0.066006
0.093526
0.121125
0.148774
0.176499
0.204270
0.232113
0.259999
0.287952
0.315944
0.344002
0.372094
0.400249
0.428436
0.449552
0.467169
0.492225
0.520793
0.503000
0.464346
0.466370
0.485828
0.506003
0.526470
0.553258
0.582495
0.611765
0.641047
0.670359
0.699683
0.729036
0.758398
0.782282
0.804456
0.832340
0.861906
0.886456
0.909614
0.943005
0.979064
0.981072
0.974748
0.993156
1.017221
1.050687
1.086159
1.097126
1.103233
1.124197
1.147889
1.176820
1.206638
1.236471
1.266306
1.296157
1.326010
1.355877
1.385746
1.415628
1.445513
1.475410
1.505309
1.475709
1.440741
1.461817
1.487268
1.517040
1.547098
1.544863
1.540866
1.566246
1.592894
1.620088
1.647299
1.677472
1.707708
1.707708
1.881958
1.835967
1.789734
1.772420
1.749583
1.703531
1.657487
1.611453
1.565428
1.519414
1.472184
1.423105
1.374362
1.331053
1.285043
1.239043
1.193056
1.147079
1.101115
1.055163
1.009225
0.963299
0.917388
0.871491
0.825610
0.779744
0.733895
0.686702
0.637212
0.593038
0.550672
0.499668
0.453856
0.408065
0.362292
0.316543
0.270813
0.222067
0.233894
0.279767
0.325658
0.371566
0.417491
0.463432
0.509388
0.555359
0.601344
0.643793
0.689199
0.735278
0.777577
0.823725
0.871673
0.918695
0.899959
0.944609
0.952581
0.940004
0.982501
1.028054
1.051229
1.071378
1.069695
1.106350
1.079666
1.115070
1.107268
1.091085
1.045019
0.999588
0.954811
0.987348
0.959734
0.963110
1.000820
1.010561
0.964842
0.921188
0.875775
0.832254
0.791054
0.751440
0.706266
0.660311
0.619166
0.573306
0.532668
0.486917
0.446821
0.407189
0.361678
0.322654
0.277299
0.238927
0.193749
0.150241
0.111100
0.066172
0.027838
-0.015257
-0.052377
-0.091992
-0.130592
-0.170300
-0.198691
-0.236539
-0.263155
-0.306123
-0.348971
-0.391672
-0.432398
-0.455070
-0.489825
-0.509880
-0.509463
-0.561027
-0.596720
-0.639519
-0.660103
-0.674171
-0.720708
-0.749303
-0.748336
-0.721322
-0.776343
-0.793690
-0.829369
-0.844450
-0.878797
-0.891460
-0.908642
-0.885901
-0.882120
-0.876027
-0.908091
-0.906732
-0.939901
-0.943379
-0.968366
-0.978681
-1.015539
-1.010879
-1.004469
-1.040382
-1.067277
-1.060068
-1.047848
-1.062823
-1.105792
-1.118674
-1.130326
-1.140747
-1.149854
-1.157718
-1.151994
-1.139157
-1.142865
-1.115292
-1.115981
-1.115796
-1.096712
-1.081033
-1.076898
-1.071555
-1.064906
-1.063553
-1.077664
-1.067171
-1.055488
-1.042597
-1.028594
-1.013412
-0.997199
-0.979842
-0.961537
-0.907058
-0.907816
-0.887416
-0.866168
-0.843967
-0.820953
-0.814510
-0.797957
-0.772186
-0.739206
-0.713271
-0.690539
-0.641749
-0.618002
-0.581951
-0.549624
-0.519016
-0.476839
-0.411601
-0.392035
-0.369725
-0.336889
-0.303640
-0.283616
-0.256290
-0.221526
-0.181504
-0.115950
-0.124959
-0.102624
-0.073120
-0.048322
-0.000538
0.026197
0.046295
0.084447
0.113885
0.144830
0.183928
0.221324
0.246931
0.286836
0.326930
0.289616
0.287136
0.314334
0.353965
0.388025
0.420757
0.454757
0.466685
0.447232
0.455926
0.438009
0.421747
0.448188
0.495963
0.512820
0.530218
0.551385
0.542720
0.504678
0.509801
0.494206
0.479218
0.489838
0.524077
0.507044
0.505197
0.509306
0.527500
0.545439
0.523583
0.557065
0.548486
0.540505
0.553569
0.526492
0.520454
0.523029
0.564569
0.566856
0.563478
0.520657
0.473111
0.425108
0.378679
0.330388
0.283892
0.329925
0.376405
0.422885
0.469364
0.515751
0.562185
0.608766
0.587469
0.565093
0.590663
0.566352
0.520612
0.477307
0.494247
0.447933
0.401623
0.355338
0.311882
0.265444
0.218195
0.173154
0.126927
0.080709
0.036963
-0.008169
-0.054300
-0.100419
-0.143175
-0.152240
-0.164092
-0.155560
-0.146282
-0.095889
-0.050498
-0.005067
0.040716
0.092226
0.137654
0.183116
0.228608
0.274132
0.319683
0.365262
0.410867
0.461246
0.507961
0.553557
0.593529
0.639249
0.684990
0.730750
0.781889
0.827618
0.873367
0.919133
0.964918
1.015990
1.061745
1.107517
1.153306
1.199111
1.244931
1.290767
1.336617
1.380666
1.423608
1.471595
1.520154
1.566071
1.611897
1.653435
1.699785
1.749852
1.795824
1.841807
1.887799
1.890303
1.844309
1.798326
1.752353
1.706391
1.660439
1.614498
1.568570
1.522653
1.476749
1.430856
1.384978
1.339113
1.293262
1.247425
1.201604
1.155798
1.110009
1.064236
1.018480
0.972742
0.931674
0.887036
0.841428
0.795844
0.750282
0.707683
0.665587
0.626888
0.581609
0.536365
0.491154
0.445982
0.400846
0.355751
0.309031
0.263840
0.220719
0.175800
0.130932
0.086113
0.038128
-0.011593
-0.056374
-0.092749
-0.137103
-0.181555
-0.225927
-0.270228
-0.314443
-0.358576
-0.402616
-0.446563
-0.490407
-0.534144
-0.577769
-0.621271
-0.664649
-0.707885
-0.750984
-0.793918
-0.836701
-0.879292
-0.921712
-0.963910
-1.005911
-1.047663
-1.089179
-1.121684
-1.093672
-1.051773
-1.022117
-0.979477
-0.940163
-0.961605
-1.006720
-1.059915
-1.104360
-1.147502
-1.190436
-1.233181
-1.275679
-1.317952
-1.351240
-1.400032
-1.442431
-1.484557
-1.526360
-1.567822
-1.608898
-1.649543
-1.689723
-1.729354
-1.768417
-1.806772
-1.844427
-1.881163
-1.917030
-1.951691
-1.985232
-2.017252
-2.047788
-2.076412
-2.103082
-2.127371
-2.149131
-2.168003
-2.183714
-2.196068
-2.204683
-2.209636
-2.210477
-2.207632
-2.200628
-2.190216
-2.175926
-2.158670
-2.138140
-2.115110
-2.089480
-2.061804
-2.032126
-2.000807
-1.967966
-1.933821
-1.898524
-1.862188
-1.824977
-1.786934
-1.748222
-1.708838
-1.668937
-1.628488
-1.587632
-1.546333
-1.504701
-1.462716
-1.420451
-1.377902
-1.335116
-1.292100
-1.248881
-1.205473
-1.161890
-1.118152
-1.074261
-1.030241
-0.986088
-0.941828
-0.897449
-0.843910
-0.790468
-0.746215
-0.701856
-0.657411
-0.612876
-0.566693
-0.508827
-0.524584
-0.568680
-0.601108
-0.570358
-0.526483
-0.482509
-0.438432
-0.394269
-0.350011
-0.305679
-0.261261
-0.216775
-0.172214
-0.127591
-0.082901
-0.038154
-0.019368
-0.057813
-0.102681
-0.140909
-0.101271
-0.056128
-0.010942
0.027492
0.072869
0.118284
0.163730
0.209212
0.254720
0.300261
0.346425
0.364089
0.321060
0.275705
0.230385
0.185101
0.139855
0.100480
0.069049
0.099379
0.144344
0.189354
0.237736
0.286959
0.331993
0.377065
0.422182
0.467334
0.512526
0.557751
0.603013
0.648306
0.693631
0.738987
0.784371
0.829785
0.875224
0.920690
0.966181
1.011697
1.057234
1.102796
1.148378
1.190881
1.233935
1.279643
1.325367
1.371109
1.416867
1.462642
1.507201
1.549193
1.595065
1.640949
1.686846
1.732755
1.778676
1.824607
1.870550
1.496462
1.459896
1.423643
1.387712
1.387689
1.352672
1.353194
1.318991
1.284777
1.286147
1.253223
1.255170
1.258077
1.223248
1.190861
1.155347
1.119756
1.087836
1.052401
1.016860
0.981324
0.945793
0.910266
0.874745
0.843487
0.880749
0.848615
0.813204
0.777801
0.742405
0.707019
0.676839
0.636575
0.600910
0.565560
0.530218
0.494888
0.465080
0.430215
0.394990
0.359778
0.330740
0.296106
0.261024
0.225960
0.190915
0.155889
0.120883
0.085898
0.050935
0.015995
-0.018922
-0.053813
-0.088679
-0.123518
-0.158329
-0.185265
-0.219051
-0.245087
-0.238608
-0.258705
-0.291630
-0.325596
-0.359503
-0.393348
-0.416330
-0.448492
-0.481924
-0.503486
-0.534973
-0.567911
-0.587901
-0.618599
-0.637194
-0.652716
-0.666962
-0.695767
-0.726618
-0.740917
-0.768529
-0.798434
-0.810490
-0.768905
-0.743704
-0.746343
-0.751735
-0.775736
-0.802724
-0.808743
-0.809743
-0.831079
-0.855837
-0.857744
-0.877061
-0.900111
-0.899113
-0.916205
-0.961488
-0.987299
-1.007732
-1.002599
-0.990821
-0.977434
-0.988736
-1.004852
-1.020270
-1.034968
-1.048924
-1.089307
-1.108218
-1.120105
-1.131150
-1.141331
-1.150629
-1.159025
-1.166502
-1.173044
-1.178637
-1.154937
-1.151241
-1.153849
-1.155498
-1.184437
-1.191724
-1.190447
-1.188182
-1.184935
-1.180712
-1.175524
-1.169381
-1.162298
-1.127400
-1.110762
-1.127594
-1.098746
-1.079526
-1.067458
-1.054595
-1.040959
-1.026572
-1.011456
-0.995633
-0.979125
-0.961954
-0.944143
-0.925714
-0.884148
-0.857184
-0.859286
-0.846244
-0.803796
-0.774906
-0.753098
-0.730832
-0.728103
-0.692311
-0.661447
-0.618215
-0.584976
-0.579588
-0.599244
-0.606994
-0.625282
-0.650144
-0.674639
-0.679549
-0.675695
-0.690464
-0.712624
-0.734333
-0.734957
-0.746855
-0.745596
-0.707863
-0.706381
-0.746482
-0.774201
-0.792157
-0.787652
-0.794464
-0.810341
-0.847955
-0.850492
-0.822245
-0.779775
-0.732726
-0.707530
-0.712781
-0.704909
-0.676476
-0.643300
-0.610029
-0.576668
-0.543221
-0.509693
-0.476087
-0.442408
-0.408659
-0.367104
-0.336900
-0.307024
-0.273027
-0.238975
-0.211610
-0.181013
-0.140151
-0.102263
-0.067970
-0.033635
0.000741
0.035155
0.069607
0.110176
0.142165
0.173170
0.207757
0.242373
0.277019
0.311693
0.346395
0.381122
0.415875
0.455873
0.493877
0.523532
0.555122
0.589989
0.629735
0.667740
0.702579
0.737438
0.772317
0.807214
0.842131
0.877065
0.912016
0.946984
0.981969
1.016969
1.051985
1.087016
1.122061
1.157120
1.192192
1.227278
1.262377
1.297488
1.308710
1.322438
1.358495
1.392925
1.428945
1.466826
1.459025
1.457505
1.487356
1.497873
1.493058
1.508232
1.502580
1.464819
1.425367
1.405650
1.402368
1.418795
1.453179
1.487549
1.501784
1.519033
1.514954
1.516046
1.512855
1.495399
1.513962
1.549735
1.585576
1.621585
1.620320
1.584970
1.587158
1.623438
1.641533
1.624797
1.627408
1.627789
1.593291
1.560143
1.563231
1.566288
1.551972
1.538080
1.506717
1.471243
1.433520
1.400210
1.367010
1.331552
1.296099
1.260653
1.225212
1.189778
1.154351
1.116623
1.078652
1.043196
1.010099
0.977317
0.939550
0.903838
0.871189
0.835829
0.800479
0.765137
0.729805
0.694483
0.659170
0.623868
0.588577
0.556065
0.542929
0.549677
0.541300
0.529423
0.522154
0.492070
0.457370
0.426657
0.401378
0.391577
0.401785
0.412398
0.404092
0.370113
0.341115
0.314024
0.285517
0.259122
0.231136
0.205480
0.172333
0.139255
0.106248
0.073316
0.040461
0.001899
-0.045077
-0.086374
-0.124870
-0.171656
-0.212962
-0.246019
-0.278991
-0.311875
-0.344666
-0.377360
-0.409953
-0.436497
-0.452998
-0.474832
-0.506442
-0.544334
-0.586415
-0.617859
-0.649144
-0.663588
-0.672478
-0.720759
-0.762966
-0.794670
-0.809332
-0.816745
-0.858988
-0.896692
-0.938989
-0.971002
-1.002843
-1.034501
-1.065964
-1.097217
-1.128247
-1.159037
-1.189571
-1.219830
-1.249794
-1.279441
-1.308746
-1.337684
-1.366225
-1.394339
-1.414249
-1.425183
-1.451180
-1.476575
-1.501324
-1.525375
-1.539767
-1.542713
-1.563664
-1.583678
-1.602693
-1.620641
-1.637456
-1.653067
-1.667407
-1.680405
-1.691998
-1.702122
-1.710719
-1.717737
-1.723134
-1.726874
-1.728933
-1.729296
-1.727962
-1.724939
-1.720248
-1.713918
-1.705991
-1.696514
-1.685542
-1.673136
-1.659362
-1.652766
-1.651120
-1.610505
-1.591937
-1.572342
-1.551783
-1.530324
-1.508024
-1.484939
-1.467611
-1.462113
-1.442297
-1.433662
-1.406217
-1.372911
-1.322647
-1.277732
-1.249607
-1.221095
-1.192221
-1.163009
-1.133481
-1.108016
-1.096447
-1.075385
-1.030616
-0.999409
-0.971630
-0.949160
-0.908056
-0.888316
-0.852664
-0.805046
-0.760586
-0.725110
-0.680589
-0.651436
-0.630857
-0.598124
-0.565281
-0.532336
-0.499293
-0.463519
-0.423221
-0.405606
-0.370046
-0.323012
-0.287985
-0.296272
-0.263865
-0.231356
-0.196104
-0.148743
-0.112653
-0.120874
-0.088706
-0.056437
-0.024071
0.008388
0.043399
0.088346
0.120877
0.153493
0.186189
0.221220
0.263890
0.284733
0.317724
0.350782
0.383905
0.417092
0.450339
0.483644
0.510449
0.494865
0.461375
0.426197
0.389239
0.412257
0.445990
0.479771
0.513599
0.548928
0.585937
0.572499
0.616890
0.650461
0.682680
0.705887
0.739721
0.773596
0.806287
0.830439
0.864543
0.898682
0.932853
0.967057
1.001292
1.034574
1.052268
1.011489
1.005407
1.025503
0.990839
0.956198
0.921580
0.886987
0.852417
0.817874
0.782612
0.741517
0.729935
0.691816
0.718976
0.753844
0.788732
0.823638
0.858563
0.893505
0.928465
0.963441
0.998433
1.033440
1.068463
1.103501
1.138926
1.180809
1.215820
1.250845
1.285884
1.317591
1.278497
1.307041
1.336041
1.365687
1.400818
1.430924
1.466308
1.499461
1.461012
1.490859
1.486510
1.482479
1.478025
1.439694
1.436594
1.433819
1.430872
1.393035
1.355864
1.354364
1.353445
1.388374
1.424134
1.424134
1.595733
1.556765
1.517396
1.485458
1.513232
1.500496
1.469618
1.480087
1.487778
1.447752
1.406720
1.407306
1.400924
1.362563
1.322921
1.310797
1.280113
1.240642
1.269119
1.308865
1.348807
1.348091
1.318565
1.359501
1.399117
1.431213
1.445524
1.461318
1.424431
1.385405
1.346382
1.307364
1.268349
1.231931
1.194296
1.155336
1.113096
1.073337
1.038118
0.999550
0.960618
0.921980
0.887511
0.848654
0.809805
0.772370
0.737522
0.698765
0.660019
0.624091
0.588664
0.550031
0.511414
0.472811
0.434225
0.401002
0.364171
0.325733
0.287317
0.248922
0.210551
0.172205
0.134847
0.103905
0.065763
0.027653
-0.007468
-0.039094
-0.072714
-0.104550
-0.142153
-0.185737
-0.221245
-0.246924
-0.246212
-0.269898
-0.296111
-0.330397
-0.353989
-0.374668
-0.409707
-0.428625
-0.448346
-0.480115
-0.499961
-0.528980
-0.532510
-0.511877
-0.521154
-0.556009
-0.577820
-0.597562
-0.620028
-0.635847
-0.659103
-0.670658
-0.694844
-0.701794
-0.727049
-0.729059
-0.755512
-0.779975
-0.773373
-0.747484
-0.741282
-0.741837
-0.764647
-0.786864
-0.808464
-0.829424
-0.849719
-0.869325
-0.888216
-0.906367
-0.923753
-0.940348
-0.984630
-1.036083
-1.087235
-1.103786
-1.116959
-1.129121
-1.140261
-1.143727
-1.122912
-1.130630
-1.137265
-1.142799
-1.163337
-1.169729
-1.152683
-1.131908
-1.092606
-1.077767
-1.050963
-1.041834
-1.041537
-1.040187
-1.037789
-1.034345
-1.068186
-1.097994
-1.091080
-1.083115
-1.074118
-1.064108
-1.053105
-1.041132
-1.028213
-1.014372
-1.018063
-1.018011
-1.001186
-0.983535
-0.965085
-0.971257
-0.984154
-0.995120
-1.004113
-1.034042
-1.063837
-1.071079
-1.100488
-1.124379
-1.124952
-1.131531
-1.157677
-1.183175
-1.194824
-1.176412
-1.144655
-1.112517
-1.080024
-1.047199
-1.014065
-0.980642
-0.962570
-0.931131
-0.896559
-0.861778
-0.826012
-0.774962
-0.737498
-0.688145
-0.653122
-0.617934
-0.582590
-0.553182
-0.526611
-0.490579
-0.454430
-0.418171
-0.381807
-0.345343
-0.308784
-0.272136
-0.235402
-0.198586
-0.161693
-0.124725
-0.087684
-0.050575
-0.013403
0.023832
0.061124
0.101933
0.147228
0.184524
0.200671
0.176609
0.139150
0.101743
0.064390
0.019060
0.024084
0.059068
0.096758
0.134491
0.172267
0.210153
0.256356
0.267282
0.282565
0.320046
0.357573
0.395145
0.436561
0.480959
0.518522
0.556127
0.593771
0.631453
0.675963
0.717130
0.754801
0.792507
0.821773
0.858279
0.852478
0.880012
0.926813
0.963922
0.981218
0.934369
0.897416
0.889561
0.895516
0.927191
0.962163
0.978899
0.973017
0.967567
0.962552
0.957974
0.953834
0.950133
0.914620
0.872660
0.867139
0.865174
0.866201
0.904360
0.943020
0.982224
1.021375
1.060498
1.100049
1.139614
1.179255
1.180147
1.140960
1.101773
1.062586
1.023399
0.985296
0.947943
0.911080
0.874725
0.875044
0.837110
0.798064
0.759021
0.719982
0.680948
0.642959
0.606709
0.566278
0.524854
0.485842
0.446836
0.410191
0.372968
0.334035
0.295110
0.256193
0.217284
0.178383
0.144146
0.105700
0.067065
0.040141
0.075136
0.037779
0.015018
0.033183
0.079943
0.123746
0.161936
0.200155
0.238401
0.276675
0.314974
0.353298
0.391645
0.430015
0.468407
0.506820
0.545253
0.583706
0.622178
0.660668
0.699175
0.737700
0.776240
0.814796
0.853367
0.891952
0.930552
0.969165
1.004505
1.040331
1.079048
1.071331
1.039372
1.036829
1.075019
1.088894
1.131373
1.106366
1.068303
1.030163
0.992046
0.953954
0.915887
0.877846
0.839832
0.801846
0.763889
0.725961
0.688064
0.650200
0.612368
0.574571
0.536809
0.499085
0.461399
0.423753
0.386148
0.348586
0.311071
0.273603
0.236183
0.198815
0.161499
0.124238
0.087035
0.049891
0.018403
-0.011561
-0.055370
-0.098027
-0.134828
-0.171550
-0.208190
-0.244744
-0.269230
-0.303242
-0.339271
-0.375187
-0.410979
-0.446647
-0.484545
-0.533480
-0.569023
-0.604421
-0.639667
-0.667823
-0.692214
-0.726604
-0.760791
-0.786367
-0.826657
-0.867297
-0.901564
-0.935600
-0.969388
-1.020316
-1.055833
-1.089080
-1.077303
-1.099834
-1.152913
-1.202289
-1.232950
-1.250674
-1.279541
-1.318638
-1.336580
-1.370416
-1.422148
-1.464725
-1.500578
-1.536170
-1.571470
-1.606445
-1.641056
-1.675255
-1.708991
-1.721277
-1.752942
-1.786443
-1.833831
-1.837367
-1.843795
-1.869370
-1.896050
-1.936275
-1.977761
-1.984505
-1.970280
-1.972211
-1.962239
-1.960714
-1.968318
-1.942835
-1.937681
-1.936716
-1.933031
-1.926144
-1.881492
-1.870649
-1.857594
-1.842458
-1.833939
-1.838495
-1.817000
-1.793979
-1.769577
-1.743928
-1.731855
-1.714765
-1.685166
-1.654782
-1.606311
-1.569937
-1.538397
-1.506310
-1.473726
-1.440311
-1.387597
-1.354348
-1.320734
-1.286784
-1.252527
-1.217987
-1.183185
-1.148143
-1.112878
-1.069103
-1.026035
-0.990568
-0.954921
-0.919105
-0.883132
-0.847012
-0.822676
-0.787761
-0.750973
-0.713774
-0.664503
-0.627670
-0.590743
-0.553726
-0.516626
-0.479447
-0.442192
-0.404866
-0.362079
-0.318795
-0.274816
-0.225202
-0.199132
-0.211056
-0.189882
-0.153202
-0.104925
-0.066673
-0.017001
0.033403
0.069889
0.106454
0.143094
0.179807
0.216590
0.253439
0.290353
0.327328
0.364362
0.401453
0.438599
0.475798
0.513048
0.550346
0.596675
0.636442
0.673743
0.711089
0.748480
0.785914
0.823389
0.860904
0.898456
0.936046
0.973671
1.011331
1.053017
1.097037
1.134687
1.172370
1.210084
1.247829
1.285603
1.323406
1.361237
1.399095
1.436980
1.474890
1.512825
1.541653
1.579722
1.611504
1.602476
1.593804
1.585489
1.565028
1.533289
1.512768
1.474254
1.435754
1.397268
1.358796
1.320339
1.281898
1.243472
1.205063
1.166670
1.128295
1.089938
1.051251
1.011808
1.043637
1.082139
1.120656
1.159187
1.197732
1.236292
1.274864
1.313450
1.348591
1.384381
1.419274
1.455948
1.494708
1.533477
1.567751
1.568051
1.563154
1.701557
1.662882
1.625629
1.590847
1.553456
1.515445
1.480625
1.445807
1.410991
1.373504
1.348982
1.381136
1.375872
1.340978
1.303984
1.287142
1.320319
1.354657
1.389607
1.424558
1.432104
1.395922
1.360651
1.325595
1.289867
1.254501
1.219522
1.184323
1.149195
1.114478
1.100283
1.101078
1.068139
1.033595
0.999995
0.966798
0.933720
0.898809
0.864942
0.832607
0.798325
0.763462
0.728603
0.695402
0.663849
0.629488
0.594696
0.559910
0.527582
0.496908
0.462359
0.427666
0.392980
0.361767
0.331795
0.297227
0.262667
0.228116
0.193578
0.159998
0.131582
0.121518
0.128309
0.165956
0.190514
0.164549
0.128539
0.086309
0.052128
0.018099
-0.015903
-0.049875
-0.083831
-0.117745
-0.151638
-0.185504
-0.219328
-0.251434
-0.275528
-0.304696
-0.338167
-0.371571
-0.404946
-0.438264
-0.471527
-0.504758
-0.537898
-0.571000
-0.604040
-0.645447
-0.687596
-0.708901
-0.729419
-0.749027
-0.779071
-0.808332
-0.825581
-0.841744
-0.857057
-0.870500
-0.888653
-0.918599
-0.935675
-0.945987
-0.954118
-0.961363
-0.967209
-0.988789
-1.012622
-1.015031
-1.016274
-1.016274
-1.014226
-1.011301
-1.006499
-1.016785
-1.037966
-1.031039
-1.021787
-1.010931
-1.039870
-1.086483
-1.103631
-1.107559
-1.092302
-1.100148
-1.119112
-1.165044
-1.194305
-1.207178
-1.190091
-1.175950
-1.186000
-1.195301
-1.204102
-1.211660
-1.218738
-1.224934
-1.205980
-1.178159
-1.181507
-1.184284
-1.186298
-1.187248
-1.187707
-1.187035
-1.167378
-1.130481
-1.092602
-1.072010
-1.102290
-1.088864
-1.048696
-1.007735
-0.978467
-0.970817
-0.962373
-0.953527
-0.943689
-0.933380
-0.922492
-0.937307
-0.951964
-0.938675
-0.924858
-0.910600
-0.895493
-0.880056
-0.863971
-0.847338
-0.830393
-0.812635
-0.794587
-0.776048
-0.735523
-0.690079
-0.670561
-0.663891
-0.671861
-0.655450
-0.634026
-0.612115
-0.574795
-0.525550
-0.501087
-0.478358
-0.455259
-0.431832
-0.408223
-0.384153
-0.350155
-0.300691
-0.269465
-0.247303
-0.248127
-0.236399
-0.211460
-0.206404
-0.204431
-0.201194
-0.184183
-0.157343
-0.109236
-0.066955
-0.039864
-0.012571
0.014831
0.042503
0.070286
0.098227
0.126367
0.151772
0.160247
0.179130
0.208128
0.237313
0.262161
0.273036
0.295395
0.325302
0.355380
0.385520
0.415771
0.434305
0.447887
0.462569
0.484375
0.515600
0.534867
0.551247
0.568549
0.586415
0.604787
0.595031
0.590465
0.610613
0.631386
0.652537
0.641751
0.642636
0.665478
0.688988
0.714417
0.757691
0.801084
0.844623
0.879958
0.913450
0.946979
0.980533
1.014106
1.047718
1.081344
1.115000
1.148681
1.182376
1.216107
1.246546
1.271472
1.271784
1.263470
1.255585
1.264037
1.290890
1.289610
1.289827
1.317959
1.326895
1.321144
1.288562
1.252415
1.212473
1.218738
1.246552
1.207474
1.182252
1.178360
1.201313
1.233610
1.271740
1.310066
1.348599
1.350978
1.347360
1.344126
1.320721
1.283089
1.312352
1.322998
1.286302
1.273794
1.272552
1.271791
1.285709
1.320438
1.301057
1.266292
1.231314
1.196735
1.162540
1.127670
1.092704
1.057738
1.023600
0.990001
1.024831
1.038299
1.005837
1.022757
1.058248
1.061729
1.050392
1.019686
0.989520
0.959605
0.930278
0.898196
0.863668
0.829152
0.794643
0.760145
0.725657
0.691175
0.656710
0.622252
0.587806
0.558111
0.529680
0.495389
0.464472
0.437625
0.439331
0.453704
0.496181
0.496714
0.462872
0.437665
0.410685
0.377099
0.350237
0.327823
0.371939
0.411949
0.445168
0.437502
0.414444
0.381492
0.354422
0.333902
0.368632
0.400885
0.381951
0.355520
0.323418
0.291417
0.259456
0.227575
0.205812
0.188673
0.157315
0.119808
0.072948
0.037898
0.006555
-0.024658
-0.055793
-0.086848
-0.117759
-0.148607
-0.179317
-0.209916
-0.240437
-0.270767
-0.295159
-0.306958
-0.343705
-0.390949
-0.420588
-0.450120
-0.479501
-0.508667
-0.537730
-0.566542
-0.595192
-0.623690
-0.651892
-0.679966
-0.707768
-0.714289
-0.707151
-0.754496
-0.796351
-0.824780
-0.847460
-0.869748
-0.918384
-0.958341
-0.987080
-1.015501
-1.047278
-1.096175
-1.145038
-1.193871
-1.224202
-1.252299
-1.280024
-1.307400
-1.334570
-1.361131
-1.387446
-1.413327
-1.438667
-1.463727
-1.488037
-1.511931
-1.535329
-1.557899
-1.580082
-1.601361
-1.621964
-1.642020
-1.660843
-1.679138
-1.696379
-1.712580
-1.728195
-1.742098
-1.755294
-1.767331
-1.777886
-1.787701
-1.795646
-1.802545
-1.808293
-1.812132
-1.815132
-1.816297
-1.796152
-1.760078
-1.754770
-1.750859
-1.745461
-1.738677
-1.731137
-1.721670
-1.711443
-1.700076
-1.687336
-1.673955
-1.659113
-1.643494
-1.627087
-1.609433
-1.591276
-1.572088
-1.552175
-1.531762
-1.483970
-1.434944
-1.385879
-1.355485
-1.333496
-1.310672
-1.287508
-1.263873
-1.239651
-1.218723
-1.217350
-1.203091
-1.176724
-1.149865
-1.122813
-1.095374
-1.067648
-1.039738
-1.011406
-0.982928
-0.954189
-0.911358
-0.864172
-0.835235
-0.806153
-0.776884
-0.761909
-0.747209
-0.716900
-0.686460
-0.655904
-0.610023
-0.566973
-0.536372
-0.495075
-0.447541
-0.416852
-0.380096
-0.332594
-0.284999
-0.238967
-0.208446
-0.170088
-0.122490
-0.124476
-0.128944
-0.098914
-0.068772
-0.038542
0.007877
0.050674
0.080956
0.111355
0.142107
0.189754
0.224445
0.238217
0.264829
0.295786
0.326872
0.358023
0.389245
0.433784
0.477475
0.508700
0.531287
0.547490
0.578275
0.610016
0.641831
0.673714
0.705635
0.737650
0.751258
0.737513
0.749118
0.770167
0.802765
0.829338
0.849851
0.871168
0.892819
0.915166
0.918087
0.907780
0.930306
0.960489
1.003709
1.040290
1.073908
1.107564
1.137397
1.161997
1.187209
1.213905
1.247917
1.286218
1.328506
1.363426
1.397385
1.431365
1.465362
1.499369
1.525743
1.554706
1.588866
1.623041
1.656683
1.683805
1.714104
1.748415
1.749732
1.737295
1.696702
1.656274
1.615986
1.607251
1.611333
1.641090
1.641090
1.641011
1.607293
1.573666
1.540406
1.507432
1.474900
1.442217
1.409431
1.376842
1.344306
1.311769
1.279282
1.247012
1.214951
1.183233
1.151847
1.120706
1.088522
1.056028
1.025468
1.000445
1.003006
0.991945
0.956930
0.924833
0.895034
0.863268
0.830868
0.801673
0.772143
0.739818
0.707495
0.675177
0.642865
0.610556
0.581423
0.553401
0.521460
0.489260
0.457071
0.424888
0.392714
0.360549
0.328391
0.300209
0.273535
0.241952
0.209956
0.177981
0.146015
0.114067
0.082134
0.050215
0.018317
-0.013571
-0.038994
-0.064457
-0.096095
-0.127718
-0.159308
-0.190872
-0.222410
-0.253909
-0.285392
-0.316820
-0.348236
-0.379592
-0.410927
-0.442211
-0.473457
-0.504663
-0.528942
-0.549934
-0.579421
-0.610113
-0.640690
-0.671230
-0.701670
-0.726174
-0.743867
-0.769501
-0.799182
-0.828679
-0.858132
-0.887361
-0.912568
-0.925907
-0.925755
-0.909116
-0.909240
-0.918515
-0.942263
-0.968671
-0.994613
-1.020428
-1.045832
-1.070976
-1.095782
-1.120169
-1.144311
-1.148461
-1.149005
-1.170767
-1.192321
-1.213146
-1.222428
-1.215690
-1.206958
-1.196983
-1.184498
-1.171687
-1.185576
-1.199181
-1.211691
-1.211136
-1.191235
-1.164617
-1.133521
-1.134077
-1.142702
-1.149851
-1.156699
-1.162306
-1.167304
-1.171338
-1.155446
-1.125381
-1.093990
-1.062228
-1.092601
-1.118399
-1.116081
-1.101212
-1.065144
-1.046682
-1.041571
-1.035383
-1.028864
-1.021026
-1.012926
-1.003709
-0.994036
-0.983539
-0.972364
-0.960641
-0.948038
-0.935141
-0.921189
-0.907025
-0.891955
-0.876544
-0.860473
-0.843895
-0.826881
-0.809214
-0.791311
-0.772631
-0.750468
-0.704990
-0.676147
-0.681853
-0.673653
-0.652715
-0.631316
-0.609736
-0.608918
-0.604713
-0.558700
-0.519726
-0.496464
-0.472954
-0.449204
-0.425132
-0.400925
-0.357173
-0.315336
-0.311593
-0.307307
-0.301716
-0.286017
-0.259825
-0.233417
-0.206912
-0.180148
-0.153329
-0.126258
-0.099116
-0.071789
-0.052327
-0.041559
-0.019115
0.009033
0.037354
0.064717
0.078081
0.095555
0.124578
0.153672
0.182848
0.203156
0.218819
0.246484
0.275596
0.292931
0.313445
0.343654
0.373905
0.404209
0.434570
0.464964
0.460522
0.450405
0.470710
0.493480
0.524444
0.551407
0.573025
0.600669
0.631928
0.656257
0.679247
0.710756
0.742273
0.773819
0.805381
0.836963
0.868566
0.900182
0.931823
0.963472
0.995150
1.025441
1.050179
1.077740
1.109589
1.145457
1.184072
1.222935
1.261863
1.255297
1.254133
1.279411
1.307227
1.339161
1.371106
1.403058
1.430565
1.456781
1.452399
1.452652
1.480099
1.509296
1.541529
1.535127
1.498675
1.487072
1.483343
1.511067
1.530383
1.495239
1.482976
1.513204
1.543734
1.574515
1.581500
1.580287
1.610130
1.637529
1.637289
1.626332
1.594039
1.596565
1.629815
1.639726
1.640921
1.642558
1.644288
1.646436
1.638406
1.608621
1.579129
1.549913
1.567147
1.603124
1.577009
1.544706
1.512410
1.480116
1.447828
1.415543
1.383262
1.350987
1.318714
1.286449
1.254599
1.226907
1.199415
1.172417
1.140415
1.103085
1.072931
1.046135
1.014736
0.982699
0.950679
0.918664
0.886662
0.854669
0.822687
0.790719
0.758757
0.732473
0.706714
0.674923
0.643140
0.611379
0.583067
0.558917
0.529960
0.498415
0.466905
0.435403
0.403943
0.374633
0.352110
0.325803
0.294629
0.263494
0.232381
0.201322
0.170276
0.139297
0.110729
0.090466
0.065852
0.035275
0.004757
-0.025723
-0.056120
-0.086261
-0.097684
-0.115404
-0.156898
-0.194019
-0.224748
-0.248468
-0.267573
-0.305031
-0.347077
-0.388797
-0.428363
-0.458969
-0.489528
-0.520013
-0.550421
-0.580774
-0.620262
-0.662261
-0.692918
-0.723332
-0.753621
-0.783848
-0.813971
-0.843988
-0.873925
-0.903704
-0.933434
-0.962942
-0.992400
-1.021641
-1.050778
-1.079727
-1.108493
-1.137114
-1.165453
-1.193700
-1.221544
-1.249295
-1.276632
-1.303777
-1.330558
-1.356993
-1.383133
-1.408729
-1.434130
-1.458733
-1.483149
-1.506703
-1.529878
-1.552280
-1.573979
-1.595042
-1.614985
-1.634496
-1.652363
-1.669846
-1.685514
-1.700455
-1.713795
-1.725810
-1.736547
-1.745268
-1.753151
-1.758268
-1.762769
-1.764392
-1.765051
-1.763428
-1.760227
-1.755406
-1.748471
-1.740588
-1.730172
-1.719215
-1.705874
-1.691880
-1.676211
-1.659562
-1.641841
-1.622911
-1.603400
-1.582535
-1.561380
-1.538979
-1.516271
-1.492717
-1.468704
-1.444158
-1.419048
-1.393646
-1.367612
-1.341438
-1.314657
-1.287737
-1.260400
-1.232846
-1.205024
-1.176929
-1.148681
-1.120121
-1.091488
-1.062538
-1.033520
-1.004279
-0.974927
-0.945427
-0.915782
-0.886051
-0.845392
-0.803049
-0.788991
-0.774721
-0.759694
-0.744283
-0.728334
-0.704852
-0.676604
-0.635311
-0.591046
-0.562732
-0.543296
-0.558689
-0.561978
-0.547112
-0.515257
-0.471925
-0.439658
-0.410264
-0.380697
-0.348579
-0.305421
-0.284550
-0.299375
-0.288723
-0.259715
-0.230565
-0.201375
-0.172021
-0.142635
-0.113119
-0.083549
-0.053887
-0.065232
-0.108068
-0.104657
-0.086842
-0.056975
-0.024768
0.017311
0.055237
0.085553
0.115924
0.146340
0.176827
0.207337
0.237931
0.268541
0.299222
0.329929
0.360688
0.391485
0.422317
0.453198
0.484098
0.448379
0.408731
0.377695
0.346680
0.315708
0.290280
0.269995
0.234567
0.193121
0.180209
0.173528
0.195296
0.219986
0.251298
0.282636
0.314001
0.345400
0.376813
0.408269
0.439733
0.471237
0.502753
0.534298
0.565861
0.597445
0.580611
0.541447
0.558751
0.584209
0.616101
0.648000
0.679916
0.711843
0.743783
0.775737
0.807698
0.839678
0.871661
0.903663
0.934258
0.960837
0.989949
1.022080
1.054220
1.086364
1.118520
1.150678
1.182848
1.215021
1.247203
1.279390
1.311583
1.299868
1.263184
1.226829
1.192574
1.221447
1.251121
1.283503
1.315888
1.348275
1.380665
1.413057
1.443206
1.472903
1.505344
1.537787
1.570231
1.602677
1.635124
1.646598
1.644449
1.644449
1.606058
1.572028
1.538367
1.505980
1.473042
1.439429
1.406127
1.372975
1.369385
1.373186
1.405851
1.427414
1.428151
1.429168
1.430395
1.432013
1.432958
1.398856
1.365177
1.332793
1.300410
1.268027
1.234737
1.201049
1.168545
1.136338
1.105286
1.073745
1.041367
1.008990
0.976614
0.945865
0.915505
0.885763
0.855340
0.823052
0.792383
0.763385
0.732079
0.699862
0.667652
0.635444
0.603243
0.572679
0.544665
0.514137
0.482038
0.449949
0.417864
0.385791
0.355232
0.328391
0.298935
0.267006
0.235093
0.203186
0.171301
0.139421
0.107562
0.075713
0.043880
0.016357
-0.008709
-0.039412
-0.071017
-0.102584
-0.134138
-0.165662
-0.197160
-0.228636
-0.260073
-0.291498
-0.314279
-0.338686
-0.369750
-0.404782
-0.444992
-0.479251
-0.510422
-0.532883
-0.555202
-0.585904
-0.616570
-0.647160
-0.671138
-0.689856
-0.717345
-0.747285
-0.777052
-0.806774
-0.836348
-0.865825
-0.895185
-0.914174
-0.928282
-0.955234
-0.981278
-0.992075
-1.008596
-1.035568
-1.051030
-1.058105
-1.062933
-1.067756
-1.091741
-1.115552
-1.138845
-1.150302
-1.148775
-1.162983
-1.183886
-1.179631
-1.177052
-1.195213
-1.212950
-1.229982
-1.228985
-1.215968
-1.225097
-1.237376
-1.219522
-1.200945
-1.180451
-1.190109
-1.230105
-1.223619
-1.199331
-1.203355
-1.203112
-1.174866
-1.158748
-1.161057
-1.162411
-1.163182
-1.162648
-1.161768
-1.159459
-1.156700
-1.152869
-1.148259
-1.142931
-1.136513
-1.129722
-1.121555
-1.113077
-1.103494
-1.093359
-1.082457
-1.051516
-1.009452
-0.992737
-0.977096
-0.934011
-0.899987
-0.885491
-0.885663
-0.898254
-0.888209
-0.871256
-0.853426
-0.835409
-0.816739
-0.786346
-0.741032
-0.712789
-0.693161
-0.694944
-0.696440
-0.674938
-0.653234
-0.631134
-0.608721
-0.586064
-0.562996
-0.540078
-0.538043
-0.525651
-0.479901
-0.453472
-0.449585
-0.430932
-0.405525
-0.379792
-0.353983
-0.327884
-0.301674
-0.275264
-0.248684
-0.221983
-0.195062
-0.168080
-0.140851
-0.117887
-0.107158
-0.088063
-0.060017
-0.031831
-0.003586
0.024831
0.053289
0.081893
0.110560
0.139329
0.168190
0.197113
0.214589
0.226515
0.183557
0.157360
0.174258
0.197768
0.227767
0.257840
0.287939
0.318130
0.340905
0.329522
0.330769
0.350718
0.377472
0.408260
0.439104
0.469962
0.500876
0.529034
0.550806
0.577537
0.608732
0.633733
0.656678
0.687902
0.719342
0.750811
0.782293
0.813796
0.845319
0.876853
0.902242
0.927454
0.959166
0.990885
1.022620
1.054367
1.086125
1.117899
1.149678
1.181478
1.213281
1.245100
1.276927
1.308765
1.336768
1.362890
1.360923
1.355734
1.350974
1.346383
1.342115
1.338129
1.334356
1.330978
1.327711
1.324936
1.322282
1.320008
1.317970
1.316200
1.337212
1.368350
1.399973
1.431849
1.464990
1.497599
1.529289
1.522965
1.490307
1.458045
1.428484
1.461625
1.494886
1.528482
1.530624
1.499928
1.515774
1.550277
1.554853
1.562803
1.598138
1.607271
1.575020
1.542772
1.510527
1.481348
1.452546
1.420367
1.388189
1.356016
1.323848
1.291683
1.259525
1.227368
1.195220
1.163913
1.136321
1.109012
1.082111
1.055666
1.029486
0.998446
0.966606
0.934784
0.901099
0.863220
0.831824
0.806125
0.775842
0.744088
0.712357
0.680633
0.648929
0.617237
0.585561
0.553904
0.522257
0.497284
0.479869
0.519352
0.548671
0.557282
0.543873
0.512725
0.481618
0.450522
0.419479
0.386329
0.346029
0.314183
0.292573
0.292460
0.302606
0.266637
0.226919
0.196128
0.165363
0.134645
0.110329
0.090736
0.062573
0.032268
0.002061
-0.024997
-0.042572
-0.065888
-0.095579
-0.125175
-0.154731
-0.196564
-0.237461
-0.267048
-0.290475
-0.303516
-0.316098
-0.328372
-0.364980
-0.406860
-0.448429
-0.489899
-0.531103
-0.567105
-0.597808
-0.628429
-0.659019
-0.689493
-0.719936
-0.750267
-0.775595
-0.793223
-0.818240
-0.847814
-0.877208
-0.906552
-0.935676
-0.964722
-0.993582
-1.030077
-1.073708
-1.106375
-1.135221
-1.163749
-1.192196
-1.220341
-1.248310
-1.276033
-1.303445
-1.330684
-1.340629
-1.349464
-1.374592
-1.399470
-1.423803
-1.447645
-1.471067
-1.493692
-1.516070
-1.561572
-1.602096
-1.623084
-1.643395
-1.662837
-1.681098
-1.698755
-1.714599
-1.729954
-1.743246
-1.755669
-1.766368
-1.775474
-1.783328
-1.788788
-1.793562
-1.795179
-1.796039
-1.794423
-1.791345
-1.786541
-1.779654
-1.771800
-1.761364
-1.750322
-1.737030
-1.722910
-1.707298
-1.690497
-1.672840
-1.653744
-1.634255
-1.613268
-1.591940
-1.569619
-1.536006
-1.490159
-1.460113
-1.436691
-1.412423
-1.387968
-1.362840
-1.344482
-1.337244
-1.317945
-1.290706
-1.263067
-1.235323
-1.207178
-1.178929
-1.150412
-1.121730
-1.092885
-1.063828
-1.034693
-1.005312
-0.973517
-0.930432
-0.898782
-0.884286
-0.860811
-0.831940
-0.790552
-0.751104
-0.763849
-0.767786
-0.751024
-0.728568
-0.700921
-0.673053
-0.645111
-0.616907
-0.588646
-0.560186
-0.531631
-0.502943
-0.464506
-0.420729
-0.390074
-0.361348
-0.332444
-0.303483
-0.274398
-0.245221
-0.215968
-0.186595
-0.157185
-0.127631
-0.098046
-0.068355
-0.038607
-0.008789
0.021108
0.051044
0.081079
0.111138
0.141289
0.171474
0.201722
0.232022
0.262362
0.292770
0.323197
0.353704
0.384229
0.414812
0.445428
0.476083
0.506785
0.537507
0.568288
0.599084
0.629931
0.660799
0.691704
0.722641
0.753600
0.784601
0.812979
0.772708
0.734829
0.703704
0.672602
0.641525
0.603947
0.563722
0.582399
0.606528
0.637923
0.669333
0.700765
0.732220
0.763689
0.795185
0.826689
0.858223
0.889766
0.921331
0.952910
0.984503
0.964653
0.925997
0.887661
0.860985
0.886811
0.915113
0.947036
0.975664
1.002364
1.033633
1.066081
1.103205
1.138764
1.170749
1.202741
1.234740
1.263104
1.290282
1.286626
1.275851
1.239802
1.231526
1.260417
1.291515
1.323790
1.353672
1.383277
1.413396
1.444247
1.476607
1.508969
1.541331
1.541331
1.518072
1.481496
1.445403
1.409200
1.372632
1.336064
1.300530
1.264415
1.228428
1.193432
1.156902
1.122099
1.088044
1.062932
1.066132
1.034964
0.997196
0.958563
0.922659
0.890155
0.851018
0.812970
0.777797
0.746299
0.750903
0.755903
0.739219
0.698825
0.662587
0.626357
0.590136
0.553923
0.517718
0.481524
0.449973
0.416519
0.380450
0.344394
0.308355
0.272330
0.236319
0.201373
0.172376
0.137408
0.101595
0.065802
0.030031
-0.005710
-0.041426
-0.077117
-0.110917
-0.137860
-0.172753
-0.208140
-0.239641
-0.264830
-0.288921
-0.283250
-0.271164
-0.271761
-0.306023
-0.353088
-0.390891
-0.419079
-0.444409
-0.492001
-0.527381
-0.552304
-0.576466
-0.608744
-0.625958
-0.655339
-0.678844
-0.693269
-0.706284
-0.717473
-0.741687
-0.763030
-0.774071
-0.803142
-0.831869
-0.846515
-0.850243
-0.852388
-0.852388
-0.871095
-0.882737
-0.878939
-0.873350
-0.919972
-0.952309
-0.973781
-0.991941
-0.981104
-0.994273
-1.012513
-1.030079
-1.046934
-1.062799
-1.077904
-1.077538
-1.061997
-1.074137
-1.085263
-1.095530
-1.104921
-1.113423
-1.120723
-1.127032
-1.114458
-1.097545
-1.133908
-1.131660
-1.126088
-1.133389
-1.163434
-1.206899
-1.219515
-1.225209
-1.229877
-1.233510
-1.235700
-1.236828
-1.236900
-1.235913
-1.233723
-1.230231
-1.225702
-1.220146
-1.213572
-1.205714
-1.196791
-1.186914
-1.176103
-1.164330
-1.151384
-1.114554
-1.080293
-1.065359
-1.049511
-1.032801
-0.996939
-0.957704
-0.943240
-0.959124
-0.974278
-0.988708
-0.997131
-0.983236
-0.968406
-0.931732
-0.906788
-0.919740
-0.902026
-0.883615
-0.847981
-0.813613
-0.824377
-0.803964
-0.782562
-0.760666
-0.738291
-0.715380
-0.691939
-0.668080
-0.652461
-0.655587
-0.681697
-0.686879
-0.698558
-0.716869
-0.712824
-0.734186
-0.756674
-0.767031
-0.756222
-0.725946
-0.763377
-0.796703
-0.816155
-0.835047
-0.853135
-0.881304
-0.921332
-0.959633
-0.944340
-0.927155
-0.908506
-0.888436
-0.866183
-0.831649
-0.797024
-0.762322
-0.727545
-0.692694
-0.657757
-0.622760
-0.587705
-0.552595
-0.517424
-0.482195
-0.446920
-0.411602
-0.376243
-0.340830
-0.305380
-0.269894
-0.234375
-0.198820
-0.163227
-0.127604
-0.091955
-0.056278
-0.020570
0.015165
0.050923
0.086703
0.122505
0.158335
0.194183
0.230050
0.265936
0.301841
0.337766
0.373707
0.409663
0.445633
0.481623
0.517626
0.553643
0.589672
0.625715
0.667793
0.705914
0.741901
0.777901
0.813916
0.849944
0.885983
0.922033
0.958094
0.994169
1.030254
1.066348
1.102451
1.138565
1.180049
1.218354
1.254421
1.290497
1.326585
1.367530
1.384619
1.387444
1.417977
1.449067
1.455495
1.435988
1.405455
1.438041
1.471084
1.506149
1.541743
1.575496
1.611986
1.646736
1.681143
1.701462
1.664921
1.628380
1.590865
1.552969
1.515427
1.478858
1.441742
1.424568
1.424463
1.424686
1.425350
1.452378
1.489088
1.524731
1.561301
1.534268
1.521218
1.510848
1.480191
1.519095
1.529979
1.551225
1.574716
1.541982
1.544137
1.524222
1.488880
1.448514
1.412207
1.379908
1.345719
1.309488
1.273263
1.237046
1.200837
1.164634
1.128439
1.092252
1.056074
1.019905
0.983743
0.947590
0.911448
0.880119
0.846915
0.810888
0.774873
0.738875
0.702889
0.666916
0.630957
0.595014
0.559088
0.527482
0.510216
0.519318
0.563315
0.547133
0.511611
0.478006
0.451830
0.426490
0.447268
0.466858
0.441952
0.407219
0.372537
0.337901
0.306637
0.284520
0.331023
0.320078
0.285981
0.249778
0.202400
0.178847
0.150287
0.116546
0.082878
0.049310
0.015830
-0.017566
-0.050875
-0.084087
-0.117175
-0.150161
-0.183044
-0.215820
-0.248458
-0.280957
-0.285911
-0.288617
-0.337233
-0.370197
-0.414837
-0.456362
-0.489307
-0.522114
-0.509590
-0.533764
-0.576835
-0.610171
-0.643354
-0.676397
-0.717665
-0.762528
-0.795553
-0.828383
-0.861055
-0.893561
-0.925894
-0.958006
-0.989876
-1.021529
-1.058853
-1.108301
-1.139725
-1.170870
-1.201731
-1.227874
-1.236611
-1.264169
-1.292781
-1.320951
-1.348651
-1.375715
-1.423056
-1.460883
-1.486945
-1.512331
-1.508706
-1.523575
-1.545263
-1.566004
-1.585571
-1.603773
-1.620778
-1.636525
-1.650951
-1.663538
-1.674500
-1.683897
-1.691681
-1.697692
-1.701445
-1.703450
-1.703698
-1.702186
-1.698548
-1.692905
-1.685588
-1.676638
-1.666100
-1.653513
-1.639484
-1.609078
-1.566113
-1.548957
-1.530424
-1.510872
-1.490351
-1.468913
-1.446398
-1.423023
-1.398925
-1.374142
-1.348694
-1.322458
-1.295687
-1.278130
-1.266848
-1.215451
-1.164025
-1.126026
-1.097180
-1.067979
-1.038343
-1.008391
-0.978154
-0.947646
-0.916858
-0.885767
-0.854457
-0.822938
-0.791219
-0.759268
-0.727120
-0.703783
-0.683115
-0.650108
-0.616925
-0.583623
-0.550207
-0.516681
-0.483037
-0.436598
-0.405960
-0.376884
-0.331198
-0.316839
-0.301944
-0.277671
-0.240905
-0.192405
-0.143731
-0.139233
-0.136104
-0.103444
-0.070653
-0.024125
0.015622
0.048450
0.081374
0.114425
0.147567
0.180794
0.214104
0.247503
0.280999
0.314567
0.348207
0.381915
0.415708
0.449570
0.483494
0.517477
0.551520
0.585637
0.619806
0.654028
0.688299
0.722628
0.757012
0.791441
0.825914
0.860430
0.895000
0.929611
0.941790
0.937748
0.961693
0.995974
1.024350
1.026390
0.991203
0.956050
0.920930
0.885840
0.850779
0.815750
0.780765
0.745814
0.706088
0.662183
0.627185
0.582765
0.580705
0.609303
0.644603
0.679938
0.722770
0.757991
0.786104
0.821544
0.857014
0.892506
0.928021
0.962512
0.989792
1.024222
1.059932
1.095659
1.131401
1.167165
1.202944
1.238738
1.273190
1.301884
1.337189
1.368972
1.400780
1.436819
1.472871
1.445841
1.442365
1.454672
1.413341
1.376986
1.337369
1.327339
1.359967
1.396320
1.365928
1.369301
1.403417
1.439862
1.476311
1.510601
1.508766
1.469945
1.431428
1.393288
1.379558
1.392602
1.428573
1.465150
1.501726
1.497720
1.497720
1.400577
1.360796
1.321164
1.281834
1.242814
1.203958
1.165589
1.127392
1.089555
1.052069
1.014781
1.048341
1.073968
1.074262
1.074920
1.075800
1.077237
1.078865
1.080917
1.061441
1.027784
0.994772
0.971323
0.975245
0.955697
0.919535
0.887643
0.855057
0.818993
0.782936
0.746883
0.710843
0.674807
0.638781
0.602763
0.566752
0.530754
0.495993
0.465999
0.432883
0.397036
0.361209
0.325389
0.289588
0.253801
0.218026
0.188485
0.158873
0.123310
0.087766
0.052240
0.016747
-0.018732
-0.054176
-0.089598
-0.124996
-0.160355
-0.195698
-0.230996
-0.266268
-0.301510
-0.328840
-0.355225
-0.390088
-0.424914
-0.459694
-0.494405
-0.529086
-0.563680
-0.598229
-0.632718
-0.667122
-0.700391
-0.721611
-0.742048
-0.761364
-0.790888
-0.822916
-0.839552
-0.862321
-0.894515
-0.926509
-0.957483
-0.970269
-0.982135
-0.992479
-1.016437
-1.046095
-1.075304
-1.096003
-1.101536
-1.105176
-1.107546
-1.082147
-1.074122
-1.099521
-1.106054
-1.103276
-1.126369
-1.139718
-1.132637
-1.143665
-1.164351
-1.153533
-1.151114
-1.169099
-1.165609
-1.149763
-1.163716
-1.178481
-1.192379
-1.205488
-1.218108
-1.196493
-1.181909
-1.191426
-1.200112
-1.208244
-1.215056
-1.212175
-1.181287
-1.170505
-1.174127
-1.176437
-1.178272
-1.179000
-1.178905
-1.178177
-1.176153
-1.173655
-1.170032
-1.165629
-1.160582
-1.154307
-1.147579
-1.139757
-1.131225
-1.122064
-1.111788
-1.101093
-1.089374
-1.094328
-1.115107
-1.106153
-1.091369
-1.075637
-1.059367
-1.042550
-1.024883
-1.006887
-0.988060
-0.968791
-0.949038
-0.928582
-0.907846
-0.886395
-0.864586
-0.842358
-0.797317
-0.749408
-0.726321
-0.702945
-0.679205
-0.654989
-0.633139
-0.634211
-0.623744
-0.597734
-0.571345
-0.544793
-0.517805
-0.490636
-0.463204
-0.435463
-0.407588
-0.379344
-0.350955
-0.322341
-0.293476
-0.264499
-0.235209
-0.205804
-0.176205
-0.146402
-0.116504
-0.086340
-0.056083
-0.025660
0.004931
0.035602
0.066501
0.103923
0.154059
0.191426
0.222409
0.272384
0.316348
0.347408
0.378594
0.409848
0.441282
0.472774
0.504388
0.536107
0.567888
0.599821
0.636775
0.686186
0.735660
0.785172
0.805028
0.831624
0.881431
0.890612
0.872381
0.854584
0.836943
0.819662
0.821509
0.837225
0.868286
0.897293
0.914494
0.940633
0.973729
0.993930
1.015775
1.049289
1.075400
1.095329
1.116116
1.139676
1.173828
1.201631
1.223746
1.217034
1.211881
1.235584
1.259733
1.284312
1.280138
1.276312
1.302395
1.328878
1.355773
1.383312
1.405821
1.398525
1.391476
1.384700
1.378346
1.376862
1.407148
1.421223
1.416112
1.439819
1.467374
1.463382
1.459623
1.456158
1.480994
1.507707
1.471392
1.434046
1.395294
1.384208
1.379502
1.341749
1.333755
1.369335
1.405522
1.441914
1.478058
1.514407
1.551079
1.562054
1.562857
1.564156
1.565648
1.567466
1.544276
1.510310
1.476930
1.456580
1.460045
1.439238
1.407077
1.375577
1.342539
1.306467
1.270401
1.234338
1.203669
1.171347
1.135392
1.099447
1.063508
1.027583
0.991664
0.955755
0.919858
0.883967
0.848093
0.812225
0.776371
0.740528
0.704694
0.668879
0.633071
0.597279
0.561501
0.525733
0.496754
0.486268
0.529739
0.553044
0.561554
0.530441
0.497347
0.471576
0.485421
0.530467
0.514162
0.487782
0.453135
0.424941
0.402199
0.410077
0.422672
0.435766
0.424254
0.390447
0.345148
0.300270
0.266412
0.232606
0.198852
0.177201
0.155676
0.122435
0.089260
0.056153
0.023163
-0.009779
-0.042592
-0.075328
-0.107980
-0.140494
-0.175073
-0.224012
-0.265459
-0.297934
-0.330258
-0.364395
-0.413527
-0.455276
-0.487540
-0.532725
-0.580306
-0.612549
-0.651906
-0.701074
-0.737569
-0.771068
-0.820258
-0.855456
-0.869917
-0.896739
-0.928103
-0.959156
-0.990069
-1.020759
-1.051168
-1.081445
-1.111306
-1.140990
-1.170374
-1.199392
-1.228237
-1.256518
-1.284575
-1.312218
-1.339384
-1.366318
-1.392481
-1.418357
-1.443660
-1.468336
-1.492690
-1.516008
-1.538948
-1.561097
-1.582427
-1.603302
-1.622819
-1.641839
-1.659785
-1.676686
-1.692964
-1.707520
-1.721445
-1.733975
-1.745244
-1.755702
-1.764111
-1.771777
-1.777760
-1.782346
-1.785968
-1.787375
-1.787990
-1.786778
-1.784183
-1.780562
-1.774812
-1.768306
-1.760036
-1.750548
-1.740090
-1.727801
-1.714861
-1.700389
-1.684943
-1.668665
-1.650942
-1.632699
-1.613222
-1.593016
-1.572140
-1.550183
-1.527829
-1.504524
-1.480689
-1.456335
-1.431191
-1.401713
-1.350219
-1.311073
-1.284936
-1.258202
-1.231237
-1.203699
-1.175875
-1.147728
-1.119139
-1.090374
-1.061165
-1.031746
-1.002074
-0.972071
-0.941933
-0.911448
-0.872326
-0.821975
-0.786646
-0.754236
-0.703969
-0.661834
-0.631049
-0.585807
-0.537814
-0.517972
-0.493887
-0.463438
-0.446563
-0.433689
-0.402256
-0.363801
-0.314015
-0.277214
-0.245706
-0.213982
-0.182183
-0.150252
-0.118184
-0.086053
-0.053742
-0.015594
0.033497
0.071264
0.103589
0.136078
0.163440
0.180415
0.176327
0.161289
0.180047
0.208175
0.255774
0.294406
0.328005
0.375216
0.403278
0.384650
0.398311
0.431495
0.464792
0.498125
0.531538
0.565016
0.598536
0.632150
0.665795
0.699511
0.733281
0.767088
0.800975
0.834889
0.868866
0.902887
0.936942
0.971065
1.005211
1.039413
1.073653
1.107924
1.071107
1.039193
1.062221
1.085747
1.109705
1.082865
1.048023
1.013221
0.978447
0.943698
0.908996
0.874313
0.839677
0.805072
0.770498
0.735976
0.701476
0.667033
0.632624
0.598251
0.554177
0.507889
0.461832
0.448405
0.472271
0.504904
0.539815
0.574774
0.605439
0.630841
0.663875
0.690811
0.646598
0.633215
0.660385
0.693927
0.728853
0.757118
0.788481
0.824222
0.859979
0.895744
0.931528
0.950569
0.944190
0.964327
0.994844
1.030859
1.066880
1.102907
1.138944
1.174984
1.211036
1.247091
1.283153
1.319223
1.355296
1.391378
1.413435
1.408852
1.408852
1.635319
1.603438
1.571558
1.538879
1.506192
1.493013
1.492727
1.492700
1.492932
1.493423
1.497633
1.530217
1.531498
1.504035
1.499836
1.501905
1.484729
1.455543
1.425381
1.394602
1.365285
1.333554
1.301893
1.273674
1.245800
1.211648
1.181728
1.151553
1.119919
1.088290
1.056666
1.026054
0.998322
0.966759
0.935204
0.903655
0.872113
0.840578
0.809050
0.780265
0.751678
0.720230
0.688792
0.657362
0.625943
0.594534
0.563136
0.536725
0.506936
0.475643
0.444363
0.413097
0.381845
0.350608
0.319387
0.288181
0.256992
0.225821
0.194667
0.163532
0.132416
0.105418
0.078444
0.044790
0.010129
-0.014336
-0.045211
-0.076058
-0.098694
-0.128167
-0.151756
-0.179113
-0.203896
-0.228813
-0.255050
-0.274155
-0.292475
-0.309991
-0.326652
-0.342403
-0.357286
-0.382600
-0.410999
-0.430621
-0.443190
-0.454804
-0.458093
-0.445714
-0.456201
-0.482564
-0.490598
-0.497199
-0.518256
-0.529572
-0.533667
-0.547036
-0.570807
-0.594330
-0.617596
-0.640594
-0.663309
-0.685707
-0.687063
-0.684728
-0.698176
-0.733176
-0.765964
-0.795846
-0.833318
-0.852938
-0.869664
-0.862367
-0.880217
-0.897706
-0.914720
-0.931241
-0.947254
-0.962742
-0.977688
-0.992076
-1.005888
-1.019107
-1.031717
-1.043635
-1.027656
-1.056749
-1.075433
-1.103382
-1.127050
-1.135065
-1.142329
-1.155534
-1.185503
-1.159492
-1.163559
-1.137685
-1.134259
-1.135835
-1.136615
-1.136598
-1.135782
-1.134171
-1.131765
-1.128571
-1.125495
-1.157083
-1.183939
-1.183577
-1.176947
-1.169532
-1.145123
-1.105723
-1.076006
-1.066124
-1.055563
-1.044338
-1.032421
-1.019852
-1.030730
-1.024284
-1.009610
-0.994370
-0.990572
-1.001183
-1.014863
-1.038564
-1.046771
-1.072240
-1.097414
-1.104946
-1.123984
-1.147765
-1.171181
-1.194211
-1.216833
-1.233056
-1.234600
-1.255368
-1.275594
-1.295240
-1.314307
-1.312695
-1.292223
-1.265215
-1.237962
-1.210479
-1.182782
-1.154885
-1.126800
-1.098534
-1.070095
-1.041503
-1.012769
-0.983901
-0.954906
-0.925793
-0.896567
-0.867236
-0.837804
-0.808278
-0.778660
-0.748951
-0.719163
-0.689299
-0.659364
-0.629361
-0.599293
-0.569164
-0.538976
-0.508733
-0.478436
-0.448088
-0.417687
-0.387240
-0.356749
-0.326217
-0.295644
-0.265032
-0.234384
-0.203701
-0.172983
-0.142233
-0.111452
-0.080637
-0.049794
-0.018923
0.011974
0.042896
0.073844
0.104815
0.135808
0.166824
0.197861
0.228919
0.259998
0.291097
0.322214
0.353348
0.384500
0.415668
0.446853
0.478053
0.509268
0.540497
0.571741
0.603000
0.634272
0.665556
0.696854
0.728163
0.759484
0.790817
0.822160
0.853514
0.885587
0.922613
0.948100
0.979034
1.010438
1.041852
1.073274
1.104705
1.138490
1.173618
1.205020
1.236431
1.267851
1.299279
1.325831
1.356436
1.361236
1.356514
1.352055
1.361671
1.378742
1.375110
1.371742
1.368638
1.365817
1.363274
1.360996
1.358986
1.377758
1.373430
1.354559
1.342563
1.325792
1.357307
1.386038
1.353991
1.322227
1.345050
1.377056
1.408950
1.440604
1.457940
1.469836
1.502263
1.529268
1.528399
1.497812
1.498104
1.499929
1.477770
1.490473
1.506947
1.493637
1.461868
1.430101
1.398858
1.372409
1.375818
1.348810
1.321169
1.290472
1.258858
1.227249
1.195645
1.164047
1.132454
1.100866
1.069284
1.037708
1.006138
0.974575
0.943017
0.911467
0.879923
0.848386
0.816856
0.786799
0.759466
0.728016
0.696575
0.670737
0.639998
0.608653
0.573270
0.539520
0.508141
0.479165
0.454032
0.429390
0.408262
0.415624
0.423360
0.396371
0.365503
0.340554
0.318503
0.292296
0.265592
0.241730
0.213459
0.192220
0.162068
0.131963
0.111855
0.084045
0.062503
0.044820
0.021302
-0.008024
-0.037285
-0.066477
-0.095598
-0.124645
-0.153609
-0.182491
-0.211290
-0.240002
-0.268625
-0.297154
-0.331711
-0.369908
-0.395001
-0.410257
-0.438258
-0.466130
-0.493873
-0.521484
-0.548959
-0.576291
-0.603473
-0.630499
-0.657362
-0.684055
-0.710569
-0.737556
-0.781920
-0.809275
-0.835295
-0.861094
-0.874113
-0.890241
-0.914945
-0.939373
-0.962741
-0.986972
-1.030965
-1.055300
-1.079300
-1.102960
-1.126264
-1.149190
-1.171720
-1.193830
-1.215498
-1.236700
-1.257410
-1.277602
-1.297220
-1.316223
-1.334612
-1.352357
-1.369424
-1.385781
-1.401393
-1.416226
-1.430245
-1.443414
-1.455699
-1.467028
-1.477332
-1.486644
-1.494934
-1.502176
-1.508344
-1.513416
-1.517374
-1.520204
-1.521893
-1.522436
-1.521798
-1.519920
-1.516903
-1.512759
-1.507504
-1.501158
-1.493742
-1.485282
-1.475807
-1.465345
-1.453930
-1.441579
-1.428264
-1.414107
-1.399142
-1.383404
-1.366927
-1.349746
-1.331894
-1.313404
-1.294306
-1.274631
-1.254405
-1.233610
-1.212328
-1.190584
-1.168403
-1.145806
-1.122816
-1.099453
-1.075737
-1.051685
-1.027315
-1.002643
-0.977657
-0.952402
-0.926891
-0.901139
-0.875156
-0.848954
-0.822545
-0.795937
-0.769141
-0.742165
-0.715018
-0.687694
-0.660213
-0.632586
-0.604818
-0.576917
-0.548887
-0.520735
-0.492466
-0.464085
-0.435597
-0.407007
-0.378309
-0.349516
-0.320633
-0.291665
-0.262613
-0.233482
-0.204275
-0.174995
-0.142768
-0.102535
-0.073224
-0.043842
-0.025565
0.002096
0.031824
0.061605
0.091439
0.126229
0.157331
0.173257
0.202942
0.232679
0.262469
0.292309
0.322196
0.352126
0.382101
0.412117
0.442174
0.472270
0.502404
0.532576
0.562783
0.593027
0.623307
0.653619
0.683963
0.708117
0.734364
0.769147
0.805638
0.836128
0.866644
0.897186
0.927755
0.958350
0.988968
1.019610
1.050274
1.080960
1.111668
1.142396
1.173145
1.203914
1.234702
1.265510
1.296337
1.327182
1.358045
1.388924
1.419820
1.432324
1.424691
1.417307
1.415756
1.437566
1.431002
1.424712
1.391027
1.378397
1.351320
1.351334
1.380135
1.409776
1.436575
1.463712
1.491525
1.523172
1.551042
1.579186
1.582478
1.601473
1.592696
1.574122
1.571840
1.579277
1.603048
1.603048
1.523085
1.484958
1.458038
1.455732
1.453745
1.451949
1.450635
1.440569
1.404361
1.368438
1.332735
1.297497
1.269161
1.269967
1.253236
1.219172
1.185594
1.151881
1.116509
1.082271
1.049467
1.017162
0.985066
0.953614
0.920738
0.885538
0.850345
0.815154
0.779972
0.746292
0.715824
0.682443
0.647364
0.612297
0.577234
0.542182
0.507138
0.472101
0.437077
0.402059
0.367053
0.335138
0.306208
0.272416
0.237572
0.202750
0.167940
0.133143
0.098369
0.063603
0.028864
-0.002911
-0.029973
-0.056226
-0.082116
-0.106803
-0.120124
-0.109789
-0.134290
-0.178607
-0.213035
-0.246927
-0.280763
-0.301022
-0.311287
-0.351258
-0.391023
-0.415282
-0.444479
-0.478332
-0.502718
-0.515614
-0.470220
-0.460430
-0.493595
-0.536282
-0.580902
-0.614149
-0.642154
-0.662021
-0.680615
-0.699182
-0.746157
-0.783179
-0.800034
-0.795563
-0.779266
-0.808300
-0.834459
-0.847155
-0.869932
-0.899952
-0.911698
-0.914968
-0.894088
-0.898719
-0.926855
-0.972990
-1.016201
-1.021313
-1.013325
-0.989899
-1.023196
-1.069120
-1.070438
-1.061138
-1.035756
-1.045507
-1.068916
-1.064972
-1.069717
-1.091612
-1.112954
-1.133999
-1.125599
-1.123759
-1.142293
-1.141844
-1.128079
-1.140983
-1.149629
-1.131734
-1.130122
-1.143164
-1.155189
-1.166827
-1.177397
-1.171355
-1.146194
-1.146525
-1.154017
-1.160295
-1.166021
-1.170935
-1.174854
-1.179374
-1.216909
-1.229730
-1.195027
-1.205783
-1.240487
-1.205275
-1.177287
-1.173761
-1.169412
-1.164499
-1.158349
-1.151778
-1.144165
-1.117670
-1.074576
-1.059598
-1.049588
-1.038577
-1.027024
-1.014862
-1.001832
-0.985344
-0.938724
-0.924405
-0.956690
-0.977372
-0.992432
-0.975594
-0.958428
-0.940648
-0.922277
-0.903604
-0.884105
-0.864354
-0.844031
-0.823254
-0.802174
-0.780440
-0.758492
-0.736021
-0.713207
-0.690099
-0.666480
-0.642680
-0.618406
-0.593880
-0.569074
-0.543873
-0.516027
-0.465914
-0.425915
-0.400163
-0.356691
-0.307582
-0.281438
-0.246835
-0.196779
-0.177834
-0.174444
-0.147672
-0.120314
-0.092719
-0.077883
-0.071366
-0.044580
-0.015925
0.012942
0.041949
0.071075
0.083795
0.100389
0.149387
0.189135
0.218960
0.263991
0.312944
0.361954
0.410988
0.460057
0.494905
0.524607
0.554494
0.577839
0.589535
0.613899
0.644430
0.658030
0.676677
0.707791
0.738991
0.770246
0.786756
0.805953
0.837713
0.861218
0.877962
0.895610
0.915989
0.948519
0.981094
1.013715
1.046404
1.077626
1.097301
1.122689
1.155747
1.188857
1.221353
1.242459
1.263886
1.285871
1.285503
1.274536
1.264053
1.253723
1.243738
1.234061
1.224575
1.247516
1.264718
1.256376
1.267560
1.294364
1.291632
1.284518
1.277826
1.271389
1.265214
1.259462
1.258082
1.288069
1.303120
1.298593
1.294458
1.290487
1.287013
1.283737
1.280794
1.278215
1.275804
1.273925
1.283194
1.317279
1.329641
1.328848
1.361712
1.396955
1.432397
1.467981
1.503676
1.508828
1.509681
1.510946
1.512464
1.514234
1.516413
1.518750
1.521526
1.507597
1.472287
1.439513
1.409883
1.413769
1.404595
1.373860
1.343582
1.313614
1.319182
1.311955
1.277002
1.242059
1.207122
1.172199
1.138926
1.110484
1.078443
1.043657
1.008890
0.974130
0.939387
0.904657
0.869938
0.835239
0.801564
0.774616
0.744308
0.709800
0.675318
0.640846
0.606406
0.575392
0.549894
0.518340
0.484227
0.459944
0.457714
0.501994
0.496741
0.462954
0.429227
0.398519
0.376382
0.347808
0.314439
0.292308
0.269183
0.236226
0.203321
0.170466
0.137698
0.106928
0.088579
0.063982
0.031757
0.011490
-0.006211
-0.037831
-0.069385
-0.100836
-0.132161
-0.163430
-0.194511
-0.225526
-0.256404
-0.298434
-0.346727
-0.378372
-0.409139
-0.439735
-0.470187
-0.500535
-0.520015
-0.544361
-0.592740
-0.631973
-0.662680
-0.677566
-0.684752
-0.665216
-0.663502
-0.683038
-0.725177
-0.772542
-0.802372
-0.832067
-0.861555
-0.890781
-0.919890
-0.948605
-0.984261
-1.033800
-1.055551
-1.062088
-1.088518
-1.115644
-1.142357
-1.168708
-1.194803
-1.220291
-1.245555
-1.270236
-1.294496
-1.318372
-1.341513
-1.364367
-1.386404
-1.421198
-1.470850
-1.498054
-1.518626
-1.538067
-1.556966
-1.575056
-1.592099
-1.608680
-1.623718
-1.626881
-1.606909
-1.607071
-1.617977
-1.627108
-1.635640
-1.642784
-1.648753
-1.653907
-1.657218
-1.659883
-1.660925
-1.660864
-1.659822
-1.657036
-1.653606
-1.648451
-1.642366
-1.635222
-1.626577
-1.617339
-1.606434
-1.594817
-1.582164
-1.568325
-1.553974
-1.538128
-1.521786
-1.504501
-1.486337
-1.467717
-1.447899
-1.427722
-1.406730
-1.385115
-1.363078
-1.340168
-1.316976
-1.293100
-1.268793
-1.244111
-1.218804
-1.193277
-1.167182
-1.140795
-1.114082
-1.086923
-1.059591
-1.031792
-1.003796
-0.975520
-0.946925
-0.918196
-0.889078
-0.859831
-0.830343
-0.800627
-0.770797
-0.722316
-0.678877
-0.648912
-0.607568
-0.558713
-0.527039
-0.492691
-0.443902
-0.405177
-0.374993
-0.328974
-0.286306
-0.273943
-0.244293
-0.195877
-0.161484
-0.130743
-0.099820
-0.068817
-0.037704
-0.006458
0.024148
0.039762
0.061195
0.093123
0.125144
0.157212
0.189411
0.217488
0.235723
0.271171
0.317708
0.364420
0.407799
0.440214
0.472689
0.505213
0.537825
0.570469
0.603194
0.635964
0.668783
0.712306
0.758555
0.804965
0.845542
0.878195
0.910914
0.943659
0.976486
1.009341
1.042248
1.066677
1.087033
1.120124
1.153386
1.186694
1.192316
1.180535
1.169209
1.158038
1.147247
1.123733
1.089919
1.056150
1.022397
0.988689
0.955008
0.921356
0.887751
0.852843
0.808013
0.777833
0.767088
0.756759
0.748508
0.773109
0.801266
0.835522
0.869803
0.904097
0.938429
0.972771
1.007137
1.036444
1.062648
1.096644
1.131209
1.165794
1.196308
1.223604
1.257389
1.292136
1.326900
1.361673
1.396457
1.397803
1.387071
1.346109
1.335836
1.365315
1.395301
1.425496
1.456303
1.487345
1.518778
1.518778
1.550097
1.515339
1.489076
1.487396
1.469183
1.435311
1.402364
1.369673
1.336248
1.302962
1.270025
1.272712
1.305649
1.286860
1.254974
1.223601
1.191831
1.159183
1.127599
1.096824
1.064532
1.031918
0.999306
0.967550
0.937469
0.905911
0.873348
0.840789
0.808585
0.779283
0.748817
0.716327
0.683843
0.651361
0.618885
0.586974
0.558640
0.527064
0.490475
0.459367
0.431217
0.399260
0.366912
0.334575
0.302245
0.269924
0.237613
0.205308
0.173018
0.141802
0.115147
0.086049
0.053927
0.021825
-0.010270
-0.042337
-0.074396
-0.106431
-0.138451
-0.170453
-0.202429
-0.234395
-0.258903
-0.285099
-0.316782
-0.348437
-0.380064
-0.404788
-0.427445
-0.458684
-0.489901
-0.521054
-0.552157
-0.583215
-0.605453
-0.625733
-0.656225
-0.686675
-0.717022
-0.747280
-0.777468
-0.796413
-0.810615
-0.795999
-0.771737
-0.727558
-0.716284
-0.728537
-0.753911
-0.781754
-0.809304
-0.836729
-0.863923
-0.879036
-0.886433
-0.927114
-0.970436
-0.996342
-1.022050
-1.047436
-1.058422
-1.061217
-1.102829
-1.142051
-1.142051
-1.140838
-1.137864
-1.106277
-1.060255
-1.075531
-1.100550
-1.146394
-1.168990
-1.161394
-1.171226
-1.188820
-1.178069
-1.162332
-1.133250
-1.137808
-1.181505
-1.181635
-1.164741
-1.175529
-1.186684
-1.196784
-1.190640
-1.167550
-1.166800
-1.173544
-1.146544
-1.119059
-1.090192
-1.094206
-1.128986
-1.162720
-1.195115
-1.194337
-1.193114
-1.190786
-1.170019
-1.133785
-1.122449
-1.117234
-1.110685
-1.103704
-1.095779
-1.087091
-1.077832
-1.067509
-1.056860
-1.045082
-1.022706
-0.979883
-0.936851
-0.893677
-0.900229
-0.911796
-0.896191
-0.869890
-0.825268
-0.815212
-0.825861
-0.834501
-0.838984
-0.819375
-0.799474
-0.779129
-0.758333
-0.737299
-0.737440
-0.731638
-0.685427
-0.658761
-0.658761
-0.627348
-0.581136
-0.555858
-0.531909
-0.507591
-0.492455
-0.488536
-0.469278
-0.443662
-0.398515
-0.367143
-0.387048
-0.393897
-0.386450
-0.351072
-0.305579
-0.278490
-0.255869
-0.246304
-0.218819
-0.173736
-0.176107
-0.192827
-0.181023
-0.164593
-0.135963
-0.107233
-0.078416
-0.049461
-0.020461
0.008695
0.033666
0.048968
0.072342
0.102084
0.121463
0.139459
0.169705
0.199984
0.230332
0.254009
0.272976
0.301882
0.332647
0.363481
0.394342
0.425249
0.456198
0.487173
0.518205
0.548024
0.569448
0.591244
0.613638
0.641890
0.673431
0.705009
0.736597
0.768217
0.799853
0.831511
0.863192
0.894885
0.934058
0.972363
1.003990
1.039270
1.079236
1.107684
1.131073
1.155202
1.182525
1.221839
1.257649
1.289432
1.316020
1.340608
1.372394
1.404341
1.436304
1.449302
1.442752
1.436553
1.430473
1.424863
1.410884
1.373438
1.352994
1.348267
1.343920
1.339698
1.335952
1.332349
1.329096
1.326116
1.323360
1.294788
1.263880
1.294746
1.326178
1.358829
1.390782
1.422215
1.454677
1.481559
1.448157
1.426174
1.425930
1.425979
1.426223
1.426886
1.427673
1.428892
1.430291
1.431996
1.454490
1.489277
1.464416
1.431820
1.399227
1.367733
1.337898
1.329755
1.333007
1.336710
1.334335
1.301898
1.269464
1.237035
1.207642
1.179661
1.147583
1.115244
1.082914
1.052944
1.025822
0.999216
0.972820
0.940906
0.908807
0.876724
0.844651
0.812589
0.780544
0.748504
0.716488
0.684479
0.652488
0.620511
0.588546
0.556603
0.524667
0.492759
0.460861
0.428985
0.397127
0.365284
0.339744
0.317432
0.326002
0.322368
0.290940
0.259542
0.228168
0.204856
0.185744
0.196188
0.196678
0.177172
0.176198
0.188149
0.154083
0.112872
0.082473
0.052112
0.021817
-0.008408
-0.038591
-0.068669
-0.096947
-0.113264
-0.134672
-0.164151
-0.193527
-0.222846
-0.252010
-0.281128
-0.310090
-0.345325
-0.389445
-0.423386
-0.452330
-0.481077
-0.506707
-0.518615
-0.545050
-0.589894
-0.634648
-0.679364
-0.723939
-0.765084
-0.793462
-0.821700
-0.849779
-0.877620
-0.905371
-0.932766
-0.960060
-0.987050
-1.013821
-1.040371
-1.066553
-1.092610
-1.118130
-1.149094
-1.195089
-1.241066
-1.287027
-1.316788
-1.341938
-1.366364
-1.390540
-1.414114
-1.437158
-1.459768
-1.501388
-1.545990
-1.567347
-1.588262
-1.608239
-1.627309
-1.645713
-1.662628
-1.679065
-1.693673
-1.707502
-1.719868
-1.730745
-1.740647
-1.748255
-1.755159
-1.759571
-1.762885
-1.764368
-1.763978
-1.762496
-1.758411
-1.753590
-1.746353
-1.738045
-1.728143
-1.716618
-1.704251
-1.689833
-1.674879
-1.658260
-1.640875
-1.622471
-1.602988
-1.583011
-1.561733
-1.540136
-1.517574
-1.484217
-1.437993
-1.407918
-1.384343
-1.359944
-1.335348
-1.310171
-1.284672
-1.258830
-1.246105
-1.237984
-1.210372
-1.182595
-1.154502
-1.126219
-1.097752
-1.069030
-1.040223
-1.011126
-0.977848
-0.933869
-0.889769
-0.845563
-0.813541
-0.784657
-0.755538
-0.726350
-0.697006
-0.667546
-0.637996
-0.596958
-0.557971
-0.572278
-0.572088
-0.543165
-0.514116
-0.484982
-0.455681
-0.424826
-0.381068
-0.342544
-0.313220
-0.292187
-0.276251
-0.248015
-0.216304
-0.173272
-0.141703
-0.128085
-0.112722
-0.096404
-0.055911
-0.014941
0.014959
0.044910
0.074933
0.105034
0.135171
0.165410
0.195675
0.226022
0.251316
0.270283
0.297514
0.328272
0.359103
0.392275
0.434009
0.470577
0.501351
0.532177
0.563022
0.593935
0.624863
0.655841
0.686848
0.717886
0.748968
0.780065
0.811215
0.842380
0.873583
0.904812
0.936064
0.967353
0.998654
1.029999
1.061355
1.092743
1.119361
1.142122
1.172039
1.203641
1.235273
1.243852
1.204170
1.201609
1.225920
1.203216
1.171348
1.139504
1.107669
1.075853
1.044053
1.012265
0.980504
0.947824
0.908438
0.893311
0.918163
0.943515
0.969154
1.000572
1.031863
1.058370
1.089445
1.127238
1.161314
1.193488
1.225678
1.256944
1.283859
1.313100
1.345399
1.377707
1.410018
1.442340
1.474664
1.506997
1.522405
1.517883
1.513696
1.509642
1.474418
1.445887
1.442731
1.455664
1.485586
1.485586
