1.654107
1.621582
1.589211
1.557358
1.525398
1.493311
1.483532
1.483766
1.455129
1.423884
1.392042
1.360667
1.330050
1.299759
1.269677
1.266757
1.266593
1.234835
1.203079
1.171324
1.139571
1.107820
1.076072
1.044324
1.012580
0.980837
0.949096
0.917358
0.885622
0.856009
0.827391
0.795991
0.764320
0.732656
0.700994
0.669336
0.637683
0.606033
0.577738
0.549882
0.518327
0.486777
0.455235
0.423699
0.392170
0.360651
0.329136
0.297634
0.267245
0.240996
0.212493
0.181140
0.149802
0.118471
0.087163
0.055860
0.024580
-0.006690
-0.037942
-0.069176
-0.100398
-0.131593
-0.162409
-0.186432
-0.212404
-0.243333
-0.274237
-0.305116
-0.335954
-0.366778
-0.397545
-0.428296
-0.458997
-0.485630
-0.506927
-0.487416
-0.447123
-0.469643
-0.499704
-0.529670
-0.559595
-0.589442
-0.619215
-0.648934
-0.678537
-0.707554
-0.724091
-0.743982
-0.772805
-0.794118
-0.808012
-0.832156
-0.860029
-0.871576
-0.882049
-0.890645
-0.906484
-0.932191
-0.944443
-0.949556
-0.910490
-0.873415
-0.897426
-0.921245
-0.944699
-0.954699
-0.954699
-0.971997
-0.993496
-1.014280
-1.034852
-1.054834
-1.074385
-1.093495
-1.092577
-1.084020
-1.099360
-1.115652
-1.131057
-1.145981
-1.160224
-1.154686
-1.138221
-1.110207
-1.087888
-1.128746
-1.149012
-1.128283
-1.141276
-1.180293
-1.193866
-1.200820
-1.206310
-1.203335
-1.175580
-1.162376
-1.164645
-1.188602
-1.221217
-1.192204
-1.170439
-1.199876
-1.215794
-1.211844
-1.206916
-1.201426
-1.167867
-1.129851
-1.091099
-1.071862
-1.093127
-1.096639
-1.085927
-1.074243
-1.062275
-1.049148
-1.028787
-0.986185
-0.956823
-0.942068
-0.926622
-0.910887
-0.894288
-0.881812
-0.890408
-0.898054
-0.904249
-0.893883
-0.873613
-0.852739
-0.831708
-0.810078
-0.788257
-0.766020
-0.743475
-0.720675
-0.697469
-0.674143
-0.650335
-0.626421
-0.602163
-0.577710
-0.553033
-0.528087
-0.503022
-0.459778
-0.421064
-0.414564
-0.400499
-0.374424
-0.358872
-0.349866
-0.325593
-0.298537
-0.271260
-0.248692
-0.236768
-0.208009
-0.164723
-0.166307
-0.181532
-0.167625
-0.147122
-0.104464
-0.068246
-0.039675
-0.059936
-0.102433
-0.091366
-0.073490
-0.044190
-0.019285
-0.001633
0.023385
0.053166
0.074129
0.094119
0.124303
0.151670
0.172385
0.198274
0.228796
0.252901
0.274953
0.305648
0.334811
0.358085
0.384835
0.415870
0.446926
0.477993
0.509088
0.540189
0.571315
0.602451
0.633604
0.668813
0.706747
0.707668
0.702772
0.727895
0.754808
0.786141
0.817483
0.848834
0.880198
0.911567
0.942951
0.974339
1.005740
1.037147
1.068562
1.099987
1.131416
1.162858
1.194303
1.225759
1.257219
1.288687
1.320162
1.351642
1.379414
1.406396
1.433955
1.452832
1.449288
1.462140
1.490795
1.496368
1.493799
1.522508
1.552309
1.582522
1.599271
1.598134
1.576290
1.543755
1.511618
1.487209
1.519296
1.551301
1.583153
1.578474
1.547313
1.568095
1.599823
1.601413
1.603127
1.605170
1.607440
1.609935
1.612759
1.615704
1.588695
1.560549
1.532859
1.503536
1.471959
1.440388
1.408820
1.377259
1.345701
1.314151
1.284221
1.257430
1.231012
1.204876
1.174559
1.143201
1.111859
1.080521
1.049196
1.017880
0.986572
0.955279
0.923990
0.892720
0.862635
0.837907
0.810555
0.779444
0.748351
0.717267
0.686209
0.655157
0.624132
0.593118
0.562125
0.535571
0.512486
0.490145
0.469326
0.508971
0.530989
0.500556
0.470149
0.439772
0.409438
0.379120
0.358632
0.337017
0.307040
0.277095
0.247198
0.217353
0.187540
0.157805
0.128091
0.098463
0.068869
0.039343
0.009878
-0.019538
-0.048864
-0.078162
-0.107338
-0.136481
-0.165523
-0.194498
-0.223396
-0.252187
-0.280932
-0.309523
-0.338074
-0.366476
-0.400542
-0.443373
-0.477215
-0.505610
-0.533829
-0.562000
-0.589965
-0.617855
-0.645577
-0.673155
-0.700611
-0.727844
-0.755011
-0.781861
-0.808631
-0.835136
-0.861464
-0.887589
-0.913424
-0.939131
-0.964414
-0.989584
-1.014326
-1.038854
-1.063039
-1.086846
-1.110414
-1.133410
-1.156243
-1.178380
-1.200265
-1.221572
-1.255487
-1.300414
-1.312348
-1.314078
-1.358863
-1.398761
-1.420797
-1.442350
-1.463321
-1.483468
-1.503235
-1.521758
-1.539944
-1.556820
-1.573055
-1.588220
-1.602237
-1.615502
-1.627025
-1.638057
-1.646970
-1.655170
-1.661662
-1.666820
-1.670768
-1.672737
-1.674062
-1.672777
-1.670889
-1.666941
-1.661862
-1.655370
-1.626770
-1.587519
-1.574362
-1.563679
-1.551273
-1.538198
-1.523958
-1.508723
-1.492811
-1.475649
-1.458147
-1.439357
-1.420219
-1.400208
-1.379635
-1.358533
-1.336705
-1.314630
-1.291709
-1.268608
-1.244892
-1.220876
-1.196472
-1.184217
-1.178065
-1.153893
-1.127565
-1.100842
-1.073974
-1.046845
-1.019504
-0.992014
-0.964258
-0.936430
-0.908323
-0.880143
-0.851773
-0.823283
-0.794675
-0.765909
-0.737086
-0.708074
-0.679020
-0.649824
-0.615182
-0.573215
-0.549972
-0.536529
-0.497203
-0.456201
-0.427616
-0.394156
-0.351510
-0.341205
-0.354640
-0.334620
-0.306580
-0.278353
-0.250078
-0.221671
-0.193181
-0.164606
-0.135917
-0.107186
-0.078316
-0.049413
-0.020400
0.008667
0.037808
0.067027
0.096287
0.125647
0.155031
0.184509
0.214021
0.243598
0.273228
0.302899
0.332639
0.362399
0.392240
0.422101
0.452020
0.462201
0.451649
0.419748
0.379454
0.397189
0.418294
0.440226
0.465763
0.496533
0.522400
0.545485
0.575435
0.606431
0.637456
0.668490
0.699545
0.730616
0.761700
0.792805
0.823916
0.855052
0.886195
0.917355
0.945563
0.970551
1.000017
1.031325
1.062649
1.093976
1.125319
1.156667
1.188025
1.219393
1.250767
1.282153
1.313543
1.344946
1.354667
1.318107
1.281735
1.245517
1.258825
1.286211
1.317825
1.349440
1.381061
1.412685
1.444313
1.475946
1.507580
1.539221
1.571475
1.606962
1.639459
1.667272
1.675778
1.672431
1.669461
1.666592
1.664132
1.661809
1.659794
1.640838
1.607442
1.607442
1.750569
1.710457
1.670466
1.630688
1.616339
1.611841
1.607774
1.619429
1.650838
1.626347
1.588735
1.553694
1.517229
1.479477
1.473215
1.471113
1.469382
1.447347
1.412219
1.377092
1.341539
1.305122
1.293309
1.292560
1.292302
1.292256
1.292514
1.266015
1.241100
1.277537
1.278599
1.243473
1.208349
1.173225
1.138102
1.104087
1.070885
1.038261
1.004941
0.969893
0.936928
0.904980
0.869991
0.835005
0.800023
0.765045
0.730476
0.699490
0.666694
0.631801
0.596916
0.562034
0.527161
0.492293
0.457431
0.427127
0.395983
0.361239
0.326507
0.291780
0.257070
0.222367
0.187676
0.152999
0.118329
0.083678
0.049037
0.014408
-0.014917
-0.032166
0.009558
0.012188
-0.022117
-0.056387
-0.092473
-0.134454
-0.171889
-0.206250
-0.240575
-0.274884
-0.309165
-0.343416
-0.377651
-0.411840
-0.442415
-0.467582
-0.466093
-0.460213
-0.482823
-0.515992
-0.560464
-0.595598
-0.626550
-0.647964
-0.675847
-0.708703
-0.728908
-0.747571
-0.764908
-0.801345
-0.847908
-0.863972
-0.867961
-0.851327
-0.869178
-0.898064
-0.909843
-0.920602
-0.930122
-0.955052
-0.979670
-0.985835
-0.990694
-0.994411
-1.017877
-1.043508
-1.068688
-1.077539
-1.076232
-1.050384
-1.040505
-1.063012
-1.084969
-1.104919
-1.096962
-1.080051
-1.050798
-1.082368
-1.126676
-1.145062
-1.162936
-1.180303
-1.169457
-1.160867
-1.175466
-1.189376
-1.202796
-1.215049
-1.226839
-1.237738
-1.247742
-1.257263
-1.265439
-1.273059
-1.279809
-1.285462
-1.290586
-1.294384
-1.297470
-1.299758
-1.271511
-1.243618
-1.242886
-1.241344
-1.239152
-1.235633
-1.241148
-1.270737
-1.277201
-1.270451
-1.262280
-1.253609
-1.244049
-1.233527
-1.222526
-1.210340
-1.197611
-1.184191
-1.144315
-1.100199
-1.068125
-1.045137
-1.030446
-1.042284
-1.049661
-1.032426
-1.014619
-0.996440
-0.948963
-0.925919
-0.955356
-0.970446
-0.977573
-0.956285
-0.934692
-0.912657
-0.890082
-0.867261
-0.843868
-0.820173
-0.796164
-0.771664
-0.746963
-0.721837
-0.696420
-0.670787
-0.644711
-0.618472
-0.591920
-0.550261
-0.501076
-0.474183
-0.438744
-0.389232
-0.356207
-0.326802
-0.277352
-0.227893
-0.178424
-0.151091
-0.127771
-0.100794
-0.073642
-0.046343
-0.018766
0.008916
0.036813
0.064881
0.093054
0.121485
0.150005
0.178689
0.207540
0.236476
0.265622
0.294860
0.324220
0.353742
0.383335
0.413094
0.442947
0.472891
0.487503
0.504108
0.534675
0.555402
0.569397
0.599745
0.630914
0.662174
0.683053
0.699544
0.731288
0.763076
0.794929
0.826862
0.857150
0.875115
0.899992
0.932353
0.953684
0.973120
0.993313
1.014027
1.035144
1.067432
1.097528
1.119764
1.142552
1.165455
1.155549
1.145825
1.136415
1.127370
1.118507
1.110107
1.101938
1.094052
1.114476
1.135790
1.129050
1.122588
1.116369
1.110621
1.105062
1.099900
1.095065
1.090436
1.086330
1.094155
1.125611
1.157511
1.187645
1.185253
1.183083
1.181221
1.179773
1.173622
1.137667
1.101975
1.066544
1.031347
0.996250
0.961373
0.947304
0.948154
0.982663
1.018768
1.053889
1.089011
1.124133
1.159256
1.194379
1.229503
1.264628
1.299754
1.334880
1.354376
1.356157
1.358359
1.360743
1.363537
1.366608
1.369905
1.341813
1.320368
1.324729
1.329409
1.334273
1.339636
1.330773
1.296071
1.261378
1.226691
1.192016
1.157349
1.122689
1.083428
1.043912
1.009193
0.977583
0.948843
0.914949
0.880361
0.845787
0.811225
0.776670
0.748832
0.719046
0.684653
0.650279
0.615914
0.581577
0.547252
0.512944
0.478661
0.444390
0.410147
0.380088
0.354408
0.358326
0.360549
0.336693
0.313447
0.290661
0.268911
0.247575
0.227054
0.207314
0.188461
0.202440
0.216643
0.231219
0.200748
0.155523
0.123578
0.084922
0.038303
0.003671
-0.025515
-0.041939
-0.066430
-0.097798
-0.113982
-0.132716
-0.163393
-0.193944
-0.224419
-0.236595
-0.254568
-0.284213
-0.313677
-0.343047
-0.372163
-0.401155
-0.429979
-0.458560
-0.487026
-0.515211
-0.543215
-0.571047
-0.617589
-0.661927
-0.689482
-0.729965
-0.779397
-0.802363
-0.832618
-0.881865
-0.916746
-0.944642
-0.972095
-0.999353
-1.026310
-1.052861
-1.081985
-1.131637
-1.158249
-1.159629
-1.180391
-1.204749
-1.228504
-1.251803
-1.274743
-1.296867
-1.326588
-1.375902
-1.406925
-1.427662
-1.417593
-1.417627
-1.435339
-1.452106
-1.468394
-1.483403
-1.497748
-1.511268
-1.550345
-1.589779
-1.600598
-1.628508
-1.671671
-1.683131
-1.690120
-1.695546
-1.699661
-1.702941
-1.704101
-1.692804
-1.656610
-1.667560
-1.697364
-1.691939
-1.685649
-1.678139
-1.669073
-1.654792
-1.610325
-1.581725
-1.569172
-1.527783
-1.488435
-1.473426
-1.457606
-1.441198
-1.423564
-1.405486
-1.386560
-1.366889
-1.346814
-1.325721
-1.304260
-1.282207
-1.259493
-1.236468
-1.212712
-1.188606
-1.164100
-1.139022
-1.113705
-1.087871
-1.061717
-1.035298
-0.987820
-0.945324
-0.922004
-0.896819
-0.870542
-0.843772
-0.834239
-0.856409
-0.857872
-0.849388
-0.820664
-0.791785
-0.762701
-0.733352
-0.700932
-0.652297
-0.613526
-0.583967
-0.554160
-0.524254
-0.494148
-0.463894
-0.433541
-0.402968
-0.366823
-0.318914
-0.282784
-0.251417
-0.203544
-0.162608
-0.131932
-0.101110
-0.068141
-0.020451
0.019081
0.049976
0.081015
0.112112
0.143336
0.174646
0.206022
0.223449
0.244320
0.276244
0.308245
0.340290
0.372447
0.404644
0.436909
0.459473
0.481013
0.526815
0.558006
0.571664
0.563051
0.555262
0.574924
0.601671
0.634527
0.667453
0.680220
0.635146
0.610811
0.599224
0.621032
0.647294
0.680859
0.714461
0.748082
0.781751
0.815440
0.849158
0.882911
0.916680
0.950487
0.984315
1.018164
1.044213
1.073179
1.116148
1.153821
1.187785
1.221782
1.255791
1.289824
1.323877
1.357943
1.392038
1.426145
1.460269
1.436772
1.402191
1.428723
1.458974
1.493342
1.527729
1.562123
1.596534
1.607919
1.600978
1.626217
1.656153
1.690776
1.690776
1.551691
1.517339
1.481993
1.445524
1.441751
1.426236
1.390641
1.385668
1.385117
1.384878
1.385030
1.395265
1.430399
1.413858
1.380370
1.345971
1.312767
1.280178
1.248045
1.238018
1.240805
1.244033
1.227951
1.197317
1.163126
1.131191
1.101405
1.067376
1.033272
0.999172
0.965083
0.933031
0.904167
0.870904
0.836925
0.802957
0.769000
0.735051
0.701114
0.671788
0.642840
0.609045
0.575265
0.541496
0.507747
0.474013
0.440291
0.406593
0.372911
0.339426
0.313502
0.283860
0.250399
0.216976
0.183572
0.150191
0.116850
0.083530
0.050238
0.016988
-0.016237
-0.049427
-0.082574
-0.115693
-0.148767
-0.174414
-0.199033
-0.231736
-0.264385
-0.296994
-0.329524
-0.361996
-0.393601
-0.413542
-0.439892
-0.471794
-0.503560
-0.528511
-0.545922
-0.532720
-0.536624
-0.567321
-0.583179
-0.596422
-0.608465
-0.595380
-0.576662
-0.557452
-0.574320
-0.602423
-0.630267
-0.657856
-0.681564
-0.686824
-0.705432
-0.728964
-0.731125
-0.746271
-0.769659
-0.768553
-0.766306
-0.762995
-0.736634
-0.731792
-0.752966
-0.747458
-0.761752
-0.809621
-0.807277
-0.806378
-0.824007
-0.840943
-0.857464
-0.873328
-0.888488
-0.903194
-0.917119
-0.930340
-0.943068
-0.954882
-0.966003
-0.976596
-0.986137
-1.013768
-1.054625
-1.062021
-1.068770
-1.074869
-1.079684
-1.068844
-1.037945
-1.036875
-1.038360
-1.039022
-1.038564
-1.037485
-1.035502
-1.032489
-1.028864
-1.024272
-1.018754
-1.012640
-1.005516
-0.997579
-0.989072
-0.979531
-0.969294
-0.958517
-0.946703
-0.951412
-0.969783
-0.955396
-0.925800
-0.879731
-0.862345
-0.846103
-0.829335
-0.837716
-0.838330
-0.819366
-0.855646
-0.897693
-0.926151
-0.954302
-0.977234
-0.983584
-1.004151
-1.030556
-1.056506
-1.082069
-1.107343
-1.132036
-1.141484
-1.141321
-1.163785
-1.199842
-1.248320
-1.269943
-1.277778
-1.269777
-1.242334
-1.220149
-1.207988
-1.180014
-1.149571
-1.118921
-1.075590
-1.033627
-1.002965
-0.972111
-0.941141
-0.909990
-0.878693
-0.847300
-0.815744
-0.812130
-0.822012
-0.801612
-0.774315
-0.741705
-0.708989
-0.676223
-0.643408
-0.610503
-0.577559
-0.544568
-0.511507
-0.478411
-0.445272
-0.412076
-0.378850
-0.345583
-0.312271
-0.278934
-0.245557
-0.212145
-0.178710
-0.145239
-0.111739
-0.078219
-0.044665
-0.011087
0.022507
0.056134
0.089779
0.123440
0.157131
0.190836
0.224556
0.258303
0.292062
0.325836
0.365723
0.403822
0.437520
0.471240
0.504972
0.538721
0.572488
0.606266
0.640061
0.673871
0.708880
0.749303
0.785389
0.819142
0.852914
0.886698
0.920491
0.954303
0.988125
1.021956
1.055805
1.089662
1.123528
1.157409
1.191298
1.225196
1.259107
1.295112
1.335092
1.370088
1.403951
1.437825
1.471710
1.505603
1.539506
1.569501
1.592341
1.587123
1.560644
1.525225
1.520841
1.516717
1.512806
1.509335
1.523575
1.554881
1.519457
1.498178
1.496088
1.462851
1.453648
1.486887
1.491050
1.501737
1.535934
1.570496
1.605091
1.639518
1.673945
1.694446
1.660690
1.627250
1.603884
1.639850
1.655010
1.654232
1.622361
1.589138
1.554817
1.520498
1.486181
1.451866
1.420526
1.389553
1.358904
1.321754
1.285212
1.250955
1.216703
1.183632
1.153216
1.119872
1.085691
1.051515
1.017345
0.984034
0.954477
0.918895
0.881308
0.851917
0.822954
0.798643
0.838452
0.860437
0.866728
0.839978
0.813602
0.787646
0.762464
0.733966
0.700652
0.659770
0.617974
0.576383
0.548276
0.520775
0.487467
0.461205
0.437408
0.414363
0.437596
0.468190
0.435496
0.395974
0.353685
0.320925
0.288201
0.256022
0.234798
0.214155
0.194061
0.162235
0.130265
0.098347
0.066526
0.034756
0.003053
-0.040200
-0.085227
-0.130101
-0.164591
-0.192760
-0.210841
-0.238747
-0.270074
-0.301284
-0.332387
-0.356345
-0.339637
-0.341669
-0.358022
-0.402913
-0.440569
-0.472468
-0.504234
-0.535928
-0.567549
-0.612287
-0.651606
-0.683278
-0.714800
-0.746237
-0.777561
-0.808719
-0.839777
-0.870687
-0.901411
-0.932018
-0.962430
-0.992636
-1.022702
-1.052511
-1.082091
-1.111502
-1.140576
-1.169393
-1.198006
-1.226173
-1.254055
-1.281685
-1.308727
-1.335451
-1.361827
-1.387498
-1.412782
-1.437578
-1.461543
-1.485028
-1.507835
-1.529669
-1.550908
-1.571216
-1.590398
-1.608851
-1.626049
-1.641976
-1.657025
-1.670433
-1.682459
-1.689713
-1.665050
-1.658227
-1.664155
-1.667821
-1.670220
-1.671448
-1.670246
-1.667899
-1.664233
-1.658355
-1.651392
-1.643047
-1.632806
-1.621584
-1.609001
-1.594878
-1.579900
-1.563648
-1.546196
-1.528019
-1.508693
-1.488459
-1.467622
-1.445773
-1.423253
-1.400237
-1.376342
-1.351958
-1.327168
-1.301621
-1.275722
-1.249472
-1.222608
-1.195474
-1.168022
-1.140103
-1.111961
-1.083530
-1.054744
-1.025772
-0.996541
-0.967037
-0.937378
-0.907486
-0.877385
-0.847155
-0.816713
-0.786112
-0.755400
-0.724499
-0.693475
-0.662357
-0.631067
-0.599683
-0.568219
-0.536599
-0.504908
-0.473142
-0.441246
-0.403865
-0.358974
-0.313855
-0.268624
-0.223245
-0.177690
-0.136375
-0.105045
-0.073614
-0.042122
-0.010536
0.021133
0.052856
0.084669
0.116550
0.148478
0.180493
0.212563
0.244676
0.276871
0.309110
0.341388
0.373744
0.406135
0.438566
0.481838
0.521175
0.553550
0.585985
0.618452
0.650963
0.683524
0.716115
0.748749
0.781425
0.814129
0.846874
0.879656
0.912462
0.945310
0.978188
1.011087
1.044029
1.033984
0.991561
0.958517
0.925496
0.892496
0.859540
0.826607
0.793700
0.770565
0.744334
0.711700
0.669743
0.647561
0.670042
0.693249
0.716878
0.741158
0.741550
0.740085
0.765890
0.796951
0.824871
0.817849
0.831823
0.859734
0.893625
0.930921
0.970896
1.004727
1.038566
1.072415
1.106280
1.140153
1.174036
1.207932
1.241836
1.275749
1.309674
1.343606
1.377548
1.380936
1.367227
1.328102
1.313590
1.315309
1.345369
1.378141
1.407747
1.404180
1.421188
1.452594
1.486909
1.486909
1.495626
1.457534
1.431099
1.429687
1.428633
1.427785
1.393253
1.357073
1.320893
1.284713
1.248533
1.212353
1.176104
1.139618
1.103464
1.067591
1.094479
1.131412
1.167576
1.203300
1.238575
1.274587
1.306135
1.307010
1.308147
1.309605
1.311508
1.310322
1.274214
1.239195
1.205795
1.170481
1.134553
1.101916
1.068086
1.032097
0.996112
0.960130
0.928364
0.896888
0.865975
0.857966
0.863593
0.869826
0.865118
0.829549
0.790221
0.748172
0.738640
0.740686
0.771388
0.764179
0.723824
0.687226
0.651286
0.615354
0.579427
0.543505
0.511499
0.480561
0.450464
0.417918
0.382258
0.351705
0.322865
0.295035
0.264278
0.229013
0.193778
0.160382
0.187799
0.190933
0.148356
0.110463
0.074932
0.046822
0.016651
-0.018629
-0.053881
-0.089116
-0.124305
-0.159477
-0.194609
-0.229709
-0.264784
-0.291145
-0.318367
-0.353039
-0.387666
-0.422250
-0.446974
-0.471644
-0.505682
-0.539656
-0.573560
-0.607347
-0.639474
-0.658892
-0.684154
-0.717116
-0.749912
-0.782635
-0.815130
-0.840873
-0.855822
-0.825558
-0.776785
-0.758075
-0.756008
-0.786507
-0.816749
-0.846855
-0.876540
-0.906076
-0.935277
-0.964159
-0.992838
-0.999096
-1.009031
-1.035733
-1.062026
-1.088000
-1.089698
-1.082971
-1.055501
-1.039029
-1.032875
-1.049325
-1.070118
-1.090002
-1.109346
-1.128079
-1.145840
-1.159752
-1.143078
-1.139435
-1.153585
-1.166663
-1.179277
-1.190458
-1.187821
-1.162259
-1.129979
-1.095646
-1.138469
-1.169144
-1.175091
-1.156638
-1.124885
-1.091264
-1.077558
-1.114529
-1.128803
-1.127981
-1.125654
-1.122809
-1.118725
-1.113754
-1.108071
-1.138352
-1.172410
-1.199984
-1.208704
-1.199112
-1.159956
-1.119283
-1.107116
-1.094300
-1.080727
-1.040573
-0.995946
-0.980362
-0.964292
-0.947532
-0.907031
-0.861820
-0.893149
-0.924344
-0.955307
-0.972124
-0.982347
-0.961110
-0.939577
-0.917414
-0.894700
-0.871675
-0.821885
-0.778297
-0.754380
-0.730047
-0.705427
-0.656667
-0.611391
-0.586102
-0.560496
-0.534625
-0.508286
-0.486044
-0.482715
-0.467120
-0.439189
-0.410910
-0.382498
-0.353740
-0.324814
-0.295685
-0.266287
-0.238527
-0.228682
-0.210448
-0.179901
-0.149159
-0.118333
-0.087264
-0.062426
-0.048732
-0.022722
0.009180
0.041275
0.073427
0.105705
0.128325
0.145265
0.177353
0.214265
0.262212
0.301386
0.334286
0.324408
0.317315
0.336994
0.364197
0.397899
0.421046
0.442604
0.465186
0.493575
0.528012
0.562504
0.595730
0.620032
0.648994
0.683813
0.718670
0.752828
0.778653
0.808165
0.843289
0.878440
0.913603
0.948800
0.984009
1.019240
1.054493
1.089756
1.125049
1.160352
1.195675
1.231016
1.266366
1.301742
1.337126
1.372528
1.403900
1.432284
1.467066
1.501302
1.530573
1.541353
1.535582
1.530266
1.525122
1.520430
1.516000
1.511853
1.536927
1.565228
1.562223
1.559454
1.556993
1.554942
1.553064
1.551694
1.564566
1.599925
1.635676
1.670759
1.671025
1.671473
1.672271
1.673419
1.674748
1.676596
1.667986
1.634289
1.623035
1.625996
1.592686
1.557541
1.525108
1.533679
1.573745
1.582500
1.578981
1.543133
1.507290
1.471452
1.440138
1.408041
1.366831
1.328174
1.292371
1.256577
1.220788
1.185010
1.151727
1.121812
1.092507
1.063019
1.027501
0.994799
0.966710
0.939256
0.911840
0.868373
0.827628
0.792353
0.762700
0.736073
0.744181
0.763548
0.808185
0.804917
0.770176
0.735484
0.700811
0.666182
0.631586
0.597017
0.613938
0.624990
0.580428
0.540795
0.505894
0.479473
0.454984
0.431497
0.403003
0.368714
0.334488
0.299118
0.253189
0.217143
0.194921
0.164096
0.130169
0.096342
0.057779
0.011164
-0.026702
-0.060600
-0.094385
-0.123648
-0.143461
-0.120010
-0.072370
-0.102067
-0.135011
-0.167837
-0.200559
-0.233210
-0.219967
-0.217346
-0.264926
-0.312350
-0.359646
-0.382442
-0.395138
-0.379808
-0.388448
-0.420918
-0.466467
-0.505820
-0.487978
-0.499824
-0.547257
-0.583808
-0.617140
-0.650304
-0.683385
-0.716347
-0.749148
-0.781877
-0.814372
-0.846770
-0.878995
-0.911017
-0.942943
-0.974539
-1.006018
-1.037244
-1.068211
-1.099026
-1.147916
-1.192599
-1.223232
-1.253555
-1.283660
-1.313223
-1.342578
-1.371402
-1.399807
-1.427854
-1.455140
-1.482121
-1.508264
-1.533832
-1.558810
-1.582706
-1.606153
-1.628269
-1.649608
-1.669983
-1.688847
-1.707064
-1.723235
-1.738416
-1.752106
-1.763840
-1.774699
-1.782710
-1.789619
-1.794503
-1.797213
-1.798854
-1.797251
-1.794617
-1.789733
-1.782897
-1.774885
-1.764095
-1.752425
-1.738735
-1.723612
-1.707441
-1.689276
-1.670458
-1.650084
-1.628785
-1.606669
-1.583257
-1.559392
-1.534415
-1.508873
-1.482731
-1.436556
-1.388307
-1.361266
-1.333862
-1.305990
-1.277561
-1.248905
-1.219644
-1.190157
-1.160317
-1.130112
-1.099744
-1.068929
-1.037973
-1.006747
-0.975276
-0.943681
-0.911762
-0.874776
-0.825839
-0.776768
-0.727614
-0.678286
-0.633422
-0.601933
-0.570287
-0.538521
-0.506530
-0.474463
-0.442209
-0.409842
-0.377373
-0.344735
-0.312037
-0.279183
-0.246248
-0.213223
-0.180073
-0.145288
-0.097648
-0.077951
-0.095511
-0.124190
-0.156635
-0.188902
-0.221091
-0.253154
-0.285063
-0.316901
-0.348507
-0.358920
-0.327314
-0.295553
-0.263710
-0.231654
-0.199532
-0.167265
-0.134883
-0.102425
-0.069803
-0.037128
-0.004327
0.028561
0.061517
0.094600
0.127728
0.160965
0.194267
0.227632
0.194086
0.157038
0.177897
0.204899
0.238929
0.273031
0.307161
0.341369
0.375611
0.409900
0.444246
0.478024
0.501794
0.525991
0.550903
0.582752
0.617703
0.652701
0.687713
0.722755
0.729669
0.721056
0.747117
0.776781
0.812196
0.847628
0.883072
0.918539
0.952459
0.981285
1.013861
1.049492
1.085139
1.121975
1.163982
1.202749
1.238330
1.268882
1.298453
1.328688
1.326410
1.285613
1.273030
1.265309
1.225467
1.215470
1.248229
1.283398
1.319464
1.355534
1.390679
1.424215
1.424215
1.713808
1.675160
1.650911
1.646261
1.613406
1.575549
1.537942
1.547532
1.578335
1.612165
1.607805
1.571042
1.537073
1.502219
1.465804
1.484772
1.508749
1.507144
1.483477
1.448404
1.413734
1.413643
1.447382
1.418436
1.396838
1.397546
1.370795
1.336402
1.303158
1.291379
1.292614
1.294311
1.312161
1.348230
1.324173
1.291258
1.254709
1.220133
1.186705
1.155602
1.122893
1.089056
1.055222
1.022882
0.992486
0.959195
0.925427
0.891663
0.857904
0.824689
0.795153
0.766009
0.737181
0.698913
0.662344
0.628693
0.599245
0.569475
0.535938
0.502412
0.468893
0.435389
0.401894
0.368407
0.340786
0.311330
0.278002
0.244695
0.211398
0.178123
0.144867
0.111622
0.078407
0.045207
0.012024
-0.021127
-0.051621
-0.076673
-0.107615
-0.140497
-0.173338
-0.206146
-0.239125
-0.280686
-0.314353
-0.338189
-0.369640
-0.399198
-0.421390
-0.396809
-0.364132
-0.396137
-0.428085
-0.459988
-0.479416
-0.503627
-0.534974
-0.554516
-0.571261
-0.586742
-0.601021
-0.614545
-0.626429
-0.637318
-0.647315
-0.655471
-0.652824
-0.632281
-0.632098
-0.631054
-0.608822
-0.617193
-0.642389
-0.667158
-0.679746
-0.679746
-0.701013
-0.724056
-0.746725
-0.748871
-0.749290
-0.770184
-0.790660
-0.810844
-0.830326
-0.849457
-0.868170
-0.860405
-0.857493
-0.874040
-0.889938
-0.905452
-0.920171
-0.934329
-0.948070
-0.960794
-0.973067
-0.984726
-0.967994
-0.954342
-0.963433
-0.971736
-0.979553
-0.986333
-0.992470
-0.998055
-1.002468
-1.006359
-1.009491
-1.011614
-1.021097
-1.055701
-1.067186
-1.069113
-1.101027
-1.098235
-1.061113
-1.054177
-1.060863
-1.088410
-1.089014
-1.091135
-1.131722
-1.162847
-1.188085
-1.211287
-1.243435
-1.285784
-1.319455
-1.352019
-1.384490
-1.416848
-1.447180
-1.467188
-1.493783
-1.525055
-1.556017
-1.579896
-1.594452
-1.605658
-1.615139
-1.621624
-1.607850
-1.585341
-1.561839
-1.537787
-1.513283
-1.487918
-1.462220
-1.436049
-1.425562
-1.408735
-1.361436
-1.332255
-1.311488
-1.284217
-1.256677
-1.228881
-1.200644
-1.172224
-1.143534
-1.100613
-1.059618
-1.040923
-1.027621
-1.017340
-1.004808
-0.983919
-0.953908
-0.909551
-0.868794
-0.838754
-0.808537
-0.778223
-0.747730
-0.717117
-0.686680
-0.669367
-0.645817
-0.614412
-0.582886
-0.551304
-0.519631
-0.487873
-0.456065
-0.424163
-0.392202
-0.360197
-0.328098
-0.295962
-0.263773
-0.231515
-0.199223
-0.166874
-0.127432
-0.085681
-0.053412
-0.021105
0.011236
0.043641
0.076073
0.108545
0.141065
0.173610
0.206199
0.238822
0.271467
0.304160
0.341419
0.383450
0.416892
0.449528
0.482195
0.514898
0.547619
0.580376
0.613158
0.645957
0.678794
0.711648
0.744523
0.777429
0.810349
0.843293
0.876261
0.909242
0.942249
0.975273
1.008310
1.049328
1.087009
1.119985
1.152984
1.185996
1.219028
1.246880
1.273249
1.306437
1.339638
1.372848
1.335659
1.321117
1.347989
1.375384
1.388902
1.355409
1.321924
1.288013
1.248882
1.212551
1.179018
1.140568
1.125197
1.154025
1.186589
1.212915
1.208701
1.225660
1.255887
1.289691
1.290612
1.253622
1.247081
1.244534
1.242323
1.240472
1.238829
1.237599
1.256425
1.289662
1.323634
1.357605
1.391577
1.425350
1.459154
1.493129
1.479739
1.450231
1.450929
1.470431
1.505540
1.473669
1.439259
1.404134
1.369960
1.336290
1.303541
1.293662
1.292438
1.260730
1.227910
1.194025
1.162740
1.130659
1.096822
1.062987
1.029155
0.995326
0.961500
0.927676
0.893857
0.861751
0.831537
0.798144
0.765778
0.736320
0.703727
0.670067
0.636416
0.602772
0.569133
0.535506
0.504208
0.475876
0.477087
0.492700
0.532488
0.520353
0.488017
0.461942
0.436366
0.411186
0.451278
0.479541
0.488507
0.463005
0.430350
0.397731
0.365146
0.332582
0.300068
0.273031
0.251013
0.219372
0.191432
0.170776
0.176058
0.178712
0.147120
0.115589
0.084100
0.052707
0.021366
-0.009918
-0.041097
-0.067472
-0.084257
-0.111510
-0.142100
-0.172566
-0.202936
-0.233238
-0.263374
-0.293427
-0.323381
-0.353166
-0.382863
-0.412415
-0.441807
-0.471102
-0.500194
-0.529141
-0.557977
-0.586542
-0.614982
-0.643250
-0.687359
-0.724349
-0.732757
-0.767941
-0.813198
-0.840576
-0.867737
-0.894708
-0.921255
-0.947602
-0.973650
-0.999281
-1.024681
-1.049644
-1.074207
-1.098506
-1.122187
-1.145507
-1.168462
-1.190691
-1.212563
-1.233874
-1.254471
-1.274660
-1.294036
-1.312743
-1.330986
-1.348102
-1.364635
-1.380489
-1.395148
-1.409207
-1.422271
-1.434216
-1.445501
-1.455426
-1.464373
-1.472605
-1.479088
-1.484799
-1.489471
-1.492570
-1.494877
-1.495820
-1.495449
-1.494280
-1.491460
-1.487633
-1.482960
-1.476537
-1.482133
-1.506562
-1.476422
-1.441213
-1.429677
-1.417131
-1.403945
-1.389441
-1.374251
-1.358397
-1.314162
-1.278049
-1.260460
-1.242030
-1.223156
-1.203481
-1.183221
-1.162570
-1.141096
-1.119244
-1.096970
-1.074032
-1.050798
-1.027099
-1.002929
-0.978500
-0.953584
-0.928349
-0.902885
-0.876929
-0.850770
-0.824352
-0.797565
-0.770606
-0.743364
-0.715861
-0.688206
-0.660255
-0.632128
-0.603860
-0.557194
-0.517614
-0.489204
-0.460570
-0.436123
-0.424471
-0.400788
-0.371216
-0.341457
-0.311596
-0.281642
-0.236586
-0.196468
-0.166491
-0.136378
-0.106194
-0.075883
-0.035804
0.008056
0.023834
0.046498
0.076515
0.120960
0.166922
0.212962
0.259083
0.302323
0.332099
0.361964
0.391512
0.406131
0.421261
0.437020
0.465899
0.492695
0.509901
0.537194
0.566635
0.585199
0.611150
0.642776
0.674478
0.706211
0.737987
0.769822
0.798746
0.819338
0.847823
0.879977
0.912181
0.944414
0.976672
1.008978
1.041306
1.073665
1.098134
1.106158
1.064037
1.043303
1.036585
1.060923
1.085634
1.110729
1.143189
1.176315
1.209458
1.242618
1.275788
1.308976
1.342178
1.375389
1.408620
1.441860
1.475111
1.502538
1.531247
1.564622
1.593617
1.621924
1.655406
1.655406
1.571658
1.533849
1.496041
1.458897
1.422296
1.386053
1.356655
1.359119
1.399467
1.408434
1.381937
1.342751
1.306109
1.271595
1.237438
1.199811
1.165623
1.183510
1.184545
1.147019
1.110420
1.077828
1.040378
1.002935
0.965500
0.928073
0.892704
0.859978
0.822645
0.785324
0.748013
0.710713
0.670189
0.631213
0.598882
0.561628
0.524389
0.487164
0.449952
0.412755
0.378241
0.346887
0.309837
0.272809
0.235800
0.198811
0.161843
0.124897
0.087973
0.051072
0.014198
-0.022649
-0.059470
-0.091260
-0.122280
-0.158863
-0.195411
-0.231918
-0.268385
-0.304811
-0.341196
-0.377537
-0.411367
-0.437017
-0.473001
-0.508921
-0.544780
-0.580574
-0.616301
-0.651956
-0.687536
-0.723028
-0.746056
-0.777415
-0.803795
-0.829358
-0.859888
-0.878662
-0.912395
-0.929730
-0.944015
-0.938692
-0.947945
-0.995260
-1.025747
-1.036420
-1.065534
-1.079468
-1.086317
-1.101728
-1.124336
-1.129340
-1.156846
-1.159236
-1.178620
-1.187602
-1.195807
-1.219852
-1.240754
-1.233038
-1.223357
-1.211928
-1.218207
-1.236909
-1.254910
-1.269061
-1.251148
-1.263778
-1.278149
-1.291702
-1.304417
-1.306722
-1.284832
-1.294540
-1.303242
-1.311028
-1.317881
-1.307489
-1.284963
-1.288834
-1.291690
-1.258046
-1.250238
-1.250120
-1.232448
-1.203118
-1.200308
-1.196545
-1.191783
-1.186146
-1.156932
-1.129129
-1.121143
-1.112343
-1.102695
-1.092154
-1.080846
-1.068785
-1.071906
-1.083373
-1.068799
-1.053487
-1.037398
-1.020652
-1.003267
-0.985259
-0.966648
-0.947449
-0.927656
-0.907233
-0.910991
-0.881440
-0.838845
-0.810635
-0.788703
-0.766285
-0.743347
-0.719977
-0.696189
-0.671997
-0.647413
-0.622450
-0.597109
-0.571359
-0.523215
-0.504576
-0.492128
-0.465094
-0.437764
-0.410142
-0.406794
-0.382970
-0.338335
-0.296828
-0.267884
-0.238710
-0.209310
-0.179657
-0.149799
-0.104760
-0.062957
-0.040026
-0.028440
0.002353
0.054896
0.071874
0.109802
0.151829
0.176375
0.193977
0.246263
0.278106
0.310040
0.342102
0.374290
0.389221
0.375449
0.389372
0.422367
0.455466
0.476739
0.501403
0.535004
0.568693
0.602468
0.636342
0.627664
0.634737
0.661286
0.695750
0.730282
0.764880
0.799553
0.847077
0.876314
0.903939
0.933844
0.948143
0.934380
0.921003
0.938477
0.961626
0.966477
0.954732
0.950356
0.976143
1.023246
1.039403
1.050911
1.069346
1.080788
1.069762
1.060322
1.086479
1.081414
1.097718
1.130094
1.163604
1.184190
1.174440
1.129551
1.117332
1.136454
1.146574
1.140098
1.141905
1.173782
1.211198
1.244038
1.276636
1.309664
1.343113
1.368752
1.365332
1.362292
1.328505
1.288854
1.248654
1.238219
1.274534
1.312232
1.348591
1.351576
1.378357
1.415905
1.423694
1.394479
1.397151
1.435562
1.473432
1.484236
1.463995
1.442944
1.435907
1.400383
1.365281
1.330600
1.351976
1.391101
1.430281
1.462659
1.463610
1.426047
1.392717
1.360177
1.324850
1.287412
1.249982
1.213033
1.181352
1.144479
1.107145
1.073546
1.074066
1.097371
1.060200
1.023044
0.985901
0.954424
0.915937
0.874556
0.837469
0.800398
0.763342
0.733669
0.705077
0.671650
0.631113
0.590300
0.561395
0.524693
0.496937
0.498396
0.508698
0.519394
0.540299
0.578791
0.542791
0.506836
0.480381
0.449362
0.419470
0.393270
0.359442
0.337922
0.317267
0.274099
0.224736
0.191385
0.167538
0.121965
0.100407
0.065964
0.042553
0.065867
0.115715
0.141102
0.106678
0.072342
0.038107
0.003963
-0.030085
-0.064036
-0.097885
-0.131628
-0.165258
-0.198756
-0.232134
-0.265388
-0.298513
-0.331504
-0.364357
-0.397060
-0.429587
-0.461955
-0.494157
-0.526187
-0.558039
-0.589703
-0.621168
-0.652393
-0.649866
-0.659354
-0.694943
-0.740717
-0.772773
-0.804624
-0.856562
-0.892032
-0.909562
-0.918667
-0.933861
-0.967427
-1.020495
-1.073532
-1.107435
-1.136998
-1.166218
-1.195079
-1.223560
-1.251641
-1.279213
-1.306330
-1.332969
-1.359102
-1.384704
-1.409746
-1.434198
-1.457898
-1.480927
-1.503250
-1.524832
-1.545635
-1.565623
-1.584754
-1.602810
-1.619900
-1.635993
-1.651047
-1.665023
-1.677881
-1.689582
-1.699865
-1.708884
-1.716630
-1.723077
-1.728202
-1.731985
-1.734412
-1.735234
-1.734651
-1.732701
-1.729390
-1.724731
-1.718742
-1.711442
-1.702649
-1.692574
-1.681291
-1.668836
-1.655246
-1.640561
-1.624819
-1.607910
-1.590007
-1.571191
-1.551502
-1.530979
-1.509662
-1.487587
-1.464691
-1.441093
-1.416860
-1.392024
-1.366614
-1.340661
-1.314192
-1.287167
-1.259663
-1.231729
-1.203387
-1.174657
-1.145559
-1.116111
-1.086288
-1.056138
-1.025694
-0.994972
-0.963985
-0.932745
-0.901265
-0.869528
-0.837562
-0.790967
-0.750053
-0.717872
-0.685504
-0.652959
-0.620222
-0.587313
-0.540798
-0.499776
-0.466737
-0.433555
-0.400236
-0.366772
-0.317408
-0.315095
-0.340338
-0.373144
-0.390123
-0.357407
-0.324531
-0.291504
-0.244797
-0.203976
-0.170841
-0.137582
-0.104203
-0.070698
-0.037072
-0.003341
0.030493
0.064426
0.098453
0.132573
0.166791
0.154972
0.125101
0.090724
0.049669
0.017445
0.038126
0.072901
0.107758
0.142688
0.177688
0.212755
0.251591
0.293894
0.273560
0.286324
0.316402
0.351057
0.385782
0.420577
0.455438
0.490369
0.525370
0.560431
0.565770
0.552136
0.548735
0.571524
0.595040
0.630265
0.666203
0.702181
0.705889
0.669907
0.633964
0.598063
0.562210
0.516941
0.513986
0.522383
0.522080
0.548103
0.574799
0.610992
0.647629
0.684291
0.716909
0.749996
0.794420
0.831176
0.824204
0.845445
0.879431
0.920125
0.962640
0.999590
1.036558
1.030199
1.052703
1.087233
1.124411
1.161602
1.198804
1.236017
1.266981
1.303055
1.340369
1.377693
1.401509
1.390219
1.347337
1.341559
1.367443
1.376169
1.390371
1.425399
1.463046
1.500696
1.535088
1.569812
1.557000
1.518027
1.502433
1.526044
1.486507
1.522468
1.527915
1.527199
1.526808
1.526742
1.526742
1.637341
1.604118
1.571023
1.538278
1.505406
1.472422
1.439438
1.406507
1.374285
1.364409
1.398630
1.392304
1.359352
1.325278
1.291395
1.259732
1.227547
1.194598
1.162920
1.131861
1.099057
1.066662
1.036258
1.004684
0.971817
0.941302
0.911579
0.878776
0.845975
0.813179
0.780386
0.747597
0.714814
0.682352
0.653669
0.623604
0.590917
0.558237
0.525562
0.492898
0.460987
0.433430
0.403813
0.371284
0.338768
0.306258
0.273768
0.241284
0.208817
0.176361
0.143918
0.111494
0.079197
0.053502
0.025951
-0.006251
-0.038432
-0.070595
-0.102723
-0.134126
-0.158000
-0.184687
-0.216502
-0.248277
-0.280029
-0.303068
-0.326485
-0.357826
-0.389126
-0.420372
-0.451547
-0.482690
-0.502415
-0.524191
-0.554747
-0.585227
-0.615629
-0.635375
-0.652109
-0.681724
-0.706660
-0.720375
-0.717096
-0.700547
-0.683309
-0.670253
-0.697871
-0.725361
-0.752627
-0.791631
-0.837510
-0.848897
-0.859424
-0.885426
-0.901859
-0.905732
-0.923889
-0.948176
-0.971856
-0.989652
-0.988281
-0.998391
-1.019913
-1.040796
-1.061455
-1.081244
-1.092344
-1.083483
-1.089423
-1.106501
-1.122635
-1.135313
-1.120113
-1.103933
-1.086104
-1.086774
-1.097866
-1.136454
-1.172174
-1.180919
-1.174706
-1.149569
-1.146089
-1.151511
-1.155446
-1.158968
-1.161317
-1.162868
-1.163653
-1.188843
-1.219447
-1.216980
-1.214007
-1.209916
-1.204902
-1.199217
-1.192216
-1.184805
-1.176061
-1.166764
-1.156571
-1.145478
-1.133898
-1.121109
-1.107980
-1.093830
-1.079147
-1.063817
-1.047690
-1.031249
-0.986346
-0.947946
-0.930111
-0.911805
-0.893064
-0.873657
-0.854027
-0.833649
-0.813034
-0.791918
-0.770397
-0.748594
-0.705571
-0.667686
-0.691837
-0.715778
-0.739388
-0.746704
-0.745538
-0.742225
-0.730483
-0.684053
-0.647170
-0.621519
-0.595566
-0.569500
-0.523380
-0.483883
-0.463461
-0.450710
-0.444804
-0.422368
-0.395671
-0.368670
-0.341569
-0.314266
-0.297290
-0.287268
-0.261485
-0.235339
-0.222992
-0.203970
-0.174913
-0.145730
-0.116484
-0.100543
-0.082544
-0.052641
-0.022673
0.007371
0.028057
0.045420
0.075994
0.103444
0.122460
0.147929
0.178952
0.201560
0.222908
0.254309
0.285732
0.317199
0.348703
0.380231
0.411811
0.443405
0.475047
0.510532
0.551585
0.558576
0.549216
0.570505
0.595499
0.627445
0.659409
0.691393
0.723404
0.755425
0.787479
0.821739
0.861689
0.897287
0.929272
0.955098
0.980144
1.012319
1.044504
1.076705
1.108923
1.141150
1.173398
1.204674
1.230429
1.242922
1.236907
1.231238
1.225730
1.220710
1.215827
1.211346
1.223067
1.251888
1.256433
1.253058
1.250190
1.237980
1.202710
1.204306
1.235397
1.268018
1.300854
1.332538
1.364683
1.397655
1.409563
1.408814
1.437931
1.470708
1.503696
1.536683
1.569671
1.557060
1.524315
1.492050
1.467445
1.468675
1.453832
1.422625
1.391845
1.361130
1.328241
1.296206
1.266189
1.255030
1.258415
1.289453
1.325696
1.358432
1.391171
1.423916
1.454339
1.483421
1.489609
1.487153
1.454402
1.421654
1.388910
1.356171
1.323434
1.294984
1.265638
1.232987
1.200342
1.167702
1.135071
1.102260
1.064940
1.029040
0.996357
0.963680
0.931007
0.902506
0.874270
0.841708
0.811297
0.784466
0.778924
0.785220
0.756386
0.724079
0.691793
0.659519
0.627259
0.595019
0.562788
0.530585
0.498391
0.466221
0.430375
0.391046
0.362975
0.338115
0.314218
0.300640
0.309469
0.294707
0.263043
0.231429
0.201012
0.179561
0.150376
0.108803
0.073854
0.042445
0.021020
-0.001471
-0.032472
-0.063429
-0.094332
-0.125161
-0.155960
-0.174175
-0.198652
-0.241843
-0.278369
-0.308805
-0.339130
-0.369417
-0.399561
-0.429651
-0.459630
-0.489504
-0.519305
-0.535467
-0.553113
-0.596571
-0.634826
-0.665060
-0.703986
-0.747377
-0.778610
-0.811441
-0.854753
-0.892072
-0.922425
-0.952625
-0.982768
-1.012678
-1.042518
-1.072165
-1.101654
-1.131005
-1.160090
-1.189082
-1.217721
-1.240185
-1.250299
-1.270494
-1.297392
-1.317359
-1.339888
-1.385557
-1.416062
-1.424048
-1.443933
-1.469687
-1.494628
-1.519310
-1.543190
-1.566520
-1.589232
-1.610942
-1.632288
-1.652070
-1.671356
-1.689323
-1.706165
-1.722050
-1.736029
-1.749356
-1.760243
-1.770138
-1.778130
-1.784230
-1.789117
-1.791162
-1.792333
-1.790687
-1.787708
-1.782820
-1.775826
-1.767834
-1.757104
-1.745655
-1.732130
-1.717471
-1.701585
-1.684143
-1.666149
-1.646367
-1.626141
-1.604785
-1.582685
-1.559972
-1.536306
-1.512340
-1.487454
-1.462262
-1.436508
-1.410291
-1.383788
-1.356710
-1.329471
-1.301755
-1.273832
-1.245624
-1.217119
-1.188480
-1.144246
-1.102885
-1.074156
-1.045262
-1.016196
-0.986903
-0.957860
-0.941923
-0.921787
-0.891434
-0.860977
-0.830436
-0.789556
-0.749262
-0.735920
-0.716558
-0.686509
-0.656344
-0.626110
-0.584042
-0.542737
-0.512551
-0.476641
-0.433126
-0.398927
-0.368783
-0.338493
-0.308165
-0.277729
-0.240935
-0.197744
-0.200315
-0.215348
-0.185423
-0.155453
-0.125379
-0.102461
-0.084994
-0.056540
-0.025901
0.004835
0.035610
0.066448
0.104773
0.147371
0.135103
0.125306
0.155723
0.186187
0.216712
0.247310
0.277937
0.237230
0.209526
0.229212
0.249494
0.270356
0.299434
0.331320
0.372765
0.414297
0.456022
0.479990
0.490916
0.518830
0.549896
0.581027
0.612183
0.643382
0.668066
0.689176
0.653390
0.623674
0.646275
0.669297
0.692841
0.728262
0.768424
0.808886
0.833658
0.811154
0.821577
0.862821
0.896420
0.927913
0.959454
0.988091
1.010507
0.996058
0.955519
0.969810
0.985933
0.946183
0.906558
0.867130
0.870277
0.895884
0.922225
0.950894
0.989269
1.024926
1.057345
1.089778
1.122216
1.154671
1.185708
1.212672
1.242584
1.275157
1.303900
1.331939
1.364609
1.397284
1.429964
1.421238
1.384280
1.404186
1.429041
1.425808
1.435810
1.465965
1.496494
1.527213
1.559992
1.579533
1.544906
1.541181
1.572942
1.572942
1.741346
1.707744
1.670573
1.631709
1.593042
1.564459
1.536207
1.506276
1.472698
1.433498
1.417094
1.411945
1.407052
1.402540
1.398288
1.394296
1.390280
1.356425
1.320255
1.283090
1.246176
1.212256
1.176490
1.163515
1.195218
1.229197
1.238771
1.225207
1.190310
1.189273
1.211788
1.221525
1.187482
1.153234
1.165968
1.176310
1.142911
1.109943
1.076253
1.042236
1.008255
0.975785
0.942262
0.908997
0.876991
0.843026
0.809063
0.776035
0.744596
0.710674
0.676754
0.642836
0.608921
0.575010
0.543393
0.537663
0.572946
0.539141
0.505342
0.471547
0.437912
0.408611
0.376218
0.342518
0.308824
0.275142
0.241467
0.207801
0.174143
0.140497
0.106861
0.073235
0.039618
0.006015
-0.027576
-0.061156
-0.094725
-0.128277
-0.161815
-0.195341
-0.228554
-0.255567
-0.287096
-0.320425
-0.353734
-0.387015
-0.414734
-0.439836
-0.464700
-0.497516
-0.530292
-0.563030
-0.596227
-0.638271
-0.666713
-0.689373
-0.711807
-0.743970
-0.767425
-0.786965
-0.806330
-0.837548
-0.858164
-0.874111
-0.888948
-0.902172
-0.914104
-0.932334
-0.959721
-0.968591
-0.976057
-0.982225
-0.988555
-1.014329
-1.039776
-1.055402
-1.057972
-1.081775
-1.123444
-1.151334
-1.150778
-1.172790
-1.194303
-1.215345
-1.233886
-1.225590
-1.188505
-1.152526
-1.133799
-1.124995
-1.136239
-1.166141
-1.208374
-1.195612
-1.204005
-1.206557
-1.192620
-1.205958
-1.218549
-1.217082
-1.198527
-1.208414
-1.192756
-1.167813
-1.144564
-1.150702
-1.156023
-1.160610
-1.164458
-1.167285
-1.169263
-1.170487
-1.170954
-1.170387
-1.143312
-1.121562
-1.118729
-1.114910
-1.084812
-1.045992
-1.007280
-0.973772
-0.940241
-0.918377
-0.915215
-0.941244
-0.941144
-0.946512
-0.969822
-0.991746
-1.012428
-1.031987
-1.047340
-1.033372
-1.018756
-1.003592
-0.987888
-0.971484
-0.954506
-0.937042
-0.919104
-0.900553
-0.881498
-0.862020
-0.842128
-0.821704
-0.800842
-0.779612
-0.758025
-0.735979
-0.713554
-0.690811
-0.667760
-0.644315
-0.620542
-0.606956
-0.603410
-0.578367
-0.553046
-0.517501
-0.474570
-0.470821
-0.449368
-0.422875
-0.398596
-0.392092
-0.353307
-0.314825
-0.287357
-0.259680
-0.231825
-0.195062
-0.150055
-0.122032
-0.078764
-0.031421
0.011170
0.020261
0.044733
0.073320
0.102024
0.130875
0.174064
0.207751
0.226095
0.244784
0.271217
0.299702
0.328295
0.357026
0.385877
0.414826
0.443873
0.473040
0.465010
0.447944
0.435220
0.448719
0.475543
0.505674
0.535878
0.566174
0.596552
0.634204
0.677765
0.708164
0.738641
0.769179
0.797704
0.813895
0.842038
0.873010
0.902056
0.919547
0.937665
0.956290
0.970701
0.958555
0.972848
0.993480
1.016174
1.048447
1.080755
1.092332
1.081947
1.071891
1.062157
1.068684
1.092344
1.116547
1.141266
1.166394
1.186696
1.179422
1.200004
1.226796
1.253965
1.281599
1.309677
1.321450
1.316503
1.311885
1.335624
1.331833
1.299810
1.296383
1.267632
1.232201
1.200920
1.198230
1.224213
1.256143
1.276907
1.241470
1.263254
1.296777
1.319073
1.284433
1.307202
1.341143
1.375218
1.409455
1.443526
1.477857
1.500591
1.467525
1.492138
1.527676
1.550989
1.517001
1.484808
1.470566
1.473143
1.476034
1.450547
1.418274
1.385106
1.355032
1.321787
1.287984
1.254984
1.225514
1.196487
1.165084
1.132411
1.104071
1.071250
1.040741
1.011950
0.978465
0.944992
0.911529
0.879347
0.852539
0.854837
0.840680
0.806035
0.765554
0.731263
0.701923
0.676245
0.651123
0.655028
0.646346
0.622663
0.599576
0.577155
0.555258
0.546765
0.590119
0.567983
0.535950
0.503956
0.472009
0.440116
0.408267
0.379050
0.359895
0.318809
0.281379
0.249789
0.218260
0.186802
0.155400
0.124056
0.092783
0.073894
0.049269
0.015360
-0.029865
-0.062460
-0.093269
-0.124002
-0.154640
-0.171505
-0.194822
-0.224899
-0.254860
-0.299123
-0.336316
-0.366218
-0.395992
-0.425613
-0.464540
-0.503382
-0.515595
-0.526523
-0.547128
-0.566916
-0.556723
-0.597373
-0.634206
-0.650044
-0.621109
-0.607263
-0.627986
-0.670520
-0.700178
-0.744824
-0.781756
-0.811315
-0.840702
-0.869875
-0.898879
-0.931978
-0.978903
-1.009485
-1.038096
-1.066501
-1.094660
-1.140130
-1.176414
-1.199386
-1.206355
-1.211245
-1.227851
-1.253227
-1.278192
-1.302626
-1.326641
-1.350220
-1.373280
-1.395665
-1.417520
-1.438824
-1.459473
-1.479269
-1.498399
-1.516838
-1.534461
-1.551023
-1.566762
-1.581653
-1.595551
-1.608163
-1.619794
-1.630419
-1.639881
-1.647855
-1.654714
-1.660440
-1.664880
-1.667696
-1.669325
-1.669761
-1.668866
-1.666323
-1.662604
-1.657718
-1.651553
-1.643834
-1.635030
-1.625162
-1.614146
-1.601756
-1.588425
-1.574179
-1.558959
-1.542583
-1.508085
-1.469061
-1.451022
-1.432047
-1.412442
-1.392230
-1.371380
-1.349771
-1.327657
-1.305053
-1.281940
-1.258218
-1.234091
-1.209575
-1.184652
-1.159242
-1.133508
-1.107463
-1.081093
-1.054333
-1.027313
-1.000043
-0.972514
-0.944669
-0.916614
-0.888357
-0.859891
-0.831168
-0.802275
-0.773217
-0.743989
-0.714550
-0.684972
-0.655259
-0.625406
-0.595378
-0.565236
-0.534981
-0.504611
-0.459576
-0.432429
-0.412502
-0.382426
-0.337112
-0.309612
-0.293134
-0.276283
-0.247295
-0.207175
-0.165672
-0.136116
-0.106411
-0.076605
-0.046703
-0.016701
0.013431
0.053544
0.094794
0.124943
0.155211
0.185558
0.215983
0.246486
0.277093
0.307770
0.338514
0.369328
0.400233
0.431199
0.462224
0.493310
0.537897
0.545270
0.541252
0.559304
0.590465
0.622012
0.657531
0.701854
0.721459
0.699891
0.675918
0.696091
0.717030
0.745303
0.777588
0.809906
0.842268
0.868069
0.893588
0.926162
0.949430
0.984938
1.021114
1.044530
1.068590
1.098471
1.131441
1.164429
1.197441
1.230470
1.260968
1.286153
1.319252
1.352438
1.385638
1.418850
1.452080
1.485323
1.518578
1.551844
1.578231
1.609238
1.642616
1.676003
1.669667
1.685778
1.685778
1.484578
1.446153
1.417487
1.415576
1.413957
1.412592
1.382744
1.348384
1.348107
1.348016
1.348294
1.348906
1.349738
1.319672
1.285109
1.251077
1.216247
1.180248
1.146035
1.112692
1.079993
1.046665
1.010774
0.976792
0.944924
0.910133
0.874325
0.838525
0.802728
0.766939
0.733852
0.703035
0.668278
0.632603
0.596941
0.561285
0.525640
0.490004
0.454375
0.424187
0.393855
0.358387
0.322930
0.287488
0.252063
0.216647
0.181258
0.145878
0.110520
0.075179
0.039854
0.004555
-0.030735
-0.065989
-0.098853
-0.125732
-0.157082
-0.192052
-0.226976
-0.261885
-0.296740
-0.331573
-0.366363
-0.401111
-0.435833
-0.470488
-0.505122
-0.539688
-0.574216
-0.608694
-0.635113
-0.657924
-0.691389
-0.722298
-0.742801
-0.762339
-0.780881
-0.797857
-0.814755
-0.846650
-0.873138
-0.886661
-0.898877
-0.910072
-0.919275
-0.929987
-0.958767
-0.978981
-0.984184
-1.003199
-1.030304
-1.034276
-1.035174
-1.033833
-1.031336
-1.027322
-1.041709
-1.063993
-1.056836
-1.055234
-1.075083
-1.094439
-1.113303
-1.106894
-1.093970
-1.110100
-1.125881
-1.140859
-1.155148
-1.168917
-1.181625
-1.193988
-1.205170
-1.215840
-1.225648
-1.234548
-1.242936
-1.249997
-1.256660
-1.262086
-1.266837
-1.270734
-1.273533
-1.275880
-1.276701
-1.268337
-1.231513
-1.230689
-1.264382
-1.241007
-1.202881
-1.197676
-1.192021
-1.185375
-1.177911
-1.169855
-1.160637
-1.154953
-1.178344
-1.188045
-1.175542
-1.162218
-1.148450
-1.103650
-1.058702
-1.025794
-1.000920
-0.985847
-0.970015
-0.953885
-0.936762
-0.919382
-0.901285
-0.882716
-0.863710
-0.867342
-0.875432
-0.854181
-0.841696
-0.847725
-0.836475
-0.813149
-0.789246
-0.765168
-0.740536
-0.715673
-0.690449
-0.664860
-0.639081
-0.612821
-0.581780
-0.530808
-0.491889
-0.467151
-0.441323
-0.415085
-0.388396
-0.361594
-0.334477
-0.307147
-0.279628
-0.251808
-0.227080
-0.249446
-0.261998
-0.254657
-0.234106
-0.204661
-0.174963
-0.145188
-0.115174
-0.085057
-0.054783
-0.024346
0.006173
0.036908
0.071447
0.121031
0.170655
0.220324
0.256033
0.286729
0.317629
0.348580
0.379672
0.410863
0.442139
0.434120
0.418922
0.433973
0.454842
0.487036
0.519314
0.551648
0.584098
0.616583
0.649177
0.688086
0.736143
0.773744
0.806324
0.839014
0.871734
0.904542
0.937400
0.970313
1.003301
1.036315
1.069425
1.106539
1.153985
1.167715
1.153470
1.139629
1.125920
1.112676
1.099610
1.086880
1.074471
1.062263
1.080765
1.098305
1.087343
1.076608
1.066188
1.079968
1.104893
1.097365
1.088322
1.079713
1.088523
1.115718
1.116870
1.110271
1.138972
1.169636
1.205145
1.240665
1.276192
1.248298
1.209999
1.204535
1.186490
1.145819
1.150190
1.181630
1.217002
1.246556
1.242854
1.239393
1.236256
1.208539
1.169970
1.166510
1.164610
1.163156
1.161991
1.161118
1.160689
1.161499
1.197858
1.223664
1.224522
1.246047
1.283510
1.291448
1.297038
1.335533
1.346749
1.310783
1.276808
1.243984
1.276368
1.303961
1.272370
1.272186
1.312726
1.328500
1.333796
1.305143
1.274058
1.238531
1.203013
1.167503
1.132008
1.096517
1.061045
1.027728
0.999292
0.966912
0.931599
0.896309
0.861026
0.825768
0.790520
0.755291
0.720082
0.684883
0.649714
0.614554
0.579422
0.544306
0.509210
0.480487
0.454346
0.419686
0.387307
0.362472
0.373515
0.418547
0.401562
0.367166
0.332835
0.298527
0.264268
0.230053
0.195869
0.172150
0.158290
0.204811
0.225761
0.205760
0.186623
0.167947
0.150530
0.130424
0.098080
0.058495
0.010181
-0.014757
-0.030637
-0.062274
-0.089497
-0.103282
-0.135613
-0.184891
-0.219897
-0.251091
-0.282064
-0.312955
-0.343676
-0.374239
-0.404691
-0.434897
-0.465023
-0.494880
-0.524608
-0.554135
-0.583427
-0.612600
-0.641419
-0.674462
-0.725029
-0.775577
-0.826103
-0.860655
-0.889291
-0.939846
-0.978465
-0.983668
-1.000513
-1.027618
-1.073763
-1.123093
-1.149652
-1.175982
-1.201854
-1.227275
-1.252396
-1.299968
-1.350958
-1.401945
-1.431003
-1.427495
-1.460305
-1.511029
-1.534788
-1.556473
-1.577155
-1.597183
-1.616478
-1.634653
-1.652422
-1.668549
-1.684187
-1.698524
-1.711821
-1.724234
-1.734989
-1.745187
-1.753380
-1.760797
-1.766725
-1.771225
-1.774813
-1.776308
-1.782350
-1.817137
-1.836032
-1.832191
-1.802682
-1.761020
-1.751018
-1.742363
-1.732002
-1.720656
-1.708243
-1.694391
-1.680027
-1.663900
-1.647307
-1.629528
-1.610916
-1.591620
-1.571193
-1.550405
-1.528462
-1.506116
-1.483027
-1.459295
-1.435168
-1.387246
-1.340224
-1.315128
-1.289696
-1.263803
-1.237409
-1.210789
-1.183537
-1.156121
-1.128235
-1.110566
-1.103551
-1.079457
-1.049864
-1.019851
-0.989723
-0.959318
-0.918096
-0.868326
-0.834424
-0.803839
-0.772959
-0.735372
-0.685881
-0.636311
-0.586696
-0.564121
-0.546020
-0.534626
-0.506847
-0.457297
-0.420748
-0.389860
-0.341039
-0.295829
-0.264857
-0.233767
-0.202559
-0.157514
-0.110267
-0.122433
-0.121739
-0.091077
-0.060283
-0.029388
0.001689
0.032824
0.064144
0.095535
0.127050
0.158681
0.190379
0.222233
0.256995
0.305754
0.347117
0.379006
0.411006
0.443051
0.475241
0.507468
0.539802
0.572203
0.604670
0.600121
0.586226
0.604584
0.627535
0.660743
0.702088
0.749408
0.741382
0.728791
0.761619
0.794489
0.827426
0.860431
0.893472
0.926604
0.959761
0.992996
0.990281
0.943172
0.944254
0.964571
0.998068
1.031825
1.065638
1.093279
1.115142
1.093165
1.058492
1.012624
0.966833
0.921204
0.895890
0.884953
0.874504
0.868391
0.893430
0.918831
0.944803
0.971364
0.998236
1.040216
1.081935
1.117049
1.152177
1.187322
1.222487
1.257661
1.223121
1.187955
1.152811
1.113454
1.070294
1.083458
1.111391
1.140092
1.171022
1.206532
1.242052
1.277579
1.313120
1.347923
1.377731
1.409858
1.445518
1.477825
1.508433
1.506321
1.501885
1.497872
1.494106
1.490623
1.490623
1.397306
1.360916
1.323432
1.284670
1.248069
1.211650
1.175233
1.137183
1.098990
1.061144
1.051718
1.051005
1.050724
1.050831
1.051197
1.052038
1.075576
1.108021
1.073539
1.039394
1.005541
0.969179
0.934290
0.901148
0.865092
0.828785
0.792481
0.759549
0.726054
0.689831
0.653615
0.617402
0.581198
0.545000
0.509556
0.478390
0.444223
0.408143
0.372078
0.336021
0.299972
0.270021
0.240544
0.211594
0.169927
0.129754
0.093910
0.058089
0.024551
-0.003702
0.022959
0.048965
0.013505
-0.027728
-0.071544
-0.114967
-0.148796
-0.176981
-0.212447
-0.247888
-0.283306
-0.318672
-0.354012
-0.389322
-0.415468
-0.444383
-0.479313
-0.504638
-0.534873
-0.581018
-0.618434
-0.650341
-0.672560
-0.702884
-0.736954
-0.770902
-0.796016
-0.815235
-0.832584
-0.857938
-0.890448
-0.905129
-0.918597
-0.930818
-0.977799
-1.013210
-1.023574
-1.031834
-1.038913
-1.044175
-1.047452
-1.055230
-1.081357
-1.088795
-1.091025
-1.115046
-1.121249
-1.115532
-1.107277
-1.097632
-1.086732
-1.104805
-1.108246
-1.093174
-1.075878
-1.082609
-1.130509
-1.178070
-1.205210
-1.183320
-1.186160
-1.196749
-1.206284
-1.214880
-1.217837
-1.188554
-1.179875
-1.184844
-1.188474
-1.210400
-1.249036
-1.214503
-1.178443
-1.141961
-1.137920
-1.150088
-1.184358
-1.217227
-1.238809
-1.233545
-1.227185
-1.220159
-1.212011
-1.202928
-1.193210
-1.182330
-1.170676
-1.156444
-1.109243
-1.079242
-1.065117
-1.049894
-1.034177
-1.017864
-1.000630
-0.982943
-0.964642
-0.920035
-0.878718
-0.859172
-0.839010
-0.824639
-0.832743
-0.820325
-0.794042
-0.742751
-0.724562
-0.727325
-0.702922
-0.691699
-0.692773
-0.667292
-0.641010
-0.614446
-0.587453
-0.560252
-0.532767
-0.504937
-0.476920
-0.448622
-0.420047
-0.386692
-0.335498
-0.284286
-0.235992
-0.207173
-0.178167
-0.149017
-0.119586
-0.090009
-0.060296
-0.050162
-0.031350
-0.000754
0.030049
0.060953
0.091996
0.123208
0.154513
0.185957
0.217539
0.249205
0.281011
0.312928
0.347148
0.396677
0.435876
0.467885
0.500038
0.541011
0.590392
0.623023
0.633899
0.617079
0.630117
0.652494
0.685431
0.718462
0.755840
0.804344
0.841381
0.877555
0.926075
0.954238
0.968021
0.953338
0.958743
0.978984
1.012817
1.046689
1.080600
1.114583
1.143092
1.164399
1.124969
1.090605
1.078653
1.095461
1.109303
1.098516
1.114031
1.139018
1.164673
1.167426
1.162875
1.189974
1.222030
1.254036
1.210621
1.185498
1.178188
1.206136
1.235559
1.265394
1.231555
1.202760
1.197639
1.222414
1.255314
1.291549
1.271503
1.245694
1.278566
1.311844
1.336663
1.297901
1.280598
1.277217
1.239430
1.202309
1.165843
1.128577
1.107078
1.106801
1.139408
1.176346
1.213629
1.250249
1.286503
1.322188
1.358454
1.395080
1.432318
1.469051
1.505664
1.543363
1.539165
1.504483
1.470333
1.436471
1.402895
1.439796
1.447231
1.410923
1.374619
1.338317
1.302019
1.268957
1.246580
1.251105
1.282388
1.308704
1.272605
1.236513
1.199830
1.158557
1.120239
1.084297
1.053522
1.020123
0.984085
0.948061
0.912044
0.876035
0.845591
0.813764
0.777890
0.742033
0.706185
0.670353
0.634538
0.598733
0.562948
0.527178
0.492287
0.464289
0.457144
0.465540
0.474544
0.461599
0.426349
0.400694
0.390469
0.401077
0.381806
0.354652
0.320148
0.295735
0.274114
0.253362
0.223166
0.189415
0.155751
0.122160
0.090269
0.071904
0.045182
0.012178
-0.020686
-0.053474
-0.086184
-0.118739
-0.151214
-0.183587
-0.230721
-0.268332
-0.283316
-0.311741
-0.348209
-0.397919
-0.434638
-0.466326
-0.497820
-0.529149
-0.562400
-0.612512
-0.651848
-0.682981
-0.713825
-0.734394
-0.744299
-0.772998
-0.786660
-0.777631
-0.820710
-0.864472
-0.894825
-0.924874
-0.954738
-0.984295
-1.029286
-1.076338
-1.105603
-1.134542
-1.163241
-1.191442
-1.219298
-1.246871
-1.273793
-1.300356
-1.326543
-1.351965
-1.376981
-1.401476
-1.425122
-1.448289
-1.470744
-1.492272
-1.521080
-1.571743
-1.600062
-1.619302
-1.637282
-1.654193
-1.670319
-1.684819
-1.698223
-1.710727
-1.721205
-1.730619
-1.738904
-1.710769
-1.709141
-1.748950
-1.755208
-1.767654
-1.802835
-1.840076
-1.877145
-1.912109
-1.918855
-1.913821
-1.906386
-1.897184
-1.886721
-1.873920
-1.859781
-1.844543
-1.827176
-1.808864
-1.789537
-1.768556
-1.746846
-1.724209
-1.700376
-1.675960
-1.650724
-1.624638
-1.598088
-1.570826
-1.542966
-1.514736
-1.485893
-1.456632
-1.427075
-1.396990
-1.366616
-1.335642
-1.285242
-1.234778
-1.184246
-1.152505
-1.121773
-1.090799
-1.059509
-1.028061
-0.996387
-0.977697
-0.954122
-0.905057
-0.855836
-0.806518
-0.757040
-0.747232
-0.756358
-0.725028
-0.693544
-0.661645
-0.611847
-0.570700
-0.539025
-0.490382
-0.447838
-0.416106
-0.368889
-0.324963
-0.293179
-0.261231
-0.229190
-0.197001
-0.164681
-0.132278
-0.099731
-0.067082
-0.034357
-0.001493
0.031451
0.064461
0.097607
0.130814
0.164090
0.197479
0.230922
0.264435
0.286253
0.314966
0.362422
0.399228
0.433076
0.466994
0.500975
0.534996
0.569087
0.595465
0.618361
0.652809
0.693884
0.740398
0.787134
0.822248
0.844358
0.878051
0.912595
0.947175
0.972296
0.977314
0.942509
0.907744
0.873005
0.838307
0.803651
0.769021
0.734442
0.699903
0.665394
0.630946
0.596536
0.562159
0.527855
0.493587
0.459360
0.425210
0.391099
0.357040
0.311864
0.286495
0.308427
0.331243
0.357093
0.391871
0.426691
0.459901
0.484558
0.521974
0.566324
0.601328
0.636359
0.671413
0.706515
0.741637
0.776783
0.803367
0.836521
0.881020
0.917668
0.952949
0.988255
1.023589
1.058939
1.094315
1.129713
1.165127
1.200566
1.186920
1.148749
1.176482
1.208528
1.244208
1.272825
1.304795
1.340637
1.376495
1.382109
1.339746
1.328221
1.322381
1.316893
1.283924
1.259681
1.291391
1.326244
1.350665
1.310481
1.315332
1.348522
1.384872
1.384872
1.643493
1.609157
1.574823
1.540490
1.506160
1.471417
1.434354
1.434323
1.466477
1.500693
1.514279
1.479881
1.444286
1.410588
1.409341
1.408319
1.407570
1.378384
1.359040
1.393743
1.386605
1.352156
1.318469
1.284507
1.250069
1.215632
1.181383
1.148291
1.115507
1.083003
1.082226
1.084839
1.087835
1.114314
1.147859
1.113613
1.079370
1.045131
1.010897
0.975887
0.937951
0.902187
0.867907
0.837385
0.805588
0.771387
0.737193
0.702481
0.664255
0.628069
0.593823
0.563342
0.532147
0.497996
0.463853
0.429714
0.395587
0.363714
0.334813
0.334270
0.331055
0.291173
0.254732
0.220757
0.186802
0.152855
0.118923
0.085007
0.051100
0.017215
-0.016657
-0.050515
-0.084349
-0.116246
-0.142885
-0.174062
-0.207653
-0.241202
-0.274731
-0.308232
-0.341694
-0.375135
-0.408531
-0.441894
-0.475232
-0.499404
-0.526261
-0.559191
-0.584067
-0.606984
-0.639393
-0.671740
-0.704022
-0.736181
-0.768284
-0.800272
-0.823214
-0.840272
-0.825346
-0.822382
-0.836707
-0.849267
-0.864355
-0.893395
-0.922226
-0.950891
-0.959857
-0.973999
-1.001157
-1.027941
-1.054520
-1.080576
-1.106331
-1.131756
-1.135245
-1.140967
-1.164177
-1.169894
-1.165701
-1.186370
-1.206633
-1.226281
-1.221926
-1.215442
-1.232103
-1.230901
-1.215025
-1.196588
-1.197847
-1.242037
-1.262736
-1.270443
-1.246104
-1.252345
-1.293378
-1.275496
-1.254926
-1.258998
-1.283371
-1.320040
-1.286447
-1.265523
-1.264703
-1.262625
-1.259921
-1.255850
-1.269109
-1.297261
-1.261655
-1.230487
-1.221760
-1.212028
-1.201741
-1.190156
-1.177959
-1.165035
-1.151041
-1.136573
-1.121167
-1.105069
-1.088523
-1.070913
-1.052915
-1.034286
-1.014940
-0.995241
-0.974783
-0.967855
-0.973090
-0.952908
-0.930014
-0.906621
-0.866067
-0.818876
-0.794811
-0.770487
-0.745842
-0.720748
-0.695456
-0.669767
-0.643798
-0.617641
-0.591055
-0.564312
-0.537311
-0.525246
-0.515429
-0.487228
-0.458864
-0.430348
-0.401567
-0.367421
-0.319752
-0.296690
-0.285847
-0.273405
-0.260253
-0.246173
-0.218476
-0.190684
-0.174514
-0.141003
-0.095213
-0.079187
-0.053087
-0.006784
0.028051
0.053268
0.038171
0.039269
0.056290
0.086264
0.121603
0.166944
0.173641
0.160050
0.147063
0.131644
0.112905
0.072874
0.033889
0.021027
0.027160
0.047379
0.079353
0.108185
0.129973
0.159797
0.191610
0.214838
0.247661
0.290353
0.324590
0.357651
0.390753
0.430070
0.472827
0.515872
0.545559
0.556164
0.576071
0.598545
0.621831
0.626888
0.617796
0.577598
0.535763
0.494156
0.500922
0.527783
0.561504
0.595238
0.628985
0.662754
0.698260
0.738986
0.758682
0.766502
0.792698
0.824818
0.865803
0.895421
0.923137
0.956910
0.987173
1.014585
1.048081
1.082002
1.115934
1.154161
1.193666
1.227538
1.261418
1.295307
1.266163
1.242570
1.271135
1.303123
1.336975
1.332139
1.340818
1.370696
1.374555
1.370856
1.367578
1.345995
1.308858
1.303916
1.312370
1.344992
1.354168
1.355546
1.389236
1.423162
1.457365
1.462938
1.471110
1.506287
1.520724
1.521937
1.489425
1.482921
1.519498
1.502023
1.468055
1.436428
1.405110
1.374066
1.340077
1.305809
1.271545
1.239973
1.214103
1.252703
1.258705
1.224573
1.190449
1.157436
1.128461
1.096461
1.062440
1.028433
0.994432
0.960440
0.926459
0.892485
0.858524
0.824572
0.790628
0.756701
0.722780
0.688873
0.654978
0.621092
0.587225
0.553368
0.519523
0.485697
0.451881
0.418084
0.384302
0.350531
0.323943
0.309802
0.317829
0.350950
0.392953
0.435256
0.444260
0.420883
0.389010
0.356112
0.323258
0.290446
0.258131
0.236630
0.210479
0.178058
0.145707
0.113389
0.081145
0.048958
0.016811
-0.015236
-0.047241
-0.079174
-0.111021
-0.144313
-0.189314
-0.227803
-0.259670
-0.279152
-0.300484
-0.331740
-0.362887
-0.393971
-0.424881
-0.436234
-0.419970
-0.427754
-0.447288
-0.492321
-0.529893
-0.561740
-0.593442
-0.629626
-0.674789
-0.710336
-0.742071
-0.773648
-0.805132
-0.836517
-0.867718
-0.894820
-0.909848
-0.934488
-0.964629
-0.994460
-1.024149
-1.053630
-1.082807
-1.115063
-1.162661
-1.188993
-1.198247
-1.224768
-1.252231
-1.279291
-1.321447
-1.367930
-1.394469
-1.420633
-1.446379
-1.491785
-1.534736
-1.559627
-1.583826
-1.607598
-1.630110
-1.652051
-1.673109
-1.692880
-1.711979
-1.729497
-1.745862
-1.761260
-1.774468
-1.786695
-1.797133
-1.805619
-1.813014
-1.817664
-1.820888
-1.822450
-1.821369
-1.811301
-1.772707
-1.753482
-1.746460
-1.736828
-1.726255
-1.714165
-1.700350
-1.685698
-1.669297
-1.651911
-1.633659
-1.613891
-1.593543
-1.572165
-1.549896
-1.527137
-1.503304
-1.479013
-1.454164
-1.428566
-1.402646
-1.376107
-1.349146
-1.321907
-1.294055
-1.265990
-1.237578
-1.194530
-1.149325
-1.120661
-1.091772
-1.062678
-1.033233
-0.998620
-0.951351
-0.915962
-0.886347
-0.856434
-0.826395
-0.796195
-0.765779
-0.735267
-0.704564
-0.682324
-0.665940
-0.621014
-0.575262
-0.529355
-0.528735
-0.536048
-0.489352
-0.451005
-0.420686
-0.390179
-0.359597
-0.328874
-0.298031
-0.267118
-0.236045
-0.204903
-0.173672
-0.142321
-0.110914
-0.079397
-0.047805
-0.016158
0.015605
0.047412
0.079294
0.111254
0.143255
0.175344
0.207481
0.239666
0.271929
0.304226
0.336584
0.368995
0.401435
0.433949
0.466493
0.499078
0.531717
0.564381
0.597098
0.629850
0.662627
0.695460
0.728314
0.761204
0.794132
0.827080
0.860072
0.897938
0.940929
0.927091
0.918855
0.951569
0.984317
1.015382
0.972145
0.955864
0.978997
1.010025
1.043159
1.076328
1.067427
1.025123
1.014524
1.016984
1.042457
1.026090
0.991816
0.950594
0.925601
0.918460
0.940926
0.971381
1.011661
1.047885
1.081631
1.109280
1.139417
1.173364
1.207324
1.241289
1.275267
1.306338
1.334996
1.364264
1.395098
1.429258
1.460527
1.490885
1.525118
1.559355
1.593595
1.627839
1.645331
1.607516
1.607516
1.818277
1.780507
1.743032
1.707563
1.670366
1.634853
1.597835
1.561091
1.528029
1.527310
1.531146
1.566493
1.591942
1.556863
1.521537
1.486898
1.452584
1.433032
1.462559
1.456556
1.432029
1.425828
1.402826
1.406163
1.399675
1.368427
1.348520
1.341813
1.309946
1.274856
1.239773
1.204697
1.169628
1.134566
1.099512
1.064465
1.029427
0.996932
0.965048
0.932977
0.901272
0.866397
0.831534
0.796683
0.761845
0.727021
0.692209
0.657412
0.626736
0.594959
0.560284
0.525627
0.490987
0.456367
0.421765
0.387184
0.352624
0.323755
0.291835
0.257441
0.223073
0.188733
0.154420
0.127197
0.095211
0.053641
0.017475
-0.008780
-0.040974
-0.074923
-0.108831
-0.133475
-0.165681
-0.199300
-0.222435
-0.183775
-0.210001
-0.231313
-0.220197
-0.250492
-0.269607
-0.255998
-0.301897
-0.334140
-0.349273
-0.395509
-0.427394
-0.445070
-0.459613
-0.443720
-0.431728
-0.463017
-0.494174
-0.522944
-0.538492
-0.566129
-0.577526
-0.582656
-0.571922
-0.596856
-0.604643
-0.616157
-0.638674
-0.643416
-0.653075
-0.672902
-0.674466
-0.667488
-0.657527
-0.673671
-0.680172
-0.703623
-0.726698
-0.739213
-0.744119
-0.754468
-0.758317
-0.778642
-0.798500
-0.817876
-0.836754
-0.840904
-0.842432
-0.859416
-0.891607
-0.923100
-0.921819
-0.921596
-0.935622
-0.949008
-0.961738
-0.973799
-0.985173
-0.995848
-1.005809
-1.015042
-1.023535
-1.031277
-1.015009
-0.982259
-0.999557
-1.015257
-1.019778
-1.023518
-1.052581
-1.063621
-1.065020
-1.065605
-1.065375
-1.064329
-1.062471
-1.059802
-1.056327
-1.081763
-1.051552
-1.041124
-1.034489
-1.027087
-1.050066
-1.043807
-1.033962
-1.065319
-1.109020
-1.143366
-1.177294
-1.211147
-1.244917
-1.278292
-1.300392
-1.332899
-1.353328
-1.385881
-1.418267
-1.448926
-1.466769
-1.498115
-1.529207
-1.557301
-1.564233
-1.544567
-1.524097
-1.502868
-1.480923
-1.458303
-1.435046
-1.417306
-1.411667
-1.386208
-1.366718
-1.356714
-1.329397
-1.301688
-1.266644
-1.231256
-1.216449
-1.194472
-1.177256
-1.154270
-1.134853
-1.104036
-1.073018
-1.041812
-1.010428
-0.978877
-0.947169
-0.915311
-0.875775
-0.828347
-0.780775
-0.749846
-0.725142
-0.693039
-0.652434
-0.613964
-0.581760
-0.557954
-0.530883
-0.489585
-0.451925
-0.419233
-0.395128
-0.366434
-0.333312
-0.308551
-0.278694
-0.245206
-0.203161
-0.157860
-0.130473
-0.099671
-0.066069
-0.032416
-0.034577
-0.017312
-0.021427
-0.002077
0.023408
0.056651
0.091114
0.125603
0.160116
0.194653
0.229212
0.263794
0.305886
0.348612
0.391568
0.434744
0.469165
0.511782
0.521936
0.556104
0.590301
0.624525
0.658775
0.693051
0.727351
0.761676
0.796023
0.831625
0.873436
0.907764
0.942115
0.976488
1.010881
1.043536
1.071563
1.106092
1.140638
1.175200
1.209779
1.244375
1.278985
1.313611
1.345900
1.361796
1.354855
1.360651
1.389267
1.404992
1.399381
1.394077
1.403708
1.419141
1.414801
1.394829
1.372193
1.368750
1.348372
1.345557
1.360305
1.339568
1.340246
1.336063
1.299835
1.263146
1.247462
1.267977
1.281593
1.303610
1.339027
1.374428
1.409988
1.445496
1.481262
1.516857
1.527887
1.503489
1.495118
1.470510
1.463622
1.465839
1.495784
1.506101
1.480982
1.477769
1.452493
1.450780
1.418043
1.382235
1.350708
1.316016
1.280838
1.249909
1.215158
1.180039
1.140393
1.105031
1.069886
1.034748
0.999616
0.964490
0.929372
0.894464
0.864285
0.829239
0.794203
0.759175
0.724156
0.689146
0.654147
0.619971
0.596215
0.596043
0.561210
0.525181
0.485044
0.450180
0.415330
0.380495
0.347374
0.319710
0.301868
0.309876
0.318291
0.327111
0.336332
0.334836
0.322427
0.332945
0.323616
0.287207
0.277664
0.302548
0.342909
0.348063
0.314639
0.286765
0.260164
0.233146
0.213383
0.194378
0.176146
0.158703
0.133744
0.093447
0.054650
0.031743
0.006732
-0.024779
-0.056187
-0.087488
-0.118677
-0.149751
-0.180704
-0.211532
-0.242231
-0.272794
-0.303218
-0.333495
-0.363621
-0.393589
-0.437729
-0.472197
-0.501919
-0.515801
-0.540820
-0.569691
-0.598352
-0.626793
-0.655004
-0.682975
-0.710696
-0.738156
-0.765342
-0.792243
-0.818846
-0.867182
-0.894949
-0.920935
-0.922623
-0.946888
-0.996682
-1.021204
-1.045260
-1.068876
-1.092029
-1.114699
-1.136863
-1.158498
-1.179580
-1.200084
-1.219985
-1.243186
-1.287764
-1.306106
-1.323730
-1.340606
-1.356704
-1.371994
-1.386445
-1.400027
-1.412711
-1.424467
-1.435269
-1.445088
-1.453901
-1.461684
-1.468415
-1.474077
-1.478653
-1.482129
-1.484496
-1.485747
-1.485878
-1.484889
-1.482782
-1.479563
-1.475243
-1.469834
-1.463351
-1.455813
-1.447239
-1.437653
-1.427080
-1.415544
-1.403075
-1.389701
-1.375452
-1.360356
-1.344445
-1.327750
-1.310299
-1.292124
-1.273254
-1.253718
-1.233544
-1.212760
-1.191393
-1.169469
-1.147013
-1.124049
-1.100601
-1.076690
-1.052338
-1.027566
-1.002392
-0.976836
-0.950915
-0.924645
-0.898044
-0.871127
-0.843907
-0.816398
-0.788614
-0.760568
-0.732270
-0.703732
-0.674965
-0.645979
-0.616783
-0.587387
-0.557799
-0.528027
-0.498079
-0.467867
-0.419374
-0.389191
-0.358854
-0.328369
-0.297742
-0.265630
-0.218807
-0.188008
-0.157084
-0.126038
-0.094875
-0.063600
-0.032216
-0.000728
0.030861
0.062547
0.094327
0.126197
0.158154
0.190196
0.222320
0.254522
0.286800
0.319152
0.351575
0.384066
0.416625
0.449248
0.481933
0.514679
0.547484
0.580346
0.608105
0.633569
0.666719
0.694606
0.721197
0.754604
0.782625
0.810248
0.843886
0.872049
0.895193
0.882644
0.875760
0.900323
0.905900
0.917064
0.943116
0.948753
0.941100
0.955632
0.987818
1.022603
1.053018
1.090155
1.127033
1.161867
1.192185
1.225330
1.260255
1.290788
1.328792
1.365084
1.368093
1.390473
1.424489
1.459562
1.461257
1.486158
1.516910
1.551539
1.552212
1.548445
1.576898
1.609086
1.644199
1.679538
1.714878
1.750221
1.785565
