1.403571
1.366074
1.328578
1.289959
1.251359
1.213533
1.175640
1.212128
1.249477
1.240054
1.202059
1.164395
1.128161
1.128801
1.098573
1.110032
1.149222
1.170688
1.135438
1.097976
1.060515
1.023055
0.985598
0.948142
0.910688
0.873236
0.838372
0.853904
0.877484
0.881477
0.885830
0.890600
0.863234
0.856849
0.862791
0.856694
0.820291
0.790088
0.753939
0.717068
0.676720
0.632928
0.590708
0.560456
0.530819
0.501744
0.468906
0.432270
0.395653
0.359060
0.322491
0.285945
0.254203
0.223869
0.188822
0.162415
0.126933
0.083325
0.042484
0.006305
-0.028288
-0.053716
-0.099348
-0.138028
-0.174009
-0.205886
-0.230240
-0.253726
-0.242326
-0.276189
-0.324190
-0.367462
-0.400626
-0.422967
-0.457733
-0.481693
-0.481781
-0.491771
-0.535435
-0.554645
-0.572563
-0.602988
-0.636559
-0.662903
-0.671616
-0.653714
-0.704892
-0.725690
-0.750620
-0.782617
-0.814431
-0.846053
-0.877428
-0.908583
-0.925760
-0.908268
-0.869558
-0.877251
-0.906487
-0.935427
-0.948096
-0.950891
-0.945746
-0.919397
-0.892627
-0.865498
-0.872819
-0.898051
-0.930347
-0.979629
-0.975069
-0.968946
-0.981846
-1.003945
-1.025552
-1.046653
-1.067150
-1.087045
-1.106371
-1.108985
-1.103534
-1.120644
-1.137038
-1.152698
-1.167682
-1.199549
-1.237566
-1.250764
-1.263120
-1.274591
-1.259382
-1.251578
-1.260359
-1.268320
-1.275370
-1.281445
-1.286662
-1.291014
-1.294494
-1.297097
-1.298752
-1.299370
-1.299102
-1.277493
-1.238020
-1.203449
-1.199816
-1.195205
-1.189781
-1.183550
-1.176520
-1.168701
-1.160073
-1.150522
-1.140221
-1.108683
-1.065865
-1.040843
-1.064589
-1.086805
-1.053206
-1.024627
-1.023159
-1.035048
-1.018632
-1.001472
-0.983732
-0.965427
-0.946573
-0.927185
-0.907663
-0.918246
-0.877611
-0.844252
-0.822314
-0.799935
-0.777127
-0.753820
-0.730104
-0.706005
-0.681535
-0.656704
-0.631525
-0.605945
-0.580026
-0.570863
-0.558661
-0.531470
-0.504000
-0.476215
-0.426748
-0.390240
-0.362036
-0.333594
-0.303231
-0.250328
-0.239074
-0.217468
-0.187904
-0.164446
-0.154903
-0.124454
-0.074514
-0.037192
-0.006517
0.024317
0.055304
0.086458
0.117773
0.149226
0.180813
0.212530
0.244375
0.276355
0.290937
0.317979
0.350552
0.383229
0.416008
0.448894
0.481890
0.514978
0.548157
0.581422
0.612368
0.629014
0.661823
0.695623
0.729495
0.763437
0.797448
0.831528
0.865687
0.888344
0.907881
0.928043
0.948820
0.970222
0.957946
0.972671
0.995765
1.019429
1.043656
1.068443
1.093895
1.119874
1.146372
1.176967
1.213365
1.249442
1.204016
1.188301
1.179933
1.187071
1.217731
1.253706
1.246461
1.269914
1.277244
1.286903
1.309600
1.305339
1.337461
1.373860
1.408190
1.424589
1.420516
1.414974
1.374179
1.365517
1.338271
1.332571
1.348959
1.311348
1.271999
1.265443
1.289355
1.326066
1.363171
1.397821
1.397622
1.397773
1.372620
1.335882
1.321123
1.359936
1.397452
1.434969
1.421432
1.423405
1.463178
1.499268
1.502192
1.505469
1.482479
1.487459
1.503897
1.467142
1.434403
1.436460
1.414725
1.380107
1.344943
1.313806
1.283134
1.322183
1.311484
1.277900
1.241092
1.204297
1.167516
1.138272
1.165105
1.205372
1.241986
1.266606
1.229980
1.193372
1.163484
1.135960
1.108940
1.088871
1.098988
1.144830
1.126629
1.090642
1.054683
1.018753
0.982854
0.958349
0.924919
0.889255
0.853627
0.820601
0.797285
0.761927
0.726613
0.691344
0.656121
0.620945
0.585817
0.550750
0.504592
0.464552
0.429474
0.394449
0.359479
0.324578
0.289739
0.254961
0.220246
0.185597
0.151015
0.116515
0.095276
0.056014
0.013479
-0.016444
-0.036686
-0.086752
-0.122724
-0.156536
-0.190250
-0.223864
-0.257374
-0.290759
-0.324019
-0.357160
-0.390178
-0.423069
-0.455827
-0.488430
-0.520870
-0.553158
-0.585288
-0.617255
-0.649051
-0.680650
-0.712035
-0.743223
-0.785302
-0.830612
-0.861556
-0.892258
-0.922684
-0.952862
-0.982778
-1.012422
-1.041782
-1.070823
-1.099491
-1.127825
-1.155809
-1.192509
-1.241571
-1.268914
-1.295759
-1.322161
-1.332333
-1.339895
-1.364263
-1.388072
-1.411184
-1.433689
-1.455559
-1.476767
-1.497283
-1.517068
-1.535918
-1.553967
-1.571185
-1.573877
-1.561631
-1.575688
-1.588573
-1.629319
-1.654500
-1.664738
-1.673890
-1.681934
-1.688585
-1.694051
-1.698341
-1.701445
-1.703351
-1.704055
-1.703305
-1.701305
-1.721849
-1.738252
-1.732470
-1.723819
-1.678960
-1.664150
-1.653829
-1.642451
-1.630044
-1.616635
-1.602096
-1.586563
-1.570140
-1.552857
-1.534745
-1.515837
-1.496052
-1.475479
-1.454219
-1.432299
-1.409747
-1.386590
-1.362781
-1.338371
-1.313446
-1.288030
-1.262143
-1.235806
-1.208993
-1.181727
-1.154080
-1.126068
-1.097708
-1.069015
-1.039975
-1.010592
-0.997132
-0.977556
-0.946932
-0.916070
-0.884962
-0.853604
-0.822042
-0.779470
-0.734556
-0.702794
-0.670841
-0.638687
-0.620370
-0.595973
-0.556588
-0.505566
-0.454450
-0.421029
-0.388128
-0.355100
-0.321950
-0.288681
-0.255296
-0.221778
-0.188156
-0.154434
-0.120614
-0.086701
-0.052697
-0.018586
0.015608
0.049883
0.084235
0.118663
0.153163
0.187750
0.210976
0.240375
0.275346
0.310373
0.345163
0.367416
0.390381
0.421343
0.456963
0.492624
0.528325
0.564072
0.599857
0.635678
0.671534
0.707424
0.743347
0.779308
0.824560
0.864209
0.900136
0.933338
0.958905
0.985108
0.957019
0.920786
0.884579
0.848398
0.812243
0.776119
0.740027
0.703964
0.667932
0.631930
0.595960
0.560027
0.514356
0.467746
0.457867
0.487152
0.523447
0.559771
0.596124
0.632501
0.664296
0.694730
0.732364
0.777607
0.806799
0.847258
0.887790
0.921567
0.951038
0.987725
1.024432
1.061154
1.097890
1.106213
1.073268
1.103022
1.139634
1.176569
1.168268
1.138382
1.138521
1.169906
1.165690
1.189568
1.224776
1.260414
1.293478
1.326949
1.364267
1.339987
1.343636
1.363439
1.363439
1.757227
1.721409
1.685591
1.649773
1.613955
1.578138
1.542321
1.505889
1.496091
1.527683
1.527494
1.557454
1.593680
1.609342
1.574456
1.539958
1.504483
1.468037
1.431164
1.395348
1.360822
1.325478
1.290392
1.256182
1.220404
1.186555
1.151741
1.115993
1.080356
1.047376
1.014777
1.000280
0.995956
0.964457
0.929068
0.890610
0.852554
0.816948
0.781347
0.745750
0.710159
0.676060
0.644716
0.609200
0.573691
0.540864
0.509281
0.473863
0.438457
0.407211
0.378005
0.348149
0.312961
0.277790
0.247159
0.219564
0.192525
0.166211
0.140556
0.110198
0.075669
0.041171
0.006715
-0.027708
-0.062098
-0.094499
-0.118126
-0.151291
-0.185339
-0.219342
-0.252109
-0.273996
-0.305599
-0.331918
-0.352116
-0.370990
-0.356592
-0.317587
-0.307997
-0.340470
-0.372848
-0.390178
-0.384737
-0.393504
-0.439923
-0.471618
-0.503181
-0.534626
-0.560421
-0.574187
-0.604882
-0.620699
-0.631220
-0.645361
-0.674700
-0.723646
-0.759463
-0.788535
-0.814348
-0.820937
-0.846020
-0.873719
-0.893414
-0.895317
-0.871065
-0.886193
-0.898834
-0.898418
-0.896702
-0.919751
-0.943183
-0.966244
-0.984400
-0.978115
-0.996237
-1.017077
-1.027062
-1.015432
-0.985070
-1.018729
-1.051453
-1.069497
-1.087019
-1.103813
-1.096761
-1.094458
-1.109177
-1.123234
-1.136534
-1.149210
-1.161252
-1.172646
-1.183219
-1.164461
-1.177243
-1.210558
-1.218265
-1.224993
-1.230977
-1.236220
-1.233639
-1.201609
-1.166168
-1.179012
-1.203116
-1.204533
-1.205045
-1.204693
-1.203596
-1.201754
-1.199170
-1.195605
-1.164312
-1.158475
-1.180446
-1.173903
-1.166447
-1.158298
-1.149465
-1.135357
-1.090832
-1.104649
-1.106898
-1.094575
-1.081639
-1.067925
-1.053591
-1.022245
-0.989845
-1.006140
-0.990487
-0.973258
-0.955534
-0.937324
-0.918569
-0.925599
-0.917170
-0.896600
-0.873596
-0.823479
-0.796139
-0.774240
-0.751976
-0.729349
-0.706262
-0.682848
-0.659115
-0.635072
-0.610689
-0.585949
-0.560933
-0.535647
-0.510098
-0.484234
-0.458098
-0.431727
-0.405127
-0.378457
-0.374417
-0.369394
-0.343128
-0.297084
-0.268851
-0.240396
-0.211771
-0.182981
-0.151728
-0.101676
-0.069242
-0.040070
-0.010753
0.018704
0.048341
0.078114
0.117552
0.158847
0.169315
0.198489
0.228902
0.259423
0.290051
0.320802
0.351670
0.382634
0.413692
0.444842
0.476107
0.494281
0.517397
0.549121
0.580926
0.612828
0.644802
0.676845
0.706640
0.723360
0.753909
0.786413
0.791993
0.748890
0.767235
0.786208
0.805748
0.825847
0.846512
0.879883
0.904944
0.911891
0.900297
0.889032
0.908889
0.932685
0.956975
0.983366
1.027524
1.027878
1.018503
1.009420
1.000706
1.027217
1.054177
1.081577
1.102738
1.095832
1.121704
1.127944
1.135415
1.161525
1.156371
1.151555
1.147035
1.142811
1.138886
1.135361
1.132146
1.129230
1.126616
1.124329
1.122431
1.120836
1.119544
1.118555
1.117930
1.148286
1.142322
1.118034
1.118677
1.119718
1.121080
1.122745
1.124712
1.126999
1.163906
1.200470
1.236192
1.272348
1.311049
1.347122
1.363286
1.366747
1.372686
1.412372
1.396095
1.362703
1.327181
1.291664
1.261083
1.255998
1.243630
1.209231
1.179815
1.150890
1.118069
1.082865
1.047672
1.012493
0.977327
0.946078
0.916253
0.881210
0.854015
0.827305
0.797012
0.762239
0.727488
0.692762
0.658058
0.623375
0.588714
0.554082
0.519476
0.484895
0.450339
0.415985
0.391505
0.367617
0.376666
0.419523
0.453594
0.487709
0.521857
0.556038
0.590251
0.624501
0.609715
0.586731
0.564309
0.541986
0.508324
0.484476
0.464033
0.441065
0.407935
0.374877
0.341875
0.303130
0.258120
0.225114
0.192180
0.159309
0.126502
0.093762
0.061110
0.040589
0.015633
-0.016563
-0.048673
-0.080667
-0.112571
-0.137040
-0.154440
-0.185780
-0.216986
-0.248080
-0.279057
-0.309913
-0.340612
-0.386229
-0.425494
-0.461049
-0.510295
-0.540986
-0.571409
-0.601680
-0.631795
-0.661726
-0.691444
-0.733971
-0.776316
-0.805855
-0.835153
-0.864218
-0.893069
-0.921697
-0.950096
-0.978164
-0.988742
-1.003796
-1.030596
-1.057068
-1.083137
-1.108872
-1.134261
-1.159291
-1.183865
-1.207977
-1.231671
-1.254932
-1.277746
-1.299931
-1.321594
-1.342736
-1.363341
-1.383349
-1.402589
-1.421211
-1.439193
-1.456517
-1.473028
-1.488686
-1.503597
-1.517742
-1.531100
-1.543396
-1.581519
-1.608943
-1.618931
-1.627946
-1.635685
-1.642440
-1.648197
-1.652945
-1.656510
-1.658819
-1.660086
-1.660310
-1.659490
-1.657344
-1.654060
-1.649751
-1.644425
-1.638078
-1.630395
-1.621751
-1.612163
-1.601649
-1.590116
-1.577502
-1.564047
-1.549773
-1.534703
-1.518679
-1.501833
-1.484284
-1.466054
-1.447166
-1.427428
-1.407093
-1.386187
-1.364731
-1.342693
-1.320024
-1.296883
-1.273286
-1.249251
-1.224709
-1.199714
-1.174345
-1.148614
-1.122537
-1.096022
-1.069187
-1.042055
-1.014636
-0.986923
-0.958875
-0.930581
-0.902051
-0.873294
-0.844277
-0.797180
-0.759463
-0.730193
-0.700732
-0.671036
-0.641157
-0.611112
-0.580907
-0.550540
-0.519980
-0.489279
-0.458444
-0.427477
-0.396365
-0.365107
-0.333735
-0.307862
-0.291665
-0.259678
-0.214812
-0.175174
-0.143154
-0.111042
-0.078814
-0.046503
-0.014113
0.018354
0.050907
0.083549
0.116260
0.149039
0.181883
0.214806
0.247797
0.280846
0.313953
0.347116
0.380352
0.413639
0.446977
0.480364
0.513803
0.547301
0.580842
0.614427
0.648054
0.681732
0.715454
0.749214
0.783012
0.816847
0.850729
0.884646
0.918596
0.952579
0.986596
1.020653
1.054739
1.088855
1.123000
1.157177
1.191386
1.219588
1.246830
1.280798
1.305510
1.337835
1.367812
1.393383
1.419399
1.453870
1.483083
1.495340
1.482422
1.439906
1.397593
1.398111
1.428784
1.463616
1.492601
1.465882
1.443247
1.446673
1.476956
1.507716
1.541876
1.575559
1.606928
1.638676
1.670820
1.658595
1.645243
1.678258
1.711655
1.745381
1.740593
1.740593
1.753036
1.721734
1.690433
1.659366
1.628302
1.597482
1.566667
1.536356
1.506482
1.507734
1.508427
1.477397
1.446405
1.417186
1.387924
1.356927
1.325997
1.297406
1.270759
1.304596
1.336193
1.305289
1.274385
1.243486
1.212588
1.181695
1.150803
1.119916
1.089030
1.058150
1.027271
0.996398
0.965739
0.938726
0.911492
0.880709
0.849926
0.819154
0.788383
0.757622
0.726863
0.696115
0.665724
0.639885
0.613682
0.583065
0.552450
0.521853
0.491258
0.460682
0.430108
0.399554
0.369556
0.345188
0.320260
0.289899
0.259542
0.229215
0.198893
0.168603
0.138317
0.108066
0.077820
0.047611
0.017408
-0.012755
-0.042912
-0.073026
-0.103133
-0.133193
-0.163247
-0.193249
-0.223243
-0.253183
-0.283113
-0.312984
-0.341612
-0.362031
-0.383664
-0.413085
-0.442492
-0.471806
-0.501103
-0.530299
-0.559475
-0.588540
-0.617584
-0.646506
-0.675403
-0.704165
-0.732899
-0.761484
-0.787908
-0.802917
-0.819983
-0.847639
-0.875247
-0.902620
-0.929940
-0.956996
-0.981098
-0.991076
-1.003815
-1.029434
-1.051523
-1.057523
-1.066787
-1.090586
-1.110232
-1.111799
-1.117171
-1.138732
-1.160123
-1.180810
-1.196424
-1.191391
-1.190944
-1.208755
-1.220838
-1.210592
-1.199695
-1.186314
-1.166994
-1.125480
-1.095716
-1.108979
-1.115620
-1.098510
-1.087416
-1.097469
-1.113948
-1.152574
-1.177164
-1.154332
-1.138097
-1.143723
-1.148979
-1.153031
-1.156698
-1.159142
-1.161192
-1.162009
-1.162425
-1.161608
-1.160386
-1.157941
-1.147335
-1.112579
-1.085351
-1.079998
-1.074264
-1.067447
-1.060256
-1.052021
-1.043422
-1.033823
-1.023870
-1.012965
-1.001719
-0.989571
-0.977096
-0.963770
-0.950132
-0.935694
-0.920959
-0.905476
-0.889712
-0.873249
-0.856521
-0.839143
-0.828755
-0.835144
-0.826643
-0.782993
-0.746532
-0.726764
-0.706787
-0.686332
-0.665680
-0.644586
-0.630062
-0.630062
-0.622888
-0.600104
-0.577164
-0.553886
-0.530462
-0.506728
-0.482856
-0.458699
-0.448717
-0.467682
-0.477948
-0.470727
-0.451433
-0.408240
-0.370979
-0.345282
-0.325123
-0.315594
-0.300131
-0.273451
-0.246689
-0.219773
-0.197931
-0.185391
-0.167449
-0.139751
-0.116744
-0.102079
-0.077759
-0.036520
-0.004683
0.010921
0.027046
0.044056
0.065549
0.094555
0.119675
0.138380
0.146271
0.136564
0.127129
0.118131
0.121067
0.142862
0.170995
0.208998
0.235396
0.243980
0.261000
0.290786
0.320596
0.350439
0.377055
0.398927
0.427373
0.465346
0.500035
0.530030
0.560043
0.590082
0.620139
0.650219
0.680317
0.710437
0.740572
0.770729
0.800901
0.831093
0.861299
0.891524
0.921762
0.952018
0.985421
1.022837
1.057052
1.087240
1.114368
1.137702
1.161388
1.185503
1.196092
1.190367
1.184884
1.179688
1.174739
1.170077
1.165664
1.161541
1.172101
1.199412
1.227031
1.254997
1.268567
1.266164
1.278829
1.307984
1.337417
1.367151
1.397522
1.428571
1.444100
1.443336
1.442822
1.442568
1.427195
1.396387
1.365847
1.335574
1.321150
1.322465
1.339704
1.372540
1.404442
1.435441
1.435880
1.407204
1.394775
1.397611
1.416729
1.450935
1.453158
1.426151
1.397154
1.366365
1.333472
1.298708
1.268195
1.241409
1.212492
1.181732
1.150978
1.120230
1.089488
1.058751
1.028020
0.997295
0.966578
0.935866
0.907989
0.882398
0.854025
0.823440
0.796181
0.771529
0.747364
0.723576
0.696112
0.665847
0.635600
0.605368
0.575157
0.544960
0.514786
0.484627
0.459158
0.437065
0.415591
0.394555
0.368454
0.338808
0.303719
0.264874
0.237099
0.216856
0.197336
0.178302
0.194824
0.234845
0.233104
0.204157
0.175273
0.146429
0.117652
0.088918
0.060256
0.031640
0.003102
-0.025388
-0.053793
-0.082146
-0.110408
-0.138614
-0.166721
-0.194769
-0.222709
-0.250586
-0.278344
-0.306036
-0.333599
-0.361089
-0.388439
-0.415712
-0.442830
-0.469865
-0.471287
-0.458949
-0.482005
-0.523787
-0.565428
-0.606996
-0.639530
-0.667429
-0.685710
-0.699132
-0.730995
-0.772030
-0.804576
-0.832964
-0.861203
-0.889370
-0.907578
-0.921060
-0.943796
-0.970852
-0.997665
-1.024366
-1.050791
-1.077090
-1.103076
-1.128923
-1.154411
-1.179743
-1.204666
-1.229413
-1.253692
-1.277771
-1.301313
-1.324630
-1.331408
-1.331408
-1.345986
-1.366437
-1.386047
-1.405324
-1.441997
-1.485444
-1.510121
-1.527614
-1.543873
-1.559669
-1.574069
-1.587953
-1.600274
-1.612028
-1.622056
-1.631467
-1.639003
-1.645882
-1.650762
-1.654956
-1.657068
-1.658477
-1.657770
-1.656361
-1.652852
-1.648659
-1.642430
-1.635552
-1.626745
-1.617334
-1.606131
-1.594377
-1.580987
-1.567103
-1.551744
-1.535948
-1.518837
-1.501345
-1.482688
-1.463701
-1.443688
-1.423389
-1.402190
-1.380746
-1.341558
-1.297624
-1.270748
-1.248341
-1.225291
-1.202075
-1.178289
-1.154359
-1.129922
-1.105360
-1.080346
-1.055224
-1.029700
-1.004081
-0.991180
-0.981202
-0.957277
-0.930221
-0.890670
-0.848378
-0.818575
-0.791450
-0.764088
-0.736678
-0.709055
-0.681388
-0.641943
-0.600153
-0.570181
-0.542505
-0.514649
-0.486758
-0.447313
-0.405737
-0.375769
-0.347886
-0.319847
-0.291782
-0.252324
-0.210929
-0.180988
-0.152939
-0.124755
-0.096548
-0.068215
-0.039861
-0.011390
0.017100
0.045700
0.074317
0.103036
0.131770
0.150868
0.168637
0.196489
0.225685
0.254956
0.284238
0.313590
0.342952
0.372380
0.401816
0.431316
0.460822
0.482190
0.502651
0.531564
0.561384
0.591250
0.621121
0.651036
0.680955
0.710915
0.740879
0.770883
0.800890
0.830934
0.860982
0.891064
0.921150
0.944535
0.967396
0.991036
1.014734
1.044721
1.075151
1.100140
1.124766
1.154991
1.185565
1.221471
1.257690
1.288499
1.319012
1.349542
1.380074
1.405508
1.430701
1.461125
1.491776
1.517913
1.543871
1.574455
1.605204
1.635963
1.666722
1.693573
1.720314
1.747629
1.774958
1.772544
1.769500
1.766912
1.764332
1.762212
1.760099
1.758449
1.756804
1.724788
1.692560
1.692560
1.606692
1.568656
1.530983
1.493739
1.455782
1.418262
1.381596
1.342679
1.314328
1.313501
1.341359
1.363922
1.325883
1.287843
1.249837
1.212081
1.196416
1.197284
1.198703
1.218875
1.258832
1.263446
1.249736
1.211801
1.173868
1.135108
1.094552
1.055997
1.018654
0.983400
0.946315
0.908891
0.874392
0.840340
0.806347
0.768568
0.730794
0.693024
0.660093
0.627657
0.595702
0.553624
0.512239
0.474603
0.436979
0.399362
0.361757
0.328645
0.296247
0.258798
0.221363
0.183940
0.146539
0.109153
0.071778
0.034432
0.000713
-0.028746
-0.065225
-0.102324
-0.139396
-0.176431
-0.213446
-0.250426
-0.287369
-0.324288
-0.361164
-0.398002
-0.433590
-0.459961
-0.492109
-0.528146
-0.552608
-0.588643
-0.636758
-0.673539
-0.704441
-0.727609
-0.761434
-0.796934
-0.832331
-0.855929
-0.879465
-0.914073
-0.936796
-0.953842
-0.968949
-0.982628
-0.995222
-1.005521
-1.014518
-1.022305
-1.051480
-1.070058
-1.074080
-1.122357
-1.157899
-1.159314
-1.158452
-1.149918
-1.121336
-1.109365
-1.108873
-1.131695
-1.153936
-1.175754
-1.196685
-1.198994
-1.186118
-1.204279
-1.221908
-1.238917
-1.222616
-1.215928
-1.229926
-1.242839
-1.255142
-1.266486
-1.276780
-1.286425
-1.294920
-1.302430
-1.309256
-1.314744
-1.319338
-1.323224
-1.325596
-1.308476
-1.271229
-1.268615
-1.267238
-1.264960
-1.261381
-1.269165
-1.301434
-1.303142
-1.287090
-1.241647
-1.221047
-1.216687
-1.241918
-1.222457
-1.176294
-1.162783
-1.148638
-1.133910
-1.118041
-1.101660
-1.084651
-1.066692
-1.048266
-1.029183
-1.009325
-0.989042
-0.968091
-0.946518
-0.919096
-0.865968
-0.832126
-0.809236
-0.785686
-0.777619
-0.781939
-0.756494
-0.730766
-0.704714
-0.678135
-0.651307
-0.624145
-0.596560
-0.568751
-0.540605
-0.493250
-0.445388
-0.419729
-0.392471
-0.364360
-0.335878
-0.307165
-0.278270
-0.249012
-0.246007
-0.269824
-0.264091
-0.247219
-0.216418
-0.185357
-0.154165
-0.122782
-0.107283
-0.086375
-0.033861
0.004491
0.036668
0.069036
0.101536
0.135430
0.187619
0.222916
0.242873
0.274961
0.307369
0.339889
0.372582
0.405360
0.438255
0.471292
0.504406
0.537642
0.558086
0.576983
0.610803
0.644710
0.678680
0.712768
0.746925
0.781139
0.815471
0.849857
0.884304
0.933687
0.984331
1.035060
1.085896
1.116748
1.100203
1.110135
1.121536
1.106168
1.067685
1.026614
1.047304
1.047848
1.035430
1.057823
1.062790
1.050146
1.038005
1.026107
1.014525
1.003414
0.992554
0.982065
1.000853
1.019045
1.009820
0.975103
0.940943
0.969940
1.003986
1.040723
1.070698
1.104583
1.141980
1.179396
1.216821
1.254256
1.218562
1.188107
1.182130
1.176607
1.161142
1.118524
1.103731
1.099476
1.095691
1.092277
1.092884
1.128225
1.121658
1.082160
1.080698
1.079511
1.078633
1.113591
1.151560
1.189883
1.227964
1.254860
1.255699
1.285717
1.317102
1.319029
1.294177
1.256529
1.221106
1.208247
1.213002
1.254511
1.277351
1.281521
1.286216
1.273352
1.235646
1.197949
1.160257
1.122572
1.084895
1.047224
1.009561
0.975942
0.943160
0.905614
0.868077
0.830549
0.793035
0.759119
0.728399
0.735288
0.759441
0.804588
0.816700
0.808889
0.771895
0.734929
0.697979
0.661057
0.624162
0.587286
0.550443
0.513628
0.476832
0.440077
0.403349
0.366643
0.329986
0.293355
0.256751
0.230435
0.205348
0.180988
0.218116
0.262749
0.298646
0.334604
0.370597
0.406648
0.402584
0.383905
0.397104
0.431473
0.476817
0.441451
0.406133
0.370864
0.335693
0.300572
0.265514
0.230556
0.195652
0.160828
0.126106
0.091443
0.056882
0.011157
-0.034116
-0.052365
-0.080408
-0.114502
-0.148439
-0.182280
-0.216035
-0.249601
-0.283073
-0.316432
-0.349594
-0.382652
-0.415560
-0.448266
-0.480854
-0.513250
-0.545438
-0.577493
-0.609302
-0.654635
-0.707334
-0.759952
-0.800895
-0.832715
-0.864180
-0.895460
-0.926536
-0.957218
-0.984653
-1.007063
-1.055392
-1.108356
-1.161261
-1.214091
-1.262206
-1.293617
-1.324681
-1.355503
-1.385833
-1.415792
-1.445459
-1.474461
-1.503071
-1.531296
-1.558690
-1.585648
-1.612048
-1.637509
-1.662441
-1.686581
-1.709674
-1.732128
-1.753480
-1.750183
-1.741602
-1.758607
-1.774443
-1.786597
-1.763486
-1.758239
-1.768533
-1.739551
-1.725898
-1.731430
-1.734977
-1.737510
-1.738628
-1.737911
-1.736174
-1.732832
-1.727880
-1.721936
-1.714269
-1.705261
-1.695319
-1.683614
-1.670851
-1.657232
-1.641883
-1.625740
-1.608733
-1.590280
-1.571165
-1.551180
-1.530069
-1.508384
-1.485854
-1.462466
-1.438586
-1.413904
-1.407125
-1.401240
-1.347444
-1.309386
-1.282067
-1.254060
-1.225716
-1.197045
-1.167788
-1.138273
-1.108436
-1.097653
-1.074378
-1.021388
-0.985661
-0.954310
-0.922660
-0.890751
-0.858679
-0.826324
-0.781530
-0.731766
-0.711310
-0.684660
-0.652681
-0.620397
-0.579037
-0.526672
-0.492461
-0.459968
-0.427307
-0.394442
-0.361469
-0.328327
-0.295025
-0.261627
-0.228063
-0.194374
-0.160598
-0.126662
-0.092628
-0.058518
-0.024251
0.010089
0.044508
0.079060
0.113674
0.148370
0.183175
0.218036
0.252980
0.288011
0.323094
0.358260
0.393496
0.428779
0.464146
0.499567
0.535031
0.570578
0.599570
0.622282
0.657777
0.699044
0.747541
0.784887
0.820769
0.856697
0.854339
0.836122
0.800003
0.763930
0.727886
0.691897
0.655952
0.620039
0.584194
0.541503
0.492984
0.516847
0.546447
0.582700
0.575764
0.578411
0.604592
0.647865
0.684497
0.695248
0.725015
0.752141
0.741564
0.755489
0.784526
0.831038
0.877726
0.924008
0.950697
0.982286
1.019100
1.055949
1.089247
1.117179
1.152913
1.189973
1.227053
1.264153
1.290998
1.282952
1.275271
1.273141
1.303617
1.334535
1.365791
1.397720
1.393928
1.356277
1.313528
1.286960
1.282242
1.311500
1.332427
1.328860
1.325728
1.332594
1.368095
1.405365
1.443343
1.481323
1.518159
1.551114
1.549812
1.549812
1.802493
1.767508
1.731816
1.689906
1.648068
1.606510
1.575843
1.569883
1.578559
1.608479
1.605132
1.569807
1.534490
1.499176
1.463872
1.428571
1.393280
1.357992
1.322717
1.287443
1.252183
1.216272
1.175672
1.136251
1.100927
1.064008
1.023788
1.014113
1.045323
1.076949
1.108943
1.118925
1.116067
1.139815
1.173228
1.207219
1.241323
1.276894
1.311118
1.310211
1.304385
1.268701
1.233017
1.197333
1.161539
1.125536
1.105783
1.106101
1.087177
1.052466
1.018209
0.984194
0.950731
0.917449
0.882196
0.846610
0.814030
0.781403
0.745887
0.710373
0.674864
0.639357
0.603856
0.569872
0.538526
0.505289
0.469893
0.434504
0.399121
0.367247
0.337093
0.303011
0.267775
0.238046
0.209105
0.174201
0.139160
0.104147
0.070515
0.043135
0.013670
-0.021082
-0.055816
-0.090520
-0.125198
-0.159850
-0.188963
-0.214210
-0.245696
-0.279974
-0.314189
-0.348387
-0.372552
-0.395537
-0.416825
-0.439284
-0.472495
-0.502841
-0.521773
-0.544803
-0.577273
-0.603204
-0.619510
-0.634736
-0.648910
-0.673178
-0.703938
-0.720713
-0.731789
-0.757834
-0.787333
-0.796873
-0.804879
-0.832873
-0.858021
-0.861992
-0.870867
-0.897090
-0.914859
-0.914859
-0.913704
-0.910980
-0.921643
-0.944353
-0.948433
-0.941492
-0.954427
-0.974702
-0.994163
-1.013460
-1.031780
-1.049992
-1.067131
-1.084107
-1.100065
-1.115723
-1.130430
-1.144686
-1.158073
-1.170845
-1.182846
-1.175284
-1.151459
-1.148681
-1.157335
-1.164862
-1.172012
-1.177847
-1.183452
-1.187554
-1.191493
-1.193920
-1.196092
-1.196903
-1.197292
-1.196481
-1.195086
-1.192659
-1.173081
-1.133676
-1.113528
-1.108160
-1.101802
-1.094951
-1.086985
-1.078687
-1.069163
-1.059459
-1.048432
-1.037271
-1.024902
-1.012310
-0.998687
-0.984730
-0.969911
-0.954657
-0.938699
-0.922217
-0.905178
-0.887538
-0.869475
-0.830065
-0.780952
-0.755328
-0.735967
-0.715843
-0.695626
-0.674606
-0.653508
-0.631721
-0.609793
-0.587289
-0.564584
-0.541406
-0.528429
-0.530669
-0.519222
-0.494266
-0.468978
-0.443473
-0.417605
-0.391586
-0.345813
-0.295383
-0.266801
-0.240343
-0.213455
-0.186520
-0.159221
-0.131839
-0.104156
-0.076356
-0.048310
-0.020120
0.008268
0.036824
0.065533
0.094431
0.123443
0.138200
0.147603
0.174040
0.203992
0.234169
0.264988
0.314182
0.360825
0.391111
0.421448
0.451948
0.476504
0.489460
0.510465
0.541680
0.572989
0.604377
0.625393
0.640695
0.668460
0.700453
0.732563
0.764693
0.782834
0.798581
0.784314
0.775260
0.794720
0.814479
0.835104
0.856133
0.877884
0.900136
0.922974
0.927129
0.916751
0.929668
0.954348
0.953238
0.944271
0.966061
0.992512
0.985952
0.978430
0.971494
0.964670
0.958374
0.952255
0.946604
0.954586
0.984973
1.017768
1.053166
1.044861
1.005197
0.990198
0.986581
0.955498
0.916944
0.942192
0.975473
1.009481
1.043648
1.079314
1.114799
1.149527
1.173881
1.173568
1.173504
1.173817
1.156610
1.121881
1.086589
1.050922
1.016418
0.982403
0.947084
0.911451
0.877995
0.845119
0.848195
0.846605
0.807945
0.769945
0.734367
0.699821
0.667511
0.633868
0.598367
0.562870
0.527377
0.494523
0.463275
0.432726
0.402445
0.402010
0.407877
0.414446
0.422124
0.464353
0.505616
0.540508
0.575407
0.610331
0.645265
0.680219
0.715185
0.750168
0.785165
0.820175
0.855201
0.890236
0.925289
0.960348
0.995426
1.030508
1.071950
1.113411
1.148419
1.184499
1.226589
1.251145
1.224009
1.194168
1.159419
1.124686
1.089970
1.055274
1.020594
0.985939
0.951296
0.916682
0.882079
0.847510
0.812948
0.778428
0.743912
0.709440
0.674976
0.640552
0.606143
0.571772
0.537421
0.503105
0.468817
0.434560
0.400338
0.366143
0.331994
0.297865
0.263793
0.229735
0.195745
0.161764
0.117113
0.073273
0.039200
0.005143
-0.028848
-0.062814
-0.096718
-0.130584
-0.164394
-0.198153
-0.231862
-0.265504
-0.299103
-0.332618
-0.366098
-0.399474
-0.432825
-0.466049
-0.499259
-0.532317
-0.565358
-0.598250
-0.631103
-0.663813
-0.696461
-0.728972
-0.761392
-0.793683
-0.825850
-0.857900
-0.889786
-0.921570
-0.953142
-0.984631
-1.015852
-1.047014
-1.077840
-1.108628
-1.139022
-1.169357
-1.199296
-1.229119
-1.258551
-1.287792
-1.316653
-1.345234
-1.373451
-1.401278
-1.428769
-1.455737
-1.482407
-1.508389
-1.534130
-1.558984
-1.583672
-1.580928
-1.577731
-1.598781
-1.619606
-1.639130
-1.658230
-1.676057
-1.693225
-1.709178
-1.724199
-1.738097
-1.750756
-1.762423
-1.772515
-1.781787
-1.789132
-1.795867
-1.800321
-1.804409
-1.805878
-1.807068
-1.805697
-1.803871
-1.799783
-1.794981
-1.788246
-1.780567
-1.771295
-1.760888
-1.749220
-1.736269
-1.722370
-1.707079
-1.691126
-1.673712
-1.655884
-1.636561
-1.617037
-1.596012
-1.574844
-1.552425
-1.529777
-1.506135
-1.482178
-1.457447
-1.432335
-1.406631
-1.380500
-1.353931
-1.326902
-1.299560
-1.271738
-1.243708
-1.215184
-1.186538
-1.157394
-1.128194
-1.098500
-1.068760
-1.038622
-1.008401
-0.977862
-0.947211
-0.916310
-0.885275
-0.854046
-0.822666
-0.791141
-0.759450
-0.727655
-0.684239
-0.636239
-0.601505
-0.569701
-0.537686
-0.505986
-0.488389
-0.467106
-0.420026
-0.380201
-0.365081
-0.344336
-0.312114
-0.279813
-0.247409
-0.214915
-0.182343
-0.149671
-0.116941
-0.084105
-0.051230
-0.018242
0.014768
0.047897
0.081039
0.114293
0.147563
0.180928
0.214318
0.247785
0.281286
0.314850
0.348455
0.382110
0.415811
0.449551
0.483343
0.517162
0.551039
0.584934
0.618890
0.652855
0.686885
0.720922
0.755018
0.789123
0.823279
0.857450
0.891662
0.925893
0.960159
0.994448
1.028764
1.063108
1.097472
1.138395
1.182485
1.218970
1.253262
1.287596
1.321935
1.356317
1.390703
1.425128
1.457916
1.483455
1.511598
1.546239
1.580892
1.615565
1.650253
1.684957
1.673752
1.630921
1.636800
1.664149
1.697560
1.732524
1.732524
1.832818
1.796637
1.760462
1.724294
1.688137
1.651987
1.615845
1.579715
1.541992
1.499855
1.510095
1.534732
1.529803
1.547940
1.577149
1.573300
1.550337
1.510481
1.507015
1.504372
1.502021
1.467545
1.429268
1.391310
1.382932
1.373121
1.336204
1.351149
1.376755
1.340932
1.304618
1.268074
1.232852
1.197947
1.163341
1.126829
1.090256
1.053683
1.019470
0.985824
0.952646
0.948432
0.942033
0.901624
0.863928
0.827473
0.791023
0.757082
0.724676
0.688317
0.651963
0.615614
0.579277
0.542944
0.506618
0.474877
0.442274
0.406078
0.369897
0.333723
0.297565
0.261420
0.225284
0.189168
0.156985
0.127498
0.091578
0.055674
0.019787
-0.016067
-0.051905
-0.087719
-0.123500
-0.159262
-0.194993
-0.224042
-0.252571
-0.287980
-0.329464
-0.372145
-0.398069
-0.429190
-0.464238
-0.488243
-0.511462
-0.533782
-0.567068
-0.601260
-0.635363
-0.657358
-0.680675
-0.714017
-0.735210
-0.754850
-0.787252
-0.807746
-0.821269
-0.832642
-0.854311
-0.884602
-0.914468
-0.933925
-0.940684
-0.945020
-0.957245
-0.984171
-0.989296
-0.988562
-0.985765
-0.980985
-0.980032
-1.001793
-1.003868
-0.996160
-1.015324
-1.033927
-1.052029
-1.036720
-1.034308
-1.049525
-1.063651
-1.077201
-1.089902
-1.101539
-1.121287
-1.166661
-1.186503
-1.195153
-1.202496
-1.208877
-1.214538
-1.218675
-1.221969
-1.224462
-1.225352
-1.210176
-1.172733
-1.165837
-1.151149
-1.110838
-1.130131
-1.165149
-1.195719
-1.209325
-1.214859
-1.218996
-1.243755
-1.282747
-1.319351
-1.354522
-1.388238
-1.351044
-1.323992
-1.317677
-1.309885
-1.301327
-1.291612
-1.254267
-1.215487
-1.203164
-1.189890
-1.175980
-1.160878
-1.145039
-1.128621
-1.111021
-1.092874
-1.074132
-1.082623
-1.080733
-1.059226
-1.036930
-1.014229
-0.990910
-0.966987
-0.942707
-0.917825
-0.875399
-0.823588
-0.771776
-0.733917
-0.707147
-0.682123
-0.668705
-0.668705
-0.644177
-0.608165
-0.556385
-0.524826
-0.511750
-0.535730
-0.538308
-0.524540
-0.473098
-0.468522
-0.488126
-0.479777
-0.448326
-0.397319
-0.367024
-0.336703
-0.306211
-0.275460
-0.244585
-0.213535
-0.166802
-0.116295
-0.065723
-0.042684
-0.030454
-0.016891
0.019153
0.066733
0.085045
0.110376
0.142045
0.173908
0.198385
0.213134
0.229128
0.250975
0.283977
0.317090
0.350264
0.383538
0.416899
0.450315
0.483833
0.517418
0.551054
0.584790
0.618578
0.652416
0.686347
0.726043
0.773845
0.809565
0.847951
0.895809
0.891757
0.869358
0.835922
0.813194
0.793439
0.760471
0.718109
0.669785
0.636809
0.603898
0.571053
0.585058
0.608075
0.640649
0.673341
0.706092
0.738935
0.771873
0.804866
0.837953
0.871115
0.904329
0.937639
0.962620
0.981707
1.015437
1.042643
1.062701
1.051769
1.038713
1.025975
1.013677
1.011712
1.034888
1.032711
1.021853
1.011432
1.024330
1.050859
1.086288
1.097047
1.088027
1.079552
1.087867
1.115803
1.144481
1.160252
1.153672
1.177246
1.187776
1.146111
1.131158
1.132903
1.164997
1.199837
1.229701
1.189565
1.169366
1.166229
1.163654
1.161337
1.159336
1.157847
1.156618
1.155759
1.155361
1.155222
1.155508
1.182225
1.219799
1.257817
1.294966
1.329157
1.331069
1.314160
1.280072
1.246606
1.244699
1.284785
1.293163
1.285316
1.253691
1.222626
1.191889
1.161713
1.123179
1.081859
1.045686
1.009524
0.973712
0.943993
0.911083
0.875067
0.839072
0.803087
0.767115
0.731164
0.697659
0.669370
0.641808
0.630641
0.675140
0.695902
0.699522
0.664235
0.628978
0.593743
0.558558
0.518392
0.473055
0.437224
0.401982
0.366773
0.331612
0.299816
0.275742
0.252578
0.237128
0.249744
0.262801
0.272272
0.252503
0.224882
0.191302
0.157846
0.131923
0.114342
0.082589
0.049793
0.017099
-0.015451
-0.047918
-0.080253
-0.112443
-0.144540
-0.176468
-0.208252
-0.239933
-0.271398
-0.302722
-0.333931
-0.364868
-0.395671
-0.426317
-0.437395
-0.461877
-0.513027
-0.546586
-0.576118
-0.605368
-0.650631
-0.698037
-0.726995
-0.770132
-0.819696
-0.848311
-0.876649
-0.904746
-0.932289
-0.959555
-0.986481
-1.012814
-1.038827
-1.064370
-1.089286
-1.113830
-1.137740
-1.160996
-1.183822
-1.205806
-1.227125
-1.247946
-1.267673
-1.286741
-1.305203
-1.322341
-1.338821
-1.354465
-1.368744
-1.382287
-1.394731
-1.405809
-1.416080
-1.424965
-1.432541
-1.439251
-1.444290
-1.468085
-1.504668
-1.544467
-1.564784
-1.565928
-1.564882
-1.562804
-1.559386
-1.554036
-1.547694
-1.539866
-1.530430
-1.520069
-1.508161
-1.494982
-1.489141
-1.537103
-1.564498
-1.578267
-1.624119
-1.658896
-1.682051
-1.669987
-1.654884
-1.638502
-1.620491
-1.601662
-1.581614
-1.560385
-1.538479
-1.515459
-1.491611
-1.467209
-1.441813
-1.415853
-1.389444
-1.362161
-1.334505
-1.306430
-1.277700
-1.248678
-1.219262
-1.189376
-1.159250
-1.128759
-1.097932
-1.066907
-1.035549
-1.003951
-0.972189
-0.940122
-0.907889
-0.875517
-0.842869
-0.802637
-0.753349
-0.703861
-0.677312
-0.691240
-0.719384
-0.750667
-0.781708
-0.775806
-0.750260
-0.699308
-0.661303
-0.632523
-0.621282
-0.589147
-0.538742
-0.518623
-0.494034
-0.463225
-0.432152
-0.400952
-0.369573
-0.323094
-0.277556
-0.246091
-0.214457
-0.179849
-0.129787
-0.098841
-0.080426
-0.067451
-0.044645
-0.012671
0.019495
0.051746
0.084104
0.116616
0.149203
0.181902
0.214723
0.247613
0.280615
0.313713
0.346874
0.380148
0.413496
0.446901
0.480418
0.506901
0.526387
0.572973
0.620932
0.669005
0.692660
0.716852
0.750878
0.784971
0.816289
0.837686
0.813158
0.775100
0.798021
0.827855
0.862717
0.897635
0.927443
0.951831
0.986356
1.021565
1.056802
1.092076
1.127369
1.162691
1.198044
1.233414
1.268814
1.298316
1.325745
1.361346
1.396963
1.432594
1.468253
1.503925
1.539611
1.575322
1.581212
1.537467
1.523718
1.526463
1.555448
1.584948
1.617021
1.659432
1.697780
1.733854
1.769941
1.769941
1.426429
1.389934
1.353360
1.317129
1.295407
1.314041
1.330562
1.307445
1.301277
1.303611
1.336504
1.300631
1.276880
1.280339
1.267638
1.235588
1.200907
1.164715
1.132586
1.096732
1.060603
1.024480
0.988365
0.952258
0.919023
0.885048
0.849019
0.812999
0.777038
0.746522
0.710597
0.674685
0.638786
0.606260
0.573226
0.537441
0.501674
0.472535
0.430192
0.394479
0.358786
0.323113
0.291179
0.259132
0.223619
0.188132
0.152672
0.117240
0.081839
0.046468
0.011129
-0.024177
-0.059449
-0.094685
-0.122695
-0.155974
-0.190954
-0.225884
-0.258431
-0.285496
-0.315284
-0.343782
-0.378092
-0.412329
-0.446489
-0.480569
-0.503405
-0.545931
-0.556212
-0.541463
-0.549059
-0.572920
-0.589044
-0.603909
-0.617487
-0.646971
-0.649377
-0.618987
-0.642373
-0.651558
-0.643747
-0.668262
-0.686799
-0.711559
-0.718006
-0.721229
-0.722969
-0.731494
-0.746006
-0.757820
-0.782142
-0.806031
-0.806801
-0.826523
-0.848603
-0.864529
-0.872640
-0.899935
-0.903663
-0.940683
-0.969503
-0.987524
-1.004876
-1.021497
-1.037375
-1.052512
-1.054936
-1.065068
-1.093237
-1.082834
-1.084716
-1.094695
-1.102657
-1.084283
-1.119116
-1.113765
-1.098106
-1.121156
-1.116276
-1.134069
-1.142577
-1.143049
-1.113237
-1.141066
-1.138588
-1.121030
-1.115663
-1.125387
-1.119095
-1.111877
-1.134729
-1.097073
-1.116226
-1.096074
-1.062162
-1.034108
-1.005784
-0.991995
-0.977461
-0.989972
-0.975592
-0.958568
-0.948198
-0.960955
-0.959169
-0.965521
-0.982399
-0.990020
-0.972885
-1.017692
-1.066524
-1.094857
-1.115534
-1.128318
-1.154986
-1.181186
-1.206891
-1.210899
-1.231940
-1.255448
-1.278309
-1.292453
-1.276349
-1.246160
-1.215646
-1.184829
-1.153730
-1.122367
-1.090748
-1.058891
-1.026820
-0.994551
-0.962094
-0.929461
-0.896663
-0.863710
-0.830611
-0.797371
-0.763994
-0.730494
-0.696880
-0.663157
-0.629331
-0.595408
-0.561392
-0.527289
-0.493103
-0.459843
-0.435263
-0.400667
-0.366010
-0.331293
-0.296519
-0.261691
-0.226812
-0.191884
-0.156906
-0.121881
-0.086814
-0.051706
-0.016559
0.018627
0.048001
0.080898
0.079707
0.104744
0.141343
0.177169
0.194073
0.229564
0.265081
0.305688
0.337845
0.371775
0.407385
0.443018
0.478671
0.514344
0.550035
0.585745
0.621473
0.652467
0.686674
0.716839
0.752539
0.788479
0.824431
0.862597
0.904899
0.943736
0.979613
1.020443
1.057367
1.093007
1.124076
1.163521
1.195124
1.231081
1.267048
1.303024
1.339010
1.375005
1.410992
1.441926
1.476956
1.509328
1.529390
1.524605
1.498933
1.483260
1.507705
1.508701
1.502998
1.469902
1.467404
1.478409
1.513777
1.508808
1.494689
1.493559
1.461878
1.492302
1.492193
1.483852
1.472132
1.493850
1.514228
1.505784
1.469335
1.434262
1.466350
1.502769
1.539190
1.576276
1.600483
1.583690
1.548987
1.515676
1.539903
1.576609
1.612919
1.636502
1.600191
1.563882
1.527577
1.491274
1.454975
1.418680
1.382387
1.346099
1.309814
1.273533
1.237256
1.200983
1.164714
1.128449
1.095240
1.056260
1.019681
0.983434
0.948128
0.914938
0.878750
0.842568
0.809354
0.774709
0.738597
0.702494
0.666399
0.630314
0.595829
0.563323
0.527328
0.494920
0.461071
0.430385
0.432582
0.440175
0.448214
0.447824
0.445920
0.486317
0.521613
0.556936
0.592286
0.568771
0.533687
0.506644
0.473674
0.445385
0.414779
0.385049
0.350240
0.315474
0.280752
0.246074
0.211448
0.176870
0.142344
0.107870
0.073452
0.039091
0.004789
-0.029451
-0.063627
-0.097731
-0.131763
-0.165721
-0.199602
-0.233403
-0.267121
-0.300750
-0.334288
-0.367731
-0.401069
-0.434296
-0.467412
-0.500412
-0.533289
-0.566037
-0.598651
-0.584738
-0.552071
-0.519342
-0.508456
-0.553716
-0.586969
-0.620103
-0.653111
-0.695245
-0.733150
-0.766012
-0.798728
-0.831277
-0.863658
-0.895864
-0.927883
-0.959705
-0.991317
-1.022706
-1.053858
-1.084757
-1.115375
-1.145689
-1.175693
-1.205365
-1.234682
-1.263620
-1.292151
-1.320246
-1.347875
-1.374995
-1.401533
-1.427488
-1.452815
-1.477469
-1.501401
-1.524559
-1.546885
-1.568322
-1.588807
-1.608197
-1.626476
-1.643591
-1.659471
-1.674047
-1.687247
-1.699007
-1.709260
-1.717950
-1.724946
-1.730206
-1.733765
-1.735599
-1.735697
-1.734058
-1.730693
-1.725625
-1.718885
-1.710487
-1.700405
-1.688810
-1.675768
-1.661344
-1.645608
-1.628629
-1.610480
-1.591228
-1.570943
-1.549616
-1.527385
-1.504318
-1.480470
-1.455895
-1.430641
-1.404757
-1.378284
-1.351262
-1.323706
-1.295661
-1.267177
-1.238283
-1.209007
-1.179374
-1.149407
-1.119128
-1.088555
-1.057702
-1.026578
-0.995215
-0.963627
-0.931828
-0.899830
-0.867645
-0.835284
-0.802756
-0.770071
-0.737225
-0.704240
-0.671123
-0.637882
-0.604521
-0.571049
-0.537470
-0.503789
-0.470012
-0.423782
-0.390018
-0.356166
-0.322230
-0.282212
-0.271993
-0.257211
-0.223471
-0.189648
-0.155743
-0.121758
-0.087701
-0.053574
-0.019381
0.014875
0.049193
0.083570
0.118004
0.152492
0.187037
0.221632
0.256275
0.290965
0.325699
0.360477
0.395296
0.430156
0.465054
0.499992
0.534967
0.569976
0.605020
0.640095
0.675202
0.710340
0.745507
0.780702
0.815926
0.851179
0.886456
0.921759
0.957087
0.992437
1.000175
1.017337
1.015620
0.982295
0.946702
0.911127
0.875571
0.840035
0.804520
0.769025
0.727724
0.712160
0.736107
0.765223
0.787035
0.764252
0.796130
0.832084
0.823903
0.806042
0.828146
0.863523
0.897548
0.898200
0.931087
0.967327
1.005450
1.007281
1.018647
1.054814
1.090989
1.057619
1.090145
1.126406
1.150132
1.161369
1.159149
1.122818
1.086491
1.050167
1.013845
0.977528
0.941214
0.904903
0.868596
0.830647
0.832837
0.868189
0.904558
0.940930
0.977304
1.013681
1.050059
1.086440
1.122823
1.159207
1.195594
1.231982
1.266371
1.302621
1.334160
1.340345
1.363476
1.362204
1.380054
1.416227
1.426518
1.426305
1.595022
1.560692
1.526363
1.492034
1.457705
1.422668
1.448590
1.453141
1.482045
1.460776
1.454362
1.455373
1.456685
1.433493
1.425146
1.427382
1.429921
1.411175
1.378135
1.343941
1.311651
1.279039
1.244885
1.212612
1.180503
1.146396
1.114100
1.082572
1.048522
1.014478
0.980440
0.947899
0.917340
0.883371
0.849411
0.815458
0.781513
0.747577
0.713650
0.680432
0.651604
0.617769
0.583945
0.550133
0.516333
0.482545
0.448771
0.415010
0.381263
0.353667
0.320736
0.287120
0.253522
0.219943
0.186383
0.152844
0.125198
0.093860
0.060494
0.027156
-0.006155
-0.039438
-0.072690
-0.100530
-0.124231
-0.152796
-0.185629
-0.218416
-0.251156
-0.278859
-0.300186
-0.294374
-0.262462
-0.266146
-0.298005
-0.325503
-0.343443
-0.364447
-0.391779
-0.407425
-0.422027
-0.430258
-0.413183
-0.399545
-0.407492
-0.391353
-0.401963
-0.430158
-0.458516
-0.506421
-0.534408
-0.562077
-0.589522
-0.596992
-0.621589
-0.647976
-0.674089
-0.680711
-0.662253
-0.657801
-0.676386
-0.700238
-0.705443
-0.686891
-0.660914
-0.634659
-0.638353
-0.663039
-0.702270
-0.738426
-0.776584
-0.797640
-0.805233
-0.825970
-0.846238
-0.866021
-0.889005
-0.924575
-0.962345
-0.971777
-0.969715
-0.995532
-1.026896
-1.027348
-1.067138
-1.082361
-1.091666
-1.078272
-1.091010
-1.102991
-1.111805
-1.092597
-1.135080
-1.176891
-1.151494
-1.124796
-1.129348
-1.134455
-1.138681
-1.142017
-1.144455
-1.145992
-1.146624
-1.146349
-1.145168
-1.143084
-1.164917
-1.171070
-1.166180
-1.182554
-1.188065
-1.180314
-1.171686
-1.162198
-1.151869
-1.157413
-1.145690
-1.116038
-1.102553
-1.075098
-1.054235
-1.057781
-1.041495
-1.024567
-1.007019
-0.997131
-1.006706
-1.019768
-1.047325
-1.074576
-1.101502
-1.124676
-1.131108
-1.156472
-1.181414
-1.205906
-1.229019
-1.227342
-1.249813
-1.271702
-1.292984
-1.313625
-1.359405
-1.356369
-1.329986
-1.300822
-1.271379
-1.241676
-1.211733
-1.181567
-1.151193
-1.120625
-1.089877
-1.058961
-1.027887
-0.996665
-0.965306
-0.933817
-0.902207
-0.870482
-0.838650
-0.806717
-0.780117
-0.754564
-0.717437
-0.678081
-0.645721
-0.613289
-0.580788
-0.548222
-0.515595
-0.482910
-0.450168
-0.417374
-0.384530
-0.351637
-0.318699
-0.285717
-0.252694
-0.219630
-0.186529
-0.153390
-0.120217
-0.087010
-0.053771
-0.020501
0.012798
0.046125
0.079480
0.112861
0.146267
0.179696
0.213150
0.246625
0.280122
0.313640
0.347177
0.380734
0.414310
0.447903
0.481514
0.515142
0.548786
0.582445
0.616120
0.649809
0.683512
0.717229
0.750960
0.784703
0.818459
0.852226
0.886006
0.919797
0.953599
0.987411
1.022669
1.059948
1.088910
1.123750
1.163505
1.202692
1.232503
1.229040
1.257481
1.291377
1.325244
1.353922
1.383004
1.412478
1.446258
1.445330
1.441420
1.437809
1.405574
1.396479
1.393747
1.391320
1.363360
1.327233
1.315665
1.314442
1.313531
1.312933
1.333778
1.368054
1.402484
1.436895
1.471236
1.505499
1.539761
1.558583
1.543873
1.509533
1.475372
1.466445
1.490023
1.491192
1.502693
1.520268
1.504934
1.526246
1.508367
1.545521
1.571844
1.537663
1.503485
1.469310
1.435137
1.401110
1.370586
1.340441
1.344496
1.311603
1.277560
1.247903
1.218985
1.181145
1.142258
1.107430
1.073423
1.039422
1.005427
0.971440
0.937460
0.903487
0.869521
0.835564
0.801614
0.770957
0.739364
0.705500
0.671648
0.637806
0.603975
0.570156
0.536349
0.502554
0.471312
0.444205
0.429304
0.447617
0.466296
0.435170
0.407929
0.376709
0.366245
0.406803
0.436010
0.439483
0.406531
0.374566
0.351872
0.331393
0.342457
0.353820
0.321534
0.289297
0.257113
0.213783
0.191545
0.160890
0.128933
0.097038
0.065207
0.033443
0.001749
-0.029873
-0.061419
-0.092888
-0.124275
-0.155577
-0.177479
-0.202734
-0.242431
-0.279866
-0.310687
-0.341400
-0.372000
-0.402480
-0.432836
-0.463062
-0.493153
-0.523101
-0.552900
-0.582542
-0.612021
-0.641328
-0.670455
-0.699393
-0.728131
-0.756661
-0.784971
-0.813050
-0.840886
-0.867749
-0.890306
-0.937090
-0.964888
-0.992406
-1.019625
-1.046528
-1.073098
-1.099317
-1.125164
-1.150616
-1.175649
-1.200239
-1.224359
-1.247980
-1.271072
-1.293604
-1.315541
-1.336850
-1.357492
-1.377430
-1.396623
-1.415030
-1.432608
-1.449313
-1.465101
-1.479927
-1.493746
-1.506514
-1.518187
-1.528725
-1.538086
-1.546236
-1.553140
-1.558771
-1.563102
-1.566116
-1.567798
-1.568141
-1.567144
-1.564810
-1.561151
-1.556182
-1.549925
-1.542406
-1.533658
-1.523714
-1.512612
-1.500394
-1.487098
-1.472752
-1.457423
-1.441155
-1.423994
-1.405983
-1.387165
-1.367584
-1.347279
-1.326290
-1.304654
-1.282408
-1.259586
-1.236220
-1.212341
-1.187979
-1.163160
-1.137911
-1.112256
-1.086218
-1.059819
-1.033078
-1.006016
-0.978649
-0.950994
-0.923067
-0.894883
-0.866455
-0.837796
-0.808919
-0.779835
-0.750554
-0.721086
-0.691442
-0.661628
-0.631655
-0.601530
-0.571259
-0.540851
-0.510311
-0.479646
-0.448861
-0.417961
-0.386537
-0.340840
-0.309846
-0.278750
-0.233670
-0.201654
-0.170482
-0.139220
-0.107872
-0.076441
-0.044930
-0.013343
0.018318
0.050050
0.081850
0.113715
0.145644
0.177633
0.217576
0.246866
0.281094
0.318462
0.350583
0.382756
0.414979
0.447252
0.474467
0.500440
0.532974
0.565548
0.598161
0.630812
0.663499
0.693280
0.721339
0.761767
0.794589
0.827442
0.860325
0.893237
0.926178
0.959146
0.992142
1.025164
1.056639
1.047506
1.038689
1.063225
1.088547
1.114351
1.085466
1.051965
1.018481
0.985013
0.945210
0.931363
0.924313
0.943260
0.975264
1.009019
1.042786
1.076564
1.110353
1.144153
1.177962
1.211782
1.245611
1.279449
1.316291
1.350336
1.381019
1.412508
1.443225
1.448551
1.434652
1.465514
1.499545
1.522060
1.517734
1.513701
1.517839
1.541488
1.532054
1.500513
1.502697
1.534942
1.565878
1.561571
1.528785
1.528785
1.680347
1.636196
1.628304
1.592873
1.555843
1.518824
1.481817
1.444821
1.402194
1.363690
1.326665
1.289652
1.252651
1.215662
1.178686
1.141723
1.104774
1.067839
1.026947
0.986508
0.949541
0.912589
0.875651
0.838728
0.801821
0.764929
0.728055
0.691197
0.654357
0.617535
0.580733
0.543949
0.507186
0.470444
0.433724
0.397026
0.360351
0.323365
0.279104
0.307849
0.344588
0.381463
0.411597
0.447903
0.484917
0.521945
0.558988
0.596045
0.633115
0.665531
0.700917
0.738093
0.775280
0.812477
0.849683
0.883699
0.918544
0.953193
0.985775
1.020794
1.058202
1.062053
1.035613
1.018096
0.990329
0.987491
0.996008
1.021574
1.028878
1.057256
1.049391
1.011219
0.978380
0.978619
0.976298
0.941618
0.942092
0.906294
0.908449
0.872008
0.834436
0.796865
0.761742
0.724573
0.689749
0.655864
0.622487
0.586094
0.552163
0.516217
0.482488
0.447067
0.409832
0.376170
0.341554
0.304427
0.267314
0.233533
0.200108
0.163128
0.126166
0.092158
0.060177
0.023380
-0.013394
-0.050143
-0.084675
-0.114567
-0.151105
-0.187611
-0.224082
-0.259344
-0.286650
-0.322155
-0.347833
-0.383640
-0.407705
-0.443143
-0.478700
-0.502088
-0.491970
-0.533084
-0.558282
-0.578380
-0.570099
-0.592861
-0.626914
-0.648766
-0.664924
-0.692126
-0.712989
-0.726093
-0.749873
-0.781532
-0.801659
-0.822090
-0.841907
-0.849070
-0.865028
-0.884170
-0.887598
-0.898535
-0.917138
-0.924679
-0.950560
-0.969269
-0.971682
-0.990342
-0.993571
-1.042444
-1.064975
-1.084544
-1.073543
-1.043876
-1.095836
-1.115657
-1.134707
-1.153072
-1.170727
-1.157435
-1.168627
-1.183647
-1.197870
-1.211274
-1.223835
-1.235534
-1.246347
-1.256257
-1.265243
-1.273289
-1.280378
-1.286496
-1.291631
-1.276407
-1.260345
-1.262415
-1.263497
-1.263589
-1.248307
-1.208868
-1.168589
-1.127535
-1.096043
-1.100059
-1.122781
-1.115669
-1.107696
-1.104037
-1.126429
-1.115705
-1.104162
-1.091817
-1.078690
-1.064784
-1.050128
-1.034747
-1.018662
-1.001892
-0.984459
-0.966381
-0.947680
-0.928374
-0.932757
-0.920170
-0.898792
-0.876885
-0.854469
-0.831562
-0.808182
-0.784346
-0.760071
-0.735373
-0.710268
-0.684772
-0.658898
-0.632662
-0.606076
-0.579155
-0.551910
-0.524354
-0.496498
-0.468354
-0.434184
-0.386179
-0.357544
-0.332303
-0.323674
-0.294012
-0.264129
-0.234033
-0.203731
-0.173230
-0.142534
-0.111654
-0.080597
-0.049368
-0.017975
0.031299
0.066209
0.097826
0.114075
0.156091
0.193544
0.225724
0.258033
0.290468
0.334768
0.363873
0.388482
0.421379
0.454381
0.487487
0.481901
0.460102
0.483372
0.517038
0.545020
0.567952
0.602045
0.636214
0.666680
0.689129
0.720840
0.735109
0.725855
0.747167
0.770275
0.802716
0.791218
0.814280
0.802435
0.826199
0.816868
0.839812
0.865991
0.860909
0.882590
0.880327
0.871885
0.892081
0.894030
0.913222
0.943506
0.949770
0.943827
0.938264
0.933083
0.928286
0.923874
0.919849
0.933968
0.968265
0.971451
0.931440
0.905563
0.903881
0.902591
0.901695
0.891465
0.853814
0.816163
0.778513
0.740830
0.703019
0.673129
0.711374
0.749017
0.786660
0.824304
0.861948
0.864209
0.900957
0.938700
0.977898
1.017603
1.057643
1.095693
1.135467
1.117213
1.079685
1.044482
1.008071
0.970586
0.933105
0.897920
0.906900
0.946260
0.983658
1.023236
1.065255
1.091439
1.111880
1.126595
1.121632
1.165121
1.204864
1.237212
1.274340
1.312858
1.355089
1.392186
1.429294
1.466412
1.503539
1.536690
1.508355
1.552087
1.589116
1.626156
1.669716
1.638770
1.601789
1.564821
1.527865
1.490921
1.453990
1.417072
1.380168
1.348804
1.314424
1.277637
1.240865
1.204111
1.167374
1.130655
1.093954
1.057272
1.024785
0.993098
0.956567
0.920060
0.883576
0.847117
0.810683
0.771562
0.728083
0.691624
0.655192
0.618787
0.582410
0.546062
0.509744
0.473458
0.437203
0.400982
0.364796
0.328647
0.292534
0.256460
0.220426
0.184433
0.148484
0.112579
0.076720
0.040910
0.005150
-0.030558
-0.066212
-0.109967
-0.149946
-0.177874
-0.208238
-0.243584
-0.278861
-0.314065
-0.349193
-0.384241
-0.419206
-0.454084
-0.488871
-0.523563
-0.558154
-0.592640
-0.627015
-0.661275
-0.695412
-0.732512
-0.780009
-0.816261
-0.864602
-0.898658
-0.932568
-0.966323
-0.999914
-1.033327
-1.066554
-1.081881
-1.112909
-1.145097
-1.177032
-1.208700
-1.240083
-1.271161
-1.301915
-1.332322
-1.362358
-1.391998
-1.421215
-1.449978
-1.478256
-1.506014
-1.533214
-1.559816
-1.585778
-1.611053
-1.635593
-1.659344
-1.682253
-1.704260
-1.725303
-1.745320
-1.764244
-1.782007
-1.798540
-1.813774
-1.827640
-1.840072
-1.851007
-1.860386
-1.868156
-1.874270
-1.878691
-1.881373
-1.882288
-1.881459
-1.878892
-1.874602
-1.868618
-1.860976
-1.851720
-1.840904
-1.828586
-1.814829
-1.799699
-1.783265
-1.765595
-1.746759
-1.726825
-1.705858
-1.683924
-1.661083
-1.637394
-1.612913
-1.587692
-1.561781
-1.535226
-1.508071
-1.480354
-1.452115
-1.423387
-1.394204
-1.364594
-1.334587
-1.304207
-1.273479
-1.242424
-1.211064
-1.179417
-1.147500
-1.115331
-1.082924
-1.050288
-1.017442
-0.984397
-0.951166
-0.917759
-0.884186
-0.850455
-0.816575
-0.782554
-0.736258
-0.697956
-0.663828
-0.629578
-0.595211
-0.560733
-0.526150
-0.491467
-0.456687
-0.421816
-0.386857
-0.351815
-0.316693
-0.281495
-0.246224
-0.210883
-0.175475
-0.140002
-0.104468
-0.068876
-0.035882
-0.009464
0.026450
0.062409
0.098414
0.135490
0.181744
0.217733
0.253764
0.289836
0.325947
0.362094
0.398278
0.434496
0.479832
0.517519
0.545379
0.579693
0.616068
0.652471
0.688901
0.725358
0.761840
0.798347
0.834878
0.871433
0.908010
0.944609
0.981229
1.017871
1.054532
1.091212
1.127911
1.164629
1.201365
1.240765
1.280947
1.311674
1.348476
1.385294
1.422127
1.458974
1.495836
1.532712
1.569601
1.606503
1.606503
1.561851
1.524158
1.498763
1.496543
1.494664
1.491598
1.456524
1.420960
1.384617
1.374372
1.376467
1.411317
1.446276
1.481381
1.489519
1.485603
1.451253
1.433532
1.434785
1.406478
1.371695
1.338428
1.304261
1.269217
1.234175
1.199620
1.167005
1.134730
1.102736
1.071320
1.048517
1.052667
1.036726
1.006674
1.009660
1.003754
0.969104
0.934463
0.899828
0.859772
0.821338
0.786642
0.751954
0.717272
0.682604
0.647942
0.613290
0.582954
0.554447
0.526762
0.496399
0.462041
0.422409
0.382342
0.355120
0.328327
0.302079
0.269662
0.234467
0.192088
0.153665
0.119503
0.092572
0.065662
0.031768
-0.002099
-0.035939
-0.069731
-0.103502
-0.137225
-0.170912
-0.204570
-0.238165
-0.271735
-0.305250
-0.338716
-0.372150
-0.405503
-0.435340
-0.456790
-0.485557
-0.518407
-0.551135
-0.579243
-0.598192
-0.626095
-0.658169
-0.690073
-0.716013
-0.732029
-0.758911
-0.789958
-0.820776
-0.844014
-0.856589
-0.867506
-0.879914
-0.908754
-0.927729
-0.934916
-0.940203
-0.948224
-0.974527
-0.988407
-0.989647
-1.010485
-1.029875
-1.027334
-1.038194
-1.060666
-1.082444
-1.097338
-1.089394
-1.097150
-1.116467
-1.106855
-1.102575
-1.119336
-1.135441
-1.151138
-1.134658
-1.116220
-1.096187
-1.096712
-1.108007
-1.118093
-1.127740
-1.136572
-1.120520
-1.095026
-1.101012
-1.106490
-1.111173
-1.114881
-1.118129
-1.120150
-1.136681
-1.172461
-1.179913
-1.174726
-1.137627
-1.116382
-1.113023
-1.108583
-1.109314
-1.137777
-1.130448
-1.088735
-1.075466
-1.066706
-1.056978
-1.046601
-1.035694
-1.023766
-1.011453
-0.998309
-0.984543
-0.970344
-0.955199
-0.939716
-0.923541
-0.906785
-0.889688
-0.871734
-0.853490
-0.834682
-0.815343
-0.795730
-0.775379
-0.754770
-0.733709
-0.712169
-0.690399
-0.668029
-0.645417
-0.622446
-0.599050
-0.575460
-0.551386
-0.527088
-0.502508
-0.477551
-0.452432
-0.426924
-0.401210
-0.375277
-0.349010
-0.322607
-0.295893
-0.268990
-0.241917
-0.214549
-0.187068
-0.159336
-0.131434
-0.103399
-0.093592
-0.075027
-0.026144
0.010626
0.039474
0.068554
0.097715
0.127037
0.156500
0.186041
0.215788
0.245603
0.275548
0.305621
0.335214
0.348217
0.367939
0.398706
0.429583
0.459369
0.474475
0.502991
0.550153
0.585207
0.616556
0.648017
0.679532
0.711112
0.742785
0.774496
0.806300
0.838155
0.870063
0.902055
0.934081
0.966183
0.973525
0.959663
0.917440
0.886753
0.906378
0.926558
0.947144
0.968594
0.993313
1.026588
1.059898
1.093228
1.126610
1.156768
1.179823
1.203424
1.227312
1.251999
1.264941
1.256304
1.271937
1.298047
1.324867
1.357525
1.399219
1.404679
1.397400
1.390564
1.398901
1.427132
1.455887
1.476108
1.436153
1.412825
1.408037
1.375082
1.341790
1.337942
1.352290
1.383921
1.355868
1.325387
1.323069
1.340430
1.373697
1.375890
1.383394
1.417732
1.431555
1.431304
1.464514
1.500004
1.535836
1.549750
1.550968
1.518315
1.485149
1.452353
1.419941
1.387728
1.356097
1.324693
1.293680
1.263127
1.232797
1.203096
1.171364
1.136674
1.101993
1.067317
1.032653
1.000657
0.971962
0.998551
1.028921
0.994466
0.963509
0.936234
0.903105
0.870251
0.843940
0.853917
0.896436
0.931545
0.952532
0.927412
0.892191
0.849266
0.822948
0.795839
0.762062
0.734441
0.710797
0.719868
0.717281
0.683947
0.650653
0.617381
0.584174
0.550990
0.517851
0.476787
0.432517
0.399316
0.366142
0.333014
0.299941
0.266895
0.233925
0.206350
0.186188
0.191759
0.198317
0.152426
0.112742
0.080304
0.047958
0.017885
0.000117
-0.032066
-0.078583
-0.112740
-0.144656
-0.176457
-0.216302
-0.262958
-0.296438
-0.324534
-0.340497
-0.374622
-0.421809
-0.438984
-0.458202
-0.488911
-0.519477
-0.549956
-0.580196
-0.610344
-0.640310
-0.642314
-0.630019
-0.615849
-0.623483
-0.670682
-0.706714
-0.737994
-0.769058
-0.800025
-0.830842
-0.861461
-0.891984
-0.922241
-0.952359
-0.982297
-1.011963
-1.041503
-1.070710
-1.109205
-1.157937
-1.190433
-1.215741
-1.222961
-1.240520
-1.267785
-1.294521
-1.321030
-1.347002
-1.372558
-1.397781
-1.422257
-1.439720
-1.436306
-1.447805
-1.469413
-1.489962
-1.518627
-1.567378
-1.597063
-1.615841
-1.633168
-1.649940
-1.665633
-1.680150
-1.694059
-1.706139
-1.729989
-1.773911
-1.792466
-1.800827
-1.806995
-1.812167
-1.815904
-1.791207
-1.760725
-1.759556
-1.757343
-1.753852
-1.775929
-1.799219
-1.790710
-1.764850
-1.720927
-1.703647
-1.691224
-1.677271
-1.662396
-1.646702
-1.629598
-1.611967
-1.593189
-1.573642
-1.553516
-1.532264
-1.510616
-1.488146
-1.465060
-1.441580
-1.417225
-1.392578
-1.367355
-1.341644
-1.315671
-1.289022
-1.254531
-1.205078
-1.171035
-1.143878
-1.116207
-1.088347
-1.060186
-1.046032
-1.035448
-1.005858
-0.976121
-0.946183
-0.915999
-0.883655
-0.835629
-0.795812
-0.765471
-0.720835
-0.672845
-0.624743
-0.585653
-0.555421
-0.510028
-0.473727
-0.485096
-0.506257
-0.535613
-0.521161
-0.499190
-0.470277
-0.441191
-0.411983
-0.399766
-0.378437
-0.330170
-0.293323
-0.263337
-0.233129
-0.202848
-0.172420
-0.141859
-0.111228
-0.080410
-0.043575
0.004040
0.006379
-0.008586
0.006879
0.028780
0.060404
0.103386
0.150270
0.197295
0.217106
0.202054
0.223184
0.254238
0.285423
0.316678
0.348007
0.379449
0.410937
0.442533
0.433495
0.386742
0.395592
0.413343
0.432009
0.458432
0.490980
0.523610
0.556270
0.588993
0.621766
0.654571
0.687449
0.720353
0.753308
0.736530
0.691652
0.712651
0.723772
0.713128
0.679989
0.637971
0.662132
0.686639
0.711729
0.743280
0.777357
0.811465
0.845587
0.879728
0.913892
0.948067
0.982268
1.016482
1.050711
1.079082
1.106094
1.133756
1.164795
1.199307
1.170658
1.130004
1.089644
1.086528
1.116051
1.150188
1.184958
1.219736
1.251988
1.282358
1.316858
1.351721
1.386589
1.421461
1.456336
1.491217
1.514273
1.510585
1.510585
1.869069
1.826356
1.784987
1.748917
1.712854
1.676801
1.640759
1.604725
1.568706
1.532690
1.496695
1.460704
1.424729
1.388764
1.352812
1.316873
1.280944
1.239172
1.196313
1.160313
1.124318
1.088341
1.052374
1.016420
0.980483
0.944554
0.902701
0.862395
0.892073
0.923307
0.959470
0.977160
0.971562
0.989831
1.021243
1.056861
1.093236
1.129620
1.146595
1.106058
1.098965
1.131960
1.141403
1.138568
1.106732
1.070167
1.033606
0.996429
0.957543
0.953167
0.988132
1.023566
1.059232
1.031536
0.997350
0.997678
0.998186
0.999168
0.982904
0.947939
0.913477
0.879250
0.842967
0.806417
0.769870
0.734257
0.700936
0.666062
0.629588
0.595958
0.563579
0.527614
0.491740
0.460397
0.427573
0.391329
0.355093
0.318866
0.282653
0.246445
0.210256
0.174794
0.145071
0.113376
0.077386
0.041412
0.005454
-0.030479
-0.066402
-0.094914
-0.123766
-0.159407
-0.195030
-0.230617
-0.261089
-0.287017
-0.319736
-0.354940
-0.379681
-0.403459
-0.425782
-0.452155
-0.486407
-0.512939
-0.532951
-0.563035
-0.596575
-0.614858
-0.634566
-0.667229
-0.693518
-0.708075
-0.721369
-0.733648
-0.759862
-0.790550
-0.800363
-0.808890
-0.815318
-0.820815
-0.824690
-0.841609
-0.868490
-0.894885
-0.921135
-0.920546
-0.923630
-0.947764
-0.960701
-0.955132
-0.965401
-0.987165
-1.008193
-1.029016
-1.017974
-1.011971
-1.030075
-1.047740
-1.064717
-1.080988
-1.096773
-1.111559
-1.126087
-1.139299
-1.152230
-1.164054
-1.175300
-1.185683
-1.195162
-1.204050
-1.211691
-1.219020
-1.224777
-1.222458
-1.190086
-1.172115
-1.174500
-1.175905
-1.176701
-1.176193
-1.175362
-1.172977
-1.170239
-1.166279
-1.161656
-1.156144
-1.149672
-1.142636
-1.134363
-1.125791
-1.115825
-1.105529
-1.094168
-1.082217
-1.069514
-1.055984
-1.041994
-0.998942
-0.952050
-0.936214
-0.920105
-0.903176
-0.885778
-0.867811
-0.849200
-0.830248
-0.810498
-0.790563
-0.769800
-0.748820
-0.727228
-0.705272
-0.682897
-0.660031
-0.636919
-0.613206
-0.589356
-0.564901
-0.540278
-0.515211
-0.489870
-0.464228
-0.438220
-0.412038
-0.385408
-0.358679
-0.331513
-0.304218
-0.276604
-0.248784
-0.220749
-0.192440
-0.164008
-0.135244
-0.104255
-0.052820
-0.008080
0.020971
0.039438
0.047385
0.056536
0.066193
0.077372
0.092970
0.143405
0.184249
0.203899
0.229317
0.260188
0.291226
0.322330
0.353636
0.384985
0.416516
0.448112
0.479841
0.511668
0.543583
0.563040
0.577865
0.625014
0.672249
0.704668
0.709564
0.660179
0.646359
0.662966
0.691825
0.724957
0.744066
0.762519
0.782009
0.801909
0.822575
0.843871
0.865677
0.888316
0.911226
0.945574
0.967603
0.921648
0.901251
0.926024
0.951369
0.977156
1.003691
1.030454
1.065863
1.087929
1.044120
1.013883
1.006382
0.999243
0.992370
0.985991
0.979753
1.009743
1.033890
1.029024
1.024406
1.020180
0.994840
0.954752
0.972947
1.006517
0.968082
0.943691
0.978656
1.014284
1.050915
1.064941
1.063977
1.092989
1.128868
1.092536
1.063989
1.064953
1.050458
1.013828
0.977199
0.940569
0.905324
0.870360
0.833765
0.797714
0.763582
0.760709
0.800357
0.792331
0.755843
0.716691
0.677087
0.640548
0.604011
0.567477
0.532437
0.499329
0.464086
0.427635
0.394850
0.364382
0.369510
0.365943
0.335742
0.338270
0.381029
0.419377
0.455363
0.497445
0.540167
0.576065
0.611970
0.647897
0.683837
0.719792
0.755764
0.791745
0.827747
0.863754
0.899783
0.935818
0.971869
1.007930
1.044002
1.060255
1.067010
1.105805
1.143272
1.115404
1.085319
1.049632
1.013962
0.978309
0.942681
0.907065
0.871482
0.835908
0.800370
0.764844
0.729348
0.693875
0.658425
0.623007
0.587604
0.552247
0.516899
0.481600
0.446318
0.411076
0.375864
0.340682
0.305545
0.270427
0.235372
0.200331
0.165354
0.126894
0.081064
0.040864
0.005794
-0.020907
-0.044447
-0.078283
-0.112900
-0.147428
-0.181919
-0.216337
-0.250690
-0.284989
-0.303301
-0.315948
-0.360506
-0.403598
-0.425921
-0.452369
-0.486620
-0.520793
-0.554900
-0.588890
-0.622841
-0.656629
-0.690380
-0.723973
-0.757493
-0.790881
-0.824143
-0.857306
-0.902367
-0.951119
-0.969020
-0.988439
-1.020778
-1.052993
-1.084997
-1.116787
-1.148417
-1.179724
-1.210938
-1.241696
-1.272350
-1.302576
-1.332577
-1.362217
-1.391469
-1.420448
-1.448839
-1.477072
-1.504470
-1.531676
-1.558112
-1.584120
-1.609474
-1.634096
-1.658225
-1.681245
-1.703983
-1.725161
-1.745977
-1.765394
-1.784008
-1.801456
-1.817570
-1.832832
-1.846142
-1.858963
-1.869218
-1.878866
-1.886335
-1.892574
-1.897116
-1.899778
-1.901303
-1.870148
-1.833037
-1.828839
-1.824014
-1.817097
-1.809051
-1.799529
-1.788443
-1.776460
-1.762558
-1.748198
-1.731814
-1.714963
-1.696654
-1.677569
-1.657518
-1.636451
-1.614832
-1.592018
-1.568927
-1.544648
-1.520082
-1.494683
-1.468826
-1.442429
-1.415444
-1.388157
-1.360186
-1.332060
-1.303273
-1.274316
-1.244896
-1.215209
-1.185222
-1.154894
-1.124399
-1.093504
-1.062520
-1.031157
-0.999689
-0.967954
-0.936056
-0.903985
-0.871705
-0.839329
-0.806706
-0.774030
-0.741125
-0.708151
-0.675015
-0.641775
-0.608428
-0.574946
-0.541406
-0.494533
-0.447710
-0.414216
-0.380672
-0.347010
-0.313268
-0.279450
-0.235566
-0.187576
-0.152572
-0.118794
-0.084893
-0.050950
-0.016919
0.017175
0.051327
0.085561
0.119826
0.154189
0.188573
0.223043
0.257544
0.292107
0.326717
0.361367
0.396078
0.430811
0.465616
0.500436
0.535319
0.574084
0.620299
0.654268
0.678022
0.710242
0.745319
0.780452
0.815596
0.850787
0.885996
0.921238
0.956508
0.991800
1.027128
1.062467
1.097848
1.133239
1.168664
1.204105
1.239571
1.275059
1.310563
1.346095
1.381636
1.417211
1.452793
1.488402
1.524023
1.559664
1.595322
1.630994
1.666688
1.702388
1.738115
1.773849
1.809603
1.845368
1.881148
1.869735
1.826203
1.826203
1.785229
1.744253
1.704105
1.669666
1.635231
1.600810
1.566396
1.531994
1.497602
1.463220
1.428852
1.394491
1.360147
1.325808
1.291489
1.257174
1.222882
1.188594
1.154328
1.120069
1.085830
1.051602
1.017391
0.983196
0.949015
0.909967
0.868253
0.853416
0.846482
0.871175
0.899570
0.934115
0.967846
0.997058
1.007091
0.967613
0.942458
0.938272
0.952999
0.984334
1.018011
1.052900
1.087793
1.122687
1.091351
1.055035
1.052850
1.056565
1.090011
1.113415
1.112493
1.111829
1.111522
1.092445
1.057727
1.023445
0.989376
0.955851
0.922464
0.889743
0.856959
0.822029
0.787101
0.752176
0.718210
0.686429
0.653321
0.618468
0.583619
0.548774
0.516723
0.485956
0.451962
0.417220
0.387188
0.357149
0.322544
0.287943
0.253358
0.218779
0.184214
0.152463
0.124224
0.092483
0.058117
0.023774
-0.010559
-0.044863
-0.079161
-0.105961
-0.132970
-0.166982
-0.199105
-0.223885
-0.251602
-0.285247
-0.313994
-0.336940
-0.365868
-0.399049
-0.423490
-0.444379
-0.475076
-0.507673
-0.526757
-0.546548
-0.578419
-0.606838
-0.622843
-0.643999
-0.674972
-0.697546
-0.710678
-0.733812
-0.763687
-0.779137
-0.789089
-0.814858
-0.843405
-0.871516
-0.897250
-0.902573
-0.907285
-0.909958
-0.911676
-0.911676
-0.923156
-0.946886
-0.953621
-0.949508
-0.964240
-0.985696
-1.006377
-1.026936
-1.046541
-1.066016
-1.084579
-1.102873
-1.120332
-1.125702
-1.110499
-1.110019
-1.124455
-1.138083
-1.151224
-1.163343
-1.175123
-1.185654
-1.196005
-1.204878
-1.209079
-1.181978
-1.163239
-1.168741
-1.173651
-1.177605
-1.180758
-1.183140
-1.184513
-1.185309
-1.184890
-1.184094
-1.181887
-1.179479
-1.175525
-1.171350
-1.165847
-1.159936
-1.152918
-1.131908
-1.089567
-1.064380
-1.054855
-1.044464
-1.033606
-1.021753
-1.009612
-0.996360
-0.982955
-0.968410
-0.953690
-0.938026
-0.922063
-0.905338
-0.888201
-0.870471
-0.852233
-0.833553
-0.814281
-0.794706
-0.774467
-0.754049
-0.732906
-0.711665
-0.689712
-0.667640
-0.644988
-0.622143
-0.598836
-0.575271
-0.551351
-0.527115
-0.502620
-0.477762
-0.452728
-0.466982
-0.490940
-0.489658
-0.483888
-0.434526
-0.389239
-0.362287
-0.328444
-0.279149
-0.241504
-0.218985
-0.194065
-0.167271
-0.140216
-0.113044
-0.125618
-0.147219
-0.141521
-0.132674
-0.103955
-0.075180
-0.046172
-0.017076
0.012204
0.041598
0.071134
0.111476
0.159817
0.195041
0.224677
0.254499
0.284360
0.314422
0.344511
0.374783
0.405094
0.435555
0.466075
0.496714
0.519944
0.534511
0.558888
0.590148
0.621509
0.652911
0.671954
0.688659
0.706541
0.721510
0.708087
0.702026
0.721953
0.742274
0.763334
0.790116
0.823246
0.849942
0.872359
0.871065
0.860879
0.880075
0.904299
0.929481
0.951121
0.943080
0.935182
0.927754
0.932960
0.960586
0.971803
0.965733
0.938786
0.898695
0.910360
0.940187
0.940528
0.936342
0.932788
0.925119
0.887277
0.858204
0.855895
0.866903
0.900259
0.933962
0.968014
1.002480
1.037192
1.045992
1.046305
1.016366
0.982301
0.948914
0.915623
0.882955
0.849701
0.814771
0.781033
0.749187
0.735604
0.739360
0.765748
0.804888
0.844404
0.884035
0.919214
0.953860
0.988519
1.023180
1.057852
1.092527
1.127211
1.161900
1.196597
1.231299
1.266006
1.300720
1.335438
1.370164
1.404892
1.439629
1.473393
1.478151
1.482996
1.488302
1.493762
1.499612
1.488830
1.454347
1.419873
1.385408
1.355416
1.327671
1.327657
1.334918
1.304086
1.269892
1.235723
1.201561
1.167422
1.133293
1.099186
1.065093
1.031019
0.996963
0.962924
0.928908
0.894905
0.860933
0.826968
0.793041
0.759119
0.725238
0.691365
0.657529
0.623708
0.589920
0.556155
0.522418
0.488712
0.455030
0.421387
0.387763
0.354188
0.320624
0.287123
0.253630
0.220201
0.186787
0.153433
0.116634
0.072668
0.033452
0.000008
-0.033389
-0.066752
-0.100056
-0.133333
-0.156742
-0.178147
-0.210447
-0.243216
-0.275873
-0.311192
-0.356461
-0.397498
-0.430233
-0.462904
-0.495502
-0.528011
-0.560459
-0.592790
-0.625074
-0.657208
-0.689314
-0.721230
-0.753120
-0.784815
-0.816457
-0.847916
-0.879282
-0.910479
-0.941539
-0.972446
-1.003160
-1.033747
-1.064074
-1.094304
-1.124192
-1.154024
-1.183419
-1.212751
-1.241639
-1.270394
-1.298721
-1.326819
-1.354515
-1.381861
-1.408845
-1.435331
-1.461509
-1.487008
-1.512274
-1.536640
-1.560872
-1.583937
-1.606835
-1.628571
-1.642558
-1.633298
-1.634116
-1.651614
-1.668187
-1.683846
-1.698234
-1.711876
-1.723861
-1.735313
-1.744689
-1.753766
-1.760377
-1.766633
-1.770646
-1.773957
-1.775302
-1.775599
-1.774254
-1.771532
-1.767519
-1.761836
-1.755226
-1.746698
-1.737597
-1.726390
-1.714888
-1.701246
-1.687303
-1.671644
-1.655478
-1.637979
-1.619811
-1.600647
-1.580691
-1.560029
-1.538486
-1.516481
-1.493537
-1.470333
-1.446155
-1.421846
-1.396617
-1.371250
-1.345171
-1.318874
-1.292037
-1.264919
-1.237406
-1.209565
-1.181448
-1.152968
-1.124308
-1.095263
-1.066118
-1.036570
-1.006969
-0.976994
-0.946957
-0.916627
-0.886199
-0.855548
-0.824771
-0.793828
-0.762739
-0.731531
-0.700158
-0.668709
-0.637082
-0.605413
-0.573556
-0.541674
-0.509618
-0.477531
-0.445307
-0.413033
-0.380652
-0.342352
-0.296565
-0.268787
-0.254696
-0.228182
-0.196211
-0.164113
-0.131989
-0.099728
-0.067451
-0.035050
-0.002624
0.029900
0.062463
0.095103
0.127792
0.160540
0.193348
0.226197
0.259113
0.292058
0.325076
0.358109
0.391223
0.424346
0.457541
0.490752
0.524021
0.557314
0.590652
0.624021
0.657426
0.690867
0.724333
0.765317
0.809214
0.835579
0.858788
0.892150
0.925787
0.959470
0.993163
1.026893
1.060638
1.094412
1.132697
1.175859
1.213279
1.246983
1.280720
1.314468
1.348252
1.382041
1.415869
1.449702
1.483568
1.517442
1.551344
1.585259
1.619195
1.649078
1.674801
1.679772
1.672032
1.690317
1.717426
1.717426
