1.958693
1.922458
1.881377
1.839690
1.826631
1.811986
1.771887
1.731795
1.691712
1.651638
1.611572
1.571514
1.531467
1.491429
1.451400
1.411381
1.371374
1.328892
1.282467
1.236646
1.272319
1.293340
1.288234
1.285406
1.322496
1.323572
1.333711
1.373376
1.410594
1.449574
1.490027
1.458733
1.470300
1.464514
1.483902
1.523409
1.532448
1.491905
1.451968
1.419505
1.401994
1.361347
1.322983
1.313035
1.311369
1.297446
1.257056
1.230328
1.232291
1.205563
1.167944
1.130815
1.092004
1.051629
1.014403
0.975765
0.940071
0.936657
0.896460
0.856270
0.816088
0.780436
0.741952
0.705140
0.665106
0.625084
0.587173
0.550540
0.510624
0.476630
0.436822
0.401526
0.363710
0.324043
0.287848
0.251815
0.219771
0.182661
0.149059
0.109862
0.071348
0.040267
0.006840
-0.019982
-0.055970
-0.085551
-0.123867
-0.162118
-0.198258
-0.227154
-0.265008
-0.291156
-0.312757
-0.339955
-0.376839
-0.413242
-0.436185
-0.472459
-0.496430
-0.528219
-0.524727
-0.512823
-0.533423
-0.565831
-0.606964
-0.640084
-0.668130
-0.679992
-0.688980
-0.724662
-0.743027
-0.733889
-0.780673
-0.795794
-0.751450
-0.747528
-0.745182
-0.792766
-0.846286
-0.838828
-0.837588
-0.865498
-0.862713
-0.850312
-0.876460
-0.878733
-0.901692
-0.925855
-0.949455
-0.972473
-0.967753
-0.989094
-0.988216
-1.001620
-1.011879
-1.009771
-1.026903
-1.072706
-1.088445
-1.103374
-1.090807
-1.095716
-1.093924
-1.123244
-1.133461
-1.136429
-1.119344
-1.126469
-1.132654
-1.137730
-1.141838
-1.120048
-1.147118
-1.138349
-1.134329
-1.147239
-1.145262
-1.142202
-1.138174
-1.133185
-1.127149
-1.107116
-1.101921
-1.103230
-1.093314
-1.082478
-1.070773
-1.058217
-1.022213
-1.030346
-1.015212
-0.997914
-0.953354
-0.936118
-0.918180
-0.902335
-0.908096
-0.887757
-0.866792
-0.841019
-0.796146
-0.791604
-0.776733
-0.726938
-0.702765
-0.678104
-0.652970
-0.633697
-0.625507
-0.598679
-0.571432
-0.543740
-0.502341
-0.463647
-0.435489
-0.407157
-0.378487
-0.349489
-0.320142
-0.290471
-0.293049
-0.322699
-0.368877
-0.356153
-0.325888
-0.295337
-0.258952
-0.212777
-0.181643
-0.150252
-0.118589
-0.086697
-0.054582
-0.022236
0.010337
0.043109
0.076074
0.106267
0.117021
0.140767
0.174879
0.192256
0.226894
0.261673
0.296590
0.331660
0.366857
0.389780
0.422250
0.457994
0.468346
0.449785
0.428292
0.385024
0.386286
0.406305
0.427289
0.449175
0.479988
0.506680
0.533057
0.551245
0.537866
0.555837
0.584838
0.601919
0.590317
0.607993
0.578796
0.589412
0.606529
0.640275
0.643445
0.654334
0.646390
0.677031
0.700668
0.693901
0.687577
0.675494
0.633172
0.611668
0.639320
0.678641
0.679907
0.687539
0.658783
0.617503
0.573958
0.558471
0.556305
0.567166
0.607032
0.617452
0.579433
0.538438
0.497915
0.520166
0.561498
0.601649
0.641801
0.682339
0.674136
0.634374
0.595864
0.624435
0.638345
0.662843
0.639006
0.602629
0.562353
0.524679
0.485797
0.445592
0.405395
0.368390
0.329542
0.289434
0.249337
0.209252
0.169179
0.129121
0.089076
0.049045
0.009029
-0.029056
-0.065391
-0.100005
-0.095901
-0.099696
-0.134860
-0.174278
-0.192360
-0.146529
-0.107340
-0.090404
-0.043150
-0.004112
0.034967
0.074086
0.113249
0.152448
0.185193
0.223857
0.270258
0.309595
0.348961
0.388359
0.427787
0.467242
0.506722
0.546230
0.589072
0.632476
0.671971
0.711494
0.751039
0.790606
0.837229
0.876764
0.916320
0.955897
0.995494
1.035113
1.074751
1.114406
1.154081
1.196493
1.240067
1.286065
1.326104
1.365736
1.364719
1.327018
1.285679
1.240870
1.201297
1.161744
1.122213
1.082703
1.043214
1.003748
0.964306
0.924887
0.892413
0.893136
0.853947
0.814788
0.775658
0.736564
0.697502
0.658475
0.619481
0.580529
0.541613
0.495618
0.463900
0.425110
0.380936
0.338178
0.299404
0.260678
0.222000
0.183369
0.144794
0.106275
0.067810
0.029402
-0.008940
-0.047217
-0.085431
-0.123577
-0.161642
-0.199634
-0.237549
-0.276025
-0.324757
-0.355671
-0.388328
-0.425784
-0.463129
-0.500368
-0.537496
-0.574494
-0.611362
-0.648100
-0.684702
-0.721140
-0.757422
-0.793543
-0.829496
-0.865240
-0.900795
-0.936150
-0.970576
-0.999712
-1.036269
-1.027203
-1.055188
-1.089440
-1.123415
-1.157097
-1.184978
-1.233505
-1.267227
-1.300617
-1.333596
-1.366181
-1.398355
-1.430087
-1.461267
-1.491936
-1.522060
-1.551572
-1.580371
-1.608487
-1.635874
-1.662415
-1.688030
-1.712736
-1.736472
-1.759048
-1.780439
-1.800638
-1.819574
-1.836963
-1.852890
-1.867315
-1.880151
-1.891075
-1.900287
-1.907733
-1.913285
-1.916756
-1.918355
-1.918072
-1.915755
-1.911405
-1.905220
-1.897237
-1.887303
-1.875590
-1.862257
-1.847371
-1.830787
-1.812782
-1.793460
-1.772875
-1.750943
-1.727927
-1.703893
-1.678861
-1.652836
-1.625991
-1.598379
-1.569994
-1.540889
-1.511171
-1.480879
-1.449990
-1.418581
-1.386711
-1.354410
-1.321646
-1.288504
-1.255013
-1.221188
-1.187012
-1.152551
-1.117823
-1.082831
-1.047575
-1.012099
-0.976415
-0.940518
-0.904421
-0.868152
-0.831719
-0.795112
-0.758352
-0.721454
-0.684425
-0.647253
-0.609962
-0.562985
-0.539480
-0.502358
-0.465124
-0.427784
-0.393953
-0.398518
-0.368150
-0.320285
-0.299413
-0.261635
-0.223775
-0.185837
-0.147813
-0.109715
-0.071548
-0.033315
0.004992
0.043359
0.081785
0.120268
0.158812
0.197408
0.236053
0.274748
0.313495
0.352285
0.391118
0.429996
0.468916
0.507874
0.546869
0.585904
0.624974
0.670292
0.711695
0.750772
0.789880
0.829019
0.868188
0.907390
0.946620
0.985877
1.025161
1.064474
1.103811
1.143171
1.181439
1.214576
1.254080
1.293604
1.338869
1.372716
1.412299
1.451900
1.491521
1.531159
1.570812
1.610482
1.650170
1.689872
1.729589
1.769321
1.809068
1.848828
1.888601
1.927450
1.964694
1.990709
1.986815
1.972668
1.940498
1.956905
1.640559
1.605464
1.570572
1.536798
1.504496
1.469975
1.435698
1.416391
1.419582
1.450476
1.481702
1.478855
1.453400
1.453215
1.453369
1.453779
1.454445
1.455371
1.456663
1.436253
1.405905
1.375682
1.343540
1.311399
1.279260
1.247122
1.214986
1.185023
1.155746
1.125381
1.090240
1.057864
1.025774
0.994616
0.965737
0.933755
0.901720
0.869688
0.837660
0.805637
0.773618
0.743336
0.723728
0.760018
0.740183
0.708293
0.676410
0.644535
0.608547
0.574764
0.542843
0.510930
0.483699
0.478124
0.470237
0.438242
0.401057
0.364133
0.331651
0.304297
0.272535
0.240786
0.209048
0.178513
0.152843
0.121914
0.090342
0.058786
0.027248
-0.010527
-0.044343
-0.073601
-0.097193
-0.089831
-0.110684
-0.141947
-0.172226
-0.194978
-0.192110
-0.182732
-0.167197
-0.126439
-0.148348
-0.184773
-0.220124
-0.239953
-0.258703
-0.284653
-0.310263
-0.327395
-0.343315
-0.368694
-0.391602
-0.405644
-0.418460
-0.408191
-0.391732
-0.382873
-0.410135
-0.437206
-0.464118
-0.486119
-0.493993
-0.476259
-0.485564
-0.517575
-0.562387
-0.587709
-0.597993
-0.610275
-0.634462
-0.658304
-0.699215
-0.734190
-0.757578
-0.780596
-0.782962
-0.757345
-0.728255
-0.749860
-0.793826
-0.823936
-0.844760
-0.865184
-0.885001
-0.904360
-0.912676
-0.908900
-0.953459
-0.976565
-0.993162
-1.009189
-1.024498
-1.039039
-1.052934
-1.066165
-1.078641
-1.090161
-1.100941
-1.110966
-1.120221
-1.128328
-1.135613
-1.142067
-1.147678
-1.152145
-1.155643
-1.158261
-1.159995
-1.160639
-1.133036
-1.133968
-1.163898
-1.192677
-1.161551
-1.143853
-1.137779
-1.130857
-1.153530
-1.154159
-1.144118
-1.136141
-1.166232
-1.196191
-1.226021
-1.253738
-1.269419
-1.307962
-1.335710
-1.352704
-1.380679
-1.408272
-1.435538
-1.462450
-1.488973
-1.494952
-1.482360
-1.460653
-1.438272
-1.415065
-1.391271
-1.397985
-1.436652
-1.431432
-1.408833
-1.382282
-1.355376
-1.328097
-1.300443
-1.272530
-1.244373
-1.215981
-1.187303
-1.158443
-1.129411
-1.100217
-1.070822
-1.031621
-0.988885
-0.947711
-0.918580
-0.899709
-0.876398
-0.846523
-0.816538
-0.786440
-0.749609
-0.714202
-0.695280
-0.665237
-0.634743
-0.604187
-0.573162
-0.532404
-0.499138
-0.468575
-0.437959
-0.407278
-0.376542
-0.340945
-0.310026
-0.319678
-0.301350
-0.274093
-0.242969
-0.211812
-0.180613
-0.149386
-0.118131
-0.086851
-0.055535
-0.024194
0.007169
0.037827
0.062407
0.092561
0.124135
0.155725
0.187333
0.218960
0.250600
0.282254
0.313922
0.345607
0.377304
0.409013
0.440864
0.478385
0.511722
0.543391
0.575072
0.606768
0.638475
0.670193
0.701921
0.733661
0.770306
0.804541
0.836233
0.867937
0.899653
0.931379
0.964951
1.001977
1.008093
1.032184
1.061430
1.087623
1.119333
1.151052
1.182781
1.215444
1.252869
1.285391
1.314059
1.341555
1.373335
1.405123
1.394234
1.357414
1.321067
1.348591
1.376449
1.404632
1.433383
1.465433
1.470358
1.467394
1.459726
1.425179
1.418113
1.433556
1.456777
1.455482
1.484185
1.515709
1.547493
1.579535
1.579859
1.580283
1.580956
1.579524
1.547319
1.516090
1.514527
1.538768
1.506596
1.476126
1.463180
1.472720
1.507577
1.513483
1.495378
1.463326
1.431276
1.399230
1.367186
1.335146
1.303109
1.271076
1.241872
1.213815
1.190435
1.195020
1.169439
1.137582
1.104727
1.068124
1.031790
1.000730
0.971996
0.940119
0.908250
0.876389
0.844534
0.812686
0.780848
0.749019
0.717197
0.685383
0.653579
0.621786
0.592866
0.573210
0.579295
0.557664
0.533135
0.517730
0.525428
0.503471
0.501447
0.510362
0.517852
0.487065
0.456311
0.429899
0.408146
0.377656
0.356039
0.367077
0.394751
0.364655
0.334620
0.304635
0.274700
0.244819
0.215015
0.185267
0.160031
0.142973
0.113648
0.084398
0.055220
0.024603
-0.018312
-0.050190
-0.086095
-0.126468
-0.155609
-0.184643
-0.213587
-0.238662
-0.252795
-0.294229
-0.328307
-0.352631
-0.367975
-0.411280
-0.444151
-0.472829
-0.500028
-0.514756
-0.528976
-0.556932
-0.599698
-0.642295
-0.673469
-0.710211
-0.749496
-0.778941
-0.808236
-0.846013
-0.884378
-0.913692
-0.942823
-0.971811
-1.000651
-1.029336
-1.057799
-1.073294
-1.092512
-1.119811
-1.146812
-1.173477
-1.199846
-1.225904
-1.251597
-1.276793
-1.301583
-1.325943
-1.349848
-1.373026
-1.395635
-1.427037
-1.470598
-1.491943
-1.512435
-1.532102
-1.550893
-1.568521
-1.584849
-1.600032
-1.614006
-1.626555
-1.637245
-1.627121
-1.612837
-1.618498
-1.621934
-1.623792
-1.624066
-1.622751
-1.619320
-1.614185
-1.607544
-1.594942
-1.554626
-1.538832
-1.526832
-1.513669
-1.499264
-1.483510
-1.466808
-1.449204
-1.430730
-1.411142
-1.407163
-1.400960
-1.378545
-1.355367
-1.331636
-1.307433
-1.282783
-1.257624
-1.232022
-1.196215
-1.155197
-1.129194
-1.102809
-1.076154
-1.049244
-1.022083
-1.010445
-0.987766
-0.959432
-0.930929
-0.902214
-0.873345
-0.838205
-0.796911
-0.767996
-0.738935
-0.709759
-0.680471
-0.651062
-0.621526
-0.591899
-0.562183
-0.532379
-0.502464
-0.472476
-0.442416
-0.412288
-0.382071
-0.351790
-0.325863
-0.304501
-0.273828
-0.243103
-0.207458
-0.166920
-0.126161
-0.094466
-0.063892
-0.033275
-0.002614
0.037638
0.078431
0.108941
0.120853
0.162279
0.182012
0.201343
0.232649
0.274449
0.316384
0.343769
0.359434
0.389092
0.429822
0.457867
0.478428
0.508312
0.538261
0.568256
0.598295
0.628378
0.658520
0.688704
0.718926
0.749188
0.779497
0.809848
0.840232
0.870651
0.901109
0.922814
0.926327
0.916692
0.907353
0.927665
0.955453
0.963479
0.925131
0.948386
0.977350
1.008657
1.039981
1.071326
1.053486
1.018621
0.985207
0.978194
0.998679
1.030859
1.067326
1.098866
1.124555
1.153821
1.185476
1.217140
1.248818
1.276574
1.304885
1.336655
1.368434
1.396302
1.425430
1.457288
1.489153
1.521025
1.552902
1.583750
1.611205
1.609481
1.625368
1.625368
1.552206
1.520003
1.487799
1.455596
1.423393
1.391190
1.359311
1.327888
1.296039
1.263849
1.231101
1.198106
1.165544
1.133069
1.132391
1.132723
1.133542
1.142486
1.176015
1.184852
1.154593
1.124660
1.095019
1.063753
1.031667
0.999585
0.967503
0.935426
0.903349
0.871277
0.839206
0.807138
0.776286
0.747612
0.717290
0.685299
0.653314
0.621332
0.589357
0.557384
0.529365
0.501506
0.469643
0.437783
0.405935
0.374092
0.342259
0.310435
0.278619
0.246814
0.215016
0.187451
0.161334
0.130349
0.098725
0.067128
0.035537
0.003971
-0.025477
-0.049980
-0.073959
-0.097268
-0.129798
-0.169077
-0.202584
-0.233804
-0.264976
-0.296139
-0.327244
-0.358339
-0.389377
-0.417840
-0.439372
-0.447850
-0.437519
-0.455301
-0.496236
-0.530003
-0.560504
-0.590914
-0.621304
-0.651576
-0.680584
-0.698658
-0.716258
-0.732372
-0.736871
-0.722469
-0.722123
-0.734784
-0.757320
-0.784988
-0.812398
-0.839742
-0.866753
-0.893712
-0.920307
-0.942650
-0.949274
-0.962365
-0.987379
-1.001479
-1.004233
-1.019798
-1.042916
-1.047194
-1.045772
-1.064582
-1.084273
-1.078447
-1.077069
-1.095437
-1.113472
-1.130808
-1.134563
-1.122457
-1.108710
-1.093869
-1.099295
-1.111889
-1.123353
-1.134637
-1.144590
-1.149478
-1.126726
-1.112634
-1.119380
-1.139274
-1.176434
-1.194658
-1.198651
-1.178690
-1.148930
-1.145068
-1.145834
-1.145087
-1.144129
-1.141835
-1.139141
-1.135335
-1.143675
-1.169992
-1.178217
-1.171149
-1.163081
-1.154543
-1.144846
-1.134894
-1.123645
-1.112214
-1.099620
-1.086738
-1.072922
-1.058675
-1.043707
-1.028183
-1.012132
-0.995419
-0.978352
-0.981210
-0.989354
-0.971782
-0.950504
-0.905251
-0.865110
-0.844616
-0.823876
-0.802670
-0.781143
-0.759276
-0.737025
-0.714544
-0.674502
-0.628954
-0.603665
-0.580607
-0.557063
-0.533436
-0.509422
-0.491725
-0.487693
-0.473969
-0.448628
-0.423070
-0.397364
-0.371409
-0.345363
-0.319042
-0.292846
-0.283740
-0.271929
-0.244593
-0.212377
-0.168040
-0.130903
-0.103475
-0.084964
-0.073334
-0.050043
-0.021832
-0.005859
0.007816
0.036407
0.066993
0.110124
0.146017
0.161095
0.181819
0.211126
0.217828
0.204919
0.212629
0.230302
0.267609
0.309436
0.339916
0.369828
0.399825
0.429843
0.459929
0.490046
0.520216
0.550425
0.580674
0.564877
0.523755
0.506806
0.496522
0.515245
0.536999
0.567892
0.598795
0.629739
0.657855
0.680451
0.707150
0.738340
0.769554
0.800781
0.832035
0.863298
0.894590
0.925888
0.957216
0.988549
1.019907
1.051274
1.082661
1.114060
1.145474
1.172984
1.197749
1.227454
1.259025
1.290614
1.322206
1.353817
1.380107
1.374234
1.377424
1.403849
1.417179
1.412377
1.407851
1.403545
1.421893
1.450098
1.481490
1.513509
1.479972
1.448370
1.445613
1.442981
1.440722
1.438658
1.436900
1.452437
1.483371
1.514657
1.546117
1.577983
1.609946
1.581488
1.552267
1.552999
1.546678
1.515724
1.496579
1.498310
1.500288
1.502513
1.484568
1.455215
1.423754
1.391690
1.362707
1.335791
1.339659
1.349795
1.386047
1.401283
1.374283
1.345027
1.313238
1.284841
1.258617
1.228317
1.196647
1.170549
1.145002
1.113475
1.081951
1.050447
1.018950
0.987470
0.953038
0.914876
0.880555
0.849008
0.812893
0.774996
0.742489
0.710872
0.679278
0.647688
0.616119
0.586444
0.561783
0.537509
0.513787
0.485948
0.454763
0.423607
0.392465
0.361362
0.330265
0.307917
0.285978
0.265035
0.241744
0.211227
0.176787
0.136049
0.106118
0.086060
0.086688
0.097911
0.076148
0.046138
0.016229
-0.012680
-0.029733
-0.049447
-0.078809
-0.108120
-0.137337
-0.166478
-0.195540
-0.224496
-0.253390
-0.282146
-0.310861
-0.352846
-0.395442
-0.424150
-0.452819
-0.481319
-0.509745
-0.538019
-0.560236
-0.575473
-0.590206
-0.604608
-0.618362
-0.631891
-0.670814
-0.712931
-0.742503
-0.772045
-0.801426
-0.830744
-0.859912
-0.888978
-0.917911
-0.946694
-0.975365
-1.003827
-1.032205
-1.060304
-1.088354
-1.116038
-1.143666
-1.170931
-1.198071
-1.224866
-1.251444
-1.277706
-1.303638
-1.329293
-1.354476
-1.379440
-1.403753
-1.427927
-1.451230
-1.474395
-1.496627
-1.518576
-1.539619
-1.560151
-1.579836
-1.598720
-1.616855
-1.633837
-1.650213
-1.665016
-1.679410
-1.691745
-1.703758
-1.713515
-1.716068
-1.691469
-1.676831
-1.680822
-1.683522
-1.684862
-1.684525
-1.683185
-1.679818
-1.675827
-1.669512
-1.662846
-1.653835
-1.644410
-1.633109
-1.621134
-1.607722
-1.593431
-1.578100
-1.561735
-1.544673
-1.526474
-1.507864
-1.488053
-1.468053
-1.446851
-1.425485
-1.403206
-1.380651
-1.357422
-1.333833
-1.309765
-1.285277
-1.260468
-1.235197
-1.209733
-1.183779
-1.157735
-1.131183
-1.104567
-1.077549
-1.050424
-1.022996
-0.995422
-0.967629
-0.939658
-0.911537
-0.883215
-0.854798
-0.826165
-0.797482
-0.768570
-0.738321
-0.695227
-0.652082
-0.608765
-0.565377
-0.521867
-0.486008
-0.457508
-0.428873
-0.400165
-0.371305
-0.342405
-0.300343
-0.260885
-0.274468
-0.279531
-0.251188
-0.222779
-0.194241
-0.165616
-0.136896
-0.108071
-0.079181
-0.050172
-0.021124
0.008056
0.037256
0.066589
0.095945
0.125407
0.154907
0.184491
0.181686
0.139555
0.133047
0.151261
0.178215
0.208417
0.238694
0.268984
0.299354
0.328273
0.348640
0.371947
0.402670
0.433417
0.464200
0.495015
0.525854
0.556731
0.587624
0.618559
0.649503
0.680493
0.711489
0.742526
0.771510
0.794497
0.820740
0.852003
0.883283
0.914580
0.945897
0.977225
1.008578
1.039936
1.034900
1.030684
1.055819
1.081126
1.107022
1.137108
1.174497
1.209009
1.240679
1.272360
1.304048
1.335748
1.367452
1.394302
1.421040
1.452855
1.471204
1.434587
1.408810
1.404504
1.387091
1.355144
1.320794
1.284926
1.297545
1.326187
1.357872
1.389932
1.421996
1.453606
1.482959
1.513158
1.545271
1.547803
1.513465
1.498165
1.496434
1.495059
1.493821
1.493821
1.609851
1.563323
1.556758
1.554973
1.522725
1.478289
1.433952
1.389442
1.358861
1.359219
1.360032
1.361718
1.407409
1.373576
1.367972
1.371104
1.374687
1.378720
1.383202
1.372655
1.328977
1.285306
1.241747
1.203608
1.160460
1.116884
1.077833
1.036682
0.993212
0.952745
0.916583
0.877442
0.827404
0.784090
0.740792
0.697512
0.661069
0.620112
0.577000
0.533909
0.490842
0.450960
0.415180
0.372324
0.329499
0.286707
0.243950
0.201227
0.158539
0.123060
0.085653
0.043264
0.000923
-0.041369
-0.083609
-0.125794
-0.167920
-0.197369
-0.237167
-0.278859
-0.320474
-0.362009
-0.396505
-0.427857
-0.468831
-0.509697
-0.549457
-0.572709
-0.594403
-0.614586
-0.633218
-0.664784
-0.690476
-0.705387
-0.718601
-0.730088
-0.739819
-0.749647
-0.783880
-0.789985
-0.793360
-0.770752
-0.781781
-0.794622
-0.792609
-0.801362
-0.820433
-0.809158
-0.774395
-0.739282
-0.798567
-0.828635
-0.853789
-0.853079
-0.861082
-0.883713
-0.905619
-0.926776
-0.939832
-0.923122
-0.941441
-0.958840
-1.011681
-1.003720
-1.005758
-1.019564
-1.032417
-1.061023
-1.102112
-1.112262
-1.121361
-1.129389
-1.092845
-1.093961
-1.098457
-1.101867
-1.104183
-1.105402
-1.105522
-1.104542
-1.102464
-1.099292
-1.094782
-1.045766
-1.001675
-1.023269
-1.028696
-1.020402
-1.032894
-1.047611
-1.022901
-0.977315
-0.964149
-0.950061
-0.934991
-0.919031
-0.902216
-0.884568
-0.866109
-0.826466
-0.800250
-0.806087
-0.792997
-0.803751
-0.780431
-0.756397
-0.698132
-0.657313
-0.629522
-0.604614
-0.579132
-0.553095
-0.526521
-0.491471
-0.438763
-0.443758
-0.415180
-0.386136
-0.383538
-0.384855
-0.345489
-0.299955
-0.268479
-0.236645
-0.204465
-0.171953
-0.139119
-0.105957
-0.072483
-0.014918
0.025976
0.059917
0.094121
0.128580
0.163284
0.198225
0.233396
0.268789
0.304407
0.340243
0.376279
0.412507
0.448922
0.485517
0.522286
0.559225
0.596328
0.633590
0.671005
0.708575
0.746299
0.765161
0.798203
0.822556
0.852096
0.863178
0.842998
0.823230
0.810708
0.832965
0.872904
0.856407
0.838784
0.853123
0.849685
0.857334
0.890214
0.931444
0.972736
1.014085
1.055492
1.096955
1.138475
1.180047
1.221669
1.225274
1.236360
1.271531
1.292342
1.279892
1.275962
1.302984
1.291958
1.323846
1.318400
1.308844
1.329696
1.338486
1.312795
1.266387
1.241165
1.278478
1.312394
1.262122
1.255651
1.210279
1.231213
1.238991
1.207850
1.182069
1.160450
1.113304
1.075776
1.078251
1.119294
1.073998
1.029925
0.985290
0.940888
0.951086
0.995188
1.039154
1.055412
1.012396
0.969903
0.929788
0.976201
1.020282
1.030537
0.999634
0.958073
0.918230
0.876909
0.833180
0.789457
0.745739
0.702028
0.658324
0.614627
0.570937
0.527253
0.487037
0.449250
0.412205
0.390507
0.387937
0.351857
0.308755
0.265679
0.222629
0.179606
0.136610
0.099956
0.090582
0.101378
0.098145
0.068041
0.045144
0.060807
0.116568
0.158874
0.200541
0.242271
0.284062
0.325911
0.367816
0.409775
0.451786
0.493848
0.535957
0.578115
0.620320
0.662568
0.704857
0.747186
0.789554
0.831959
0.874400
0.916876
0.959386
1.001927
1.044502
1.087109
1.102242
1.113673
1.097182
1.060150
1.018019
0.975929
0.933881
0.891877
0.849919
0.808008
0.766150
0.724342
0.682586
0.640884
0.599239
0.564786
0.526657
0.474657
0.433256
0.391922
0.350658
0.309473
0.268364
0.227334
0.186386
0.145522
0.104747
0.064064
0.023477
-0.017010
-0.059089
-0.116823
-0.139577
-0.177842
-0.217745
-0.243965
-0.275705
-0.314863
-0.353861
-0.392694
-0.431352
-0.472117
-0.531710
-0.570168
-0.608422
-0.646464
-0.684282
-0.721866
-0.759202
-0.796278
-0.833079
-0.869591
-0.908735
-0.969483
-1.005530
-1.041222
-1.097989
-1.140675
-1.175791
-1.210482
-1.227041
-1.241624
-1.303083
-1.364484
-1.425817
-1.487068
-1.524739
-1.560107
-1.594931
-1.629168
-1.662766
-1.695672
-1.727824
-1.759158
-1.789604
-1.820302
-1.882337
-1.944350
-1.977776
-2.004549
-2.029840
-2.032686
-2.032620
-2.051529
-2.068433
-2.089337
-2.140354
-2.107956
-2.113067
-2.117874
-2.120070
-2.119632
-2.116567
-2.110907
-2.102709
-2.081453
-2.033180
-2.018767
-2.002224
-2.021018
-1.972770
-1.941317
-1.917770
-1.892790
-1.882012
-1.875593
-1.837578
-1.785611
-1.781586
-1.719434
-1.657279
-1.620935
-1.587973
-1.554363
-1.520152
-1.485386
-1.450104
-1.414344
-1.378142
-1.341527
-1.304519
-1.267130
-1.229414
-1.191393
-1.138432
-1.091061
-1.052747
-1.014182
-0.975380
-0.936355
-0.897121
-0.857687
-0.818051
-0.778242
-0.738270
-0.685709
-0.627310
-0.568713
-0.525253
-0.516650
-0.538815
-0.577252
-0.615486
-0.653484
-0.691256
-0.728791
-0.766075
-0.803096
-0.839839
-0.876288
-0.883195
-0.836239
-0.845558
-0.852848
-0.818515
-0.783819
-0.748779
-0.713412
-0.692894
-0.668950
-0.632247
-0.595285
-0.558077
-0.520634
-0.482968
-0.445070
-0.426524
-0.408475
-0.360839
-0.325402
-0.324175
-0.340372
-0.338734
-0.301094
-0.263255
-0.225227
-0.187002
-0.148599
-0.110031
-0.071304
-0.032424
0.006602
0.045768
0.085070
0.124501
0.161621
0.183370
0.223434
0.263606
0.303878
0.344246
0.384708
0.425260
0.465897
0.512246
0.565611
0.606275
0.647018
0.687842
0.728744
0.769717
0.810758
0.861997
0.901705
0.934275
0.975570
1.016924
1.058335
1.099801
1.141322
1.182899
1.212726
1.251119
1.256893
1.243953
1.217780
1.175660
1.133578
1.091537
1.049539
1.007586
0.965680
0.923822
0.882012
0.831182
0.783450
0.741620
0.694829
0.662118
0.693354
0.731664
0.719467
0.707806
0.733846
0.766073
0.805519
0.848374
0.845859
0.809799
0.812958
0.849233
0.892467
0.935718
0.978987
0.977484
1.004436
1.050350
1.096605
1.140019
1.183444
1.225020
1.263231
1.306764
1.350307
1.393860
1.432341
1.474777
1.484586
1.505722
1.549379
1.594082
1.607412
1.568327
1.568327
1.716045
1.681061
1.646265
1.611658
1.577377
1.564021
1.563087
1.562485
1.538647
1.514113
1.514317
1.514845
1.504297
1.472420
1.470073
1.471688
1.473536
1.441650
1.409993
1.379326
1.346509
1.315380
1.284972
1.252197
1.219425
1.186655
1.153888
1.123759
1.093346
1.060635
1.027928
0.995225
0.962526
0.933688
0.921241
0.924671
0.892111
0.856869
0.820168
0.787559
0.758142
0.729416
0.696901
0.664396
0.631898
0.599409
0.566932
0.536618
0.509925
0.483916
0.452094
0.413380
0.381071
0.348774
0.316489
0.284224
0.251974
0.219738
0.187522
0.160518
0.133728
0.101705
0.069709
0.037733
0.005782
-0.026135
-0.054303
-0.077543
-0.108980
-0.135602
-0.158112
-0.189444
-0.220735
-0.250379
-0.270593
-0.268848
-0.267025
-0.297638
-0.318227
-0.325996
-0.312521
-0.336326
-0.366085
-0.395758
-0.425287
-0.447192
-0.461118
-0.473575
-0.485132
-0.498014
-0.525659
-0.540723
-0.549008
-0.555954
-0.542537
-0.535550
-0.561082
-0.586317
-0.603029
-0.605710
-0.627933
-0.651672
-0.675172
-0.698209
-0.720976
-0.741205
-0.738302
-0.750534
-0.771403
-0.791781
-0.811705
-0.831278
-0.850359
-0.868874
-0.877173
-0.866632
-0.880094
-0.896126
-0.911698
-0.926435
-0.940690
-0.954458
-0.967355
-0.979665
-0.991444
-1.002367
-1.012570
-1.022201
-1.031009
-1.038957
-1.035911
-1.010095
-1.039216
-1.063365
-1.067595
-1.070690
-1.073129
-1.074911
-1.075521
-1.075425
-1.074669
-1.072843
-1.048483
-1.019287
-1.015205
-1.010268
-1.004717
-0.998374
-0.991112
-0.983263
-0.974748
-0.965270
-0.955239
-0.944657
-0.933101
-0.921023
-0.908434
-0.895018
-0.881043
-0.866599
-0.851464
-0.835748
-0.819604
-0.802894
-0.785592
-0.777408
-0.786344
-0.770065
-0.761788
-0.767681
-0.771667
-0.774585
-0.777978
-0.801500
-0.810092
-0.812561
-0.834522
-0.856077
-0.877306
-0.898061
-0.897602
-0.899350
-0.918224
-0.936453
-0.954261
-0.971604
-0.960688
-0.976476
-1.020958
-1.065235
-1.092056
-1.106150
-1.119341
-1.111215
-1.089863
-1.058825
-1.027691
-0.996490
-0.965208
-0.933837
-0.902414
-0.870932
-0.830456
-0.793841
-0.762468
-0.731008
-0.699505
-0.667958
-0.636344
-0.598799
-0.557831
-0.516547
-0.475010
-0.438862
-0.417722
-0.380231
-0.342446
-0.311105
-0.279702
-0.248264
-0.216788
-0.185252
-0.158312
-0.134910
-0.103083
-0.066059
-0.027051
0.004697
0.036476
0.068279
0.100115
0.131982
0.163871
0.195785
0.227730
0.259695
0.291679
0.323695
0.355727
0.387776
0.419853
0.451947
0.484055
0.516187
0.548335
0.580497
0.612678
0.644876
0.677086
0.709311
0.741555
0.773809
0.806075
0.838359
0.870653
0.903038
0.941769
0.973388
0.999949
1.032303
1.061007
1.088738
1.121200
1.153670
1.187628
1.225595
1.254656
1.281873
1.309456
1.337533
1.367660
1.400305
1.432956
1.446301
1.444716
1.473944
1.483352
1.475627
1.442839
1.408141
1.380671
1.378356
1.350554
1.337507
1.368904
1.343362
1.323201
1.322560
1.290826
1.290826
1.323973
1.357518
1.390688
1.415253
1.383403
1.396019
1.430051
1.462925
1.472294
1.484130
1.519212
1.499267
1.468093
1.435304
1.405446
1.376050
1.347917
1.384592
1.419022
1.448813
1.453150
1.430876
1.395530
1.367333
1.335937
1.304719
1.277137
1.245546
1.213053
1.180568
1.143414
1.108030
1.075497
1.042975
1.010459
0.977949
0.945450
0.912959
0.880474
0.848000
0.815535
0.783078
0.750631
0.718196
0.687754
0.661340
0.629778
0.597480
0.565194
0.532927
0.500673
0.468750
0.443579
0.437682
0.441160
0.417461
0.415661
0.424554
0.433857
0.419752
0.395302
0.364047
0.342018
0.334001
0.345367
0.328728
0.304443
0.273966
0.243574
0.206111
0.164409
0.133980
0.095457
0.054871
0.024401
0.003586
-0.017206
-0.047228
-0.077155
-0.112021
-0.155664
-0.186907
-0.210331
-0.225706
-0.254930
-0.292219
-0.334165
-0.348181
-0.371384
-0.402808
-0.447504
-0.492106
-0.532815
-0.561810
-0.590645
-0.624760
-0.669518
-0.700249
-0.711378
-0.698091
-0.740167
-0.784322
-0.828370
-0.872206
-0.907723
-0.937452
-0.967003
-0.996399
-1.025668
-1.054743
-1.070904
-1.087874
-1.115820
-1.143456
-1.170881
-1.198060
-1.224826
-1.251327
-1.277561
-1.303261
-1.328620
-1.353644
-1.378068
-1.402006
-1.425522
-1.448366
-1.470529
-1.492161
-1.513049
-1.532998
-1.552281
-1.570758
-1.587965
-1.604350
-1.619887
-1.633755
-1.646633
-1.658509
-1.668576
-1.677346
-1.684964
-1.690747
-1.694919
-1.697840
-1.699014
-1.698327
-1.685419
-1.649308
-1.640178
-1.633898
-1.626422
-1.617039
-1.606634
-1.595219
-1.582137
-1.568086
-1.553165
-1.536943
-1.519780
-1.501893
-1.483022
-1.463270
-1.442925
-1.421858
-1.399983
-1.377630
-1.354756
-1.351860
-1.348833
-1.343708
-1.317288
-1.290580
-1.263602
-1.236217
-1.208564
-1.180697
-1.152531
-1.124120
-1.095536
-1.066736
-1.037709
-1.008543
-0.979220
-0.949690
-0.920047
-0.890289
-0.860344
-0.830304
-0.800172
-0.769893
-0.739522
-0.709074
-0.678513
-0.647864
-0.617150
-0.586349
-0.546270
-0.514014
-0.501718
-0.473427
-0.442933
-0.412372
-0.381707
-0.350985
-0.320209
-0.289343
-0.258424
-0.227457
-0.196419
-0.165327
-0.131784
-0.089874
-0.071439
-0.050416
-0.007879
0.008833
0.033326
0.076409
0.107518
0.144026
0.186834
0.217135
0.254753
0.296496
0.326765
0.357092
0.387466
0.417908
0.448409
0.482424
0.525294
0.557938
0.588451
0.619012
0.649639
0.680303
0.711004
0.741771
0.733039
0.693317
0.682214
0.690971
0.715139
0.756773
0.783725
0.807388
0.838783
0.862666
0.884901
0.907630
0.938351
0.970137
1.001941
1.033774
1.061532
1.085450
1.109997
1.139078
1.170235
1.195540
1.230216
1.267666
1.299847
1.332043
1.364249
1.396467
1.428700
1.460942
1.493194
1.489098
1.498670
1.525310
1.557738
1.590174
1.622615
1.655066
1.662742
1.657534
1.652632
1.623793
1.596056
1.591875
1.615122
1.644233
1.673645
1.703481
1.703481
1.401502
1.365400
1.329872
1.295286
1.260125
1.224781
1.189438
1.154787
1.120782
1.150553
1.168434
1.135545
1.101106
1.065850
1.030597
0.995345
0.960096
0.927324
0.894676
0.859484
0.826392
0.795014
0.764306
0.732296
0.697263
0.659064
0.620053
0.589656
0.557204
0.522207
0.487221
0.452240
0.417270
0.382309
0.347353
0.318014
0.286939
0.252129
0.217334
0.182548
0.147783
0.113030
0.078289
0.043571
0.010607
-0.016777
-0.043485
-0.069777
-0.112397
-0.151960
-0.186378
-0.220764
-0.255132
-0.289460
-0.323762
-0.358039
-0.392268
-0.426475
-0.460640
-0.488312
-0.512810
-0.546584
-0.580323
-0.614010
-0.647624
-0.681201
-0.714693
-0.741389
-0.762473
-0.794513
-0.823085
-0.841843
-0.869793
-0.900928
-0.917082
-0.939943
-0.971206
-0.987648
-1.000442
-1.011416
-1.021019
-1.029636
-1.009409
-0.996927
-1.001781
-1.022196
-1.048634
-1.074565
-1.111984
-1.161972
-1.169133
-1.168496
-1.165798
-1.161455
-1.156082
-1.148095
-1.150352
-1.169808
-1.165490
-1.157196
-1.174078
-1.190412
-1.206222
-1.221028
-1.226486
-1.206963
-1.207766
-1.219533
-1.230078
-1.240092
-1.249334
-1.257517
-1.265185
-1.271700
-1.277445
-1.282546
-1.286318
-1.278821
-1.245696
-1.211529
-1.181160
-1.215812
-1.234248
-1.232131
-1.257652
-1.281916
-1.276814
-1.250848
-1.209689
-1.174718
-1.149250
-1.141934
-1.133716
-1.128247
-1.152185
-1.159357
-1.147977
-1.135591
-1.122769
-1.109079
-1.094725
-1.079950
-1.064148
-1.047971
-1.031172
-1.013669
-0.995815
-0.977185
-0.958126
-0.938650
-0.943757
-0.944023
-0.922438
-0.900394
-0.878082
-0.855118
-0.831901
-0.808309
-0.784255
-0.759983
-0.735247
-0.710228
-0.684970
-0.659262
-0.633376
-0.607169
-0.580669
-0.552660
-0.502797
-0.464553
-0.441205
-0.415260
-0.384142
-0.334260
-0.297643
-0.270797
-0.243616
-0.216308
-0.188779
-0.161024
-0.133152
-0.105009
-0.100039
-0.120999
-0.116686
-0.103187
-0.073767
-0.044204
-0.014549
0.015325
0.045280
0.075367
0.105604
0.138195
0.186706
0.235259
0.283851
0.316195
0.346471
0.376879
0.407396
0.436896
0.419530
0.414936
0.429364
0.457067
0.488518
0.520079
0.551709
0.583397
0.629496
0.672200
0.703886
0.735650
0.767458
0.799371
0.824951
0.842317
0.871877
0.904229
0.936656
0.961362
0.980316
1.000168
1.009355
0.996940
1.008610
1.027144
1.015880
1.020698
1.043715
1.038630
1.028635
1.019030
1.030519
1.055680
1.047705
1.052055
1.078654
1.111175
1.146670
1.188835
1.231149
1.273610
1.271590
1.263749
1.256270
1.249108
1.242134
1.235649
1.243286
1.272203
1.274421
1.263591
1.223651
1.183916
1.144361
1.105176
1.086920
1.118613
1.126961
1.124053
1.121647
1.119473
1.117600
1.116161
1.114925
1.114122
1.113624
1.113356
1.147164
1.182699
1.218054
1.253953
1.287042
1.288322
1.306301
1.343392
1.380862
1.417891
1.453164
1.488438
1.523713
1.492275
1.459900
1.427888
1.393523
1.358799
1.327439
1.313921
1.318244
1.287943
1.252887
1.217839
1.182796
1.147757
1.112728
1.077702
1.042682
1.007671
0.973491
0.943849
0.911400
0.876500
0.841613
0.808542
0.779867
0.751731
0.725644
0.733093
0.755564
0.797968
0.778248
0.745507
0.719869
0.689387
0.655212
0.621076
0.590134
0.565798
0.534736
0.501765
0.478636
0.471454
0.482732
0.466538
0.442604
0.409510
0.376467
0.343456
0.310532
0.277643
0.244814
0.222251
0.201734
0.169365
0.137054
0.104803
0.072662
0.036764
-0.010118
-0.047647
-0.079794
-0.111805
-0.143758
-0.175622
-0.207365
-0.239047
-0.270588
-0.302034
-0.333398
-0.364589
-0.395704
-0.426676
-0.457504
-0.488248
-0.518773
-0.556927
-0.605323
-0.624290
-0.639489
-0.669214
-0.709772
-0.758681
-0.789351
-0.818826
-0.848074
-0.877068
-0.905922
-0.934415
-0.962713
-0.990782
-0.999354
-1.014070
-1.063934
-1.113790
-1.163640
-1.190811
-1.217242
-1.243275
-1.268812
-1.294087
-1.318711
-1.342937
-1.366757
-1.389811
-1.419532
-1.469288
-1.483282
-1.476753
-1.496560
-1.515887
-1.534464
-1.552015
-1.569046
-1.584854
-1.599849
-1.614117
-1.626894
-1.639018
-1.649898
-1.659556
-1.668515
-1.675642
-1.681928
-1.687070
-1.690577
-1.693306
-1.694345
-1.694216
-1.693177
-1.690193
-1.686434
-1.681292
-1.674761
-1.667483
-1.658438
-1.648553
-1.637673
-1.625333
-1.612354
-1.598086
-1.582901
-1.567092
-1.549884
-1.532168
-1.513592
-1.494112
-1.474177
-1.453235
-1.431779
-1.409794
-1.386975
-1.363813
-1.339993
-1.315667
-1.291037
-1.265678
-1.240057
-1.214024
-1.187517
-1.160784
-1.133569
-1.106081
-1.078346
-1.050182
-1.021848
-0.993201
-0.964287
-0.935223
-0.905804
-0.876241
-0.846481
-0.801467
-0.752636
-0.703727
-0.665541
-0.635815
-0.588159
-0.551189
-0.539738
-0.502470
-0.455335
-0.424976
-0.394512
-0.363922
-0.333152
-0.302303
-0.271295
-0.240174
-0.208976
-0.177604
-0.146168
-0.114622
-0.082962
-0.051242
-0.019390
0.012532
0.044525
0.076633
0.108789
0.141040
0.173365
0.205735
0.238217
0.270739
0.303327
0.335991
0.368693
0.401477
0.434308
0.467182
0.488940
0.513054
0.546302
0.579597
0.612920
0.646308
0.684589
0.729669
0.765377
0.798720
0.832117
0.865547
0.899004
0.890787
0.872602
0.838973
0.805382
0.771813
0.738299
0.704812
0.671360
0.628433
0.597849
0.620703
0.650019
0.683827
0.717685
0.751561
0.785468
0.819410
0.852368
0.876991
0.906260
0.940443
0.974658
1.008886
1.043140
1.077415
1.111679
1.137796
1.167103
1.201569
1.236055
1.270551
1.305068
1.339597
1.374137
1.408697
1.443266
1.477851
1.466970
1.432387
1.397824
1.360205
1.318291
1.276622
1.247195
1.275523
1.304232
1.333248
1.330243
1.336012
1.366255
1.399837
1.429685
1.390349
1.351188
1.312240
1.273630
1.235179
1.197066
1.200660
1.233587
1.232941
1.231302
1.230003
1.254703
1.289359
1.324715
1.360070
1.395425
1.369585
1.351181
1.386788
1.386788
1.651185
1.617717
1.584248
1.550780
1.517312
1.483843
1.450171
1.416498
1.383280
1.362371
1.363132
1.364214
1.365481
1.336897
1.304942
1.271535
1.239206
1.208185
1.177609
1.147201
1.113896
1.080584
1.047275
1.012286
0.975877
0.941959
0.908888
0.878757
0.847492
0.814208
0.780927
0.747649
0.717995
0.688032
0.654843
0.621659
0.588480
0.555310
0.522144
0.493924
0.464441
0.431398
0.398364
0.365339
0.332328
0.299323
0.266336
0.235570
0.208816
0.178256
0.145448
0.112668
0.079896
0.047150
0.014420
-0.018291
-0.050976
-0.083651
-0.108437
-0.135175
-0.167572
-0.199939
-0.232280
-0.264574
-0.296850
-0.329068
-0.357772
-0.380045
-0.408280
-0.440081
-0.471795
-0.503482
-0.535082
-0.561324
-0.580830
-0.608564
-0.639569
-0.670419
-0.697560
-0.714177
-0.737953
-0.768002
-0.785059
-0.800155
-0.829216
-0.851917
-0.862823
-0.884280
-0.912129
-0.921828
-0.932556
-0.958941
-0.975442
-0.979372
-0.998062
-1.022706
-1.046722
-1.064189
-1.062798
-1.059940
-1.055781
-1.071251
-1.089401
-1.080937
-1.081573
-1.099310
-1.116393
-1.133075
-1.121912
-1.112049
-1.125843
-1.139095
-1.151651
-1.163284
-1.174539
-1.152798
-1.138206
-1.146322
-1.153695
-1.160401
-1.139427
-1.116168
-1.153124
-1.178140
-1.180416
-1.181758
-1.182518
-1.181926
-1.180921
-1.178644
-1.161312
-1.124356
-1.109955
-1.104921
-1.098524
-1.091757
-1.083974
-1.075501
-1.066400
-1.056284
-1.045825
-1.034224
-1.022222
-1.009446
-0.995981
-0.982083
-0.967237
-0.952110
-0.936129
-0.919734
-0.902792
-0.885213
-0.867365
-0.821677
-0.782119
-0.763158
-0.768202
-0.795320
-0.805580
-0.809644
-0.788103
-0.757876
-0.710660
-0.678681
-0.656411
-0.633624
-0.610683
-0.587278
-0.573453
-0.572424
-0.554669
-0.529766
-0.504435
-0.478992
-0.453240
-0.437847
-0.432095
-0.409591
-0.382625
-0.355357
-0.334180
-0.325073
-0.304327
-0.276071
-0.247595
-0.221596
-0.209508
-0.190095
-0.160776
-0.131323
-0.101813
-0.086649
-0.068180
-0.038004
-0.014810
0.001809
0.029551
0.059555
0.077922
0.100564
0.131795
0.163083
0.194408
0.236120
0.275781
0.295526
0.325036
0.367913
0.402844
0.434280
0.455270
0.468498
0.458212
0.431800
0.390015
0.399084
0.422657
0.454987
0.487332
0.519706
0.552104
0.584519
0.616968
0.649427
0.681918
0.714423
0.746948
0.779496
0.812054
0.844643
0.875544
0.900994
0.930167
0.962933
0.995717
1.028168
1.054678
1.070654
1.064885
1.059435
1.054201
1.049437
1.044820
1.040669
1.036745
1.033140
1.006945
0.970535
0.998768
1.029767
1.061248
1.093717
1.127149
1.159549
1.191723
1.225179
1.247563
1.246778
1.266248
1.299459
1.332896
1.366368
1.399840
1.433311
1.466783
1.500255
1.533727
1.567199
1.585238
1.551766
1.518418
1.485192
1.451778
1.418347
1.385639
1.352692
1.319235
1.285779
1.252324
1.220017
1.192569
1.194426
1.182813
1.151833
1.119227
1.085865
1.055425
1.024439
0.991136
0.957836
0.924539
0.894176
0.864337
0.827260
0.792636
0.763286
0.731666
0.698467
0.669320
0.649822
0.688130
0.726606
0.765328
0.800121
0.833062
0.803277
0.770340
0.737418
0.704506
0.671604
0.638718
0.605838
0.572980
0.542292
0.516337
0.529125
0.569193
0.602842
0.632177
0.640000
0.648060
0.656471
0.637335
0.605035
0.572778
0.540533
0.508325
0.476141
0.443982
0.411864
0.379760
0.347709
0.312682
0.271073
0.229659
0.188384
0.162823
0.144141
0.154167
0.147416
0.115624
0.091402
0.070846
0.051483
0.029625
-0.001398
-0.025819
-0.043397
-0.070829
-0.101309
-0.131651
-0.157330
-0.172550
-0.205063
-0.250055
-0.282125
-0.310102
-0.325070
-0.351845
-0.396465
-0.431427
-0.461647
-0.491693
-0.521685
-0.551520
-0.581250
-0.610869
-0.652352
-0.695578
-0.680285
-0.683197
-0.727518
-0.763847
-0.794338
-0.836546
-0.879131
-0.909665
-0.940113
-0.970427
-1.000578
-1.030647
-1.060460
-1.090193
-1.119685
-1.149012
-1.178164
-1.207025
-1.235780
-1.264116
-1.292305
-1.320152
-1.347681
-1.374974
-1.401734
-1.428311
-1.454255
-1.479877
-1.505000
-1.544855
-1.592142
-1.617823
-1.641806
-1.664852
-1.687234
-1.708903
-1.729367
-1.748608
-1.737782
-1.734677
-1.749636
-1.763283
-1.775947
-1.786480
-1.792451
-1.766886
-1.752886
-1.757035
-1.759359
-1.760751
-1.759542
-1.757581
-1.753433
-1.748004
-1.741183
-1.756205
-1.777615
-1.764951
-1.751607
-1.736648
-1.720517
-1.703499
-1.684942
-1.668802
-1.673751
-1.658529
-1.611252
-1.579896
-1.556792
-1.532683
-1.508309
-1.483186
-1.457673
-1.431728
-1.390006
-1.343413
-1.316949
-1.290308
-1.263242
-1.235871
-1.208269
-1.180266
-1.152140
-1.123635
-1.094985
-1.066100
-1.036991
-1.007765
-0.978254
-0.948666
-0.918857
-0.895546
-0.879473
-0.852471
-0.821498
-0.777470
-0.737319
-0.706642
-0.675868
-0.645020
-0.614041
-0.581672
-0.538009
-0.494237
-0.450287
-0.426007
-0.412194
-0.369880
-0.328109
-0.297906
-0.267627
-0.237262
-0.206786
-0.176268
-0.145613
-0.118553
-0.100408
-0.074960
-0.043772
-0.012498
0.018803
0.050191
0.081613
0.113092
0.144625
0.176189
0.207826
0.239483
0.271202
0.298253
0.319979
0.349341
0.381508
0.423293
0.465159
0.507231
0.543610
0.575459
0.607358
0.639272
0.671237
0.703221
0.735239
0.767289
0.799358
0.823125
0.847940
0.880252
0.912582
0.944933
0.983676
1.024627
1.056913
1.089210
1.121533
1.153876
1.186236
1.218623
1.251020
1.283446
1.288781
1.248237
1.249911
1.274951
1.270625
1.258753
1.225983
1.193223
1.160475
1.127744
1.095019
1.062319
1.027662
0.987936
0.984630
1.011016
1.038026
1.065734
1.098758
1.131786
1.164824
1.194673
1.222734
1.255433
1.288576
1.321726
1.357066
1.394995
1.429396
1.462495
1.495606
1.527462
1.556017
1.584904
1.614064
1.589056
1.555318
1.552179
1.561409
1.592135
1.624559
1.657947
1.659019
1.650880
1.615790
1.596126
1.594931
1.594931
1.644998
1.596213
1.551817
1.510573
1.469344
1.428129
1.386926
1.345735
1.304563
1.263404
1.222257
1.181131
1.140019
1.098922
1.057843
1.016785
0.975743
0.934716
0.893717
0.852735
0.811769
0.770830
0.729915
0.689019
0.648145
0.607304
0.562012
0.517202
0.549732
0.587820
0.628959
0.670117
0.711296
0.752488
0.793695
0.834923
0.872261
0.907513
0.948891
0.990281
1.029835
1.065185
1.106003
1.147523
1.186635
1.181361
1.176475
1.180971
1.218665
1.223562
1.236348
1.275415
1.317149
1.358985
1.389865
1.345935
1.332136
1.330816
1.329918
1.329543
1.310230
1.268325
1.226420
1.184710
1.151791
1.152729
1.187073
1.199871
1.160193
1.121180
1.082590
1.044427
1.006936
1.028028
1.049829
1.008243
0.962393
0.918036
0.876391
0.834755
0.796292
0.760029
0.724474
0.684381
0.642969
0.601568
0.560184
0.522526
0.487573
0.446356
0.405157
0.361955
0.313260
0.277393
0.261973
0.269833
0.238281
0.231635
0.232705
0.192175
0.151686
0.115209
0.086359
0.047064
0.006976
-0.033068
-0.073041
-0.112958
-0.152825
-0.192626
-0.232348
-0.266011
-0.291332
-0.315031
-0.292816
-0.253588
-0.292079
-0.330452
-0.368730
-0.406896
-0.444898
-0.482789
-0.519059
-0.537471
-0.530478
-0.529172
-0.586112
-0.608994
-0.609389
-0.587584
-0.644490
-0.676440
-0.683541
-0.659900
-0.696676
-0.747327
-0.781628
-0.792709
-0.813017
-0.844013
-0.849037
-0.852436
-0.861290
-0.891236
-0.895781
-0.906063
-0.934022
-0.929510
-0.941640
-0.967290
-0.992215
-1.016490
-1.040228
-1.063308
-1.053374
-1.055585
-1.075934
-1.095242
-1.113817
-1.131708
-1.148656
-1.164597
-1.179784
-1.194163
-1.207230
-1.219478
-1.230902
-1.241064
-1.220823
-1.199931
-1.206819
-1.212390
-1.217076
-1.220875
-1.223199
-1.224556
-1.225012
-1.224236
-1.222239
-1.219344
-1.215481
-1.210166
-1.203976
-1.196914
-1.188551
-1.179177
-1.168973
-1.157759
-1.145362
-1.132188
-1.118243
-1.103057
-1.087117
-1.070468
-1.052865
-1.034380
-1.015252
-0.995428
-0.974628
-0.953250
-0.927597
-0.869746
-0.835804
-0.821635
-0.831577
-0.811439
-0.785769
-0.759654
-0.732829
-0.705593
-0.677965
-0.649807
-0.597913
-0.559589
-0.560686
-0.532994
-0.502829
-0.472363
-0.441452
-0.391438
-0.339443
-0.308124
-0.276446
-0.244528
-0.212501
-0.205853
-0.198110
-0.185255
-0.151125
-0.098743
-0.048389
-0.014081
0.020490
0.055220
0.090107
0.125232
0.160519
0.195947
0.231551
0.267338
0.294668
0.309788
0.366634
0.411874
0.448333
0.484946
0.507176
0.530808
0.568064
0.605458
0.634097
0.653568
0.674219
0.706395
0.740987
0.763235
0.786444
0.816124
0.855262
0.880418
0.905908
0.926234
0.913282
0.929981
0.961638
1.001855
1.032115
1.066586
1.107068
1.147589
1.155638
1.145459
1.135739
1.126498
1.117607
1.109085
1.101153
1.093577
1.086358
1.079676
1.103121
1.126444
1.121091
1.116285
1.111842
1.105915
1.060652
1.068141
1.107222
1.146865
1.120770
1.108841
1.149789
1.191352
1.210730
1.211113
1.212037
1.183976
1.143846
1.104202
1.137658
1.143436
1.101649
1.059866
1.020288
0.981403
0.939684
0.901373
0.862479
0.820843
0.779215
0.737593
0.696557
0.660322
0.620449
0.578948
0.537457
0.495978
0.454509
0.413049
0.371605
0.330171
0.288748
0.247339
0.211330
0.191683
0.199504
0.208062
0.238010
0.287276
0.328088
0.368926
0.409787
0.450676
0.491595
0.532534
0.573493
0.614483
0.655492
0.698012
0.747747
0.790847
0.831797
0.872766
0.913763
0.954776
0.995805
1.036858
1.077929
1.121097
1.170598
1.213044
1.254060
1.295092
1.344723
1.342080
1.301150
1.260243
1.219357
1.178489
1.137642
1.096823
1.056024
1.015244
0.974496
0.933772
0.893070
0.852396
0.811756
0.771139
0.730547
0.689998
0.649477
0.608982
0.568529
0.528112
0.487727
0.447378
0.407079
0.366815
0.326586
0.286416
0.246288
0.206200
0.166166
0.126192
0.086263
0.046382
0.071922
0.055527
0.005173
-0.035119
-0.075362
-0.115564
-0.155714
-0.195795
-0.235828
-0.275813
-0.315712
-0.346931
-0.356150
-0.302373
-0.260088
-0.220750
-0.181340
-0.141829
-0.145033
-0.184536
-0.223945
-0.263274
-0.302536
-0.341711
-0.380773
-0.419756
-0.458658
-0.497418
-0.536079
-0.574645
-0.613074
-0.603982
-0.609475
-0.663768
-0.703657
-0.742639
-0.781527
-0.820262
-0.858868
-0.897361
-0.935707
-0.973863
-1.011882
-1.049761
-1.087381
-1.112795
-1.133758
-1.170141
-1.206228
-1.242079
-1.277657
-1.312802
-1.347652
-1.382200
-1.416238
-1.449850
-1.483080
-1.515799
-1.547868
-1.579451
-1.610535
-1.640677
-1.670192
-1.699069
-1.726973
-1.753885
-1.779984
-1.805120
-1.828769
-1.851394
-1.872966
-1.892747
-1.911096
-1.928153
-1.943468
-1.956702
-1.968415
-1.978573
-1.985942
-1.991622
-1.995602
-1.997097
-1.996366
-1.993902
-1.989440
-1.982342
-1.973606
-1.963253
-1.950436
-1.935980
-1.920111
-1.902472
-1.883075
-1.862505
-1.840765
-1.817268
-1.773884
-1.720317
-1.694826
-1.668361
-1.641160
-1.613132
-1.584124
-1.554530
-1.524366
-1.493362
-1.461837
-1.429858
-1.397311
-1.364226
-1.330778
-1.296962
-1.262611
-1.227968
-1.193040
-1.157719
-1.122099
-1.086246
-1.050128
-1.013702
-0.977086
-0.940284
-0.903203
-0.865950
-0.828544
-0.790941
-0.753155
-0.708500
-0.652639
-0.614116
-0.576194
-0.538155
-0.499952
-0.461624
-0.423198
-0.384655
-0.345979
-0.307218
-0.268373
-0.229400
-0.190349
-0.151226
-0.112008
-0.072703
-0.038332
-0.012545
0.026529
0.066371
0.106261
0.146221
0.195020
0.244138
0.284012
0.323949
0.363928
0.403947
0.444032
0.484155
0.524314
0.564522
0.604774
0.645058
0.685377
0.725745
0.766141
0.806566
0.847034
0.887532
0.928055
0.968610
1.009199
1.049812
1.090447
1.131119
1.171813
1.212527
1.253269
1.294036
1.334822
1.375628
1.416463
1.457314
1.498182
1.539076
1.579987
1.597964
1.548225
1.567497
1.567497
1.600449
1.565639
1.529786
1.494754
1.459330
1.424725
1.390294
1.355093
1.319528
1.302210
1.331188
1.328879
1.294569
1.294706
1.295885
1.297379
1.274822
1.284453
1.285862
1.268568
1.271663
1.266876
1.235403
1.200788
1.166178
1.135584
1.105557
1.072086
1.041027
1.008656
0.974226
0.939805
0.905392
0.872224
0.842858
0.808536
0.774226
0.745852
0.712609
0.678408
0.644221
0.610048
0.575889
0.541746
0.507618
0.474949
0.447498
0.413515
0.379553
0.345613
0.311694
0.277798
0.243925
0.210076
0.180181
0.151984
0.118335
0.084717
0.051131
0.017578
-0.006233
-0.038559
-0.071850
-0.105098
-0.144736
-0.182931
-0.216204
-0.245725
-0.273356
-0.314001
-0.336457
-0.369283
-0.402040
-0.423846
-0.443251
-0.461665
-0.487881
-0.519546
-0.544815
-0.565740
-0.593097
-0.603459
-0.589074
-0.636520
-0.651138
-0.678489
-0.693921
-0.703904
-0.696385
-0.676080
-0.655348
-0.634202
-0.618135
-0.625450
-0.651941
-0.678134
-0.704031
-0.729626
-0.736805
-0.752900
-0.791113
-0.828713
-0.842991
-0.827674
-0.791736
-0.816952
-0.866056
-0.861337
-0.836046
-0.847987
-0.848146
-0.857458
-0.876758
-0.882378
-0.881068
-0.898410
-0.915187
-0.931380
-0.946958
-0.961866
-0.976135
-0.989745
-1.002680
-1.034810
-1.045473
-1.037264
-1.047330
-1.048686
-1.028136
-1.035697
-1.042442
-1.048353
-1.053463
-1.031056
-1.023330
-1.025925
-1.027716
-1.028698
-1.039554
-1.066280
-1.064795
-1.062483
-1.059288
-1.055250
-1.079391
-1.082223
-1.075609
-1.068193
-1.059987
-1.051004
-1.041258
-1.030763
-1.019535
-1.007345
-0.962293
-0.946419
-0.932674
-0.962395
-0.990157
-0.989817
-0.995457
-1.020500
-1.038995
-1.069255
-1.097832
-1.109113
-1.138006
-1.166870
-1.178961
-1.200886
-1.228334
-1.255419
-1.282117
-1.300386
-1.296087
-1.279110
-1.301910
-1.299723
-1.274103
-1.266100
-1.243236
-1.228866
-1.208280
-1.179145
-1.149745
-1.120096
-1.090214
-1.060113
-1.029805
-0.999292
-0.968592
-0.937721
-0.906690
-0.875507
-0.844182
-0.812721
-0.781132
-0.749421
-0.717596
-0.685661
-0.653623
-0.621479
-0.601032
-0.570664
-0.528940
-0.492013
-0.459447
-0.426808
-0.394100
-0.361325
-0.328487
-0.295589
-0.262632
-0.218383
-0.194410
-0.163425
-0.130256
-0.097041
-0.063781
-0.030479
0.002865
0.036248
0.069669
0.103127
0.136621
0.170152
0.212075
0.240179
0.264812
0.295057
0.328852
0.366207
0.405712
0.439472
0.473257
0.507066
0.540898
0.574754
0.608631
0.642529
0.676446
0.710383
0.744339
0.778313
0.812305
0.846314
0.880339
0.914381
0.948439
0.982513
1.016602
1.050705
1.084821
1.118952
1.156385
1.179389
1.182208
1.212306
1.252428
1.286619
1.320823
1.355038
1.389264
1.418980
1.450991
1.488611
1.508149
1.502163
1.496467
1.491064
1.488635
1.518351
1.514427
1.541149
1.544268
1.540739
1.537504
1.534564
1.531919
1.517911
1.489507
1.487735
1.486262
1.485101
1.484260
1.483720
1.483481
1.507424
1.542614
1.578092
1.599675
1.611845
1.640450
1.646723
1.681070
1.648697
1.616670
1.614476
1.588940
1.552190
1.516162
1.481455
1.445643
1.409757
1.384961
1.391967
1.430115
1.464755
1.470976
1.446405
1.412941
1.378386
1.343837
1.309293
1.274755
1.240221
1.205693
1.171171
1.136655
1.102146
1.067643
1.033146
0.998656
0.967392
0.956562
0.962265
0.954319
0.920032
0.885755
0.851489
0.817236
0.782996
0.754681
0.721951
0.687828
0.653721
0.619630
0.585555
0.551496
0.519239
0.497696
0.503927
0.470120
0.436337
0.410212
0.411549
0.391996
0.358522
0.325081
0.291673
0.258300
0.224963
0.191664
0.158403
0.125186
0.102205
0.070964
0.038035
0.005157
-0.027668
-0.054716
-0.079717
-0.112188
-0.144592
-0.176927
-0.209190
-0.241371
-0.273472
-0.305491
-0.337424
-0.369267
-0.401016
-0.432668
-0.464218
-0.491589
-0.509921
-0.540865
-0.571676
-0.602337
-0.617505
-0.644131
-0.674025
-0.703742
-0.733276
-0.762617
-0.791755
-0.820679
-0.849380
-0.877845
-0.906052
-0.933979
-0.942758
-0.964938
-0.975792
-0.990829
-1.026877
-1.066710
-1.092767
-1.118446
-1.143724
-1.168581
-1.192961
-1.216849
-1.240234
-1.263090
-1.285388
-1.322787
-1.358523
-1.379502
-1.399794
-1.419360
-1.438163
-1.456162
-1.473238
-1.489405
-1.504635
-1.518884
-1.532111
-1.544276
-1.555337
-1.565259
-1.574005
-1.581542
-1.587842
-1.592867
-1.596486
-1.598803
-1.599808
-1.599498
-1.597873
-1.594942
-1.590716
-1.585213
-1.578454
-1.570467
-1.561279
-1.550891
-1.539299
-1.526624
-1.512908
-1.498193
-1.482519
-1.465929
-1.448465
-1.430168
-1.411080
-1.391240
-1.370686
-1.349421
-1.327491
-1.304961
-1.281865
-1.258232
-1.234092
-1.209473
-1.184400
-1.158898
-1.132991
-1.106701
-1.080048
-1.053028
-1.025678
-0.998024
-0.970083
-0.941870
-0.913397
-0.884680
-0.855730
-0.826559
-0.797178
-0.767597
-0.737827
-0.707860
-0.677722
-0.647423
-0.616970
-0.586369
-0.555628
-0.524754
-0.493751
-0.462627
-0.428831
-0.384438
-0.368612
-0.337928
-0.306846
-0.275655
-0.244359
-0.212962
-0.181468
-0.149881
-0.118205
-0.086442
-0.054598
-0.022673
0.009331
0.041412
0.073564
0.105784
0.138070
0.170419
0.202828
0.235297
0.267822
0.297805
0.320024
0.352857
0.385739
0.418668
0.451640
0.484653
0.517707
0.550799
0.583930
0.617097
0.650300
0.685598
0.728227
0.761414
0.794638
0.827894
0.861182
0.894501
0.921577
0.945462
0.954550
0.945693
0.930299
0.895032
0.853522
0.819693
0.785887
0.752102
0.718339
0.684599
0.650883
0.612584
0.599631
0.628017
0.661925
0.695853
0.729801
0.763767
0.797752
0.831755
0.865774
0.899810
0.888768
0.864886
0.872321
0.902178
0.936460
0.970752
1.004814
1.033340
1.067426
1.101819
1.136221
1.167143
1.196620
1.228646
1.261467
1.292958
1.327543
1.357754
1.353820
1.350218
1.379133
1.381896
1.379255
1.399511
1.434515
1.470446
1.505204
1.539374
1.572088
1.572088
1.750898
1.713016
1.686886
1.683859
1.657871
1.621198
1.619070
1.617106
1.615449
1.590400
1.555445
1.554724
1.541716
1.506883
1.472391
1.438038
1.403449
1.369144
1.335319
1.300961
1.266444
1.233177
1.200129
1.167433
1.135166
1.107073
1.144478
1.168474
1.171916
1.150612
1.119975
1.085654
1.051337
1.017025
0.986269
0.959552
0.964875
0.953712
0.919583
0.907138
0.898619
0.859483
0.822436
0.788163
0.753898
0.720176
0.691116
0.659814
0.625668
0.596198
0.567385
0.533382
0.499389
0.465408
0.431445
0.397491
0.363557
0.332999
0.306340
0.274012
0.239238
0.197996
0.160284
0.126465
0.099061
0.071988
0.038407
0.000851
-0.040890
-0.069067
-0.095666
-0.129103
-0.162513
-0.195896
-0.229229
-0.260810
-0.284051
-0.317480
-0.360692
-0.386436
-0.410908
-0.443678
-0.470171
-0.490908
-0.521531
-0.551119
-0.569792
-0.587549
-0.604504
-0.633718
-0.664715
-0.695550
-0.717138
-0.730996
-0.758999
-0.784776
-0.795855
-0.816779
-0.845560
-0.855812
-0.868330
-0.895790
-0.910357
-0.915106
-0.959701
-0.997282
-0.999787
-1.015191
-1.039965
-1.064148
-1.081489
-1.078850
-1.090773
-1.112785
-1.134032
-1.147411
-1.139148
-1.129299
-1.118403
-1.133795
-1.141990
-1.126937
-1.129940
-1.144304
-1.126843
-1.107099
-1.085763
-1.063124
-1.039705
-1.070935
-1.106974
-1.149275
-1.169556
-1.177281
-1.216907
-1.235724
-1.206614
-1.221051
-1.259102
-1.227806
-1.206157
-1.206877
-1.206647
-1.205927
-1.203773
-1.201139
-1.197556
-1.193028
-1.188025
-1.181651
-1.174810
-1.167085
-1.135744
-1.094095
-1.084156
-1.062135
-1.018382
-0.982268
-0.949510
-0.916634
-0.891786
-0.880673
-0.900360
-0.932302
-0.951714
-0.958420
-0.944429
-0.951837
-0.965901
-0.949467
-0.932672
-0.915319
-0.918445
-0.929028
-0.937458
-0.922958
-0.874554
-0.826115
-0.779778
-0.758505
-0.747856
-0.752187
-0.735900
-0.712769
-0.689111
-0.654683
-0.605773
-0.575726
-0.553858
-0.552880
-0.541100
-0.515461
-0.489495
-0.460880
-0.412098
-0.373383
-0.346994
-0.337193
-0.329136
-0.301621
-0.273963
-0.246137
-0.218076
-0.189919
-0.161523
-0.133004
-0.104347
-0.075490
-0.043798
0.004081
0.042825
0.071837
0.086188
0.100298
0.130057
0.168547
0.215921
0.234409
0.250093
0.280381
0.310748
0.341195
0.385498
0.429379
0.459847
0.466215
0.450226
0.461329
0.480004
0.511260
0.550378
0.596463
0.617116
0.636915
0.668500
0.700139
0.731824
0.751898
0.773313
0.805390
0.830652
0.850411
0.871024
0.884476
0.873280
0.881022
0.903356
0.926495
0.941936
0.932620
0.942941
0.967694
1.000507
1.032115
1.057845
1.088292
1.122048
1.149222
1.177770
1.211680
1.245602
1.279533
1.275655
1.260015
1.219963
1.201010
1.195494
1.222957
1.242614
1.238196
1.234097
1.230191
1.193722
1.166249
1.163333
1.182642
1.214780
1.249241
1.272567
1.270762
1.269290
1.268000
1.267217
1.255542
1.220692
1.231639
1.266490
1.301079
1.335917
1.371257
1.383807
1.384845
1.349016
1.314058
1.280771
1.271350
1.272526
1.237996
1.204314
1.172176
1.188108
1.224494
1.227884
1.218896
1.188464
1.182585
1.185712
1.156531
1.140481
1.146081
1.127758
1.103438
1.144060
1.155692
1.121803
1.082965
1.042690
1.008738
0.974795
0.940864
0.906949
0.873587
0.846988
0.848447
0.889930
0.875124
0.840795
0.799213
0.764400
0.738795
0.739267
0.751254
0.793764
0.807547
0.784040
0.761244
0.745922
0.789677
0.799268
0.766541
0.733864
0.699828
0.655831
0.617000
0.584278
0.551610
0.520556
0.499975
0.473892
0.441597
0.409372
0.377177
0.345059
0.312987
0.280965
0.260283
0.237852
0.192285
0.160592
0.143178
0.126833
0.108243
0.077378
0.046591
0.015882
-0.014687
-0.045199
-0.075567
-0.105839
-0.136020
-0.166032
-0.195975
-0.225748
-0.255401
-0.284949
-0.330071
-0.377612
-0.425071
-0.462917
-0.492537
-0.521929
-0.542547
-0.530913
-0.551673
-0.598892
-0.645984
-0.693024
-0.739938
-0.777554
-0.807922
-0.838051
-0.868086
-0.897901
-0.927536
-0.957037
-0.986224
-1.015288
-1.044069
-1.072608
-1.100977
-1.128927
-1.156713
-1.184129
-1.197754
-1.202052
-1.226172
-1.251511
-1.276342
-1.300708
-1.324774
-1.348045
-1.371011
-1.393314
-1.414992
-1.436284
-1.428981
-1.428255
-1.446429
-1.463780
-1.480651
-1.496161
-1.520894
-1.566695
-1.591426
-1.604441
-1.615718
-1.626363
-1.635725
-1.643796
-1.651185
-1.690551
-1.718302
-1.721742
-1.723659
-1.724804
-1.723652
-1.721722
-1.718282
-1.713322
-1.707124
-1.665774
-1.635671
-1.626309
-1.615653
-1.604366
-1.591351
-1.577733
-1.563056
-1.547295
-1.531017
-1.513361
-1.495211
-1.476237
-1.456400
-1.437460
-1.442668
-1.455810
-1.481562
-1.488687
-1.485728
-1.436839
-1.397832
-1.373794
-1.349155
-1.324357
-1.300292
-1.275913
-1.251082
-1.225731
-1.200151
-1.173989
-1.147584
-1.120844
-1.093704
-1.066390
-1.038641
-1.010702
-0.982512
-0.954013
-0.925381
-0.896419
-0.867307
-0.838007
-0.794377
-0.748882
-0.719459
-0.689907
-0.660199
-0.630283
-0.600280
-0.570066
-0.539745
-0.509304
-0.465664
-0.418787
-0.371783
-0.332771
-0.302470
-0.258573
-0.216604
-0.202395
-0.180031
-0.149174
-0.105388
-0.061466
-0.030604
0.008091
0.054577
0.087962
0.118853
0.149866
0.180949
0.212101
0.231174
0.250875
0.282543
0.321521
0.367127
0.412882
0.455821
0.487323
0.518883
0.550494
0.570461
0.591630
0.623662
0.655740
0.687858
0.720049
0.752266
0.784545
0.816865
0.849218
0.812750
0.775990
0.764431
0.771951
0.793827
0.825765
0.840050
0.796772
0.792372
0.815879
0.840203
0.866935
0.900443
0.933971
0.967514
1.001087
1.034671
1.068278
1.101903
1.135540
1.162001
1.169280
1.128251
1.129336
1.156594
1.190292
1.224305
1.258331
1.267250
1.261312
1.288884
1.319305
1.353523
1.387749
1.421978
1.456217
1.490460
1.524709
1.556017
1.585751
1.616072
1.647722
1.682111
1.682111
1.820645
1.778327
1.736187
1.702091
1.660265
1.652512
1.645028
1.637483
1.603217
1.568963
1.534721
1.500492
1.466124
1.424633
1.384152
1.377383
1.371860
1.398121
1.358829
1.354371
1.383862
1.417048
1.413452
1.443541
1.474166
1.505741
1.468586
1.466541
1.496320
1.493258
1.490489
1.486256
1.451216
1.416073
1.412190
1.377139
1.344893
1.374041
1.342621
1.372181
1.337190
1.302167
1.266734
1.231606
1.196756
1.161799
1.127249
1.092325
1.058181
1.024257
0.989418
0.955993
0.922737
0.888008
0.855357
0.823101
0.790925
0.756075
0.721227
0.686383
0.651542
0.617079
0.585424
0.550631
0.516292
0.485113
0.450379
0.416182
0.385513
0.350850
0.316195
0.282188
0.252119
0.217551
0.183739
0.154269
0.119805
0.086218
0.058338
0.030048
-0.003130
-0.030780
-0.063700
-0.090674
-0.124607
-0.158510
-0.191017
-0.217036
-0.250717
-0.282811
-0.307903
-0.339617
-0.362033
-0.385550
-0.416493
-0.436944
-0.460926
-0.502020
-0.515584
-0.512015
-0.553175
-0.565359
-0.550557
-0.540832
-0.559103
-0.590086
-0.620940
-0.651659
-0.678950
-0.695054
-0.725058
-0.751265
-0.765636
-0.790916
-0.803826
-0.828103
-0.839481
-0.862675
-0.872449
-0.894481
-0.897626
-0.904542
-0.924470
-0.929622
-0.953755
-0.971820
-0.974525
-0.997117
-1.019278
-1.034733
-1.034165
-1.054568
-1.074467
-1.087009
-1.082950
-1.100877
-1.118225
-1.134974
-1.151105
-1.166599
-1.173648
-1.163431
-1.176603
-1.189070
-1.200812
-1.211814
-1.222057
-1.231527
-1.240207
-1.248083
-1.255143
-1.261374
-1.266764
-1.271304
-1.274987
-1.277804
-1.270310
-1.245898
-1.246092
-1.235815
-1.209035
-1.206725
-1.213327
-1.234285
-1.229398
-1.213875
-1.173067
-1.141605
-1.133837
-1.125320
-1.106203
-1.082533
-1.105216
-1.116878
-1.094776
-1.068962
-1.077904
-1.053909
-1.026821
-1.033146
-1.017019
-1.000318
-0.973561
-0.935246
-0.917234
-0.898716
-0.879707
-0.869474
-0.868719
-0.857076
-0.854438
-0.832566
-0.810295
-0.787638
-0.764610
-0.732515
-0.691829
-0.668070
-0.643987
-0.619590
-0.594892
-0.569902
-0.544630
-0.519087
-0.493282
-0.467225
-0.440923
-0.414386
-0.395571
-0.382595
-0.347304
-0.306044
-0.278446
-0.250658
-0.214941
-0.186539
-0.200782
-0.228133
-0.255286
-0.261833
-0.226350
-0.185543
-0.166558
-0.160350
-0.145260
-0.116998
-0.088571
-0.059985
-0.031246
-0.002357
0.026676
0.055849
0.085157
0.114596
0.144162
0.173851
0.203658
0.233582
0.263617
0.301094
0.341640
0.379189
0.412342
0.425304
0.445997
0.469768
0.491224
0.522285
0.553427
0.584647
0.615943
0.647312
0.678754
0.710265
0.741843
0.767023
0.790627
0.822530
0.854492
0.886511
0.912412
0.916426
0.903122
0.890113
0.892356
0.918325
0.945647
0.972131
0.999832
1.021680
1.049021
1.077379
1.100400
1.108038
1.098331
1.105007
1.113603
1.121165
1.146806
1.156426
1.165340
1.192272
1.219645
1.247452
1.258731
1.252825
1.247222
1.259124
1.288816
1.284171
1.262547
1.258513
1.272382
1.268482
1.248259
1.245459
1.242970
1.240791
1.238924
1.237368
1.236125
1.235195
1.234577
1.252618
1.269215
1.269533
1.270162
1.289676
1.307255
1.308799
1.329384
1.366450
1.384946
1.387665
1.371758
1.359239
1.343874
1.332137
1.355508
1.353885
1.319189
1.287162
1.254624
1.219987
1.188292
1.155987
1.121417
1.086855
1.052302
1.021062
0.989048
0.954575
0.920113
0.885660
0.851219
0.816789
0.782369
0.747962
0.717478
0.685902
0.651601
0.617315
0.583044
0.544607
0.507469
0.473170
0.438885
0.404617
0.374846
0.343611
0.314326
0.283414
0.249418
0.215445
0.181497
0.153038
0.169912
0.207184
0.225890
0.208600
0.181292
0.179023
0.210559
0.247851
0.281138
0.307902
0.322899
0.354644
0.356546
0.334829
0.334765
0.318005
0.285245
0.252537
0.219882
0.187282
0.154739
0.113803
0.076797
0.044284
0.011832
-0.020555
-0.052874
-0.085125
-0.107934
-0.135210
-0.167055
-0.198814
-0.230486
-0.262066
-0.293550
-0.324935
-0.356217
-0.387392
-0.418454
-0.449400
-0.480225
-0.510923
-0.541488
-0.571916
-0.614326
-0.650006
-0.680248
-0.710332
-0.740251
-0.769997
-0.799562
-0.828938
-0.858115
-0.887084
-0.915834
-0.944354
-0.972633
-1.000659
-1.028418
-1.055898
-1.083083
-1.109958
-1.136508
-1.162715
-1.188560
-1.214025
-1.239090
-1.263733
-1.287933
-1.311664
-1.334903
-1.357623
-1.379798
-1.401399
-1.422396
-1.442759
-1.462455
-1.481452
-1.499716
-1.517213
-1.533906
-1.549762
-1.564743
-1.578815
-1.591941
-1.604087
-1.615220
-1.625308
-1.634320
-1.642228
-1.649006
-1.654633
-1.659090
-1.662360
-1.637203
-1.630370
-1.630041
-1.628545
-1.625888
-1.622078
-1.617127
-1.611051
-1.603870
-1.595605
-1.586281
-1.575925
-1.564565
-1.552232
-1.538958
-1.524774
-1.509714
-1.493812
-1.477101
-1.459614
-1.441384
-1.422443
-1.402823
-1.382555
-1.361669
-1.340194
-1.318156
-1.295585
-1.272505
-1.248940
-1.224915
-1.200452
-1.175572
-1.150295
-1.124641
-1.098629
-1.072276
-1.045597
-1.018610
-0.991328
-0.963766
-0.935937
-0.907854
-0.879528
-0.850972
-0.822195
-0.793207
-0.764018
-0.734638
-0.705075
-0.675336
-0.645430
-0.615364
-0.585145
-0.554779
-0.524272
-0.493631
-0.462861
-0.431967
-0.400955
-0.369828
-0.338593
-0.307252
-0.275810
-0.244271
-0.212639
-0.180918
-0.149109
-0.117218
-0.085247
-0.040470
-0.022813
0.007303
0.039162
0.071098
0.103107
0.135187
0.167336
0.199552
0.231831
0.264173
0.296575
0.329034
0.361551
0.394121
0.426745
0.459419
0.492143
0.524916
0.557734
0.590598
0.623506
0.656456
0.689448
0.722479
0.755549
0.788658
0.821803
0.854983
0.888199
0.921448
0.954730
0.988044
1.021389
1.054764
1.088168
1.121601
1.155063
1.188551
1.222065
1.255606
1.289172
1.322762
1.356376
1.390013
1.423673
1.457355
1.491059
1.524784
1.558530
1.592296
1.626081
1.659886
1.693709
1.727551
1.761410
1.786701
1.338784
1.302391
1.266000
1.229611
1.192910
1.153415
1.172703
1.207848
1.244307
1.280767
1.282422
1.258586
1.231698
1.230530
1.229827
1.255210
1.262077
1.225828
1.190008
1.153623
1.117718
1.097641
1.135827
1.141314
1.165912
1.181681
1.145259
1.108839
1.074690
1.040179
1.004228
0.971647
0.939566
0.907927
0.875577
0.839415
0.803263
0.767119
0.730982
0.694933
0.664644
0.630267
0.594259
0.558263
0.522282
0.491833
0.459213
0.423382
0.387569
0.358833
0.321257
0.280249
0.244658
0.217046
0.183739
0.148217
0.112721
0.077258
0.041827
0.006426
-0.026803
-0.052435
-0.086789
-0.121855
-0.156879
-0.191860
-0.226779
-0.261648
-0.296467
-0.331235
-0.365935
-0.400567
-0.428604
-0.453403
-0.487557
-0.508835
-0.528127
-0.551552
-0.584224
-0.600837
-0.592945
-0.596873
-0.628846
-0.660624
-0.692204
-0.723608
-0.750254
-0.761353
-0.770641
-0.778538
-0.792773
-0.820534
-0.824737
-0.827405
-0.839886
-0.862373
-0.861297
-0.858432
-0.869357
-0.885652
-0.879111
-0.898675
-0.919594
-0.929553
-0.919419
-0.937966
-0.955883
-0.973185
-0.989856
-1.005721
-0.992560
-0.991138
-1.004358
-1.016794
-1.028231
-1.038901
-1.048792
-1.057892
-1.065881
-1.072994
-1.079268
-1.084696
-1.089073
-1.061702
-1.047461
-1.048990
-1.049598
-1.049058
-1.047667
-1.045426
-1.042338
-1.038105
-1.032988
-1.027048
-1.020293
-1.012557
-1.003870
-0.994409
-0.975585
-0.929841
-0.916360
-0.934534
-0.964153
-0.983173
-0.968713
-0.953535
-0.937704
-0.921234
-0.904014
-0.886074
-0.850353
-0.804984
-0.773521
-0.754198
-0.735000
-0.715301
-0.695114
-0.674294
-0.652993
-0.631256
-0.613487
-0.619089
-0.599647
-0.575694
-0.551380
-0.526694
-0.526490
-0.526209
-0.534478
-0.559135
-0.583320
-0.585662
-0.593586
-0.616145
-0.638215
-0.659759
-0.663812
-0.661885
-0.681591
-0.700628
-0.719157
-0.725429
-0.710472
-0.693843
-0.664606
-0.624324
-0.578330
-0.545212
-0.511959
-0.478602
-0.457846
-0.472080
-0.452598
-0.422871
-0.388575
-0.354999
-0.332221
-0.308457
-0.279239
-0.244161
-0.209032
-0.173854
-0.138639
-0.103387
-0.068099
-0.032764
0.002602
0.037998
0.073424
0.108887
0.144379
0.179898
0.216926
0.261059
0.297614
0.333096
0.368603
0.404134
0.439696
0.475280
0.510884
0.546509
0.582160
0.617831
0.653521
0.689228
0.724955
0.760703
0.796467
0.832245
0.868040
0.903854
0.939682
0.978269
1.021360
1.064724
1.108311
1.144306
1.173529
1.209270
1.245028
1.276646
1.307355
1.343240
1.379141
1.415052
1.453587
1.495143
1.524303
1.553922
1.566375
1.560657
1.555279
1.550277
1.545570
1.541162
1.537056
1.533373
1.529991
1.526910
1.524130
1.521743
1.490849
1.453362
1.416569
1.378502
1.405956
1.441629
1.477688
1.514220
1.550751
1.587136
1.623540
1.660094
1.696836
1.704861
1.686765
1.649858
1.613963
1.578467
1.565072
1.577545
1.615949
1.654726
1.693757
1.702776
1.666673
1.633432
1.597685
1.563150
1.529729
1.493405
1.457086
1.420770
1.383293
1.343134
1.306783
1.270436
1.235708
1.202966
1.166682
1.130403
1.094129
1.057860
1.021597
0.985340
0.949089
0.912843
0.876603
0.840371
0.804146
0.770017
0.738387
0.702259
0.666141
0.630032
0.595190
0.565106
0.535719
0.528702
0.536094
0.543873
0.552192
0.529330
0.497616
0.475348
0.485035
0.523634
0.527664
0.492657
0.457688
0.422765
0.387879
0.353031
0.318222
0.283470
0.248761
0.214097
0.179478
0.144919
0.110418
0.075968
0.041572
0.007238
-0.027020
-0.061217
-0.099505
-0.146306
-0.180529
-0.204953
-0.225030
-0.247848
-0.295927
-0.288147
-0.303364
-0.350582
-0.397589
-0.444321
-0.483373
-0.517776
-0.552107
-0.586334
-0.610578
-0.636655
-0.663540
-0.643536
-0.679026
-0.725980
-0.769952
-0.804346
-0.838627
-0.872816
-0.906910
-0.940902
-0.974743
-1.008460
-1.042050
-1.075508
-1.108788
-1.128305
-1.153291
-1.185491
-1.217459
-1.249114
-1.280512
-1.311637
-1.342473
-1.372869
-1.418192
-1.450557
-1.461777
-1.490472
-1.518576
-1.546141
-1.573130
-1.599442
-1.624822
-1.649428
-1.673206
-1.696102
-1.717651
-1.738045
-1.757269
-1.775250
-1.791581
-1.834639
-1.882340
-1.920926
-1.931994
-1.906372
-1.899286
-1.902784
-1.904173
-1.902653
-1.925650
-1.955150
-1.976551
-1.964494
-1.922114
-1.882036
-1.853025
-1.837812
-1.820538
-1.801878
-1.771633
-1.722262
-1.700712
-1.698620
-1.689761
-1.664328
-1.637978
-1.610821
-1.583057
-1.554730
-1.525845
-1.496334
-1.466410
-1.429045
-1.379373
-1.348977
-1.318238
-1.287201
-1.255882
-1.224250
-1.206735
-1.172775
-1.127854
-1.095306
-1.046918
-1.008647
-0.976007
-0.945931
-0.961348
-0.950431
-0.918122
-0.872653
-0.838882
-0.804982
-0.770984
-0.733487
-0.686153
-0.702964
-0.731608
-0.740920
-0.706667
-0.658370
-0.659928
-0.654052
-0.621252
-0.588302
-0.555207
-0.522001
-0.484747
-0.436370
-0.402580
-0.359259
-0.321765
-0.301341
-0.253262
-0.205028
-0.163720
-0.132753
-0.113566
-0.081690
-0.040009
0.007717
0.055592
0.089673
0.123373
0.157142
0.190978
0.224899
0.258887
0.254675
0.213406
0.200791
0.218859
0.255034
0.298163
0.332728
0.367355
0.409865
0.430596
0.412649
0.446966
0.481337
0.515754
0.550216
0.584730
0.619297
0.653904
0.688551
0.723237
0.757975
0.792749
0.827557
0.856049
0.810373
0.819600
0.849362
0.884536
0.919741
0.954978
0.990239
1.025524
1.060833
1.087360
1.071535
1.036089
0.999924
0.955665
0.918280
0.882806
0.847354
0.811926
0.784814
0.747835
0.705797
0.670469
0.635177
0.599912
0.564674
0.529464
0.494292
0.451398
0.441185
0.469091
0.504552
0.540042
0.575554
0.611088
0.646644
0.682228
0.717832
0.750426
0.779064
0.814836
0.850626
0.886431
0.920928
0.949938
0.985149
1.021103
1.057068
1.093044
1.123055
1.157283
1.193369
1.221941
1.180383
1.196855
1.230574
1.265945
1.297824
1.333678
1.324142
1.324142
