1.438884
1.404331
1.369358
1.334775
1.300314
1.265229
1.230144
1.194217
1.158788
1.124112
1.097086
1.098465
1.064327
1.030619
0.997601
0.964936
0.932631
0.900770
0.866291
0.833610
0.800864
0.765974
0.731089
0.696208
0.661332
0.626460
0.591593
0.556731
0.521875
0.490706
0.457690
0.422911
0.388901
0.359272
0.324975
0.290300
0.255634
0.220978
0.186473
0.157867
0.124533
0.090014
0.057888
0.029402
-0.004966
-0.032500
-0.064267
-0.098453
-0.130718
-0.156344
-0.190292
-0.216992
-0.222666
-0.223344
-0.247282
-0.280614
-0.313892
-0.339501
-0.346675
-0.343245
-0.375967
-0.408606
-0.441175
-0.473672
-0.506094
-0.538439
-0.570685
-0.590510
-0.607317
-0.598441
-0.564749
-0.595933
-0.626973
-0.645517
-0.667524
-0.702691
-0.749000
-0.761219
-0.787874
-0.817529
-0.839670
-0.852052
-0.880751
-0.889791
-0.896032
-0.911799
-0.938713
-0.964853
-0.967417
-0.988210
-0.999129
-1.007488
-1.028396
-1.025741
-1.021510
-1.034660
-1.043535
-1.031641
-1.002988
-1.022557
-1.064580
-1.097013
-1.115733
-1.133932
-1.151500
-1.168436
-1.184790
-1.187148
-1.176572
-1.190692
-1.204007
-1.192031
-1.187991
-1.198974
-1.206888
-1.182367
-1.214462
-1.235293
-1.242471
-1.248894
-1.254499
-1.259160
-1.263037
-1.266127
-1.268424
-1.269925
-1.270441
-1.270111
-1.268982
-1.267056
-1.264335
-1.260740
-1.224279
-1.208467
-1.218710
-1.229673
-1.188556
-1.180273
-1.171266
-1.161564
-1.151179
-1.144027
-1.165069
-1.155725
-1.142226
-1.113975
-1.074445
-1.059477
-1.043785
-1.027545
-1.010772
-0.993479
-0.978445
-0.989669
-0.974325
-0.954577
-0.934383
-0.913758
-0.892697
-0.871135
-0.849188
-0.812948
-0.771380
-0.748728
-0.725666
-0.702250
-0.678519
-0.654482
-0.630149
-0.605507
-0.580531
-0.555291
-0.529794
-0.504049
-0.478063
-0.451790
-0.425284
-0.411760
-0.398812
-0.371366
-0.343709
-0.335061
-0.298957
-0.259566
-0.226221
-0.177540
-0.149075
-0.120454
-0.091686
-0.062773
-0.033720
-0.004512
0.024845
0.054327
0.083932
0.113656
0.143497
0.173481
0.203572
0.233767
0.264064
0.294460
0.324968
0.355580
0.386281
0.410221
0.427820
0.458975
0.490226
0.521552
0.552950
0.580011
0.597405
0.629197
0.661056
0.692976
0.724954
0.756989
0.789084
0.808263
0.827149
0.852862
0.864724
0.821861
0.842179
0.872778
0.905735
0.910277
0.874718
0.896417
0.918726
0.948735
0.961781
0.959534
0.983200
1.007480
1.032240
1.057464
1.083143
1.109269
1.135895
1.163011
1.194998
1.229418
1.263850
1.298293
1.292168
1.264243
1.226324
1.207334
1.236539
1.271180
1.271164
1.265935
1.246582
1.213689
1.209288
1.205251
1.201507
1.216025
1.227646
1.192045
1.189544
1.216759
1.206914
1.183898
1.182612
1.181648
1.181045
1.180742
1.197878
1.214791
1.181625
1.182589
1.183866
1.185442
1.200032
1.237223
1.274700
1.309920
1.344927
1.348820
1.333327
1.371393
1.406341
1.416484
1.400523
1.393132
1.423867
1.389038
1.354214
1.322492
1.307739
1.305502
1.276259
1.247506
1.214324
1.179763
1.147231
1.118601
1.084142
1.055729
1.050467
1.058006
1.065839
1.073978
1.049781
1.024737
1.017422
1.026986
1.036837
1.047034
1.057535
1.041215
1.007830
0.974475
0.941153
0.907869
0.874618
0.841401
0.808219
0.775072
0.741970
0.718709
0.690772
0.653467
0.609958
0.577062
0.555765
0.527057
0.494463
0.461919
0.429426
0.397002
0.354029
0.315686
0.283257
0.250885
0.218581
0.186348
0.154178
0.122074
0.090037
0.058071
0.026198
-0.005600
-0.037320
-0.068959
-0.100515
-0.131969
-0.163324
-0.194585
-0.225749
-0.256814
-0.287770
-0.318592
-0.336482
-0.367408
-0.410365
-0.440711
-0.470899
-0.500939
-0.530836
-0.560586
-0.593216
-0.641693
-0.672479
-0.701864
-0.731073
-0.760100
-0.788938
-0.817529
-0.845900
-0.874052
-0.901976
-0.929664
-0.957074
-0.984176
-1.011003
-1.037542
-1.069301
-1.118668
-1.144641
-1.170269
-1.195540
-1.220440
-1.244951
-1.268992
-1.292539
-1.315629
-1.338243
-1.360360
-1.381948
-1.402839
-1.423149
-1.442855
-1.461931
-1.480353
-1.497962
-1.514772
-1.530829
-1.546106
-1.560577
-1.574168
-1.586684
-1.598294
-1.608977
-1.618708
-1.627465
-1.635006
-1.641446
-1.646843
-1.651184
-1.654457
-1.656559
-1.657356
-1.657066
-1.655689
-1.653230
-1.649694
-1.644828
-1.638872
-1.631884
-1.623883
-1.614887
-1.604801
-1.593617
-1.581522
-1.568542
-1.554701
-1.540027
-1.524330
-1.507868
-1.490672
-1.472769
-1.454184
-1.434850
-1.414816
-1.394195
-1.373010
-1.351285
-1.329028
-1.306153
-1.282817
-1.259039
-1.234836
-1.210228
-1.185163
-1.159698
-1.133888
-1.107746
-1.081288
-1.054509
-1.027377
-0.999976
-0.972315
-0.944406
-0.915117
-0.866023
-0.834175
-0.805692
-0.777004
-0.748119
-0.719029
-0.689724
-0.660250
-0.630611
-0.600814
-0.570865
-0.540734
-0.510460
-0.480053
-0.449519
-0.418860
-0.388069
-0.357145
-0.326113
-0.294976
-0.263738
-0.232401
-0.200945
-0.169398
-0.137765
-0.106048
-0.074250
-0.042362
-0.010388
0.021657
0.053772
0.085956
0.118207
0.150537
0.182928
0.215378
0.247885
0.280448
0.313075
0.345758
0.378491
0.416350
0.459491
0.492212
0.524990
0.557814
0.590682
0.623592
0.656545
0.689548
0.722592
0.748787
0.774850
0.808136
0.841459
0.874820
0.908212
0.941635
0.975086
1.008567
1.042083
1.075627
1.103434
1.127252
1.152689
1.186541
1.212332
1.243400
1.273598
1.301133
1.335174
1.327186
1.298819
1.264616
1.230428
1.195443
1.153324
1.171573
1.153802
1.141777
1.170787
1.205274
1.239773
1.243636
1.219333
1.189342
1.186444
1.215983
1.249962
1.281792
1.312066
1.343380
1.378248
1.409490
1.443349
1.441543
1.404115
1.369006
1.330900
1.321960
1.340440
1.346860
1.320401
1.353794
1.355079
1.330110
1.295025
1.259701
1.223672
1.187999
1.180725
1.180754
1.193377
1.228977
1.264072
1.299167
1.334262
1.369111
1.369111
1.523010
1.490282
1.456826
1.421997
1.387455
1.355688
1.387294
1.419359
1.452153
1.436321
1.402937
1.370847
1.338456
1.305663
1.272302
1.238832
1.205780
1.203602
1.236654
1.243407
1.238961
1.207411
1.192742
1.194480
1.166773
1.134489
1.104045
1.073925
1.044073
1.011713
0.986218
0.983320
0.961498
0.926386
0.895785
0.864826
0.832135
0.799445
0.766757
0.737143
0.706618
0.673994
0.643946
0.615125
0.582585
0.550049
0.517519
0.484997
0.452478
0.419970
0.387466
0.354970
0.326195
0.298216
0.265846
0.231203
0.193682
0.164324
0.136468
0.104156
0.071855
0.039566
0.007296
-0.024966
-0.057206
-0.089433
-0.121647
-0.147916
-0.174705
-0.206693
-0.238656
-0.270602
-0.302507
-0.334396
-0.366249
-0.398071
-0.429872
-0.461619
-0.493346
-0.525029
-0.556670
-0.588287
-0.610331
-0.635362
-0.666536
-0.697639
-0.728376
-0.747814
-0.766564
-0.784170
-0.810642
-0.839505
-0.854519
-0.868653
-0.881550
-0.892764
-0.905262
-0.932558
-0.959675
-0.986580
-0.997018
-1.006226
-1.031586
-1.056675
-1.081487
-1.105792
-1.129877
-1.153426
-1.163581
-1.162133
-1.139982
-1.125502
-1.146080
-1.166142
-1.185823
-1.179215
-1.177351
-1.194335
-1.192647
-1.179322
-1.192374
-1.196605
-1.178873
-1.180015
-1.191043
-1.200741
-1.198784
-1.175140
-1.172535
-1.179047
-1.184200
-1.188788
-1.192492
-1.195111
-1.197219
-1.197964
-1.183982
-1.150462
-1.166687
-1.193012
-1.189308
-1.184924
-1.179770
-1.173458
-1.166659
-1.158704
-1.134089
-1.093470
-1.105421
-1.119538
-1.107717
-1.095245
-1.082242
-1.068229
-1.053841
-1.038645
-1.022854
-1.006649
-0.989553
-0.972142
-0.954090
-0.935508
-0.916615
-0.922094
-0.911241
-0.865087
-0.832703
-0.807174
-0.786614
-0.774738
-0.778042
-0.763107
-0.740711
-0.717782
-0.694641
-0.671185
-0.647359
-0.621228
-0.574873
-0.558853
-0.580798
-0.582278
-0.575349
-0.549638
-0.523751
-0.497678
-0.471325
-0.444858
-0.418132
-0.391252
-0.364231
-0.352384
-0.338790
-0.310850
-0.291994
-0.280147
-0.252910
-0.224125
-0.195201
-0.175040
-0.160611
-0.131773
-0.106156
-0.089867
-0.064652
-0.034518
-0.004269
0.026018
0.056376
0.078756
0.097845
0.128635
0.159456
0.190328
0.221256
0.252989
0.294877
0.332164
0.363052
0.393996
0.424963
0.455992
0.487049
0.518142
0.541295
0.557879
0.548508
0.555220
0.578107
0.608476
0.640222
0.671997
0.708221
0.748255
0.780918
0.812635
0.844379
0.871612
0.895562
0.934034
0.971552
1.003395
1.035257
1.067129
1.099030
1.128675
1.153355
1.182899
1.214737
1.208066
1.190195
1.151746
1.136122
1.130342
1.125031
1.119914
1.115097
1.110648
1.106372
1.102554
1.098953
1.095638
1.092718
1.094101
1.124544
1.155255
1.186264
1.217717
1.249353
1.281423
1.313869
1.346672
1.379274
1.411893
1.444700
1.477507
1.510314
1.543121
1.575928
1.608736
1.602759
1.570176
1.568849
1.559933
1.527138
1.495075
1.463435
1.430681
1.397903
1.365127
1.333486
1.302364
1.269614
1.237683
1.207167
1.177058
1.149110
1.152375
1.169091
1.205416
1.189827
1.157262
1.124705
1.092151
1.059601
1.027058
0.994517
0.961984
0.931697
0.903775
0.872087
0.839651
0.807226
0.774807
0.742394
0.714789
0.686691
0.654404
0.622128
0.589859
0.552319
0.515769
0.483433
0.454758
0.428448
0.464167
0.502976
0.542042
0.576540
0.608552
0.647820
0.665558
0.641603
0.661724
0.699395
0.667764
0.636149
0.604560
0.573003
0.540794
0.500324
0.463584
0.431969
0.400390
0.368827
0.337307
0.305810
0.274342
0.242917
0.211512
0.180156
0.148830
0.117536
0.095187
0.070369
0.028726
-0.001276
-0.021423
-0.040473
-0.062085
-0.092492
-0.122834
-0.153129
-0.183312
-0.213452
-0.243499
-0.273460
-0.303369
-0.333135
-0.362847
-0.392451
-0.421941
-0.451373
-0.480622
-0.509802
-0.538853
-0.558081
-0.574544
-0.618458
-0.662284
-0.705976
-0.749481
-0.791718
-0.821603
-0.851400
-0.881084
-0.910594
-0.940025
-0.969242
-1.005558
-1.049700
-1.081558
-1.110713
-1.139620
-1.168354
-1.196927
-1.225175
-1.253284
-1.281057
-1.308564
-1.335859
-1.344651
-1.356051
-1.381322
-1.406143
-1.430660
-1.475764
-1.515564
-1.539266
-1.577404
-1.623801
-1.646798
-1.668941
-1.690180
-1.710361
-1.729993
-1.747862
-1.764965
-1.780764
-1.772923
-1.755430
-1.733626
-1.723495
-1.730181
-1.734885
-1.738672
-1.740036
-1.740173
-1.738809
-1.735293
-1.735399
-1.760456
-1.768366
-1.758428
-1.746419
-1.733594
-1.718932
-1.703200
-1.686520
-1.668268
-1.649442
-1.629390
-1.594437
-1.548250
-1.524609
-1.502722
-1.480028
-1.456743
-1.433082
-1.408602
-1.383857
-1.358586
-1.332881
-1.306943
-1.298741
-1.283842
-1.256069
-1.228003
-1.199792
-1.171220
-1.142519
-1.113612
-1.084487
-1.055261
-1.025789
-0.990204
-0.946317
-0.913549
-0.884061
-0.854377
-0.824600
-0.794715
-0.764682
-0.734587
-0.704351
-0.667676
-0.624670
-0.581434
-0.540786
-0.510807
-0.480746
-0.450616
-0.408893
-0.368859
-0.338773
-0.308609
-0.278389
-0.248053
-0.217677
-0.187217
-0.156689
-0.126120
-0.083939
-0.048926
-0.030015
-0.003165
0.027817
0.069878
0.107902
0.138692
0.162010
0.182764
0.213921
0.245105
0.276327
0.315106
0.350824
0.330600
0.332784
0.363672
0.394617
0.425586
0.456614
0.487673
0.518765
0.549908
0.581072
0.612283
0.643523
0.674790
0.706101
0.737431
0.768799
0.800194
0.831610
0.863066
0.894538
0.926042
0.957570
0.989115
1.020697
1.031277
0.990994
0.991554
1.015192
1.046946
1.078829
1.110730
1.137727
1.160944
1.128906
1.096877
1.064863
1.027769
0.990833
0.984247
0.991196
1.017413
1.048257
1.080569
1.112895
1.145227
1.177567
1.205798
1.233764
1.266206
1.296417
1.324330
1.356117
1.388646
1.421182
1.453721
1.486264
1.518814
1.535745
1.499295
1.465053
1.432455
1.399862
1.366314
1.330132
1.334262
1.363822
1.396382
1.428292
1.458447
1.458447
1.690253
1.657676
1.625100
1.592523
1.559408
1.568878
1.582722
1.582716
1.570149
1.558091
1.584279
1.585326
1.585105
1.554147
1.554736
1.528474
1.523979
1.526671
1.507818
1.477012
1.446320
1.413900
1.382422
1.352892
1.320514
1.288168
1.259723
1.227701
1.195377
1.163056
1.133652
1.103241
1.070981
1.038726
1.006478
0.974237
0.942711
0.915231
0.883064
0.850905
0.818754
0.786613
0.754480
0.722357
0.690243
0.658139
0.626046
0.595608
0.568404
0.536414
0.504437
0.472474
0.440526
0.408592
0.376673
0.344769
0.312882
0.281011
0.249158
0.219666
0.193438
0.161737
0.130059
0.098404
0.066775
0.035171
0.003593
-0.027958
-0.054075
-0.076588
-0.098408
-0.123349
-0.151349
-0.171592
-0.187758
-0.177094
-0.207422
-0.237684
-0.278196
-0.301936
-0.299096
-0.303483
-0.326462
-0.349972
-0.364714
-0.378529
-0.382586
-0.342098
-0.353798
-0.337314
-0.344518
-0.368446
-0.395521
-0.422432
-0.459449
-0.496173
-0.515583
-0.515053
-0.504636
-0.530348
-0.555217
-0.559556
-0.583104
-0.607569
-0.631776
-0.655715
-0.665717
-0.677715
-0.700445
-0.714697
-0.724698
-0.762594
-0.760977
-0.781631
-0.801862
-0.821686
-0.841089
-0.860054
-0.878567
-0.896610
-0.914167
-0.931222
-0.947756
-0.963754
-0.979196
-0.992953
-0.977659
-1.017916
-1.034902
-1.047234
-1.058902
-1.069888
-1.080177
-1.089751
-1.098595
-1.106697
-1.114040
-1.120613
-1.126403
-1.131326
-1.135445
-1.138754
-1.141246
-1.142916
-1.143762
-1.143782
-1.142975
-1.141344
-1.138891
-1.131364
-1.097915
-1.125280
-1.151512
-1.121192
-1.107021
-1.098956
-1.090146
-1.080606
-1.070351
-1.059398
-1.047762
-1.035460
-1.022510
-1.009093
-1.023912
-0.984713
-0.988059
-0.999808
-1.010157
-1.019076
-1.036101
-1.062299
-1.088218
-1.113840
-1.139148
-1.164124
-1.188734
-1.191384
-1.191610
-1.209305
-1.248380
-1.279367
-1.287348
-1.294034
-1.323284
-1.354396
-1.343178
-1.316033
-1.288602
-1.260883
-1.232917
-1.204722
-1.176314
-1.137285
-1.102140
-1.073535
-1.044754
-1.020368
-1.002111
-0.970548
-0.928068
-0.898548
-0.868897
-0.839133
-0.809260
-0.788051
-0.762408
-0.732008
-0.701527
-0.670971
-0.640344
-0.609648
-0.578887
-0.548065
-0.517180
-0.476530
-0.444100
-0.420872
-0.393108
-0.361969
-0.330787
-0.299562
-0.268298
-0.236995
-0.205655
-0.174279
-0.142870
-0.111425
-0.079949
-0.048444
-0.016910
0.014652
0.046240
0.077854
0.109492
0.141154
0.172839
0.204546
0.236274
0.268023
0.299793
0.331582
0.363389
0.395214
0.427057
0.458915
0.490790
0.522680
0.554585
0.586505
0.618439
0.650387
0.682349
0.714324
0.746311
0.778310
0.810321
0.842344
0.874377
0.906421
0.938475
0.970540
1.002614
1.034698
1.066792
1.098895
1.135899
1.169248
1.201323
1.233406
1.262681
1.291689
1.322115
1.349323
1.365942
1.334599
1.362787
1.359091
1.355549
1.352283
1.349294
1.346583
1.344150
1.326494
1.304760
1.303149
1.308876
1.331939
1.300013
1.299548
1.299379
1.327846
1.360824
1.393546
1.426128
1.458711
1.491293
1.523876
1.539471
1.513442
1.511553
1.480442
1.482069
1.513795
1.521458
1.548034
1.561830
1.544492
1.513534
1.482957
1.450533
1.418893
1.390007
1.361249
1.328905
1.300611
1.268826
1.236536
1.204252
1.171974
1.139701
1.107434
1.075172
1.042917
1.010668
0.978425
0.946189
0.913961
0.881739
0.849525
0.817318
0.785119
0.752928
0.723378
0.694416
0.662310
0.630215
0.598131
0.566057
0.533995
0.501945
0.469907
0.442891
0.440215
0.447118
0.433262
0.404948
0.392557
0.391905
0.374994
0.387196
0.427481
0.458722
0.440584
0.419391
0.422173
0.432783
0.419257
0.388596
0.357978
0.327405
0.296879
0.266400
0.235202
0.193142
0.174023
0.145013
0.114807
0.084660
0.054575
0.024553
-0.005402
-0.035289
-0.065105
-0.094847
-0.124513
-0.154099
-0.183596
-0.213005
-0.242324
-0.271548
-0.300676
-0.329701
-0.358621
-0.387431
-0.421293
-0.457721
-0.473151
-0.501471
-0.529652
-0.557679
-0.600690
-0.631776
-0.659621
-0.698322
-0.733682
-0.761321
-0.788779
-0.816046
-0.843113
-0.869969
-0.896604
-0.922992
-0.949122
-0.974992
-1.000585
-1.025889
-1.050886
-1.075559
-1.099892
-1.123865
-1.147457
-1.170649
-1.193418
-1.215736
-1.237538
-1.258836
-1.279603
-1.299809
-1.319423
-1.338415
-1.356752
-1.374398
-1.391321
-1.407483
-1.422849
-1.437381
-1.450998
-1.463660
-1.475372
-1.486098
-1.495804
-1.504458
-1.512032
-1.518498
-1.523833
-1.528016
-1.531032
-1.532869
-1.533518
-1.532866
-1.531025
-1.528004
-1.523816
-1.518476
-1.512006
-1.504427
-1.495768
-1.486058
-1.475328
-1.463613
-1.450947
-1.437330
-1.422794
-1.407425
-1.391259
-1.374334
-1.356684
-1.338345
-1.319350
-1.299733
-1.279525
-1.258756
-1.237456
-1.215652
-1.193334
-1.170563
-1.147370
-1.123775
-1.099801
-1.075467
-1.050792
-1.025794
-1.000489
-0.974894
-0.949024
-0.922892
-0.896505
-0.869869
-0.843012
-0.815944
-0.788676
-0.761218
-0.733578
-0.705765
-0.677788
-0.649654
-0.621370
-0.592944
-0.564381
-0.535679
-0.506851
-0.477905
-0.448846
-0.419680
-0.390410
-0.361041
-0.331577
-0.302023
-0.272381
-0.242655
-0.212849
-0.182964
-0.152999
-0.122964
-0.092861
-0.062692
-0.032460
0.004397
0.041216
0.071465
0.101771
0.129871
0.151388
0.193018
0.223540
0.254112
0.284730
0.315393
0.353549
0.388711
0.419372
0.450076
0.480821
0.511605
0.542427
0.573287
0.604183
0.625247
0.655294
0.686402
0.717540
0.748707
0.779902
0.811124
0.842373
0.873647
0.906817
0.946161
0.977417
1.008700
1.040007
1.071337
1.102690
1.134066
1.165462
1.196880
1.224765
1.250731
1.280290
1.304031
1.328184
1.352748
1.384519
1.410228
1.435647
1.461443
1.466875
1.443269
1.436149
1.465110
1.495860
1.523308
1.551099
1.579226
1.607699
1.639892
1.641144
1.663102
1.647503
1.651619
1.647775
1.641148
1.671646
1.693970
1.692475
1.692475
1.574967
1.539137
1.503646
1.468709
1.441667
1.441607
1.441857
1.442416
1.426915
1.430084
1.466404
1.456806
1.423337
1.443800
1.421778
1.389219
1.354609
1.320015
1.287821
1.253659
1.221433
1.187796
1.181150
1.189745
1.153261
1.116743
1.082092
1.050076
1.016672
0.982073
0.947479
0.912891
0.878308
0.848125
0.813601
0.779084
0.744575
0.711601
0.680551
0.646120
0.611700
0.577290
0.542890
0.508501
0.474124
0.439757
0.410467
0.376944
0.342687
0.308446
0.274220
0.240011
0.205819
0.173728
0.146996
0.117577
0.079966
0.042238
0.012994
-0.017974
-0.051792
-0.078822
-0.110853
-0.136035
-0.168847
-0.191919
-0.215363
-0.246362
-0.270207
-0.299309
-0.319122
-0.312095
-0.281149
-0.298482
-0.344322
-0.381328
-0.403387
-0.431672
-0.450919
-0.466466
-0.480914
-0.434903
-0.409162
-0.422384
-0.442783
-0.480259
-0.491430
-0.489849
-0.501754
-0.529591
-0.549743
-0.564619
-0.586060
-0.613520
-0.622660
-0.626551
-0.605178
-0.631565
-0.675668
-0.680864
-0.711191
-0.753451
-0.777817
-0.791444
-0.812982
-0.848609
-0.871381
-0.876391
-0.908874
-0.915914
-0.891758
-0.905626
-0.925255
-0.944314
-0.962801
-0.980700
-1.004831
-1.043553
-1.059889
-1.075543
-1.090493
-1.104715
-1.118187
-1.130885
-1.142789
-1.153875
-1.136944
-1.171109
-1.182030
-1.157473
-1.163968
-1.169558
-1.174233
-1.177982
-1.180798
-1.182673
-1.183605
-1.183591
-1.202625
-1.213465
-1.210547
-1.206673
-1.201850
-1.166319
-1.157269
-1.149821
-1.141487
-1.137670
-1.153537
-1.142427
-1.119530
-1.100078
-1.104285
-1.090041
-1.075070
-1.078816
-1.104516
-1.121748
-1.148252
-1.177824
-1.207126
-1.217407
-1.245649
-1.273541
-1.296178
-1.307025
-1.333206
-1.349280
-1.360902
-1.385013
-1.408525
-1.414390
-1.394146
-1.381668
-1.357114
-1.328149
-1.298862
-1.269264
-1.239386
-1.206508
-1.162636
-1.132415
-1.101972
-1.071324
-1.040481
-1.009458
-0.978265
-0.946912
-0.915409
-0.883766
-0.851989
-0.820088
-0.788069
-0.755935
-0.723694
-0.691354
-0.658921
-0.626399
-0.593793
-0.565668
-0.539227
-0.506211
-0.466825
-0.429641
-0.396612
-0.371420
-0.348246
-0.316152
-0.282612
-0.249030
-0.216256
-0.190024
-0.154377
-0.114326
-0.080565
-0.046773
-0.012950
0.025191
0.048583
0.067474
0.098464
0.132294
0.172924
0.207907
0.241716
0.275263
0.301831
0.335810
0.369810
0.403831
0.437871
0.471931
0.509345
0.543356
0.574220
0.608351
0.642498
0.676661
0.710838
0.745031
0.779238
0.813459
0.847694
0.881942
0.914893
0.944634
0.978977
1.015669
1.053363
1.087681
1.122009
1.160164
1.192299
1.220819
1.258599
1.288975
1.322926
1.357548
1.393337
1.387890
1.389962
1.410440
1.405957
1.401781
1.397914
1.394358
1.391113
1.388179
1.385558
1.383250
1.381255
1.409351
1.442840
1.441701
1.406175
1.371248
1.335999
1.319605
1.354571
1.389435
1.424493
1.459574
1.494434
1.508186
1.532692
1.567804
1.575980
1.547785
1.513100
1.480118
1.453660
1.480744
1.448187
1.413447
1.378708
1.343972
1.309238
1.274506
1.239777
1.205051
1.170327
1.138060
1.104059
1.069375
1.063163
1.026491
0.991753
0.957017
0.922284
0.888411
0.857079
0.852502
0.858973
0.824356
0.787485
0.751289
0.719441
0.739889
0.720706
0.682293
0.647294
0.612836
0.582561
0.548044
0.513535
0.479034
0.446252
0.415114
0.380702
0.349241
0.317531
0.287196
0.255078
0.226024
0.253057
0.265935
0.304769
0.338932
0.372840
0.406770
0.440723
0.474696
0.508691
0.520048
0.508922
0.534055
0.534337
0.506170
0.481934
0.458327
0.427098
0.402783
0.380673
0.348093
0.315167
0.282288
0.249460
0.216682
0.183958
0.151288
0.118677
0.086124
0.046690
0.009259
-0.023260
-0.046203
-0.075663
-0.107806
-0.139872
-0.171854
-0.203749
-0.237541
-0.280794
-0.312609
-0.344328
-0.375948
-0.407462
-0.446299
-0.484527
-0.515928
-0.536647
-0.563287
-0.580878
-0.623046
-0.670368
-0.701603
-0.732021
-0.762269
-0.792337
-0.817482
-0.834283
-0.856081
-0.882254
-0.921005
-0.949412
-0.990087
-1.025093
-1.053014
-1.080621
-1.107895
-1.134817
-1.161356
-1.187481
-1.213179
-1.238426
-1.263192
-1.287447
-1.311159
-1.334294
-1.356816
-1.378688
-1.399869
-1.420318
-1.439990
-1.458842
-1.476825
-1.493893
-1.509981
-1.525010
-1.538972
-1.551816
-1.563495
-1.573964
-1.583181
-1.591105
-1.597703
-1.602942
-1.606800
-1.609256
-1.610299
-1.609924
-1.608133
-1.604933
-1.600321
-1.594283
-1.586905
-1.578220
-1.568266
-1.557085
-1.544721
-1.531222
-1.516634
-1.501008
-1.484393
-1.466837
-1.448390
-1.429098
-1.409008
-1.388165
-1.366602
-1.344342
-1.321455
-1.297978
-1.273944
-1.249387
-1.224338
-1.198825
-1.172876
-1.146517
-1.119772
-1.092662
-1.065210
-1.037435
-1.009354
-0.980987
-0.952345
-0.923436
-0.894286
-0.864908
-0.835315
-0.805518
-0.775528
-0.745354
-0.715006
-0.684493
-0.653824
-0.623005
-0.592045
-0.560950
-0.529727
-0.498382
-0.466919
-0.435340
-0.403656
-0.371871
-0.339990
-0.308016
-0.275955
-0.238120
-0.198946
-0.159507
-0.132716
-0.116055
-0.087940
-0.055752
-0.023491
0.008841
0.041241
0.073709
0.106240
0.138830
0.171479
0.204184
0.236942
0.269753
0.302613
0.335522
0.368478
0.401478
0.434523
0.467609
0.500736
0.533902
0.567106
0.600349
0.633628
0.666941
0.700287
0.733665
0.767075
0.800515
0.833985
0.867483
0.901008
0.934561
0.968139
1.008968
1.044133
1.069525
1.102657
1.127630
1.154081
1.186534
1.214422
1.246174
1.272819
1.302753
1.336917
1.371094
1.360795
1.324226
1.285342
1.271070
1.241602
1.207294
1.172995
1.138709
1.103672
1.063136
1.039220
1.069613
1.104045
1.140775
1.178112
1.209632
1.241853
1.279788
1.287635
1.308998
1.342647
1.377182
1.407412
1.441996
1.476586
1.511180
1.528421
1.499941
1.496144
1.506980
1.522152
1.500856
1.504478
1.493338
1.457001
1.473501
1.506683
1.541331
1.606217
1.575228
1.544240
1.513253
1.482265
1.451277
1.420145
1.388926
1.357897
1.326905
1.295914
1.264984
1.234234
1.203714
1.173464
1.142732
1.111757
1.080782
1.049911
1.020228
0.990177
0.959226
0.928274
0.897324
0.867714
0.838664
0.807912
0.777305
0.748921
0.719722
0.688860
0.656593
0.623114
0.593548
0.565318
0.537762
0.509714
0.478939
0.448168
0.417402
0.389043
0.362445
0.332656
0.301996
0.271350
0.241736
0.216200
0.188628
0.158126
0.127638
0.097158
0.066697
0.036242
0.005811
-0.024613
-0.055016
-0.085407
-0.115781
-0.146135
-0.176478
-0.200779
-0.224651
-0.254740
-0.284816
-0.314857
-0.344871
-0.374859
-0.404806
-0.434735
-0.464608
-0.493424
-0.514142
-0.537681
-0.567129
-0.596525
-0.625876
-0.647104
-0.665467
-0.693691
-0.720495
-0.736583
-0.751979
-0.766161
-0.787883
-0.815258
-0.830205
-0.841636
-0.867763
-0.890563
-0.898926
-0.914009
-0.939018
-0.951770
-0.956744
-0.921831
-0.880028
-0.903386
-0.921519
-0.922735
-0.942876
-0.986704
-1.016023
-1.037605
-1.058581
-1.077753
-1.073664
-1.075844
-1.094436
-1.099988
-1.091663
-1.100216
-1.116260
-1.106517
-1.096743
-1.110037
-1.122959
-1.135078
-1.146546
-1.157425
-1.167350
-1.176926
-1.156890
-1.139229
-1.145721
-1.151713
-1.156807
-1.161091
-1.164754
-1.143352
-1.114602
-1.114757
-1.115194
-1.114490
-1.125495
-1.154245
-1.163366
-1.159704
-1.154877
-1.149097
-1.112420
-1.089304
-1.111640
-1.120183
-1.111022
-1.101046
-1.090625
-1.079176
-1.067479
-1.054708
-1.041644
-1.027787
-1.000497
-0.958554
-0.934892
-0.919584
-0.903473
-0.887179
-0.870127
-0.852827
-0.834980
-0.829353
-0.835069
-0.822214
-0.802376
-0.781934
-0.761364
-0.740278
-0.718995
-0.697348
-0.675409
-0.653241
-0.630699
-0.608044
-0.584948
-0.561763
-0.538234
-0.506824
-0.463154
-0.431367
-0.407523
-0.383393
-0.359189
-0.334657
-0.310056
-0.285214
-0.260246
-0.235112
-0.209803
-0.184396
-0.173114
-0.164282
-0.154026
-0.139399
-0.112588
-0.085688
-0.058687
-0.041393
-0.028663
-0.002686
0.024973
0.052763
0.076637
0.091556
0.113342
0.141661
0.161474
0.177987
0.205885
0.234672
0.263537
0.288754
0.307035
0.331373
0.360609
0.382512
0.402111
0.431354
0.459360
0.480174
0.504456
0.534277
0.564124
0.593989
0.617647
0.639839
0.669922
0.700011
0.730126
0.757332
0.780609
0.808330
0.838621
0.868932
0.899248
0.929585
0.959928
0.990287
1.020656
1.051035
1.081428
1.111827
1.142242
1.172661
1.203096
1.233536
1.263988
1.294448
1.324917
1.355396
1.385880
1.383340
1.378079
1.373210
1.378890
1.405186
1.414977
1.411077
1.407519
1.404071
1.371346
1.342831
1.340258
1.337861
1.335753
1.333919
1.332278
1.355636
1.385444
1.416422
1.447257
1.477561
1.495066
1.494842
1.514338
1.545551
1.551243
1.550580
1.520724
1.506556
1.539066
1.543339
1.514416
1.484167
1.453259
1.424572
1.396247
1.368418
1.349735
1.353235
1.356963
1.360922
1.340338
1.309635
1.278941
1.247733
1.212905
1.179435
1.148695
1.120270
1.093815
1.064218
1.033564
1.002921
0.972280
0.941650
0.911024
0.880405
0.849795
0.819189
0.788595
0.758004
0.727427
0.696853
0.666291
0.638037
0.613061
0.584701
0.554279
0.523874
0.493474
0.463097
0.432726
0.402373
0.375096
0.351526
0.368296
0.405708
0.384460
0.355047
0.333165
0.320029
0.328756
0.323240
0.303124
0.276515
0.247147
0.217843
0.189820
0.171325
0.149432
0.120516
0.091649
0.062826
0.034077
0.005353
-0.023270
-0.051870
-0.080374
-0.108835
-0.137218
-0.165527
-0.193780
-0.231985
-0.272954
-0.301357
-0.329612
-0.357751
-0.391166
-0.432275
-0.457133
-0.471813
-0.485510
-0.499852
-0.540927
-0.581943
-0.622771
-0.658043
-0.686447
-0.714737
-0.742968
-0.771034
-0.799060
-0.826891
-0.854657
-0.882257
-0.909732
-0.937076
-0.964223
-0.991283
-1.018057
-1.044762
-1.071154
-1.097420
-1.123419
-1.149184
-1.174741
-1.199933
-1.224994
-1.249528
-1.273934
-1.297806
-1.320163
-1.339830
-1.373035
-1.416524
-1.445034
-1.469229
-1.492622
-1.515821
-1.538257
-1.560252
-1.581590
-1.602152
-1.622215
-1.620014
-1.613390
-1.629147
-1.644460
-1.658310
-1.671224
-1.682949
-1.693158
-1.702546
-1.709769
-1.716456
-1.720639
-1.724064
-1.725469
-1.725522
-1.724116
-1.720795
-1.716612
-1.710025
-1.702896
-1.693508
-1.683386
-1.671661
-1.658827
-1.644976
-1.629734
-1.613977
-1.596632
-1.578964
-1.560023
-1.540618
-1.520368
-1.486891
-1.443108
-1.416535
-1.395097
-1.372765
-1.350262
-1.327103
-1.303663
-1.279791
-1.266434
-1.260015
-1.223828
-1.181011
-1.155454
-1.129797
-1.103799
-1.077629
-1.051237
-1.024619
-0.997874
-0.970862
-0.943785
-0.916441
-0.885206
-0.843292
-0.808286
-0.780911
-0.753376
-0.725767
-0.697967
-0.668788
-0.627312
-0.590037
-0.562221
-0.527360
-0.485877
-0.444261
-0.402593
-0.386181
-0.369844
-0.342572
-0.315234
-0.287774
-0.260216
-0.232580
-0.214915
-0.200330
-0.159908
-0.121097
-0.093004
-0.064860
-0.036634
-0.008334
0.020016
0.038955
0.055755
0.084578
0.113422
0.142338
0.171291
0.200295
0.229351
0.258437
0.279063
0.298681
0.328113
0.360094
0.399294
0.433884
0.463254
0.492665
0.522096
0.551578
0.581960
0.621043
0.642589
0.623455
0.628934
0.658126
0.687364
0.716619
0.745931
0.775254
0.804627
0.834019
0.863446
0.892902
0.922382
0.951898
0.981427
1.011001
1.040585
1.070205
1.073777
1.035204
1.032027
1.053441
1.081650
1.111578
1.141539
1.171507
1.201499
1.228378
1.250997
1.235909
1.198716
1.167372
1.136838
1.099842
1.078399
1.102477
1.129489
1.159907
1.190336
1.220771
1.251221
1.281675
1.312143
1.341046
1.366210
1.391683
1.417460
1.446708
1.477364
1.508029
1.530340
1.495386
1.460544
1.425925
1.425000
1.452378
1.456964
1.454015
1.481159
1.509656
1.538579
1.567687
1.597102
1.608707
1.607616
1.607616
1.641028
1.604022
1.567134
1.530602
1.528448
1.561733
1.544833
1.510174
1.474688
1.439578
1.405758
1.371125
1.335600
1.325565
1.325276
1.325547
1.318482
1.284691
1.251190
1.218027
1.185330
1.152825
1.120981
1.088621
1.054084
1.018263
0.980851
0.945402
0.910821
0.879052
0.846922
0.812407
0.777895
0.743387
0.708884
0.674382
0.643535
0.612332
0.577928
0.543529
0.509138
0.474754
0.440375
0.406008
0.371644
0.337292
0.302947
0.268610
0.237799
0.208909
0.175300
0.141133
0.106988
0.072854
0.038737
0.004638
-0.029450
-0.063510
-0.097562
-0.131584
-0.165592
-0.199576
-0.233536
-0.267479
-0.294555
-0.321376
-0.354986
-0.388572
-0.422114
-0.455611
-0.489079
-0.522478
-0.554874
-0.577759
-0.604031
-0.636865
-0.669621
-0.702320
-0.724267
-0.745014
-0.776921
-0.808757
-0.840444
-0.863130
-0.879066
-0.920131
-0.964722
-0.978807
-0.991978
-1.003116
-1.012541
-1.020599
-1.026104
-1.031996
-1.057726
-1.075871
-1.075871
-1.074046
-1.070674
-1.086760
-1.107103
-1.098487
-1.088956
-1.077069
-1.046575
-0.999302
-1.001472
-1.018787
-1.065472
-1.095311
-1.078287
-1.076457
-1.089185
-1.100773
-1.111888
-1.087938
-1.071853
-1.079463
-1.069264
-1.040929
-1.036648
-1.040746
-1.077450
-1.097958
-1.064148
-1.062812
-1.096622
-1.078916
-1.041811
-1.036809
-1.032361
-1.026662
-1.020235
-1.012971
-1.004626
-0.995842
-0.985654
-0.975116
-0.963455
-0.951189
-0.938181
-0.924281
-0.909991
-0.894556
-0.878834
-0.862181
-0.845058
-0.827324
-0.789115
-0.741308
-0.746495
-0.750664
-0.730073
-0.709134
-0.687712
-0.665774
-0.643577
-0.620720
-0.597693
-0.574099
-0.550251
-0.526030
-0.501429
-0.476623
-0.451330
-0.429126
-0.425791
-0.413302
-0.386441
-0.359311
-0.332026
-0.304395
-0.276671
-0.248627
-0.220457
-0.192072
-0.163492
-0.134790
-0.105832
-0.076803
-0.047529
-0.018163
0.011370
0.030613
0.043136
0.070852
0.099704
0.114428
0.134777
0.165877
0.197073
0.228334
0.247857
0.266275
0.298127
0.325769
0.344798
0.371482
0.403837
0.446468
0.487512
0.475089
0.473138
0.494162
0.515858
0.538083
0.569103
0.602249
0.635454
0.665879
0.689753
0.718861
0.752356
0.779240
0.804683
0.838420
0.872168
0.905940
0.939730
0.973535
1.007364
1.041050
1.067818
1.096526
1.130541
1.164568
1.198605
1.232660
1.266719
1.300799
1.334883
1.368982
1.403091
1.437208
1.471339
1.505474
1.539626
1.572451
1.601005
1.632320
1.666588
1.672200
1.667185
1.696260
1.711026
1.672630
1.666756
1.697838
1.704661
1.701782
1.732649
1.757864
1.756055
1.738782
1.702828
1.667218
1.631757
1.662345
1.696856
1.731792
1.766612
1.801286
1.812769
1.813534
1.814772
1.810033
1.777200
1.744610
1.712354
1.678547
1.643970
1.612113
1.580612
1.549648
1.517259
1.482798
1.448341
1.413886
1.376078
1.338433
1.303931
1.270946
1.240312
1.232070
1.236517
1.233097
1.224219
1.185867
1.150480
1.119995
1.111374
1.115977
1.086742
1.053044
1.024126
0.993300
0.959103
0.924918
0.890739
0.856577
0.822420
0.788281
0.754149
0.720032
0.685928
0.651833
0.617758
0.584287
0.557255
0.527958
0.494089
0.464889
0.439105
0.469360
0.506315
0.472834
0.442430
0.418681
0.395607
0.373057
0.342174
0.309321
0.276547
0.243800
0.211116
0.178483
0.145894
0.113387
0.080905
0.048528
0.016185
-0.016074
-0.048265
-0.080397
-0.112422
-0.144413
-0.176260
-0.208065
-0.239752
-0.278703
-0.324447
-0.369971
-0.415305
-0.447264
-0.479177
-0.510959
-0.517469
-0.498860
-0.527636
-0.572399
-0.604917
-0.640279
-0.684877
-0.723616
-0.756166
-0.778897
-0.798044
-0.842916
-0.885324
-0.917310
-0.949185
-0.980936
-1.012495
-1.043979
-1.075171
-1.109531
-1.155871
-1.195308
-1.226508
-1.257436
-1.288248
-1.318631
-1.348887
-1.378715
-1.408267
-1.437470
-1.466163
-1.494624
-1.522259
-1.549644
-1.576160
-1.602134
-1.627375
-1.651583
-1.675287
-1.697290
-1.718777
-1.738405
-1.756947
-1.773929
-1.788874
-1.802754
-1.813426
-1.823165
-1.829544
-1.834255
-1.836414
-1.835804
-1.833645
-1.797784
-1.757359
-1.715026
-1.684429
-1.672985
-1.659804
-1.645586
-1.654773
-1.666656
-1.673124
-1.668586
-1.644882
-1.620240
-1.594999
-1.568665
-1.539849
-1.491079
-1.442291
-1.393472
-1.357608
-1.330535
-1.285286
-1.238479
-1.210856
-1.183015
-1.154739
-1.126129
-1.097279
-1.082453
-1.067984
-1.020711
-0.978887
-0.948685
-0.918285
-0.887730
-0.856920
-0.826034
-0.794882
-0.763653
-0.732247
-0.708102
-0.689895
-0.660478
-0.628189
-0.595746
-0.563261
-0.530672
-0.498013
-0.465292
-0.466563
-0.477328
-0.487081
-0.496540
-0.505222
-0.513332
-0.520915
-0.553800
-0.593989
-0.599491
-0.595772
-0.565586
-0.569587
-0.607157
-0.591895
-0.559094
-0.524443
-0.489378
-0.453044
-0.433126
-0.430339
-0.401437
-0.363147
-0.324059
-0.300345
-0.328746
-0.359832
-0.393896
-0.398296
-0.391181
-0.383062
-0.374693
-0.365524
-0.355901
-0.345741
-0.334902
-0.323779
-0.302376
-0.276156
-0.232499
-0.188666
-0.144610
-0.145001
-0.165364
-0.196805
-0.228976
-0.261030
-0.293017
-0.324917
-0.365964
-0.411421
-0.444446
-0.468700
-0.454565
-0.433232
-0.401683
-0.360628
-0.314668
-0.296670
-0.281378
-0.264952
-0.236751
-0.190752
-0.154106
-0.122621
-0.090990
-0.057400
-0.011559
0.028833
0.060447
0.092153
0.123912
0.155790
0.187700
0.219721
0.251786
0.283926
0.316135
0.348386
0.380726
0.413092
0.445545
0.473969
0.494992
0.523104
0.555964
0.552072
0.544538
0.567917
0.594676
0.628072
0.661498
0.694945
0.728431
0.761929
0.795468
0.829022
0.862604
0.896209
0.929831
0.963484
0.997146
1.030843
1.064550
1.098280
1.090366
1.048815
1.061879
1.088978
1.122993
1.157015
1.191053
1.225102
1.259162
1.288472
1.315458
1.309945
1.314096
1.343519
1.375532
1.409910
1.447917
1.486871
1.516558
1.537413
1.533313
1.547012
1.577977
1.577977
1.667481
1.630561
1.593641
1.556723
1.518188
1.490491
1.489152
1.488202
1.493413
1.530123
1.523340
1.487547
1.488351
1.489399
1.490738
1.492551
1.481378
1.442562
1.405158
1.368217
1.331277
1.294337
1.257497
1.222578
1.187972
1.153702
1.120050
1.085349
1.048547
1.011748
0.974952
0.938161
0.901374
0.864897
0.832309
0.797643
0.760946
0.724259
0.687576
0.650899
0.618385
0.584482
0.542648
0.504271
0.467632
0.431004
0.394384
0.357771
0.326663
0.293577
0.257112
0.220666
0.184230
0.147811
0.116250
0.086034
0.049823
0.013632
-0.022543
-0.058681
-0.094802
-0.130899
-0.166959
-0.200465
-0.227504
-0.260754
-0.296473
-0.332136
-0.367758
-0.403231
-0.427837
-0.436296
-0.424449
-0.453428
-0.488202
-0.522890
-0.557480
-0.589575
-0.609764
-0.638186
-0.672016
-0.705659
-0.739202
-0.772631
-0.790527
-0.795359
-0.777350
-0.811594
-0.854691
-0.867676
-0.879104
-0.887693
-0.866140
-0.844176
-0.821788
-0.868026
-0.903344
-0.908677
-0.931703
-0.953675
-0.955050
-0.954632
-0.953026
-0.948911
-0.958715
-0.981558
-0.974802
-0.977358
-0.997705
-1.017231
-1.028327
-1.013966
-1.020509
-1.040588
-1.089732
-1.138671
-1.187436
-1.168542
-1.142066
-1.107226
-1.081478
-1.066552
-1.076217
-1.110252
-1.149708
-1.156806
-1.163036
-1.168598
-1.172597
-1.160048
-1.125510
-1.121386
-1.121704
-1.120934
-1.145782
-1.174247
-1.170252
-1.165334
-1.158952
-1.115686
-1.072008
-1.027833
-1.054608
-1.087300
-1.113073
-1.137051
-1.153747
-1.140423
-1.105529
-1.060146
-1.078011
-1.094582
-1.109742
-1.093887
-1.085060
-1.095601
-1.081172
-1.059274
-1.036626
-1.013415
-0.989827
-0.965480
-0.940750
-0.915643
-0.865137
-0.822562
-0.796734
-0.749762
-0.703439
-0.677002
-0.650196
-0.623154
-0.595642
-0.567874
-0.539878
-0.511447
-0.491643
-0.485288
-0.459655
-0.429797
-0.399673
-0.369321
-0.338828
-0.308062
-0.266001
-0.214759
-0.223124
-0.241005
-0.270868
-0.231538
-0.187981
-0.165503
-0.162925
-0.163504
-0.134986
-0.106264
-0.078048
-0.129966
-0.168924
-0.191402
-0.187035
-0.171986
-0.141502
-0.125535
-0.114477
-0.102005
-0.077775
-0.045717
-0.013455
0.027196
0.077509
0.111673
0.144040
0.176532
0.209160
0.241863
0.274702
0.297493
0.315209
0.348650
0.382156
0.415730
0.449420
0.488502
0.537437
0.534130
0.513161
0.480016
0.500663
0.545033
0.529556
0.547811
0.598013
0.631415
0.663909
0.696499
0.729207
0.761977
0.794854
0.827819
0.859143
0.876248
0.902174
0.935675
0.969281
0.996973
1.015867
1.047392
1.077752
1.097991
1.094756
1.076920
1.029334
1.021122
1.043533
1.031935
1.035463
1.059569
1.084477
1.099386
1.089581
1.080178
1.071017
1.062331
1.053979
1.045873
1.038332
1.031052
1.024092
1.049869
1.068693
1.063003
1.085154
1.117636
1.154315
1.190999
1.227503
1.259961
1.294469
1.331237
1.331345
1.327909
1.324838
1.322196
1.312266
1.273368
1.234800
1.196455
1.158616
1.139549
1.139256
1.173971
1.211130
1.248104
1.285746
1.323680
1.362020
1.376316
1.378296
1.380774
1.364224
1.330421
1.332418
1.336256
1.340431
1.314993
1.281891
1.245269
1.212429
1.180698
1.144185
1.107680
1.071181
1.034698
1.000898
0.970911
0.935554
0.899219
0.862900
0.826598
0.790305
0.754033
0.722191
0.693847
0.702186
0.726469
0.771252
0.785290
0.781119
0.745467
0.709850
0.674253
0.638699
0.603175
0.567675
0.532228
0.496808
0.461419
0.436244
0.408668
0.373625
0.338641
0.306112
0.283958
0.262598
0.243634
0.257965
0.248843
0.214957
0.181189
0.147479
0.113858
0.080350
0.050457
0.033670
0.006518
-0.026281
-0.058908
-0.091433
-0.123861
-0.156089
-0.188221
-0.220211
-0.252007
-0.283694
-0.315186
-0.346493
-0.375524
-0.385585
-0.417811
-0.469278
-0.500237
-0.521427
-0.528972
-0.573377
-0.625240
-0.677076
-0.713178
-0.742338
-0.771091
-0.812884
-0.864931
-0.893475
-0.921586
-0.949371
-0.976628
-1.003605
-1.030105
-1.056082
-1.081736
-1.106720
-1.131202
-1.155313
-1.178507
-1.201248
-1.223431
-1.244650
-1.265368
-1.285273
-1.304227
-1.322612
-1.339868
-1.356229
-1.371951
-1.386169
-1.399601
-1.412156
-1.423125
-1.433308
-1.442274
-1.449770
-1.456429
-1.461514
-1.465323
-1.468260
-1.469286
-1.469292
-1.468265
-1.465340
-1.461542
-1.456457
-1.449808
-1.442322
-1.433357
-1.423184
-1.415303
-1.437079
-1.422163
-1.373614
-1.356315
-1.339962
-1.322706
-1.345823
-1.372735
-1.384072
-1.372959
-1.351247
-1.328486
-1.305135
-1.281293
-1.304098
-1.327497
-1.350258
-1.372021
-1.393243
-1.413526
-1.432814
-1.456028
-1.506228
-1.556216
-1.605947
-1.620300
-1.619617
-1.599388
-1.577788
-1.555554
-1.532326
-1.508172
-1.483493
-1.457868
-1.431645
-1.404989
-1.377461
-1.338616
-1.286446
-1.255647
-1.227234
-1.198362
-1.169028
-1.139441
-1.109405
-1.079061
-1.048503
-1.017518
-0.976797
-0.925685
-0.892837
-0.854764
-0.803746
-0.768089
-0.736698
-0.705043
-0.661102
-0.612739
-0.593143
-0.567618
-0.536354
-0.486560
-0.435551
-0.384478
-0.364853
-0.348162
-0.316240
-0.271859
-0.221288
-0.170610
-0.136615
-0.117262
-0.097289
-0.072915
-0.041882
-0.010641
0.020704
0.052225
0.083900
0.115671
0.147625
0.179691
0.211845
0.244185
0.269382
0.284760
0.315171
0.352930
0.402614
0.440329
0.473352
0.506496
0.539720
0.572793
0.590774
0.615801
0.649591
0.683478
0.713034
0.732910
0.763511
0.797859
0.832280
0.866751
0.901259
0.935844
0.964581
0.986728
1.031520
1.074608
1.109411
1.144265
1.176811
1.199964
1.223696
1.245602
1.235029
1.242364
1.268001
1.302981
1.335451
1.362109
1.396093
1.432021
1.467973
1.503943
1.536080
1.527863
1.538711
1.567229
1.596440
1.628415
1.664779
1.641854
1.603863
1.560925
1.543027
1.541083
1.572121
1.606188
1.642799
1.674701
1.676784
1.635700
1.656754
1.669809
1.629637
1.589768
1.560120
1.594666
1.594666
1.600499
1.566831
1.529260
1.511704
1.521684
1.536665
1.502865
1.469070
1.432010
1.394550
1.388705
1.420297
1.453986
1.485184
1.458652
1.423055
1.403946
1.391493
1.359880
1.358573
1.326995
1.292285
1.275937
1.287379
1.321246
1.355275
1.389303
1.423332
1.417955
1.410687
1.431799
1.397782
1.364696
1.331934
1.341620
1.362916
1.373048
1.406352
1.372423
1.340901
1.307959
1.274068
1.241087
1.210239
1.176393
1.142551
1.106320
1.070773
1.036901
1.003032
0.969166
0.938647
0.905765
0.874199
0.843073
0.810076
0.780992
0.747461
0.713795
0.680137
0.646488
0.612846
0.579259
0.551154
0.518620
0.485096
0.451585
0.418085
0.384598
0.351127
0.323249
0.292069
0.258743
0.225434
0.191541
0.151331
0.117253
0.083912
0.050589
0.017286
-0.015046
-0.040765
-0.073376
-0.112245
-0.148888
-0.182049
-0.215185
-0.248291
-0.281363
-0.314403
-0.342262
-0.340215
-0.300092
-0.267684
-0.258028
-0.274382
-0.302838
-0.330047
-0.350456
-0.369937
-0.388294
-0.417676
-0.439218
-0.462568
-0.488788
-0.503655
-0.517273
-0.529624
-0.540811
-0.560665
-0.589019
-0.614586
-0.622627
-0.629190
-0.650651
-0.664798
-0.668335
-0.674580
-0.699261
-0.699821
-0.737598
-0.756146
-0.764105
-0.786467
-0.807974
-0.802562
-0.818442
-0.838481
-0.870423
-0.910750
-0.929698
-0.947998
-0.965676
-0.982750
-0.999199
-1.015001
-1.030136
-1.044496
-1.029592
-1.001864
-0.992757
-1.004292
-1.019463
-1.062069
-1.073273
-1.081781
-1.089448
-1.096262
-1.102209
-1.107256
-1.144444
-1.181507
-1.217752
-1.253105
-1.273013
-1.238330
-1.202504
-1.193853
-1.168623
-1.145231
-1.139731
-1.133325
-1.125884
-1.117507
-1.108278
-1.098214
-1.078045
-1.036797
-1.015702
-1.003841
-0.992268
-0.963527
-0.929580
-0.916241
-0.902198
-0.887407
-0.872001
-0.855996
-0.856634
-0.886136
-0.915441
-0.926457
-0.951140
-0.967284
-0.983165
-1.005561
-1.011272
-1.037107
-1.062557
-1.102468
-1.129500
-1.136441
-1.160170
-1.183323
-1.205899
-1.227909
-1.236010
-1.229013
-1.223073
-1.241218
-1.258523
-1.253255
-1.230503
-1.199867
-1.169049
-1.138051
-1.106873
-1.075554
-1.044103
-1.012528
-0.980839
-0.949040
-0.917120
-0.885108
-0.853009
-0.820830
-0.788574
-0.756245
-0.723836
-0.691362
-0.658828
-0.626239
-0.591070
-0.549346
-0.516806
-0.484210
-0.451566
-0.418876
-0.386141
-0.352374
-0.310340
-0.276855
-0.244125
-0.211356
-0.181446
-0.155877
-0.122846
-0.089782
-0.050506
-0.013980
0.019028
0.052064
0.085126
0.118220
0.145350
0.180127
0.217643
0.250829
0.284035
0.317265
0.350516
0.383785
0.420358
0.452173
0.459876
0.468013
0.490969
0.521559
0.554708
0.575563
0.571981
0.598456
0.631292
0.664699
0.701620
0.739323
0.773711
0.813887
0.822468
0.830006
0.837879
0.855474
0.888504
0.921553
0.962765
0.997363
1.030378
1.063412
1.096465
1.129251
1.154648
1.193069
1.228867
1.258581
1.284438
1.310731
1.337512
1.375916
1.406860
1.434059
1.440979
1.402401
1.368831
1.330216
1.316000
1.329283
1.358442
1.388578
1.422363
1.387335
1.375970
1.353040
1.316099
1.292598
1.324073
1.355974
1.334520
1.299482
1.292886
1.317710
1.316781
1.316214
1.344864
1.378827
1.381305
1.347413
1.313432
1.279980
1.246881
1.261453
1.296118
1.329705
1.362551
1.396561
1.400221
1.376794
1.381605
1.405808
1.402427
1.368497
1.337302
1.306544
1.274024
1.241614
1.218248
1.222065
1.184185
1.149627
1.115833
1.082042
1.048257
1.014675
0.985274
0.952192
0.918482
0.884778
0.851081
0.817391
0.783709
0.750035
0.716369
0.682710
0.649060
0.616092
0.587900
0.554719
0.521183
0.491027
0.461511
0.429213
0.402636
0.441192
0.476019
0.474754
0.449488
0.431451
0.439839
0.416342
0.385363
0.359046
0.336859
0.323079
0.332086
0.300046
0.268058
0.236120
0.204235
0.172403
0.140628
0.108919
0.066169
0.030791
-0.000922
-0.028408
-0.048628
-0.079921
-0.111123
-0.142245
-0.173281
-0.204230
-0.235088
-0.265847
-0.296485
-0.314886
-0.348125
-0.387747
-0.417935
-0.447997
-0.477898
-0.493674
-0.527714
-0.566729
-0.596028
-0.622959
-0.610911
-0.649162
-0.684324
-0.707725
-0.732700
-0.775726
-0.789062
-0.816847
-0.846054
-0.884285
-0.925287
-0.954297
-0.983067
-1.011556
-1.039785
-1.067739
-1.095401
-1.122752
-1.149765
-1.176345
-1.198673
-1.235641
-1.274938
-1.301651
-1.327945
-1.353681
-1.378901
-1.403578
-1.427671
-1.451138
-1.472387
-1.467601
-1.484406
-1.503826
-1.522318
-1.539824
-1.559259
-1.605090
-1.622512
-1.635784
-1.647679
-1.647265
-1.627594
-1.634453
-1.639508
-1.642984
-1.663913
-1.698156
-1.724681
-1.721297
-1.748513
-1.747772
-1.738230
-1.726997
-1.714155
-1.699792
-1.683729
-1.666344
-1.647766
-1.615983
-1.575280
-1.552898
-1.505049
-1.479736
-1.440119
-1.404282
-1.381132
-1.357363
-1.332957
-1.307962
-1.282483
-1.267581
-1.261569
-1.250973
-1.222661
-1.193998
-1.165060
-1.135866
-1.100131
-1.058757
-1.041015
-0.994400
-0.961906
-0.932969
-0.903816
-0.874458
-0.844908
-0.815141
-0.785200
-0.755101
-0.724851
-0.694457
-0.663928
-0.633251
-0.614619
-0.587932
-0.556617
-0.521314
-0.478133
-0.446799
-0.415366
-0.374520
-0.336957
-0.305523
-0.272156
-0.227755
-0.242559
-0.223152
-0.184202
-0.139243
-0.094156
-0.048948
-0.033962
-0.006532
0.024147
0.054914
0.082676
0.100620
0.145492
0.190483
0.226438
0.257485
0.292210
0.335213
0.352729
0.382386
0.422831
0.454449
0.476747
0.508315
0.539943
0.571630
0.603367
0.635153
0.666986
0.698866
0.730792
0.751902
0.781351
0.813547
0.829450
0.824943
0.847158
0.879666
0.852035
0.829858
0.834447
0.860415
0.893338
0.926287
0.959258
0.992249
1.025260
1.058291
1.091341
1.124411
1.157501
1.190608
1.223732
1.256872
1.290028
1.323201
1.356391
1.384341
1.410624
1.439516
1.472906
1.506308
1.539723
1.542668
1.536639
1.543805
1.543805
1.701304
1.667640
1.634068
1.600801
1.582320
1.581187
1.580367
1.579687
1.550434
1.518668
1.486705
1.454829
1.423096
1.391362
1.359629
1.328100
1.296647
1.265661
1.234833
1.204373
1.173257
1.141560
1.109864
1.078168
1.046474
1.014779
0.983086
0.952256
0.922475
0.891417
0.859760
0.830421
0.800957
0.769352
0.738941
0.710556
0.680276
0.648741
0.617211
0.585684
0.554163
0.522646
0.491134
0.459627
0.428124
0.399828
0.372593
0.341275
0.309884
0.278504
0.247131
0.215767
0.184413
0.153065
0.126650
0.100072
0.068887
0.037710
0.006551
-0.024593
-0.055724
-0.086832
-0.117932
-0.149001
-0.180061
-0.211096
-0.242112
-0.273110
-0.298518
-0.321987
-0.352493
-0.383186
-0.413833
-0.444452
-0.475034
-0.499410
-0.520625
-0.549819
-0.578635
-0.597886
-0.620790
-0.650394
-0.672669
-0.689699
-0.716383
-0.744673
-0.759195
-0.777405
-0.805436
-0.825254
-0.836959
-0.859835
-0.886777
-0.896017
-0.907873
-0.933482
-0.950406
-0.955499
-0.972946
-0.996946
-1.000908
-1.004586
-1.026685
-1.040259
-1.037545
-1.047806
-1.067711
-1.086918
-1.105025
-1.096501
-1.094560
-1.110989
-1.112938
-1.100049
-1.065572
-1.022863
-1.034435
-1.053766
-1.095899
-1.125723
-1.138132
-1.149724
-1.160863
-1.144212
-1.126555
-1.134593
-1.142166
-1.148813
-1.154652
-1.159868
-1.163919
-1.167633
-1.169893
-1.171770
-1.172525
-1.187910
-1.218851
-1.225982
-1.223609
-1.190095
-1.160028
-1.154812
-1.149017
-1.142370
-1.134839
-1.126801
-1.117602
-1.108098
-1.097427
-1.086356
-1.074452
-1.061897
-1.048820
-1.034870
-1.020665
-1.005425
-0.989943
-0.973714
-0.957044
-0.939886
-0.922114
-0.904086
-0.885296
-0.866327
-0.846723
-0.826839
-0.806526
-0.785799
-0.764824
-0.743321
-0.721681
-0.699515
-0.677181
-0.654481
-0.631510
-0.608312
-0.584755
-0.561092
-0.536999
-0.512811
-0.488317
-0.463647
-0.438777
-0.400207
-0.355662
-0.329113
-0.306836
-0.299882
-0.285515
-0.259378
-0.233077
-0.206674
-0.180060
-0.153389
-0.126502
-0.099548
-0.072442
-0.045225
-0.017913
-0.023588
-0.039290
-0.026343
-0.009842
0.018465
0.053326
0.095973
0.099566
0.085375
0.098211
0.115508
0.144506
0.168943
0.185851
0.217650
0.259075
0.290364
0.314921
0.273638
0.250117
0.268532
0.292986
0.322848
0.352766
0.382702
0.412708
0.442729
0.472802
0.498617
0.519183
0.546394
0.576764
0.599300
0.622267
0.652889
0.680643
0.703472
0.731091
0.761927
0.792789
0.823658
0.854555
0.885460
0.916386
0.947325
0.978277
1.009248
1.040226
1.071228
1.102235
1.133260
1.164295
1.195342
1.226404
1.257472
1.288559
1.318878
1.343993
1.369342
1.395109
1.402764
1.397778
1.393173
1.390221
1.417674
1.436478
1.432948
1.413562
1.378893
1.344514
1.310237
1.337764
1.361034
1.359353
1.371500
1.402018
1.433329
1.465048
1.496155
1.523445
1.523215
1.512050
1.480550
1.449329
1.418309
1.413368
1.414570
1.416225
1.426550
1.460324
1.462685
1.433634
1.402719
1.371114
1.342544
1.314212
1.286358
1.256978
1.225493
1.194013
1.162537
1.134923
1.114824
1.151029
1.164242
1.132920
1.101605
1.070297
1.034961
0.998633
0.962667
0.929104
0.902354
0.873352
0.842013
0.810685
0.779361
0.748051
0.716744
0.685451
0.656508
0.630934
0.605886
0.581133
0.550933
0.519929
0.488952
0.457984
0.427036
0.396107
0.365192
0.334304
0.303592
0.280604
0.265535
0.274027
0.268243
0.247091
0.269460
0.309462
0.283475
0.255265
0.236026
0.208169
0.167484
0.133650
0.103807
0.074037
0.044288
0.014621
-0.015013
-0.044581
-0.067322
-0.084525
-0.120821
-0.162123
-0.178505
-0.197893
-0.226681
-0.261769
-0.303894
-0.336667
-0.365479
-0.380907
-0.397585
-0.425686
-0.437291
-0.423381
-0.444463
-0.486746
-0.528838
-0.569806
-0.598677
-0.631661
-0.673680
-0.708580
-0.737487
-0.766244
-0.794955
-0.823453
-0.851896
-0.880156
-0.908296
-0.936295
-0.964092
-0.991800
-1.019210
-1.046540
-1.073564
-1.100434
-1.127055
-1.153399
-1.179568
-1.205309
-1.230928
-1.256017
-1.280910
-1.305354
-1.327500
-1.347638
-1.386407
-1.430938
-1.435071
-1.443219
-1.466146
-1.488608
-1.510514
-1.531618
-1.552353
-1.571863
-1.591038
-1.608906
-1.626125
-1.642260
-1.657215
-1.671397
-1.683764
-1.695616
-1.705229
-1.714081
-1.721107
-1.726695
-1.730978
-1.733116
-1.734555
-1.733160
-1.731109
-1.726826
-1.721323
-1.714297
-1.705524
-1.695911
-1.684132
-1.671832
-1.657650
-1.642755
-1.626621
-1.609454
-1.591586
-1.572458
-1.552989
-1.532254
-1.511185
-1.489280
-1.466849
-1.443923
-1.420331
-1.396513
-1.371936
-1.347199
-1.321921
-1.296382
-1.270506
-1.244281
-1.217879
-1.191063
-1.164147
-1.136873
-1.109470
-1.081832
-1.054005
-1.026044
-0.997848
-0.968934
-0.926237
-0.887525
-0.859264
-0.823701
-0.781014
-0.748940
-0.720669
-0.692188
-0.663659
-0.634971
-0.600495
-0.558232
-0.524894
-0.496226
-0.467405
-0.437021
-0.394927
-0.352760
-0.310458
-0.284368
-0.270177
-0.244605
-0.216301
-0.187837
-0.159330
-0.130710
-0.102017
-0.073251
-0.044386
-0.015484
0.013539
0.042591
0.071739
0.100934
0.130194
0.159522
0.188887
0.218338
0.247811
0.277368
0.306954
0.336597
0.366288
0.396014
0.425802
0.455608
0.485486
0.515381
0.545328
0.575307
0.605319
0.635377
0.665452
0.695583
0.724048
0.744806
0.769499
0.799902
0.830333
0.860782
0.899053
0.932606
0.911885
0.907873
0.938059
0.968273
0.998509
0.973610
0.935037
0.956601
0.980403
1.010975
1.041565
1.072174
1.102808
1.133453
1.164130
1.193515
1.216530
1.218073
1.187244
1.151745
1.113490
1.075482
1.043073
1.067603
1.094238
1.125365
1.153325
1.178684
1.208635
1.239940
1.276820
1.312340
1.343538
1.374744
1.405958
1.433428
1.459289
1.427380
1.401171
1.428096
1.456787
1.488242
1.478241
1.442792
1.461284
1.489363
1.517956
1.546715
1.575845
1.606338
1.637992
1.637992
1.684741
1.650196
1.614405
1.576314
1.538493
1.504571
1.536587
1.541550
1.506889
1.472229
1.437328
1.400442
1.363758
1.327312
1.347599
1.381275
1.416005
1.415013
1.380283
1.344900
1.309521
1.274526
1.239821
1.205336
1.171343
1.137544
1.104151
1.069940
1.035234
1.002407
0.969011
0.934338
0.901398
0.869212
0.834586
0.801187
0.769790
0.789379
0.821656
0.787150
0.750967
0.712600
0.680320
0.649171
0.614691
0.580215
0.545744
0.511282
0.476823
0.442373
0.407929
0.373490
0.339061
0.305903
0.276642
0.244373
0.210074
0.175792
0.141518
0.107256
0.077121
0.049175
0.015092
-0.018981
-0.053036
-0.081779
-0.108724
-0.142544
-0.172825
-0.197983
-0.229503
-0.263025
-0.296495
-0.329936
-0.363343
-0.388298
-0.412979
-0.445985
-0.478943
-0.511857
-0.544685
-0.577477
-0.610185
-0.635604
-0.655557
-0.686734
-0.714897
-0.732602
-0.749147
-0.764999
-0.749359
-0.748318
-0.778613
-0.808728
-0.838164
-0.849291
-0.859598
-0.868583
-0.875955
-0.884477
-0.911494
-0.928230
-0.931730
-0.933392
-0.934234
-0.933064
-0.943794
-0.966838
-0.966439
-0.961215
-0.954102
-0.945737
-0.936330
-0.924919
-0.920379
-0.937300
-0.953673
-0.969682
-0.954669
-0.947221
-0.960835
-0.973779
-0.986552
-1.030980
-1.051517
-1.029051
-1.029092
-1.038319
-1.046450
-1.068135
-1.109210
-1.123470
-1.129247
-1.133881
-1.137906
-1.141231
-1.143474
-1.139393
-1.105317
-1.088626
-1.087983
-1.086221
-1.076313
-1.038571
-1.020029
-1.015720
-0.978619
-0.948103
-0.941630
-0.913201
-0.871798
-0.862713
-0.853942
-0.844471
-0.856775
-0.878018
-0.866191
-0.853986
-0.841180
-0.827678
-0.813846
-0.799184
-0.797666
-0.812874
-0.778753
-0.735910
-0.718729
-0.701169
-0.683219
-0.664648
-0.645826
-0.626440
-0.606688
-0.586634
-0.566007
-0.545164
-0.523867
-0.502223
-0.480350
-0.457954
-0.435374
-0.412432
-0.372324
-0.323259
-0.274190
-0.243384
-0.245049
-0.228199
-0.203814
-0.179045
-0.154114
-0.128956
-0.121243
-0.118684
-0.114735
-0.089717
-0.040803
-0.009935
0.020735
0.069596
0.107095
0.134225
0.161596
0.189060
0.216728
0.244541
0.272459
0.300599
0.315280
0.295311
0.293953
0.303457
0.332334
0.355556
0.366846
0.390883
0.420768
0.450814
0.480921
0.511126
0.529213
0.543147
0.558121
0.573591
0.589684
0.606643
0.628013
0.673919
0.705870
0.723707
0.753570
0.785598
0.817694
0.849837
0.882016
0.914267
0.935128
0.922563
0.910294
0.898218
0.918085
0.939660
0.961854
0.984623
1.007805
1.041149
1.074510
1.107896
1.141312
1.174147
1.198580
1.226850
1.260479
1.294133
1.318704
1.276617
1.250626
1.242682
1.263117
1.277895
1.236934
1.232083
1.259810
1.288139
1.300991
1.261321
1.241830
1.236953
1.232545
1.238091
1.268785
1.277913
1.274607
1.271799
1.280863
1.313253
1.322129
1.319000
1.283013
1.260812
1.260046
1.285469
1.316729
1.316981
1.317457
1.318212
1.319368
1.315547
1.282623
1.248819
1.214136
1.177888
1.141735
1.107027
1.072320
1.037614
1.004654
0.980941
0.983417
1.007275
1.044886
1.082920
1.099624
1.069126
1.035995
1.001524
0.967061
0.934355
0.904696
0.871662
0.837676
0.808846
0.777741
0.743494
0.709260
0.675032
0.640820
0.606617
0.572423
0.538247
0.505273
0.477872
0.468849
0.476216
0.513828
0.538092
0.504331
0.475679
0.450684
0.426595
0.421800
0.465082
0.466461
0.443976
0.422513
0.397254
0.364602
0.340644
0.323363
0.368559
0.388651
0.370177
0.331425
0.287094
0.255177
0.223310
0.191504
0.171528
0.152350
0.121061
0.089843
0.058695
0.027673
-0.003295
-0.034139
-0.064890
-0.095567
-0.126084
-0.156537
-0.186851
-0.217043
-0.247157
-0.277068
-0.306900
-0.336578
-0.366095
-0.395528
-0.424710
-0.453790
-0.482698
-0.511396
-0.539989
-0.568293
-0.605134
-0.653627
-0.686328
-0.714379
-0.742110
-0.766556
-0.787401
-0.831180
-0.879694
-0.928161
-0.965830
-0.993979
-1.040151
-1.083866
-1.111737
-1.139325
-1.166712
-1.188377
-1.217544
-1.266156
-1.301386
-1.329089
-1.356221
-1.383130
-1.409620
-1.435617
-1.460219
-1.460219
-1.449980
-1.424200
-1.434487
-1.456787
-1.478173
-1.499057
-1.519330
-1.538628
-1.557482
-1.575215
-1.592221
-1.608516
-1.623480
-1.641751
-1.673413
-1.713054
-1.758965
-1.744670
-1.732442
-1.742421
-1.751117
-1.759008
-1.764792
-1.769786
-1.773241
-1.751931
-1.718321
-1.683577
-1.661359
-1.660338
-1.657848
-1.654647
-1.649595
-1.661245
-1.695428
-1.723422
-1.744987
-1.735008
-1.724080
-1.712125
-1.698628
-1.684504
-1.668972
-1.652589
-1.635466
-1.617048
-1.598147
-1.578228
-1.557593
-1.536458
-1.514286
-1.484244
-1.435225
-1.400689
-1.374200
-1.351633
-1.328792
-1.305386
-1.281430
-1.257199
-1.232280
-1.216209
-1.213406
-1.192529
-1.165617
-1.138229
-1.110622
-1.082752
-1.054524
-1.026147
-0.997430
-0.958791
-0.910566
-0.878954
-0.849975
-0.820733
-0.791316
-0.761764
-0.731951
-0.706491
-0.693131
-0.658955
-0.611865
-0.593844
-0.572577
-0.542412
-0.512094
-0.481696
-0.451091
-0.414335
-0.367297
-0.320157
-0.272968
-0.225662
-0.191149
-0.173694
-0.132673
-0.087350
-0.057524
-0.027602
0.002423
0.032603
0.065998
0.113351
0.151518
0.181771
0.212173
0.246619
0.293812
0.321443
0.335560
0.365477
0.396391
0.427401
0.458494
0.489634
0.520896
0.552200
0.583580
0.615038
0.646536
0.678134
0.704189
0.722025
0.750552
0.782572
0.814668
0.846803
0.878982
0.901066
0.922811
0.955332
0.965136
0.953241
0.941770
0.937567
0.959762
0.988152
1.021300
1.054492
1.076104
1.066170
1.077330
1.101418
1.134709
1.143757
1.101393
1.104797
1.130524
1.164365
1.198216
1.232083
1.271674
1.313419
1.355418
1.390360
1.416001
1.448075
1.481936
1.515818
1.549712
1.583617
1.617541
1.643710
1.636494
1.611098
1.570215
1.590555
1.610176
1.604312
1.598720
1.593313
1.620900
1.650555
1.680624
1.680624
1.648482
1.610089
1.572640
1.537469
1.500633
1.462620
1.486928
1.519936
1.553417
1.554370
1.517823
1.508375
1.505858
1.470301
1.434922
1.399883
1.387635
1.388425
1.389704
1.382903
1.347637
1.313349
1.279983
1.247108
1.214105
1.178912
1.144948
1.112878
1.078704
1.043569
1.008440
0.974364
0.943106
0.909705
0.874653
0.843560
0.812441
0.777488
0.742540
0.707600
0.672669
0.637742
0.602828
0.567920
0.533021
0.498132
0.463248
0.428380
0.393517
0.358667
0.323827
0.288996
0.259124
0.230105
0.195447
0.160799
0.126168
0.091557
0.056956
0.022385
-0.012176
-0.046711
-0.076890
-0.103421
-0.071836
-0.038979
-0.073102
-0.107202
-0.141269
-0.175294
-0.209300
-0.243244
-0.274004
-0.297402
-0.326828
-0.360363
-0.383279
-0.398663
-0.385960
-0.400921
-0.446658
-0.482566
-0.514657
-0.533712
-0.562378
-0.608730
-0.646132
-0.678606
-0.710920
-0.743181
-0.775298
-0.799043
-0.815172
-0.829579
-0.840085
-0.822010
-0.823240
-0.853141
-0.868899
-0.878457
-0.885712
-0.892269
-0.897116
-0.885742
-0.862328
-0.902436
-0.948471
-0.974360
-0.988530
-0.988530
-0.969228
-0.943317
-0.916866
-0.906708
-0.929426
-0.968965
-1.018629
-1.042744
-1.058293
-1.050304
-1.056103
-1.075528
-1.094185
-1.112556
-1.129992
-1.134911
-1.119549
-1.102526
-1.084702
-1.096690
-1.109366
-1.121150
-1.113459
-1.090044
-1.064880
-1.047721
-1.082084
-1.119820
-1.161992
-1.178310
-1.184789
-1.189883
-1.194530
-1.198186
-1.200965
-1.203166
-1.204053
-1.204510
-1.203775
-1.202333
-1.200131
-1.169640
-1.130871
-1.091102
-1.076019
-1.104642
-1.087123
-1.045176
-1.034838
-1.025984
-1.016202
-1.005788
-0.994820
-1.010034
-1.026711
-1.013043
-0.998930
-0.984179
-0.968700
-0.952915
-0.936146
-0.919102
-0.901393
-0.883164
-0.864564
-0.845226
-0.825647
-0.805405
-0.784814
-0.763817
-0.742282
-0.720540
-0.698158
-0.675559
-0.652543
-0.660728
-0.686993
-0.689940
-0.679857
-0.629933
-0.592655
-0.567438
-0.542631
-0.515462
-0.465538
-0.425270
-0.400073
-0.374565
-0.348915
-0.322846
-0.302814
-0.299193
-0.282261
-0.254960
-0.227360
-0.199660
-0.171680
-0.143563
-0.115272
-0.086765
-0.058173
-0.029311
-0.006592
0.003043
0.036702
0.085563
0.116993
0.146643
0.176472
0.206404
0.236443
0.252693
0.266551
0.297290
0.328092
0.359001
0.390017
0.421087
0.468163
0.507769
0.522544
0.537975
0.553960
0.583221
0.613289
0.630818
0.660565
0.707177
0.710395
0.696342
0.715318
0.738417
0.771194
0.796607
0.816939
0.859508
0.900613
0.921495
0.948208
0.981486
1.014813
1.043765
0.998996
0.977814
1.000605
0.980484
0.936434
0.956186
0.980582
1.005664
1.035509
1.069740
1.069373
1.064815
1.091580
1.104824
1.097738
1.115088
1.143298
1.177968
1.201452
1.195649
1.210112
1.239801
1.239826
1.235263
1.231154
1.227289
1.223722
1.220560
1.217557
1.215081
1.224366
1.257702
1.269483
1.268126
1.267265
1.273874
1.308904
1.344070
1.379372
1.414879
1.444361
1.409063
1.373765
1.338468
1.303717
1.269234
1.303331
1.340078
1.377185
1.395174
1.397540
1.370700
1.343292
1.346752
1.350437
1.354423
1.358787
1.362712
1.327739
1.292769
1.257806
1.226010
1.196322
1.162014
1.128274
1.099419
1.087528
1.094067
1.127700
1.164367
1.129829
1.095299
1.060785
1.021526
0.979721
0.944734
0.911948
0.884952
0.849961
0.807868
0.778451
0.750887
0.716549
0.682225
0.647921
0.619863
0.594467
0.560453
0.526401
0.492383
0.458393
0.424424
0.390500
0.358317
0.334862
0.327233
0.338289
0.324908
0.304955
0.317507
0.319281
0.299877
0.272242
0.239776
0.207416
0.172020
0.125563
0.093654
0.075786
0.084401
0.095130
0.063478
0.031887
0.000393
-0.019583
-0.034149
-0.064517
-0.095264
-0.125862
-0.156340
-0.186723
-0.232442
-0.278203
-0.308513
-0.338715
-0.368780
-0.398652
-0.428446
-0.457966
-0.493626
-0.542542
-0.591406
-0.640236
-0.653652
-0.666966
-0.695655
-0.734407
-0.783711
-0.816724
-0.846722
-0.896119
-0.937727
-0.965892
-0.993743
-1.021432
-1.048629
-1.075662
-1.102269
-1.128545
-1.154536
-1.179968
-1.205195
-1.229779
-1.254028
-1.277810
-1.300970
-1.323872
-1.345822
-1.367464
-1.388373
-1.408614
-1.428390
-1.473697
-1.517069
-1.535087
-1.567085
-1.615009
-1.638494
-1.654182
-1.668213
-1.681592
-1.693739
-1.704603
-1.714743
-1.722904
-1.730424
-1.736224
-1.740839
-1.744350
-1.745967
-1.750546
-1.784589
-1.803645
-1.799887
-1.794444
-1.788242
-1.746301
-1.712643
-1.702504
-1.691224
-1.679076
-1.665307
-1.646181
-1.599033
-1.565550
-1.548993
-1.531356
-1.513294
-1.493930
-1.483247
-1.490559
-1.479378
-1.456783
-1.433261
-1.409462
-1.384930
-1.359984
-1.334620
-1.308660
-1.280577
-1.230744
-1.200187
-1.201654
-1.185211
-1.159893
-1.133927
-1.107780
-1.081172
-1.054256
-1.027084
-0.999477
-0.971725
-0.943560
-0.915210
-0.886609
-0.857720
-0.828713
-0.799342
-0.769866
-0.740154
-0.699073
-0.650339
-0.618425
-0.588526
-0.558392
-0.528130
-0.497729
-0.453546
-0.405222
-0.356789
-0.314790
-0.284480
-0.254021
-0.223480
-0.176303
-0.132199
-0.101601
-0.070896
-0.040096
-0.009139
0.021872
0.053042
0.084280
0.115619
0.147069
0.178567
0.210214
0.246305
0.293593
0.340965
0.388397
0.421975
0.453502
0.485144
0.516846
0.548619
0.569458
0.587249
0.619508
0.651802
0.684166
0.716592
0.749055
0.781606
0.814184
0.846833
0.879525
0.912260
0.945061
0.977885
1.010781
1.043706
1.076676
1.101507
1.122463
1.155387
1.185731
1.207835
1.230426
1.253406
1.228234
1.194512
1.160833
1.122582
1.078391
1.034385
0.991157
0.981498
0.982734
1.007815
1.038446
1.072677
1.106937
1.141208
1.175504
1.172558
1.130098
1.141616
1.168581
1.196273
1.226511
1.261199
1.295898
1.330605
1.359573
1.389732
1.424561
1.459396
1.494238
1.524692
1.554315
1.584509
1.614964
1.645785
1.645785
1.536995
1.502276
1.467558
1.432842
1.398126
1.363363
1.326780
1.315947
1.349372
1.333830
1.301891
1.336401
1.343634
1.308857
1.274079
1.239323
1.204821
1.199725
1.235313
1.218381
1.184859
1.150122
1.116272
1.083527
1.047647
1.011178
0.976444
0.942698
0.910061
0.875751
0.841490
0.809585
0.812423
0.850405
0.827499
0.792291
0.754254
0.719841
0.688732
0.654637
0.620078
0.585525
0.553390
0.523243
0.489264
0.454819
0.420384
0.389042
0.359990
0.326132
0.291843
0.257568
0.223307
0.189055
0.161042
0.131582
0.097525
0.063490
0.029466
-0.004522
-0.038498
-0.072447
-0.106370
-0.140279
-0.165758
-0.193936
-0.227539
-0.261101
-0.294641
-0.328116
-0.361564
-0.394967
-0.428314
-0.461137
-0.483534
-0.509980
-0.542813
-0.575560
-0.607345
-0.627112
-0.657429
-0.702692
-0.738150
-0.769049
-0.787103
-0.811053
-0.842520
-0.861248
-0.872436
-0.855388
-0.837905
-0.819923
-0.855105
-0.900224
-0.929751
-0.959089
-0.988231
-1.000010
-1.007840
-1.013422
-1.029722
-1.056024
-1.081778
-1.102280
-1.102280
-1.115004
-1.138433
-1.137065
-1.138254
-1.159117
-1.162795
-1.153454
-1.169023
-1.178902
-1.164776
-1.167927
-1.182845
-1.166179
-1.155881
-1.167576
-1.178393
-1.188674
-1.164930
-1.149622
-1.156590
-1.162585
-1.168047
-1.171991
-1.175401
-1.177766
-1.179072
-1.179340
-1.143807
-1.108554
-1.073807
-1.086006
-1.117032
-1.113274
-1.108954
-1.103723
-1.097446
-1.090676
-1.082590
-1.073944
-1.064488
-1.054039
-1.043142
-1.031089
-1.018505
-1.005231
-0.991052
-0.976480
-0.960930
-0.944894
-0.928290
-0.910885
-0.893148
-0.874603
-0.855627
-0.836193
-0.816067
-0.795664
-0.774607
-0.753173
-0.731377
-0.708990
-0.686375
-0.663237
-0.626129
-0.576994
-0.593387
-0.613157
-0.613157
-0.598859
-0.573472
-0.526585
-0.477446
-0.428304
-0.421847
-0.445165
-0.443048
-0.432727
-0.405571
-0.378186
-0.350657
-0.322794
-0.294818
-0.266613
-0.238212
-0.209701
-0.199563
-0.183366
-0.153900
-0.124274
-0.094714
-0.081990
-0.063035
-0.032536
0.009527
0.055591
0.069941
0.084833
0.100621
0.117410
0.136326
0.182250
0.222471
0.254221
0.286060
0.314020
0.300541
0.301241
0.320876
0.341436
0.363623
0.396508
0.429427
0.462385
0.495397
0.528433
0.561525
0.594646
0.627800
0.625396
0.620878
0.644928
0.673809
0.707412
0.741051
0.773131
0.798525
0.828420
0.862281
0.896169
0.930068
0.963989
0.997927
1.031876
1.065850
1.099832
1.133834
1.163840
1.190993
1.218845
1.248453
1.282721
1.271754
1.231769
1.224884
1.209744
1.170598
1.153660
1.149483
1.145845
1.142395
1.139322
1.159555
1.191751
1.226460
1.260525
1.293366
1.327512
1.362216
1.395662
1.416421
1.415643
1.440018
1.472666
1.472922
1.473380
1.474147
1.449633
1.416213
1.383312
1.379957
1.417003
1.399224
1.364544
1.329867
1.295192
1.260518
1.228237
1.205816
1.243953
1.247618
1.213050
1.178487
1.143926
1.109372
1.074821
1.040273
1.005733
0.972015
0.941943
0.948413
0.987829
1.022880
1.051194
1.056633
1.081256
1.121468
1.156338
1.184000
1.190342
1.173306
1.139172
1.105057
1.070950
1.036859
1.039961
1.067506
1.030919
0.992354
0.958074
0.923804
0.889541
0.855295
0.823098
0.795393
0.768250
0.741403
0.700136
0.658959
0.618037
0.581734
0.547594
0.513479
0.479373
0.445284
0.411215
0.377526
0.351076
0.321737
0.287893
0.260388
0.240271
0.283018
0.294021
0.260581
0.234924
0.210744
0.177638
0.144566
0.111534
0.078564
0.045622
0.012753
-0.020074
-0.052854
-0.085555
-0.118223
-0.150804
-0.183331
-0.215801
-0.248173
-0.282789
-0.327848
-0.359485
-0.378740
-0.408930
-0.440837
-0.472617
-0.477075
-0.458812
-0.496857
-0.541930
-0.586739
-0.624558
-0.657144
-0.689600
-0.716870
-0.729080
-0.760425
-0.804649
-0.838261
-0.871153
-0.903947
-0.936648
-0.969292
-1.001774
-1.034193
-1.066483
-1.089328
-1.107076
-1.138216
-1.169367
-1.200312
-1.231018
-1.261896
-1.309050
-1.350233
-1.380761
-1.410970
-1.441020
-1.470565
-1.499874
-1.528807
-1.557220
-1.585381
-1.612762
-1.639740
-1.666137
-1.691662
-1.716771
-1.740640
-1.763802
-1.786055
-1.783933
-1.772334
-1.742144
-1.733113
-1.748656
-1.762280
-1.775054
-1.785589
-1.794740
-1.802440
-1.807644
-1.811801
-1.813378
-1.813333
-1.811756
-1.836763
-1.858718
-1.850292
-1.840218
-1.828740
-1.814809
-1.799992
-1.783244
-1.765254
-1.746313
-1.700520
-1.658822
-1.637566
-1.615441
-1.592717
-1.568795
-1.544480
-1.519354
-1.493625
-1.467522
-1.440599
-1.413418
-1.385714
-1.344527
-1.295876
-1.267458
-1.232655
-1.184142
-1.154141
-1.133199
-1.105469
-1.077556
-1.049308
-1.020733
-0.991999
-0.962857
-0.933569
-0.904042
-0.874264
-0.844367
-0.814173
-0.783861
-0.753377
-0.722694
-0.691923
-0.660931
-0.623141
-0.576375
-0.541796
-0.510773
-0.479565
-0.448271
-0.416872
-0.396506
-0.376877
-0.344790
-0.306210
-0.260675
-0.226274
-0.194217
-0.162050
-0.129820
-0.097530
-0.065143
-0.034999
-0.014338
0.012848
0.045717
0.078659
0.109354
0.131969
0.160583
0.193905
0.236298
0.263634
0.241344
0.251439
0.284395
0.317418
0.350466
0.383564
0.416702
0.449866
0.483088
0.516330
0.549613
0.582931
0.616269
0.649658
0.683064
0.716503
0.749974
0.783461
0.816992
0.850537
0.884110
0.917711
0.951325
0.984977
1.018642
1.052330
1.086042
1.119767
1.153523
1.187291
1.221078
1.249105
1.275186
1.301970
1.302873
1.268802
1.229475
1.189294
1.155160
1.121035
1.086922
1.052827
1.019728
0.992986
0.962820
0.928898
0.888796
0.847386
0.806276
0.782560
0.776038
0.799028
0.828547
0.862891
0.897244
0.931603
0.961657
0.993183
1.032529
1.069131
1.103530
1.137940
1.172354
1.206777
1.241206
1.275639
1.305923
1.317750
1.279189
1.261878
1.258364
1.255358
1.262611
1.294883
1.328698
1.363411
1.398126
1.432842
1.467558
1.467558
