-62
-55
-44
-42
-33
-31
-24
-14
-5
9
17
18
10
-9
-27
-28
-30
-37
-27
-17
-2
11
12
7
0
-5
-7
-12
-7
5
2
2
-7
-14
-24
-26
-27
-26
-21
-7
4
15
12
20
17
20
20
19
-6
5
1
10
2
7
18
23
34
25
14
3
3
6
10
25
34
28
29
34
41
35
36
32
38
41
49
56
53
51
38
18
9
7
3
8
13
11
1
-16
-19
-26
-23
-14
-8
-13
-11
4
-1
14
13
27
33
33
44
43
39
36
30
23
23
32
24
9
0
-8
7
11
20
18
6
10
18
34
39
53
41
27
22
39
60
62
52
36
4
-17
-27
-34
-32
-29
-27
-16
-1
16
20
21
23
39
40
30
28
21
38
52
50
38
30
35
41
48
48
44
39
42
43
31
16
15
19
28
29
30
23
26
33
28
7
0
-4
-6
-7
-8
-3
-7
4
1
-7
-17
-19
-10
-4
-3
2
0
3
14
8
3
1
8
14
20
28
33
34
52
65
74
74
76
67
68
71
67
65
62
71
67
61
51
47
50
50
51
41
38
46
49
42
35
36
33
34
37
42
43
43
38
26
22
22
20
7
-1
-15
-30
-40
-53
-50
-50
-28
-28
-29
-34
-41
-38
-32
-11
5
-5
-9
-2
-2
1
1
-5
1
24
48
71
82
93
87
62
37
23
32
43
52
45
33
22
15
10
20
36
51
43
28
14
8
22
43
59
61
57
45
21
8
-3
-1
-7
-8
-13
-17
-16
2
14
8
6
-9
-4
3
14
16
6
5
12
15
14
10
8
19
29
28
28
28
35
44
44
50
42
39
28
28
13
3
-3
-2
7
10
22
13
9
12
22
18
6
-2
-4
10
18
18
8
-7
-15
-23
-18
-9
-8
-22
-39
-53
-71
-66
-50
-23
-16
-8
1
10
21
29
32
31
41
48
55
50
45
32
29
27
25
28
33
40
43
20
12
7
15
16
19
15
6
13
14
11
9
4
-19
-24
-20
-14
-9
-16
-9
-1
12
16
3
-18
-28
-21
-1
18
34
53
60
62
68
62
66
62
47
22
15
10
13
12
2
-2
-12
10
27
38
47
47
36
25
18
19
26
35
48
40
24
17
6
-3
-13
-12
-6
3
8
6
3
5
21
31
26
22
3
-5
-3
16
19
17
3
-17
-21
-14
10
19
16
5
-5
-17
-19
-24
-22
-17
0
10
6
-7
-9
-17
-20
-22
-15
6
25
38
28
30
41
61
65
60
38
20
-5
-24
-33
-42
-28
-21
-16
-26
-19
-10
7
22
21
18
13
21
24
39
45
40
34
14
13
6
13
30
25
16
14
25
34
28
21
13
3
9
16
23
25
16
8
-19
-26
-28
-21
-12
-6
-2
6
17
10
-6
-18
-14
0
8
21
32
26
12
-2
-21
-33
-33
-47
-55
-63
-50
-34
-19
-3
6
18
24
35
30
17
5
2
-1
0
7
14
28
40
48
47
35
28
14
2
5
1
2
-14
-15
-22
-16
-3
8
19
41
54
58
49
35
17
-1
3
12
11
13
17
24
24
35
33
31
36
46
49
51
63
64
62
55
55
45
35
37
40
44
36
23
6
-12
-16
-13
-1
3
3
-5
-14
-3
-6
-6
-7
2
23
35
48
43
40
30
34
31
23
14
3
-3
9
16
16
8
7
7
8
8
-1
-26
-39
-42
-32
-34
-33
-38
-44
-40
-32
-28
-27
-25
-24
-29
-36
-41
-42
-41
-27
-31
-39
-51
-50
-50
-50
-46
-38
-29
-26
-16
-13
-10
-3
-4
-22
-35
-35
-43
-38
-39
-35
-38
-36
-27
-32
-29
-19
-8
-1
2
17
17
26
26
15
3
-14
-11
-8
7
15
23
14
18
24
29
37
47
51
46
42
21
10
3
15
24
21
27
22
20
14
15
12
16
23
37
39
25
20
12
11
8
-4
-10
-12
-10
-9
-9
-10
-11
-17
-23
-20
-25
-24
-20
-19
-14
-15
4
6
13
17
18
17
21
28
30
29
32
41
39
32
31
25
35
44
49
39
20
6
-8
-7
3
14
5
1
-10
-15
-1
16
34
36
39
38
29
29
26
22
13
14
6
3
0
7
21
32
39
34
16
2
1
10
15
28
41
41
37
31
18
25
37
44
40
29
27
23
33
43
54
58
75
88
81
64
43
36
34
38
30
4
-8
-2
7
19
25
24
16
8
8
25
35
49
39
19
4
0
9
6
8
13
26
33
35
31
38
51
57
50
41
47
41
29
20
15
6
11
11
15
17
28
39
40
35
22
-1
-6
-13
-3
-2
16
33
28
23
3
-7
-17
-9
2
13
17
16
19
17
23
30
26
26
37
42
39
38
22
16
13
15
17
5
1
-10
-18
-18
-5
12
16
14
1
-13
-10
1
16
27
42
54
67
69
70
62
68
72
67
55
35
35
29
29
34
37
33
29
19
-2
-14
-10
-2
0
-13
-26
-49
-49
-41
-31
-28
-19
-13
-9
2
20
35
28
17
-5
-18
-20
-15
-15
-24
-10
-13
-12
-17
-20
-19
-17
-9
-1
-7
-19
-21
-22
-28
-27
-27
-25
-25
-33
-41
-46
-33
-13
-5
-5
-9
-22
-25
-26
-32
-37
-33
-21
-13
-5
-4
-8
-20
-24
-20
-18
-12
-10
-7
-11
-14
-18
-12
-8
6
15
19
21
16
3
0
10
24
27
46
55
60
60
61
61
59
56
42
31
26
39
42
53
60
54
38
15
12
-1
11
27
40
43
30
24
16
23
28
27
4
-15
-21
-23
-21
-20
-17
-3
1
2
-17
-28
-30
-29
-36
-37
-29
-27
-26
-26
-32
-45
-37
-20
-1
11
18
25
14
12
1
-13
-20
-21
-19
-24
-14
-24
-29
-42
-41
-44
-48
-50
-46
-35
-18
0
9
16
23
27
14
0
-21
-45
-55
-54
-52
-56
-54
-39
-28
-25
-13
-14
-1
9
22
32
33
21
15
0
7
14
23
29
31
32
27
25
17
6
-11
-7
2
15
32
31
24
25
30
40
39
38
27
12
-1
-14
-20
-27
-15
-18
-27
-30
-32
-33
-35
-26
-21
-13
-9
-4
-10
-24
-28
-29
-30
-36
-47
-59
-63
-55
-50
-47
-45
-31
-26
-27
-26
-19
-19
-10
-9
-11
-10
-8
-15
-18
-26
-36
-42
-35
-11
17
25
34
38
49
51
53
51
43
48
55
55
55
49
33
23
17
12
17
16
26
22
20
19
16
16
23
38
43
46
45
37
18
0
-5
-7
8
24
21
7
-4
-10
-20
-17
-9
6
10
22
39
31
28
17
13
8
8
9
1
-3
-3
7
14
21
27
31
41
39
42
35
43
41
32
29
32
28
17
6
-7
-17
-17
-8
-6
-9
-1
-1
-8
-28
-34
-47
-47
-48
-53
-61
-70
-71
-72
-69
-67
-73
-78
-74
-56
-59
-55
-48
-34
-13
8
28
35
45
46
49
37
30
39
41
52
53
35
7
-15
-28
-22
-10
1
18
24
38
39
35
37
37
32
18
8
-2
-13
-19
-14
-7
-6
6
19
34
39
45
47
40
47
50
49
47
47
41
37
31
30
34
41
51
37
28
21
15
6
4
6
3
2
1
4
-9
-22
-11
6
43
80
93
84
67
47
31
23
17
11
-1
4
-2
-6
-7
1
9
2
2
6
12
24
27
28
21
25
22
19
12
11
0
-6
-9
-11
-12
-18
-19
-29
-39
-26
-17
-10
5
20
40
54
48
33
9
0
-1
-9
-15
-10
-3
2
7
20
27
36
41
47
43
43
44
33
26
23
18
8
0
-7
-11
-11
-2
7
11
16
14
2
-2
-1
-1
-7
-13
-21
-16
-6
8
21
14
18
14
5
8
17
15
18
17
12
2
-2
-3
-6
-1
5
10
9
2
8
4
9
19
24
27
28
37
45
46
38
23
6
-3
0
-8
-3
4
1
-4
-9
-7
-15
-18
-11
3
9
20
7
-6
-21
-29
-31
-38
-33
-38
-39
-46
-31
-18
-5
5
1
-9
-11
-11
-14
-13
-2
17
34
38
47
37
30
30
24
11
-5
-15
-13
-10
-8
-15
-12
-2
12
4
-4
-4
-8
-1
12
32
35
33
27
22
21
21
25
12
8
11
12
18
14
18
5
-5
-7
-4
-4
-8
-5
3
9
26
32
34
33
25
22
19
19
3
-1
11
15
25
29
37
35
28
33
41
53
56
53
44
33
34
34
35
40
43
42
32
31
40
48
62
64
46
34
19
7
-5
-1
7
1
-5
-21
-31
-32
-27
-22
-22
-29
-30
-42
-64
-71
-63
-48
-23
-2
14
16
21
13
14
13
10
0
-10
1
7
12
19
20
16
9
22
40
50
45
33
14
5
11
25
26
16
13
1
6
5
6
3
7
14
19
32
38
40
25
3
5
11
31
49
46
37
27
29
33
45
57
65
52
42
24
3
-7
-9
10
16
23
19
17
24
27
16
0
-1
14
33
45
54
52
48
53
44
35
30
33
32
31
33
30
33
23
26
25
28
35
34
18
2
-6
-2
4
5
-1
-17
-22
-14
-13
-15
-16
-28
-34
-32
-22
-24
-18
-3
13
26
35
36
24
2
-2
-2
12
22
22
5
-5
-13
-15
-25
-19
-14
-8
0
-1
9
4
13
14
19
29
41
36
23
2
-23
-42
-55
-53
-60
-62
-53
-53
-53
-53
-31
-4
26
40
37
32
32
43
48
44
34
27
19
23
38
45
52
51
46
46
52
49
35
11
-8
-10
-12
-1
13
15
20
25
28
34
37
34
20
11
14
28
34
48
43
37
22
20
25
28
38
39
27
10
0
-6
-3
11
7
-9
-26
-24
-16
-1
3
8
-5
-22
-32
-41
-34
-22
-21
-24
-36
-36
-35
-16
-5
4
-2
-4
-12
-21
-27
-26
-30
-40
-52
-53
-60
-44
-24
0
16
28
33
26
6
-17
-29
-30
-10
4
6
17
25
26
25
30
22
13
2
9
21
22
28
18
14
12
6
4
-5
-8
-11
-15
-17
-4
-9
-12
-10
-11
-4
-9
-8
-20
-11
2
19
24
18
21
19
20
31
37
29
12
7
6
7
7
-1
-9
-5
-11
-12
-20
-27
-27
-34
-28
-23
-30
-35
-36
-22
-8
19
29
21
6
-3
-2
-15
-14
-33
-40
-48
-45
-46
-48
-36
-24
-20
-9
-18
-16
-12
-8
-7
-14
-29
-25
-32
-34
-31
-30
-27
-33
-35
-48
-41
-33
-29
-25
-16
2
22
36
49
47
42
33
25
15
2
-13
-13
-22
-8
-7
-3
0
10
22
24
33
34
30
19
14
14
5
9
1
2
10
34
56
61
67
63
57
54
57
67
75
83
69
57
50
65
75
75
68
49
32
22
16
12
4
2
-1
-5
8
19
15
15
17
18
11
0
8
8
18
27
36
30
27
30
30
38
47
63
65
66
46
32
23
17
8
2
9
15
7
1
5
-4
-15
-16
-11
-6
-5
-8
-13
-14
0
5
-7
-24
-26
-15
6
22
27
22
20
26
25
16
9
6
12
25
47
48
57
59
59
56
54
52
30
8
-6
-2
0
-1
-3
-10
-7
-2
-2
-5
0
-2
-6
-22
-24
-28
-31
-17
-17
-18
-29
-30
-27
-28
-15
-4
4
8
7
13
26
45
59
68
70
67
51
35
35
39
46
41
36
21
10
10
13
18
17
13
-2
-14
-26
-36
-42
-46
-39
-38
-29
-22
-13
-18
-15
-10
-14
-13
-12
-8
-11
-10
-4
-6
-3
-5
-8
-15
-20
-14
-6
0
16
20
13
9
-1
-9
-12
-6
-5
-1
4
8
8
9
17
27
28
32
27
16
5
8
11
25
35
42
32
20
8
4
1
15
23
18
11
1
-5
-3
-2
-9
-17
-27
-20
-13
1
16
37
32
30
27
17
25
31
27
27
26
37
39
36
31
20
10
21
27
30
26
23
22
20
19
25
26
20
24
20
17
21
22
23
18
17
8
-8
-9
-16
-12
-3
-3
-5
-19
-27
-31
-38
-36
-25
-28
-28
-28
-31
-32
-26
-14
-10
-3
-10
-11
-19
-11
-3
9
20
28
22
-2
-20
-27
-34
-25
-14
-3
-1
1
12
12
11
14
18
28
45
43
30
21
20
36
36
40
23
14
12
24
35
12
0
-23
-43
-50
-48
-29
-13
12
30
29
35
36
48
56
59
43
25
18
21
22
32
40
40
25
4
5
-2
13
26
36
41
37
34
21
26
33
47
48
49
62
65
76
79
73
59
40
19
-2
-8
4
23
25
21
-2
-12
-20
-16
-14
-28
-34
-44
-47
-49
-41
-29
-24
-18
-11
1
11
23
10
9
12
14
7
-10
-16
-15
-5
3
1
-15
-40
-40
-35
-21
-9
-4
-8
-15
-15
-21
-21
-8
4
14
14
7
-17
-32
-33
-28
-23
-18
-11
-6
-4
-4
-5
-11
-6
-3
-10
-14
-22
-20
-19
-9
-5
-14
-18
-25
-31
-42
-33
-21
-12
-18
-10
-4
12
21
13
-1
-12
-4
15
36
59
54
44
20
6
-3
-2
10
29
49
60
72
61
47
27
16
4
5
11
22
29
41
40
28
11
5
0
8
25
34
36
36
35
34
30
30
31
20
24
25
21
7
0
-9
-14
-3
2
3
3
10
12
9
7
-3
-7
-15
-22
-27
-27
-15
-13
-14
-15
-13
-11
-3
5
23
33
33
33
18
17
17
21
13
11
6
-6
-10
-16
-8
-3
-4
-5
-27
-36
-37
-29
-20
-12
-7
-8
-5
-5
-1
-5
15
37
51
55
52
48
36
38
38
38
34
33
31
22
18
6
-1
1
8
10
14
18
15
13
6
9
11
16
25
20
4
-10
-3
8
23
26
21
12
6
16
8
12
18
35
37
33
35
29
42
46
39
20
5
7
4
11
15
20
17
14
11
6
5
4
-3
-8
-4
4
-1
1
5
15
18
23
19
9
2
-3
-1
-13
-22
-33
-43
-50
-37
-19
-2
17
24
33
43
60
62
58
48
38
22
9
2
-10
-18
-10
-14
-13
-16
-11
-16
-21
-16
-5
13
30
42
41
38
38
34
23
13
4
-8
-15
-13
-4
-1
0
-4
-13
-12
-3
-2
-5
-3
2
8
8
10
13
9
12
0
2
12
35
47
45
42
41
42
51
54
62
56
53
40
23
11
13
11
16
19
7
-5
-12
-3
-1
3
4
4
-9
-26
-39
-52
-59
-60
-72
-87
-93
-84
-73
-59
-46
-35
-50
-62
-53
-34
-1
23
26
19
17
17
12
12
17
26
35
37
23
11
11
26
33
30
31
30
24
18
6
-1
-7
6
11
20
21
25
12
3
5
17
30
36
48
47
51
51
54
52
46
38
28
26
30
31
30
35
43
38
36
36
37
27
11
11
14
28
29
10
-4
-6
1
2
6
2
0
-5
4
14
28
34
33
20
3
6
12
21
26
25
15
1
17
22
36
42
53
62
62
60
54
43
39
47
54
54
48
30
10
-10
-20
-35
-31
-23
-13
-4
-2
9
21
28
41
31
30
21
14
-3
-22
-23
-21
-18
-13
-15
-20
-21
-4
19
25
39
39
37
32
25
23
17
16
7
4
10
10
4
-19
-29
-32
-21
-17
-6
-10
-26
-27
-25
-25
-23
-26
-31
-37
-37
-51
-68
-75
-71
-57
-42
-23
-11
-13
-28
-37
-40
-27
-11
0
2
2
9
-3
-2
-5
-3
-4
-5
-8
-18
-23
-19
-15
-20
-13
0
22
41
52
57
52
56
58
62
62
60
59
53
46
26
10
2
10
12
2
0
-12
-4
5
31
46
50
61
63
62
49
35
21
22
40
52
57
45
37
15
5
1
-10
-18
-30
-32
-44
-51
-48
-43
-36
-31
-19
-19
-20
-20
-30
-35
-33
-17
-11
-14
-28
-32
-34
-15
2
2
13
16
21
25
35
30
31
30
41
45
39
35
34
27
21
8
4
2
5
4
2
9
20
31
35
38
29
22
18
30
22
22
27
40
40
38
38
42
43
35
25
22
24
34
29
40
53
58
46
35
33
34
29
25
16
13
17
20
21
24
50
62
64
60
57
43
29
16
8
4
6
-2
-1
7
27
38
37
44
49
52
51
49
39
31
30
36
53
68
77
72
59
44
31
24
28
48
47
40
38
32
28
24
28
20
19
17
12
10
6
15
22
32
34
30
14
8
-1
-20
-28
-20
-13
-6
-5
-7
-11
-12
-12
-13
-9
-7
-1
-1
-1
-2
-6
-20
-24
-23
-12
2
30
55
63
69
55
38
26
20
24
25
28
14
4
1
12
15
24
25
24
18
10
10
2
-5
-9
-15
-24
-21
-5
19
41
51
50
42
28
24
19
22
32
39
32
26
16
6
15
25
46
61
70
76
69
70
77
84
82
77
54
40
31
36
35
11
-6
-19
-19
-14
-4
2
4
2
-5
-14
-10
4
14
14
15
2
-9
-14
-4
1
-5
-17
-19
-13
-15
-13
-19
-11
-1
4
-1
-13
-20
-37
-48
-48
-30
-19
-11
-6
-8
9
33
47
30
-5
-27
-40
-35
-26
-15
-17
-6
7
15
11
9
12
9
5
4
5
14
15
13
1
5
-1
-10
-25
-41
-48
-55
-41
-31
-17
-4
9
16
18
23
23
34
45
50
30
16
11
18
7
-1
2
-1
4
6
-2
-9
-25
-24
-26
1
20
29
27
24
24
19
19
32
49
47
45
35
30
28
27
24
5
-14
-35
-42
-39
-34
-32
-32
-13
-2
3
-4
-5
-4
-4
10
19
22
18
27
40
45
48
31
15
7
10
-1
-6
-6
0
1
-9
-8
-4
16
41
57
60
45
21
-10
-21
-21
-32
-48
-59
-51
-47
-43
-31
-22
-21
-25
-29
-29
-23
-6
-1
-5
-11
-18
-31
-34
-34
-27
-11
9
14
-5
-37
-68
-76
-83
-59
-38
-24
-17
-11
-14
-25
-32
-32
-17
-1
23
31
26
26
29
34
49
58
57
43
23
7
-11
-20
-20
-9
10
26
30
16
-11
-25
-37
-26
-5
9
10
4
7
4
14
36
60
75
86
88
79
88
92
96
88
85
89
97
104
112
115
117
116
111
101
103
105
102
93
97
106
106
92
68
40
14
-4
-23
-31
-29
-23
-24
-24
-17
-7
-1
11
31
40
35
40
39
36
26
14
0
-2
1
0
-14
-24
-29
-40
-43
-45
-45
-40
-37
-21
-12
-9
-5
-11
-12
-26
-34
-51
-48
-40
-30
-26
-23
-16
-16
-17
-17
-22
-33
-40
-47
-37
-16
7
19
18
21
23
24
21
23
18
13
-2
-10
-27
-28
-17
-3
2
9
4
1
-15
-17
-25
-31
-36
-45
-51
-52
-39
-34
-29
-26
-27
-35
-32
-19
-13
-11
-12
-25
-28
-31
-24
-21
-10
-12
-6
-3
5
19
4
1
-7
-6
-16
-15
-24
-21
-19
-13
-12
-19
-18
-27
-39
-47
-31
-7
8
28
28
31
23
27
22
16
13
2
-13
-18
-29
-35
-57
-51
-45
-34
-22
-17
-15
-11
0
-5
-22
-50
-65
-72
-60
-41
-29
-19
-21
-21
-41
-63
-70
-71
-71
-72
-63
-49
-37
-26
-21
-13
-1
3
-1
-4
-5
-1
2
13
16
24
33
44
44
28
22
13
17
28
38
33
13
7
14
24
24
20
4
-2
-5
-12
-9
-15
-9
-8
-2
7
5
-6
-3
11
18
23
22
15
10
15
27
29
28
20
11
-9
-10
-10
-7
-2
0
-2
-3
-4
-3
-13
-2
6
19
4
5
17
35
41
36
20
7
15
21
24
24
29
18
3
-1
-3
0
5
9
20
22
33
35
30
30
31
34
40
41
43
39
31
25
1
-14
-1
16
28
23
23
18
13
14
23
29
17
13
-3
-2
-8
-22
-36
-46
-40
-45
-39
-37
-33
-22
-8
-2
-9
-20
-19
-19
-25
-22
-22
-16
-8
-6
-8
-22
-22
-30
-44
-55
-56
-46
-43
-28
-26
-19
-9
-8
-9
-21
-18
-15
-16
-10
-1
-1
8
23
32
41
33
32
22
19
26
36
55
68
76
58
38
32
35
45
50
51
54
62
65
54
38
28
33
31
32
26
10
-16
-27
-40
-47
-53
-49
-37
-34
-32
-46
-66
-71
-59
-48
-45
-33
-21
-12
3
12
14
12
27
32
35
26
27
27
25
11
1
-10
-17
-24
-35
-30
-14
7
21
32
49
45
34
29
21
9
1
11
17
29
29
27
13
12
9
2
-8
-14
-9
-6
8
16
13
1
10
3
-5
-10
-24
-33
-45
-49
-55
-72
-75
-81
-63
-31
3
28
38
54
56
52
51
51
56
56
61
51
36
17
6
-1
5
18
11
-7
-34
-45
-46
-43
-36
-24
-22
-24
-6
0
20
32
33
27
16
13
11
11
20
13
-5
-7
-4
3
17
24
28
24
21
19
23
22
37
45
56
64
62
62
62
81
91
98
103
90
73
63
57
61
59
66
64
57
60
72
88
86
78
50
29
11
14
15
11
15
15
16
8
0
-12
-18
-9
2
14
20
42
62
89
105
99
93
80
88
91
90
89
73
54
44
38
31
33
36
35
37
48
48
46
33
21
6
-17
-18
-20
-17
-19
-23
-23
-26
-14
-18
-20
-22
35
-18
-9
9
33
52
69
56
57
59
57
46
39
50
59
66
85
78
69
73
84
95
88
57
27
0
9
26
43
25
-1
-35
-39
-20
9
37
53
57
34
7
13
23
53
56
47
17
-19
-45
-65
-87
-71
-53
-44
-53
-78
-97
-89
-56
-3
29
41
39
29
17
-13
-35
-62
-62
-49
-42
-42
-48
-50
-43
-16
0
11
16
10
29
13
3
-11
-9
4
13
26
14
-9
-22
-18
-12
-14
-24
-43
-65
-83
-85
-76
-61
-36
-32
-39
-42
-32
-28
-22
-19
12
52
89
102
64
32
15
18
18
-2
-30
-66
-73
-69
-50
-28
0
26
36
54
67
75
60
43
25
14
7
4
3
-13
-29
-45
-49
-45
-41
-39
-31
-9
5
11
6
4
-4
-22
-17
-5
3
0
-5
-8
-13
-12
-33
-50
-62
-63
-63
-47
-5
32
69
58
44
0
-31
-34
-26
-12
4
15
12
5
-17
-37
-49
-43
-20
0
22
46
46
26
-7
-4
28
77
94
63
-1
-48
-57
-52
-18
13
45
47
38
5
-18
-22
-19
-14
-28
-26
-28
-20
-6
8
10
1
-15
-20
-19
0
24
39
40
41
46
49
57
75
72
66
54
41
46
49
64
56
52
61
74
85
87
80
66
49
47
33
24
20
27
47
59
66
59
48
55
46
33
17
18
18
8
6
-6
-16
-18
-8
20
39
56
42
17
-10
-22
-4
17
35
30
24
39
70
96
89
76
54
41
39
34
20
22
33
42
33
21
20
24
37
45
49
43
23
21
9
12
14
9
-9
-20
-22
-21
-36
-47
-49
-47
-18
-12
-16
-33
-33
-15
8
24
13
10
23
51
65
39
3
-21
-36
-19
-10
-10
-22
-41
-45
-48
-52
-49
-59
-59
-52
-43
-33
-10
10
26
36
41
32
12
-12
-23
-34
-30
-22
-25
-43
-59
-70
-68
-43
-22
-6
-22
-33
-29
-20
-3
9
20
14
10
0
-16
-24
-19
-16
-37
-44
-38
-2
23
24
-7
-42
-62
-67
-64
-57
-44
-19
5
40
44
15
-23
-38
-40
-22
-11
-14
-21
-16
-3
-1
-16
-22
-23
-9
-7
0
1
14
39
68
85
85
59
11
-1
7
38
62
70
59
50
48
55
52
42
57
66
86
74
56
34
10
6
5
3
6
27
36
42
44
31
20
20
39
49
41
28
11
4
25
56
75
72
53
27
26
25
52
40
34
36
40
45
29
20
3
2
6
-1
-5
-18
-22
-35
-45
-58
-59
-52
-25
-4
-6
-13
-23
-25
-28
-13
14
42
46
44
32
17
7
-5
-3
0
6
-8
-26
-35
-35
-23
0
41
53
54
47
31
22
17
27
41
55
76
74
52
17
-5
-13
12
34
47
40
16
1
-23
-28
-22
-3
10
30
40
33
7
-25
-60
-95
-110
-105
-93
-80
-79
-81
-88
-84
-76
-86
-94
-89
-75
-62
-51
-45
-42
-34
-31
-33
-50
-47
-23
17
60
60
26
-18
-35
-31
-25
-12
-2
7
2
8
16
28
26
37
35
69
95
109
102
91
101
93
88
80
62
38
15
7
26
52
66
63
36
18
1
-11
-20
-14
-1
24
50
56
43
13
-3
-8
15
49
84
96
96
109
100
86
73
58
52
47
62
60
62
54
49
33
22
18
24
35
59
69
71
56
29
4
-5
-12
-5
-21
-12
1
6
22
22
18
11
3
10
10
0
-5
-19
-29
-20
1
12
7
2
-4
-2
8
12
12
5
7
12
-6
-2
7
22
32
16
-13
-30
-3
30
47
42
34
22
17
19
17
17
9
21
26
36
55
53
39
18
9
-2
-2
-12
-2
7
17
4
-23
-17
16
81
117
117
86
44
12
17
27
36
38
38
56
97
126
122
87
51
30
5
-19
-32
-35
-30
-1
33
63
93
100
93
75
70
55
43
29
35
43
38
37
24
18
-1
-2
-2
2
6
6
-2
2
20
38
70
88
84
59
21
10
-6
-5
-2
-13
-29
-49
-55
-61
-45
-28
-18
-18
-16
-3
22
56
89
100
91
80
57
28
10
0
8
-13
-45
-71
-101
-95
-80
-68
-63
-51
-31
-19
-17
-24
-33
-25
-9
-14
-12
-21
-13
-14
-10
-16
-27
-26
-23
2
3
-1
-14
-8
-7
-2
5
2
1
12
15
17
-1
-15
-31
-25
-11
2
24
42
74
90
100
100
66
18
-20
-34
-48
-44
-40
-21
-14
6
36
76
105
107
88
44
13
-14
-28
-19
-13
-7
-12
-2
-6
-13
-17
-25
-33
-53
-59
-48
-38
-17
-6
-19
-31
-27
-22
-19
-2
17
46
68
81
94
90
77
65
46
45
50
40
20
1
-10
-6
0
-5
-17
-22
-13
9
26
51
73
89
76
68
40
23
17
38
55
70
59
37
6
-1
3
1
-20
-21
-19
-11
1
23
34
37
19
-10
-31
-19
9
46
45
34
-4
-43
-65
-48
-16
31
58
61
50
39
54
53
45
26
5
-3
-1
17
13
-2
-26
-38
-34
4
48
65
68
53
45
41
55
68
60
41
21
15
17
45
67
82
99
89
58
9
-10
-29
-21
-17
4
11
18
32
41
30
20
13
23
48
62
50
17
-8
-16
-3
2
-10
-43
-79
-94
-64
-41
-21
-21
-30
-38
-38
-33
-32
-19
-7
9
-7
-11
-27
-32
-31
-7
26
37
31
12
0
-2
11
15
22
19
13
13
29
50
43
13
-2
-6
1
2
10
26
47
65
61
39
19
-11
-33
-45
-34
-23
-21
-25
-25
-18
-23
-17
-22
-17
-21
-7
-16
-26
-35
-42
-47
-52
-68
-100
-108
-90
-52
-16
2
-6
-35
-51
-42
5
39
77
65
27
-3
1
3
-14
-47
-80
-94
-86
-70
-41
-22
14
27
30
25
20
2
-20
-29
-52
-68
-82
-72
-51
-36
-24
-34
-40
-41
-21
7
36
50
39
1
-33
-55
-75
-89
-105
-96
-68
-15
28
33
22
8
21
43
60
36
-15
-59
-51
-13
12
20
-7
-32
-37
-20
8
31
42
36
20
27
46
57
48
43
23
15
-6
-24
-34
-29
7
51
83
93
87
70
56
44
24
11
20
64
103
128
128
110
90
72
69
49
36
21
30
49
79
95
94
86
94
114
132
124
97
58
41
55
74
99
89
67
23
-9
-7
21
66
106
102
59
27
18
39
61
98
109
107
66
30
-8
-16
-4
18
27
19
14
22
39
50
42
28
26
46
51
60
54
35
27
32
39
27
8
-6
-11
-29
-35
-36
-21
-6
3
-3
-16
-45
-58
-65
-39
5
39
62
67
71
70
85
92
91
69
81
104
134
134
109
68
38
45
43
36
6
-14
-18
-5
5
2
-24
-47
-34
-19
5
37
62
93
103
111
106
100
89
57
12
-17
-27
-26
2
41
50
40
20
5
16
24
45
56
64
58
45
21
-5
-21
-30
-47
-64
-53
-19
34
60
59
32
19
8
18
20
24
47
63
99
112
103
91
88
78
67
66
49
33
25
21
31
20
16
-2
1
7
33
31
15
-5
-16
-12
9
37
48
54
41
16
-21
-35
-32
-24
-3
1
-18
-43
-54
-56
-51
-27
1
26
27
18
26
49
85
107
112
77
43
10
-5
2
12
11
-15
-24
-47
-41
-34
4
20
12
1
-10
-9
-10
-14
-25
-21
10
34
26
-1
-35
-61
-70
-67
-55
-55
-55
-42
-23
13
41
56
35
21
3
-6
-9
-4
-6
-21
-36
-42
-30
1
32
41
44
36
26
2
-23
-27
-29
-24
-3
6
24
44
42
33
30
29
21
-7
-42
-53
-59
-51
-38
-29
-11
0
19
28
28
42
32
8
-23
-27
-26
-7
24
56
77
83
88
72
78
71
69
46
5
-35
-60
-53
-10
27
45
53
58
63
49
28
12
7
17
20
-6
-40
-53
-31
-8
14
9
7
23
51
76
78
80
59
47
32
25
28
25
37
32
9
-5
-5
12
17
7
-11
-32
-37
-22
-16
-13
-28
-37
-32
1
40
44
17
-21
-47
-59
-50
-21
4
7
-28
-81
-132
-130
-98
-56
-26
-21
-35
-45
-29
-16
-13
-23
-26
-27
-41
-57
-62
-62
-65
-50
-50
-51
-61
-71
-64
-27
14
51
65
60
31
6
-9
16
20
30
35
52
81
99
97
62
23
-5
-7
-9
-22
-37
-57
-43
-15
9
8
10
30
41
56
55
37
19
11
39
59
71
55
33
26
45
66
79
83
82
60
24
-12
-27
-28
-8
23
36
36
31
16
4
18
57
100
99
56
-11
-75
-105
-93
-73
-75
-93
-119
-123
-104
-61
-45
-31
-26
-34
-33
-32
-14
-4
-10
-25
-39
-39
-7
35
45
15
-45
-103
-120
-91
-67
-69
-89
-101
-93
-62
-25
-6
-17
-28
-30
-13
-14
-18
-28
-39
-36
-19
-5
1
12
15
12
11
4
8
21
17
2
-11
2
43
80
84
72
44
23
-1
-4
-3
11
17
8
-10
-28
-16
9
49
71
52
16
-23
-35
-43
-26
-3
18
25
27
26
14
18
24
27
32
36
50
49
60
76
92
105
120
113
85
44
37
55
72
78
63
47
49
56
58
55
48
44
28
3
-7
8
40
85
105
101
90
87
83
84
74
54
36
52
73
79
62
37
39
56
86
97
85
78
71
73
67
44
34
-1
-27
-32
-10
14
29
29
13
10
14
16
17
22
18
15
11
-1
-33
-66
-63
-31
18
42
46
34
29
54
83
87
82
69
58
56
54
49
33
18
32
47
59
56
41
25
21
23
14
10
6
-1
9
20
19
-9
-37
-39
-30
-20
-15
-12
-4
6
3
-4
-27
-27
-24
-3
23
50
61
56
53
63
69
71
69
43
14
11
7
40
47
29
0
-45
-60
-48
12
76
140
155
133
84
27
-11
-22
-14
1
14
22
10
-5
-16
-3
13
43
61
61
46
34
36
36
38
44
54
66
80
87
72
58
40
32
24
22
20
15
21
41
42
24
-2
-9
-5
3
7
8
-1
17
13
3
-32
-66
-75
-59
-32
-17
-21
-31
-28
-21
-18
-6
-17
-30
-38
-36
-30
-19
-19
-34
-65
-71
-66
-54
-49
-43
-36
-18
-4
1
-30
-64
-76
-60
-33
-14
2
12
18
27
27
27
29
36
28
30
41
51
62
68
66
66
65
77
79
75
80
77
69
50
19
-19
-61
-83
-99
-102
-101
-91
-73
-93
-114
-154
-170
-166
-125
-96
-54
-20
7
37
63
118
168
204
192
141
82
45
43
52
79
121
158
160
155
147
153
177
185
185
181
174
168
161
157
161
167
161
162
187
192
192
171
139
132
130
106
74
60
69
91
107
129
132
123
118
105
120
123
125
111
80
63
66
84
93
106
95
80
67
42
11
0
-9
-6
-5
-5
20
35
46
60
62
52
16
-28
-71
-88
-76
-59
-42
-30
-18
-1
19
39
43
12
-19
-56
-80
-89
-84
-79
-73
-57
-43
-34
-17
-4
3
-3
-10
-29
-49
-50
-40
-18
5
15
20
22
14
25
12
14
27
37
30
6
-8
-26
-33
-22
-3
13
15
14
-1
0
-12
-24
-17
28
89
129
139
111
61
2
-33
-41
-47
-28
-23
-21
-21
-1
37
67
74
68
58
53
68
81
84
63
22
-29
-57
-48
-20
-6
-6
-9
-20
-28
-39
-43
-40
-1
27
39
33
32
53
64
57
22
-21
-41
-36
-8
5
12
3
0
16
29
31
-1
-27
-37
-43
-29
-14
-2
14
17
27
32
33
40
31
15
9
2
2
0
9
17
21
27
28
26
27
27
28
18
6
-16
-27
-31
0
7
5
-19
-24
-13
25
53
67
56
50
54
61
68
76
54
33
6
-11
-24
-30
-25
-38
-38
-35
-17
-7
1
10
4
6
7
20
40
65
73
44
9
-25
-43
-46
-39
-22
-21
-13
-10
-5
-21
-41
-58
-59
-42
-22
-18
-32
-25
-19
2
21
24
21
-1
-18
-27
-12
13
39
38
26
15
6
-5
-11
-8
-2
13
27
27
9
-17
-25
-20
-5
14
14
-1
-13
-23
-27
-16
10
32
37
23
-1
-31
-33
-24
-3
4
12
6
-12
-22
-17
-5
-1
-13
-29
-49
-48
-24
-16
-32
-53
-69
-68
-35
-15
-16
-34
-34
-24
3
29
27
13
-1
-3
17
37
45
43
22
6
1
5
-5
-22
-29
-53
-45
-31
-5
10
9
12
6
16
22
27
21
12
0
-9
-21
-32
-53
-64
-57
-34
-18
-9
-4
-10
-16
-5
0
-9
-11
-14
-2
-6
3
6
26
36
41
37
22
25
19
15
11
16
12
-1
3
-1
-14
-24
-27
-20
-1
8
1
-15
-32
-37
-48
-40
-15
0
8
-5
-3
-4
5
18
21
23
18
21
-2
-15
-29
-18
8
26
37
17
5
-7
-12
-18
-19
-31
-44
-64
-74
-78
-90
-91
-62
-49
-52
-80
-129
-159
-151
-135
-102
-68
-32
-1
1
0
-14
-33
-40
-26
-6
8
30
13
12
12
30
51
81
102
97
63
21
1
-13
-5
-8
-20
-44
-54
-17
16
62
91
104
102
103
88
60
21
-6
-23
-42
-60
-69
-78
-73
-68
-58
-47
-20
-16
-20
-38
-49
-61
-62
-35
-16
-20
-44
-66
-62
-33
17
47
39
6
-11
-12
7
12
5
-20
-44
-65
-85
-77
-51
-32
-33
-47
-55
-39
-11
25
32
41
50
66
78
90
98
95
63
49
45
68
72
72
57
63
87
104
102
87
86
78
77
81
77
62
58
57
66
56
48
37
52
76
110
118
108
97
93
113
135
136
102
80
96
143
174
164
116
50
16
7
24
43
64
87
98
99
94
102
114
136
152
134
106
78
52
43
70
101
121
115
106
89
67
47
32
30
40
57
62
50
35
17
1
0
20
45
58
62
38
19
27
62
97
103
95
71
43
17
8
-2
1
27
56
73
75
69
58
61
60
52
44
51
83
73
45
-4
-24
-15
14
41
38
35
41
57
81
87
79
47
20
10
13
8
14
7
8
19
47
71
64
50
19
-12
-29
-33
-29
-19
-1
-3
-15
-35
-46
-33
-13
11
28
30
23
9
-1
-4
20
36
43
36
22
3
-6
-6
-21
-52
-69
-60
-36
-8
-1
-10
-23
-22
1
13
16
14
15
3
-12
-37
-56
-58
-38
-19
-11
-3
7
21
24
21
14
-1
-5
-2
0
-3
1
0
-12
-20
-35
-40
-51
-51
-60
-66
-67
-97
-131
-148
-140
-119
-110
-121
-133
-153
-172
-165
-140
-103
-87
-99
-113
-107
-83
-75
-76
-73
-63
-60
-67
-80
-94
-84
-77
-79
-90
-95
-88
-80
-58
-42
-29
-47
-56
-61
-60
-57
-52
-59
-68
-64
-55
-48
-56
-79
-104
-97
-60
-15
4
-4
-22
-22
-12
8
6
-15
-28
0
43
97
128
112
65
32
4
-10
-17
-21
-17
-16
-24
-32
-49
-54
-38
-8
31
57
64
38
23
10
5
-13
-38
-59
-76
-72
-44
-14
4
21
15
-3
-10
-5
19
53
81
86
73
62
66
83
89
103
85
48
2
-27
-22
-4
20
23
19
18
44
81
103
94
47
1
-13
3
14
20
6
-1
-10
-3
13
22
34
60
65
54
29
23
21
38
48
48
40
48
59
69
68
55
25
-15
-29
-16
17
45
52
43
48
64
75
59
32
13
13
28
64
82
83
67
63
70
72
62
38
7
1
-2
-2
1
21
47
81
90
90
53
14
-1
9
32
32
8
-42
-63
-72
-56
-52
-57
-63
-68
-58
-32
-3
9
26
41
45
48
56
65
67
68
57
30
14
11
21
32
39
33
25
18
39
82
114
145
130
84
26
-12
-29
-31
-28
-23
-19
-12
9
20
12
0
-25
-57
-80
-92
-92
-69
-31
-5
-10
-42
-72
-89
-68
-34
1
3
-7
-9
-13
-9
-14
-42
-66
-72
-47
-35
-26
-28
-39
-42
-31
-5
11
18
19
12
9
15
20
25
32
50
73
77
79
67
50
36
30
24
15
20
22
27
34
65
75
55
27
5
13
41
75
95
94
72
40
20
14
11
-16
-35
-47
-45
-43
-32
-8
1
4
4
14
24
37
44
55
72
93
123
141
151
140
102
69
45
42
35
31
24
10
16
35
57
78
84
79
61
24
-13
-46
-87
-93
-78
-41
-8
6
1
4
32
54
65
49
28
5
-1
20
45
78
82
91
79
76
78
67
43
5
-35
-58
-48
-15
12
0
-14
-25
-25
-2
12
27
41
43
49
48
62
83
98
104
112
125
121
102
90
97
90
91
71
86
112
143
155
150
155
167
167
175
163
152
141
154
177
182
179
162
144
120
104
110
131
158
175
157
128
113
99
86
82
89
101
118
132
151
149
141
130
114
111
103
77
48
13
5
24
52
104
131
133
122
92
74
79
104
129
122
100
62
46
61
93
103
80
45
7
-4
10
38
43
34
19
-4
-30
-55
-49
-31
0
28
40
45
37
36
23
24
30
23
13
-1
2
0
-3
-18
-29
-25
-8
14
2
-23
-47
-45
-15
13
23
-1
-25
-34
-30
-23
-25
-47
-83
-103
-93
-77
-64
-65
-77
-98
-127
-136
-133
-108
-81
-71
-72
-93
-100
-98
-79
-46
-39
-42
-49
-49
-37
-19
8
19
0
-29
-48
-53
-39
-8
-5
-10
-35
-50
-56
-56
-47
-48
-54
-82
-100
-126
-125
-103
-98
-102
-112
-103
-85
-55
-39
-31
-49
-70
-97
-100
-85
-56
-57
-62
-45
-18
-1
-19
-44
-60
-69
-55
-50
-40
-29
-14
-12
-19
-35
-49
-51
-44
-26
-28
-41
-59
-74
-65
-36
-9
-4
-10
-17
-15
-22
-13
-18
-33
-53
-70
-62
-44
-11
17
27
35
35
35
24
6
-3
-25
-39
-48
-61
-54
-24
1
10
-3
8
40
72
91
78
44
24
1
6
12
37
48
53
50
56
58
55
64
70
69
66
69
68
59
43
25
-4
-1
15
21
24
21
23
33
47
53
46
28
16
19
24
15
16
-1
7
31
37
21
12
0
12
24
25
19
8
-9
-21
-51
-43
-17
17
43
57
75
83
85
84
79
79
86
76
43
12
5
31
60
98
99
96
83
78
63
45
41
38
36
23
12
-1
1
14
32
52
51
43
26
24
37
44
38
35
52
66
88
103
98
80
62
54
54
61
77
68
49
31
26
23
17
18
20
19
39
37
42
41
33
37
29
35
41
41
44
39
35
36
39
37
26
-1
-20
-48
-59
-43
-25
-15
-16
-14
-14
-9
12
30
35
22
8
-11
-32
-53
-70
-69
-46
-30
-30
-17
-5
10
12
11
4
-3
-16
-23
-25
-29
-27
-20
-20
-4
6
4
-12
-36
-37
-34
-30
-40
-55
-73
-42
-16
10
22
23
33
25
37
34
24
13
-7
-26
-59
-70
-71
-54
-24
-17
-26
-56
-80
-102
-113
-130
-144
-176
-187
-185
-146
-121
-107
-115
-101
-80
-43
-30
-43
-54
-58
-63
-67
-81
-93
-96
-74
-27
-4
11
7
11
7
-6
-45
-87
-101
-88
-36
2
16
16
-2
-15
-20
-3
25
47
39
15
-8
-10
3
20
33
29
3
-4
0
17
51
76
68
33
-17
-48
-51
-26
10
28
28
9
18
8
26
43
59
44
10
-11
-16
5
42
75
80
78
62
35
8
-7
-15
-7
10
36
49
44
44
51
56
70
63
50
60
69
85
84
89
82
70
68
84
114
129
149
136
121
106
109
108
102
87
64
49
54
67
84
106
122
131
116
91
81
65
69
73
77
81
71
74
74
81
96
92
80
60
49
42
50
51
39
11
2
-1
20
25
27
25
42
65
60
24
-19
-43
-38
-23
8
15
-5
-25
-19
-11
-8
-15
-38
-56
-49
-23
2
-12
-34
-63
-60
-57
-49
-79
-107
-105
-86
-60
-51
-40
-38
-26
-10
22
24
18
-3
-33
-44
-38
-24
-25
-18
-15
-6
11
23
27
7
-13
-31
-35
-33
-33
-42
-61
-58
-37
-15
-20
-35
-67
-80
-55
-28
-14
-13
-18
-10
2
19
24
18
20
27
31
21
15
18
32
57
77
65
27
-18
-46
-58
-57
-44
-35
-9
18
41
35
8
-39
-87
-90
-66
-64
-89
-135
-158
-148
-128
-110
-106
-112
-112
-120
-136
-131
-97
-70
-70
-86
-97
-77
-44
-20
-25
-36
-38
-19
6
48
91
106
89
53
9
-9
16
52
65
45
17
3
7
25
36
44
51
49
50
42
52
71
101
117
110
79
37
26
40
57
66
57
50
32
26
25
24
43
63
66
48
39
33
50
61
72
69
60
77
90
86
72
43
25
6
9
13
9
-6
-20
-14
11
56
79
79
61
45
37
40
39
28
5
-8
3
12
41
61
71
63
56
48
27
7
-8
-13
-8
-8
0
-4
-3
-1
16
37
61
67
48
21
2
-5
-4
0
7
22
53
80
82
60
40
16
11
17
24
37
43
63
61
46
19
0
11
35
58
52
10
-37
-62
-56
-20
27
43
32
29
59
103
130
136
107
60
25
9
8
8
-10
-38
-45
-11
66
133
187
194
158
108
72
69
87
114
118
103
62
31
9
15
32
68
99
105
114
117
114
101
73
33
3
6
35
62
78
81
81
82
85
78
77
80
101
112
116
109
67
50
