10
-6
-14
-14
-9
-7
1
4
0
-8
-21
-15
-7
17
20
15
11
21
33
49
63
68
63
51
43
26
7
-10
-27
-39
-48
-43
-39
-27
-9
2
10
18
35
42
50
54
55
48
47
46
35
34
33
35
29
16
11
0
-6
-6
-5
-4
-4
-14
-25
-27
-21
-7
-7
-1
14
24
34
35
34
33
46
57
58
49
35
25
19
27
27
23
19
25
26
16
1
-9
-11
4
19
22
17
18
16
9
2
1
2
8
12
13
8
6
15
14
19
19
10
0
-1
8
12
23
33
39
32
23
26
24
31
32
25
9
7
6
13
9
10
8
-3
4
10
3
2
-3
2
-10
-11
-13
-12
-3
13
13
26
25
24
13
5
9
15
21
20
16
5
-7
-7
7
4
2
1
10
16
16
15
6
0
3
-1
-11
-23
-24
-31
-30
-32
-40
-56
-64
-62
-53
-37
-25
-20
-29
-40
-40
-40
-26
-11
-8
-11
-15
-24
-25
-24
-15
-8
-19
-37
-49
-50
-37
-18
-7
-12
-10
-9
-5
6
21
27
15
9
1
6
15
26
29
30
41
51
57
60
66
69
73
76
72
60
44
42
31
28
18
11
8
11
11
2
-5
6
16
29
36
40
23
12
6
6
6
16
34
41
36
24
8
-5
-12
-20
-21
-14
1
13
21
35
40
53
58
57
57
40
37
32
30
28
38
31
27
22
12
-9
-35
-52
-60
-54
-45
-40
-35
-40
-39
-48
-41
-22
-3
11
22
39
47
50
56
60
59
60
60
57
64
71
73
62
48
46
37
33
29
28
29
32
30
29
32
38
39
29
9
-16
-50
-60
-57
-45
-46
-34
-27
-23
-17
-10
-3
-8
-8
-16
-13
-6
11
22
21
14
-1
-15
-19
-14
-1
7
7
-7
-26
-41
-42
-56
-57
-38
-15
10
17
23
11
-3
-12
-10
-5
3
1
-12
-21
-27
-31
-44
-54
-66
-73
-71
-57
-44
-29
-13
0
-3
-12
-14
-15
-21
-17
-16
-11
11
38
57
56
54
54
57
53
51
40
12
-5
-23
-28
-20
-5
-3
-10
-18
-24
-24
-15
2
14
16
24
21
16
23
42
57
70
67
58
35
13
1
-15
-13
-12
-12
-16
-16
-11
-18
-12
-12
-7
-20
-29
-34
-33
-13
13
34
42
41
43
41
44
47
48
42
37
32
20
14
12
13
5
0
-11
-25
-30
-29
-28
-34
-31
-40
-51
-60
-59
-50
-36
-13
-5
-7
-20
-24
-21
-11
8
14
24
28
40
40
32
26
18
12
10
21
21
25
21
13
-3
-9
-11
-16
-11
0
16
20
24
27
19
15
17
23
27
25
19
12
6
5
1
-13
-14
-9
-10
-2
10
29
40
43
41
31
27
28
31
31
35
35
37
33
39
41
44
55
54
49
51
61
68
68
62
51
41
33
31
9
-1
-9
-8
-12
-16
-11
-11
0
13
27
30
30
33
24
10
9
6
3
-5
-9
-28
-35
-35
-31
-28
-19
-14
-19
-28
-31
-29
-31
-29
-42
-47
-54
-53
-58
-64
-60
-63
-75
-90
-95
-90
-76
-51
-38
-34
-36
-32
-29
-33
-31
-31
-24
-16
-7
-2
8
17
21
20
14
21
26
40
52
52
40
25
23
13
18
22
20
-1
-26
-44
-53
-45
-33
-13
-1
20
38
37
31
18
9
-4
-14
-14
-6
12
30
48
54
70
78
74
66
66
69
60
48
27
14
14
27
42
59
75
77
67
48
36
28
29
36
36
28
20
26
34
47
63
65
59
51
45
38
37
35
30
13
-6
-3
6
28
37
32
16
3
-2
-20
-29
-35
-35
-37
-39
-41
-47
-49
-46
-44
-48
-49
-52
-58
-50
-42
-34
-31
-25
-17
-15
-7
-1
11
13
23
26
15
6
10
18
28
36
33
29
35
56
67
73
69
50
32
17
11
-9
-22
-19
-12
-6
-8
-12
-21
-26
-17
-1
16
35
47
41
30
33
34
35
30
30
26
27
21
11
-9
-23
-38
-52
-59
-59
-51
-46
-28
-29
-41
-54
-47
-30
-15
4
10
11
12
7
-3
-20
-17
-17
-12
-11
-16
-22
-34
-25
-11
6
20
29
26
19
16
15
12
14
19
19
9
8
9
15
15
22
15
17
25
32
43
49
54
46
51
60
64
52
36
34
36
38
35
16
-11
-31
-43
-45
-33
-13
0
4
11
5
8
17
40
57
50
35
8
-10
-16
-15
-15
-13
-3
2
4
-3
-14
-32
-42
-42
-46
-51
-54
-41
-35
-23
-4
13
35
53
74
82
85
81
67
45
26
28
23
24
23
18
11
-3
-11
-26
-26
-24
-19
-15
-6
8
11
18
20
25
26
36
40
32
14
9
3
-2
-2
2
6
15
21
22
8
-2
-11
-12
0
25
37
39
47
45
41
31
26
16
0
-17
-32
-41
-42
-38
-39
-41
-35
-24
-16
-12
-4
-1
5
7
4
-2
-5
10
17
27
33
35
42
55
72
76
74
61
44
29
24
27
26
30
30
45
55
72
77
60
35
18
11
14
27
30
19
-2
-4
8
19
33
24
11
3
-1
-6
-1
16
21
22
19
26
29
25
17
3
-15
-34
-35
-35
-30
-25
-23
-21
-15
-1
7
6
-3
-9
-13
-11
9
11
27
36
40
35
35
43
45
53
65
74
68
58
43
31
24
24
27
29
38
38
29
28
36
49
51
55
48
40
29
32
26
28
30
25
16
2
6
10
10
6
4
2
3
-2
-12
-18
-11
-9
-9
-9
-16
-26
-32
-29
-36
-31
-28
-25
-17
4
24
35
41
47
51
47
51
59
56
55
48
45
36
32
28
21
18
19
10
-2
-8
-7
-6
-5
-1
3
-1
0
-2
-7
-19
-19
-23
-26
-21
-21
-22
-19
-6
5
-1
0
-6
-11
-15
-16
-25
-33
-39
-46
-53
-56
-51
-49
-37
-20
-13
-14
-20
-18
-33
-44
-46
-47
-49
-49
-38
-41
-34
-28
-26
-25
-26
-18
-11
-2
3
10
14
24
31
20
5
1
8
20
34
28
25
19
25
41
52
70
72
62
49
43
38
39
53
64
68
59
51
42
40
45
50
47
46
52
51
50
53
53
52
55
66
64
66
67
66
62
48
45
41
43
41
41
32
27
19
8
10
16
22
16
14
15
5
-2
3
16
31
45
37
24
12
7
6
-3
-5
-13
-20
-29
-38
-46
-48
-35
-34
-43
-55
-61
-63
-62
-62
-70
-68
-46
-12
17
38
50
50
50
48
59
55
47
34
18
-1
-8
-9
-9
-5
-8
-12
-22
-21
-8
2
10
19
27
30
33
33
23
23
30
36
34
27
16
-1
-14
-26
-31
-34
-21
-15
-13
-15
-12
-12
-22
-23
-20
-29
-33
-28
-21
-17
-10
-12
-12
-9
3
2
-6
-13
-19
-6
-1
5
-2
-4
-6
-14
-25
-37
-37
-41
-33
-17
0
13
21
21
4
-2
-9
-6
-3
1
15
22
26
34
31
20
18
19
24
30
34
26
12
6
7
12
24
39
49
45
41
37
23
9
-7
-17
-29
-36
-36
-39
-34
-19
-7
5
18
20
16
11
10
14
10
19
16
5
-11
-18
-25
-21
-17
-16
-19
-31
-42
-55
-58
-54
-53
-59
-58
-49
-44
-38
-27
-22
-28
-36
-39
-42
-35
-26
-9
-1
5
8
6
8
12
20
19
28
29
27
23
26
36
39
46
36
14
-9
-17
-23
-26
-16
-8
-4
-1
-1
-1
-5
0
6
17
29
40
35
38
39
47
51
52
54
39
20
-1
-15
-18
-11
12
15
9
5
-6
-7
-10
9
21
38
54
55
47
33
18
5
-7
-12
-8
-8
-1
1
-15
-23
-16
0
12
31
42
45
45
57
62
64
63
49
30
14
10
14
17
28
24
22
19
30
39
50
60
61
59
57
54
41
23
8
-19
-39
-52
-47
-42
-32
-21
-11
-8
-20
-32
-55
-63
-61
-59
-66
-68
-61
-67
-64
-64
-60
-63
-72
-69
-62
-46
-28
-22
-22
-11
-10
-12
-11
-1
0
-8
-15
-17
-11
0
11
24
24
26
21
14
12
12
16
16
27
28
29
27
38
44
51
57
48
40
29
27
25
27
26
25
20
12
15
-1
-8
-8
-15
-16
-18
-13
-10
-11
-7
-3
-3
0
4
5
13
16
26
24
24
20
15
15
16
16
8
11
9
-3
-16
-17
-13
-10
3
8
15
20
30
38
36
35
22
8
-7
-15
-16
-14
0
12
11
8
6
4
-3
4
12
17
19
20
18
25
38
58
70
77
81
66
58
51
42
32
21
19
3
-2
-6
0
6
19
25
23
15
9
1
-7
-17
-19
-31
-35
-28
-10
1
24
36
45
47
38
22
1
2
3
0
9
12
20
28
41
48
43
39
40
31
22
13
2
-7
-16
-16
-18
-16
-9
2
4
-3
-4
-6
-9
-10
-5
-11
-3
1
1
-2
-9
-19
-31
-30
-26
-29
-30
-29
-27
-26
-15
-8
-5
-5
-1
5
5
6
-4
-20
-34
-32
-20
-12
-9
-14
-25
-33
-29
-11
14
40
48
45
39
40
34
29
26
20
14
9
8
2
-11
1
19
36
42
47
35
23
9
3
-2
-3
3
10
28
44
55
58
58
65
60
58
51
40
14
-9
-30
-51
-74
-84
-91
-93
-81
-67
-45
-17
7
24
25
30
33
31
24
23
25
22
34
45
56
59
52
44
42
50
54
55
55
68
82
89
98
96
84
74
71
68
68
67
62
52
42
48
40
36
28
20
17
10
8
-4
-13
-21
-28
-26
-22
-12
-10
0
17
38
48
57
57
52
46
43
32
15
6
4
0
4
14
11
11
11
12
13
13
19
20
12
10
7
0
0
8
18
17
21
12
3
4
9
9
-3
-13
-24
-31
-34
-30
-37
-45
-52
-58
-63
-68
-67
-68
-59
-36
-19
-5
4
20
19
13
6
2
1
2
-7
-21
-30
-27
-20
-23
-28
-33
-35
-32
-25
-15
0
15
29
29
28
24
16
-8
-12
-22
-19
-16
-7
-1
-14
-18
-26
-27
-23
-16
-2
6
22
26
26
28
34
29
15
3
-4
-4
-1
5
1
-7
-20
-27
-35
-38
-34
-35
-21
-10
1
17
32
45
45
44
43
35
27
19
22
15
5
0
-5
-14
-23
-36
-47
-46
-32
-21
-19
-15
-5
1
8
13
19
15
21
16
10
-2
9
14
16
15
6
5
9
18
14
6
7
1
-5
-7
0
6
9
11
11
5
-9
-7
-3
10
16
15
1
-10
2
9
25
26
16
1
-7
0
5
12
14
8
-6
-24
-27
-25
-13
-1
11
11
17
18
14
-2
-20
-33
-39
-25
-20
-15
-17
-8
-5
6
17
17
3
-3
14
41
60
66
50
40
37
44
41
28
12
-8
-24
-32
-25
-13
1
11
19
14
17
21
20
19
21
23
15
7
2
-5
-6
-10
-12
-27
-33
-20
-6
17
43
56
49
41
37
33
44
57
67
58
50
41
36
30
34
39
40
40
24
12
0
7
9
8
4
-5
-14
-21
-11
5
19
26
14
-3
-17
-15
-22
-20
-14
-6
2
-2
-10
-25
-31
-32
-22
-16
-13
-6
-13
-14
-9
-9
-11
-16
-10
-4
8
20
20
2
-9
-3
12
20
16
8
2
1
-1
-11
-13
-10
-17
-27
-35
-36
-39
-29
-12
2
0
-10
-27
-42
-47
-33
-12
3
14
8
6
-1
8
18
32
48
48
40
31
41
46
48
42
36
29
23
29
31
34
45
49
50
57
78
91
96
93
77
62
43
33
15
16
26
35
27
9
-1
-12
-3
12
30
31
37
37
28
20
14
21
35
52
60
59
54
56
53
40
27
14
1
3
11
12
6
4
-1
-6
-1
10
18
28
36
32
29
28
31
27
19
13
13
5
-5
-12
-28
-34
-42
-49
-59
-62
-53
-50
-43
-32
-27
-14
-12
6
16
22
21
14
4
3
14
18
29
41
52
44
31
12
-11
-29
-37
-31
-29
-12
-3
3
18
24
33
34
42
39
27
15
11
6
-5
-15
-38
-55
-59
-41
-18
-1
7
13
13
11
6
-8
-17
-22
-22
-21
-10
17
29
37
39
34
18
-2
-14
-18
-11
0
13
18
33
46
45
40
33
24
14
5
-1
-11
-19
-22
-18
-19
-16
-20
-22
-15
1
18
21
24
15
3
-2
-7
-15
-34
-31
-33
-32
-23
0
20
31
42
41
41
42
42
33
32
43
57
64
55
43
18
11
17
31
40
34
24
-3
-20
-24
-21
-4
14
31
31
21
20
27
37
54
64
56
46
33
25
14
12
5
-10
-34
-59
-73
-78
-62
-50
-46
-48
-50
-51
-57
-40
-25
-2
9
9
1
-1
14
32
39
36
32
24
17
16
15
5
-3
-5
-11
-8
-3
3
3
-4
2
-1
-4
-12
-15
-11
5
17
15
11
10
8
2
0
0
-5
-8
-3
8
13
18
15
7
-2
-7
-7
-14
-3
2
-3
-7
-7
-1
-17
-23
-33
-44
-44
-42
-50
-63
-65
-63
-52
-29
-10
4
10
16
21
16
15
24
30
36
41
36
22
8
-1
-10
-10
-1
6
5
2
2
-1
-2
5
15
29
49
59
52
48
43
39
34
29
23
6
-6
-19
-16
-22
-23
-22
-26
-25
-17
-15
-23
-23
-27
-28
-18
-4
16
20
29
25
14
8
6
4
-2
-1
1
9
9
6
-7
-25
-26
-25
-21
-17
-15
-21
-27
-32
-34
-33
-29
-16
-16
-18
-17
-15
-15
-7
9
10
1
-11
-25
-34
-42
-39
-38
-35
-33
-33
-36
-25
-5
15
42
57
64
51
35
24
20
27
35
39
32
39
44
53
61
75
81
73
62
43
21
11
12
14
11
8
-3
-9
-12
-3
3
1
2
-13
-24
-31
-21
-9
5
18
32
40
46
50
48
48
50
54
45
33
25
0
-11
-22
-25
-29
-25
-19
-28
-30
-26
-19
-26
-30
-35
-40
-27
-2
26
38
35
19
5
-11
-9
-8
-5
6
-1
-12
-24
-27
-20
-16
-14
-21
-24
-20
-7
3
1
0
-11
-24
-34
-37
-27
-11
19
22
1
-23
-39
-39
-30
-25
-23
-31
-37
-32
-37
-38
-35
-35
-37
-35
-26
-30
-27
-19
-6
9
19
26
23
22
16
-1
-20
-27
-20
-15
-11
-2
-1
-2
3
6
16
18
23
25
17
25
35
44
51
45
39
31
30
12
-9
-22
-19
-3
10
23
29
31
33
45
52
58
69
67
52
24
15
23
53
83
82
55
21
2
-11
-4
15
39
61
78
87
83
83
89
94
90
103
116
123
119
104
89
73
64
64
62
63
57
45
25
12
4
-3
-8
-2
-2
-13
-21
-31
-40
-34
-22
-10
-10
-2
-3
-4
-8
-3
-4
4
16
22
17
8
2
-6
-12
-13
-18
-29
-35
-32
-31
-21
-15
-8
-10
-15
-6
-14
-15
-12
-4
-9
-11
-8
-13
-23
-28
-20
-13
7
13
8
-1
-2
0
0
6
12
11
12
10
9
6
18
29
35
34
33
33
31
42
44
45
38
30
16
0
-8
-12
-8
0
12
10
-1
-5
-12
-14
-18
-12
-10
-2
6
19
21
25
29
17
15
11
14
21
27
37
37
36
37
32
18
-10
-36
-59
-68
-66
-59
-54
-41
-26
-15
-2
15
28
33
45
47
38
27
21
19
11
10
8
1
-7
-18
-28
-45
-49
-57
-61
-65
-60
-51
-36
-12
9
26
40
56
61
62
73
74
66
54
39
11
-9
-23
-26
-18
-15
-8
-10
-14
-7
-5
-3
0
0
-2
4
8
10
-1
-6
8
19
38
57
65
63
61
58
55
56
67
74
67
64
56
57
60
63
62
56
59
56
49
45
51
57
53
54
39
32
24
27
22
10
8
0
-9
-11
-4
-4
-4
0
1
3
2
14
19
24
28
23
21
18
27
28
29
30
31
32
35
37
22
14
12
23
33
39
42
42
37
41
37
37
42
57
60
60
53
55
61
80
93
91
84
75
65
52
48
44
41
44
49
57
63
81
90
93
85
81
68
56
49
34
19
9
9
8
10
13
16
16
14
19
16
13
21
24
23
25
34
35
39
38
30
20
18
18
10
3
-1
3
5
3
-3
-18
-29
-35
-34
-41
-40
-40
-38
-27
-12
1
3
15
17
16
12
9
11
10
18
21
18
14
16
20
16
11
3
-7
-13
0
1
2
5
7
8
11
13
9
12
17
18
15
12
26
34
46
50
45
36
25
19
7
-3
-10
-18
-30
-36
-23
-21
-12
-10
-14
-16
-11
-1
1
4
2
0
7
13
15
11
6
1
-1
-14
-19
-27
-31
-30
-13
2
6
13
10
12
23
38
53
60
61
46
24
7
-3
-14
-23
-25
-21
-22
-32
-32
-33
-24
-10
-2
-3
0
3
-5
-10
-15
-11
-2
3
21
20
22
23
22
12
-3
-5
-14
-16
-24
-26
-30
-18
-8
-3
5
15
24
22
18
-1
-23
-48
-64
-70
-73
-62
-56
-52
-46
-28
-10
6
21
23
20
9
7
0
-3
2
7
12
15
17
9
0
-1
-3
-9
-15
-19
-30
-26
-23
-15
-21
-29
-24
-18
-5
6
7
4
0
3
-8
-11
-8
-1
-10
-18
-30
-42
-35
-24
-10
-21
-33
-45
-54
-47
-36
-32
-43
-57
-60
-65
-65
-56
-51
-41
-26
-20
-24
-31
-40
-38
-32
-18
-16
-12
-8
6
11
17
22
20
18
14
25
30
35
36
29
18
16
22
22
24
28
18
11
11
27
34
37
37
33
23
19
25
28
36
43
50
54
53
46
36
31
39
47
34
16
-5
-12
-8
0
10
12
22
29
29
25
21
16
13
21
30
38
49
62
64
55
56
50
52
52
60
62
63
63
59
47
32
13
-4
-7
-1
6
6
13
26
28
35
32
31
23
23
24
24
34
52
76
91
97
91
59
21
-5
-22
-36
-43
-48
-51
-47
-37
-17
4
29
38
26
13
11
21
29
40
38
34
32
37
37
23
8
-17
-44
-55
-51
-36
-31
-20
-18
-10
-1
13
15
12
17
23
21
17
15
4
10
25
34
36
35
30
23
21
18
24
33
42
52
42
27
13
4
-1
11
31
38
44
41
29
4
-12
-8
-5
3
6
3
-11
-15
-12
-6
-3
9
18
19
25
29
29
36
56
73
81
83
63
44
23
18
14
3
-5
-13
-21
-29
-35
-44
-49
-39
-43
-53
-75
-82
-91
-82
-65
-42
-25
-12
-1
-2
3
9
1
-10
-29
-49
-74
-79
-72
-59
-46
-35
-25
-29
-33
-28
-22
-16
-13
-8
1
13
30
43
35
25
14
9
18
16
10
-10
-12
-6
-4
-2
-8
-24
-37
-33
-17
7
16
23
11
-9
-12
-9
2
5
10
8
17
40
46
49
41
34
24
18
19
28
38
47
54
39
32
25
22
16
11
18
21
43
65
85
94
97
91
68
42
23
14
5
0
-1
-13
-14
-16
-22
-29
-36
-30
-32
-31
-34
-40
-47
-40
-34
-21
-5
19
38
47
53
51
48
41
43
31
10
-3
-10
-12
-14
-13
-26
-39
-57
-70
-77
-76
-62
-50
-28
-7
11
12
13
21
21
32
36
41
40
40
39
23
10
-7
-3
-9
-2
-3
-10
-20
-26
-35
-43
-38
-34
-32
-32
-27
-24
-25
-26
-37
-44
-43
-30
-17
-20
-19
-23
-30
-32
-25
-8
12
48
70
91
100
105
96
84
76
69
62
57
60
51
39
27
19
15
15
17
13
13
29
34
34
37
45
40
33
19
5
-14
-28
-38
-44
-40
-26
-13
-9
-14
-21
-27
-24
-14
-9
-6
2
17
30
43
44
40
25
25
28
34
48
65
77
78
81
73
61
43
29
14
-3
-17
-33
-50
-61
-63
-58
-48
-36
-29
-28
-32
-35
-43
-40
-29
-14
-6
11
24
20
9
-5
-12
-11
-8
3
7
13
15
3
-21
-42
-47
-53
-54
-60
-67
-72
-68
-60
-55
-51
-41
-31
-29
-21
-16
-11
2
5
11
0
0
-1
5
10
18
23
26
31
25
14
2
-2
-11
-12
4
19
31
29
24
17
15
18
11
10
18
37
48
50
49
46
43
44
52
49
53
53
56
48
43
46
50
57
60
55
42
33
21
-1
-10
-11
-7
-13
-19
-22
-27
-25
-26
-17
-17
2
18
38
59
81
92
90
93
83
69
52
41
31
21
23
18
21
21
34
31
27
22
19
30
48
60
55
39
31
21
18
16
32
41
49
50
45
38
26
23
18
21
29
28
24
23
33
33
28
18
8
-6
-15
-17
-24
-12
1
18
26
31
27
20
12
15
13
9
14
14
4
-4
-7
-4
-6
9
13
11
3
-8
-20
-31
-29
-26
-2
28
65
80
80
79
79
80
85
92
86
73
52
25
-5
-19
-21
-15
6
25
36
32
22
21
14
18
19
16
1
-7
-5
-7
-15
-31
-48
-64
-62
-57
-60
-63
-71
-73
-72
-61
-49
-54
-62
-53
-36
-20
-1
-1
0
1
9
5
-15
-31
-48
-58
-60
-54
-50
-47
-37
-43
-54
-61
-52
-38
-25
-13
-13
-12
-13
0
0
9
28
45
57
68
80
81
80
63
42
15
2
-1
-7
-5
-2
12
23
36
47
33
24
20
23
22
15
6
-46
31
25
17
7
4
4
4
6
-2
7
14
26
31
38
43
35
30
28
40
44
64
72
72
64
60
55
59
73
81
85
76
73
63
46
43
44
52
64
75
80
78
69
52
37
21
19
11
0
-5
-4
5
21
36
39
48
55
59
59
54
56
39
27
19
13
7
6
16
17
19
20
22
21
6
-5
-23
-30
-35
-29
-33
-19
-11
-9
-5
-2
-4
-11
-17
-19
-16
-4
13
19
16
5
-11
-33
-40
-39
-33
-34
-16
-6
-1
-6
-15
-19
-20
-17
-12
-3
3
1
-8
-26
-17
-19
-13
-6
3
4
17
22
20
7
-9
-15
-22
-30
-33
-32
-33
-34
-24
-17
3
25
31
22
6
-5
-11
-3
10
14
6
5
9
13
26
36
38
35
26
20
21
19
23
21
11
4
-4
-13
-8
10
21
29
32
27
16
-1
-18
-33
-33
-28
-29
-27
-27
-17
-19
-17
-13
-4
2
-7
-17
-36
-42
-32
-16
-11
-7
0
-3
14
39
53
54
44
37
24
13
6
1
-3
0
-3
-2
4
12
20
16
9
14
17
31
44
55
54
54
50
39
34
22
13
0
13
19
30
35
41
46
54
68
73
75
84
102
116
123
128
128
128
126
126
111
109
120
139
151
155
155
142
137
132
113
84
64
65
74
85
94
102
102
94
89
77
73
73
69
50
31
11
-5
-2
15
45
64
85
84
75
57
53
51
44
42
41
35
32
24
15
-2
-6
-14
-18
-11
4
16
22
30
32
23
8
-5
-13
-14
-4
-7
-20
-27
-19
-6
7
24
30
30
25
27
24
24
27
27
35
38
47
34
24
18
18
15
17
19
21
19
24
26
26
26
24
19
9
-1
-8
-19
-17
-16
-19
-22
-23
-25
-34
-38
-47
-46
-34
-3
29
51
71
62
42
16
-2
-5
2
20
32
33
30
29
29
32
28
17
9
9
14
11
2
-6
-9
-13
-6
8
0
7
3
-5
-22
-41
-39
-38
-29
-17
-10
-2
9
18
17
11
9
6
-6
-15
-35
-43
-48
-41
-35
-37
-32
-34
-45
-63
-79
-92
-103
-99
-91
-63
-31
-4
5
-4
-11
-29
-51
-76
-88
-103
-106
-100
-86
-67
-43
-22
-14
-7
-5
-10
-22
-48
-58
-80
-76
-52
-24
6
20
32
20
7
-7
-21
-23
-13
1
5
8
9
1
-19
-26
-27
-19
-10
-2
3
0
5
5
4
-3
-3
-14
-19
-11
-9
-16
-14
-5
23
33
44
35
18
12
-2
-16
-29
-28
-20
-19
-20
-21
-40
-60
-59
-65
-65
-61
-50
-39
-25
-6
3
10
1
-1
-10
-2
3
2
-7
-13
-10
-12
-6
-3
-3
-11
-15
-4
-3
3
0
-2
-10
-7
2
12
23
28
32
27
36
34
19
-1
-17
-31
-43
-35
-23
7
33
56
57
38
23
1
-26
-48
-57
-52
-39
-23
-13
-2
9
26
15
-1
-28
-49
-61
-59
-44
-47
-56
-58
-66
-68
-70
-62
-57
-39
-20
-10
-16
-24
-35
-43
-36
-27
-16
-15
-20
-19
-25
-24
-14
6
22
27
16
-1
-17
-18
-19
-29
-36
-48
-50
-46
-27
-6
20
39
29
13
5
10
27
39
54
53
51
41
43
43
46
62
67
66
61
70
73
76
77
65
53
30
23
19
23
40
45
49
45
39
19
9
9
18
21
16
15
10
12
10
-12
-33
-42
-40
-43
-42
-34
-31
-25
-13
-8
-9
-6
2
12
23
30
23
16
8
24
36
38
37
29
28
35
41
39
31
27
19
11
3
19
38
52
60
41
24
4
2
0
-11
-15
-12
1
24
45
35
15
-1
-11
-18
-19
-18
-13
-2
10
27
37
50
60
61
70
64
53
29
22
14
-3
-27
-50
-62
-64
-44
-7
18
36
35
29
6
-13
-45
-65
-61
-33
15
53
79
83
63
24
-13
-58
-92
-94
-79
-47
-16
0
-5
-15
-11
-10
-9
-18
-21
-22
-28
-31
-39
-45
-37
-17
-7
4
14
13
10
9
11
-1
-11
-29
-41
-57
-76
-86
-103
-109
-110
-102
-93
-76
-54
-35
-10
7
18
21
30
34
26
17
8
5
2
13
28
44
54
67
73
77
80
73
64
59
66
68
67
79
79
77
65
51
40
39
60
74
75
67
56
48
39
36
35
39
42
49
37
45
56
73
78
77
78
75
73
75
78
87
99
112
116
113
108
101
85
74
69
70
75
84
75
67
74
75
82
78
74
70
68
79
83
80
52
44
37
40
56
54
41
31
22
22
23
28
25
28
26
28
28
18
11
12
13
28
46
40
33
29
27
26
25
31
43
60
74
78
69
58
58
50
57
65
76
72
62
59
54
51
50
46
43
41
39
26
17
20
19
11
0
-16
-27
-17
-1
14
18
16
-1
-12
-23
-24
-33
-41
-46
-56
-64
-65
-54
-39
-36
-24
-28
-32
-37
-44
-45
-45
-33
-23
-12
-8
2
7
5
9
12
14
23
35
28
28
26
15
10
13
25
28
22
19
16
1
-10
-19
-40
-53
-66
-67
-51
-31
-20
-7
-9
9
11
13
14
15
13
20
22
20
7
8
4
0
-1
8
4
-8
-19
-34
-40
-47
-43
-31
-21
-5
-3
-6
-16
-12
-11
-10
-11
-11
-16
-15
-8
-11
-19
-26
-31
-35
-43
-41
-48
-46
-40
-33
-32
-37
-39
-50
-41
-34
-23
-23
-32
-38
-45
-57
-57
-58
-52
-40
-43
-47
-42
-28
-20
-15
-16
-15
-17
-12
-2
0
-10
-12
-18
-21
-24
-35
-46
-53
-42
-37
-41
-41
-35
-31
-35
-34
-34
-29
-18
-5
4
10
20
25
23
9
2
-14
-17
-23
-23
-30
-35
-37
-44
-38
-30
-21
-15
-5
-1
-5
-5
8
22
29
39
39
28
13
-1
-13
-24
-29
-34
-30
-19
-3
10
9
17
25
38
51
67
61
52
34
17
6
12
30
41
41
48
53
52
53
58
55
55
51
36
20
9
14
23
43
52
72
81
82
74
50
39
42
48
43
37
29
20
18
18
11
-6
-21
-23
-21
-13
-6
-9
-22
-17
-20
-27
-33
-26
-17
-17
-17
-34
-55
-67
-72
-59
-47
-21
-16
1
3
-2
-8
-14
-6
-6
-11
-15
-9
3
6
11
11
7
3
14
22
18
5
-20
-33
-36
-26
-25
-23
-22
-25
-31
-30
-24
-20
-8
5
19
10
0
-10
-28
-30
-23
-13
-3
3
12
12
9
10
12
21
40
51
49
38
36
41
43
51
45
33
17
4
-11
-33
-42
-49
-49
-51
-45
-34
-26
-8
-4
-14
-23
-35
-45
-51
-40
-34
-36
-34
-45
-60
-75
-84
-90
-85
-77
-50
-31
-23
-26
-25
-20
-19
-19
-34
-33
-22
-6
6
11
11
-6
-8
-19
-25
-27
-22
-16
-22
-25
-28
-18
-17
-5
0
1
8
14
25
16
3
-14
-35
-32
-23
-12
-16
-22
-41
-58
-62
-58
-48
-51
-44
-51
-57
-65
-61
-61
-54
-43
-40
-45
-58
-62
-70
-76
-79
-87
-83
-73
-49
-37
-20
-14
-14
-19
-24
-39
-65
-93
-93
-83
-64
-54
-54
-66
-70
-70
-63
-53
-38
-30
-32
-53
-63
-68
-68
-53
-36
-12
18
34
42
29
20
10
-3
-11
-21
-18
-23
-3
11
30
49
66
65
54
50
48
43
33
25
17
24
27
18
-3
-22
-23
-14
10
29
31
22
14
14
6
1
-5
-11
-13
-17
-9
-10
8
29
49
50
51
50
46
43
40
37
30
27
25
23
24
33
46
57
75
84
89
83
77
65
43
32
23
13
3
-5
-2
0
7
2
-13
-23
-18
-1
11
34
41
37
21
11
-2
1
13
20
28
32
45
40
42
42
37
21
8
2
-9
-11
-15
-12
-3
11
34
48
61
65
61
51
37
18
-13
-36
-43
-34
-33
-23
-26
-50
-76
-94
-105
-94
-75
-58
-60
-73
-83
-89
-90
-81
-75
-76
-78
-73
-75
-75
-74
-72
-65
-56
-50
-55
-62
-52
-34
-19
-3
15
26
44
59
65
57
36
22
-3
-14
-20
-31
-39
-40
-34
-38
-26
-19
-13
-18
-17
-5
-4
-4
-5
-7
-9
-8
-10
-16
-15
-10
-14
-33
-46
-54
-53
-44
-32
-21
-12
5
13
23
31
35
39
32
39
49
57
64
64
64
74
94
103
95
74
58
38
32
31
30
34
42
54
57
54
60
62
66
69
74
70
71
71
64
52
38
45
44
58
77
95
100
93
64
28
8
11
27
40
49
55
52
44
41
31
19
12
4
1
0
9
18
20
25
30
35
43
53
59
62
69
54
34
10
0
-16
-29
-35
-41
-37
-34
-31
-35
-42
-45
-52
-63
-70
-65
-62
-46
-32
-20
-17
-11
-5
-6
8
25
41
46
46
51
45
52
63
78
82
80
77
72
69
68
69
64
61
58
50
46
40
36
27
14
-4
-30
-40
-35
-15
-4
17
14
-8
-21
-24
-11
-3
5
-5
-11
-19
-1
15
37
54
46
34
12
6
-4
-11
-11
-12
-19
-27
-26
-28
-11
6
13
3
-19
-45
-69
-62
-43
-22
-19
-12
3
15
21
20
14
3
-6
-24
-44
-63
-72
-75
-83
-75
-74
-72
-68
-66
-62
-66
-60
-57
-59
-55
-57
-65
-75
-68
-66
-60
-58
-45
-41
-45
-42
-58
-73
-93
-107
-120
-128
-130
-137
-134
-121
-96
-78
-66
-57
-55
-58
-67
-69
-67
-52
-32
-15
-2
14
37
52
53
47
32
21
20
26
16
17
17
23
29
36
32
28
28
47
72
80
93
87
78
65
50
39
28
38
43
43
42
43
40
30
27
17
2
-11
-29
-38
-57
-63
-68
-71
-72
-65
-58
-51
-38
-31
-25
-27
-31
-45
-52
-49
-44
-40
-42
-38
-46
-48
-52
-63
-73
-64
-43
-20
-5
0
8
5
-1
-13
-30
-38
-24
-4
12
25
28
26
31
36
37
21
6
-17
-33
-35
-21
2
23
50
58
59
47
33
11
-15
-24
-24
-17
7
30
49
59
70
67
60
52
55
57
63
70
71
77
90
117
128
139
142
141
122
94
66
41
30
29
38
44
59
84
105
125
137
136
121
101
78
57
45
43
43
41
51
64
74
84
86
81
71
60
33
9
-1
5
26
38
59
64
57
34
17
9
15
33
33
24
1
-17
-39
-48
-39
-22
-9
-2
-3
-7
-4
3
-4
-25
-46
-47
-46
-35
-24
-17
-5
15
36
43
45
47
41
24
8
5
-8
-8
-10
-6
-1
7
14
25
41
55
55
56
68
79
86
82
73
65
52
57
67
80
94
98
92
77
71
57
44
40
44
44
42
39
32
27
26
42
52
50
40
24
20
22
39
36
27
16
15
19
26
29
19
21
35
53
61
60
49
29
21
31
45
57
65
60
40
26
19
14
11
15
33
41
46
38
27
10
12
12
10
5
-10
-23
-38
-43
-42
-36
-30
-21
-13
-9
8
14
20
31
47
53
55
53
41
39
36
35
28
18
15
10
2
-15
-28
-51
-59
-54
-45
-33
-18
0
3
-2
-9
-21
-27
-29
-25
-31
-24
-16
-4
-1
3
6
7
5
8
7
14
21
24
18
15
8
3
-7
-6
-6
-15
-24
-36
-42
-47
-28
-16
-10
-10
0
4
9
19
11
12
19
35
48
59
70
74
68
55
50
32
20
10
12
24
39
51
48
50
51
57
48
36
41
47
58
60
57
54
61
59
38
9
3
10
20
33
30
23
20
16
9
-2
0
3
-1
-4
-17
-21
-13
6
15
10
6
10
16
17
33
36
37
31
23
8
-9
-15
-14
-8
-1
8
8
11
11
9
14
23
43
50
58
57
54
44
40
45
43
54
66
73
61
46
37
21
15
12
6
-5
-16
-20
-13
-8
-9
-20
-52
-67
-82
-86
-76
-54
-27
-11
4
2
1
2
7
19
34
55
59
46
34
12
-5
-26
-36
-32
-28
-20
-15
-18
-13
-7
-8
-23
-43
-51
-59
-54
-51
-42
-33
-22
-3
7
12
6
-10
-27
-36
-31
-25
-6
11
12
-2
-13
-10
-9
-4
9
18
23
20
17
9
7
20
29
34
32
13
-11
-31
-35
-27
-29
-18
-14
-2
7
12
18
15
25
25
24
16
21
29
38
50
48
46
43
49
48
45
51
56
59
64
79
90
110
123
117
103
83
74
55
41
39
45
54
70
83
85
92
103
106
99
88
83
82
91
96
93
72
64
62
70
87
103
106
93
79
65
56
50
44
27
10
7
0
-5
-9
4
24
36
42
35
23
23
33
40
44
47
39
27
13
4
-4
0
14
29
37
48
55
52
45
32
15
-1
-13
-20
-29
-28
-16
0
9
0
-9
-22
-33
-42
-41
-36
-21
-11
-24
-33
-36
-27
-30
-37
-54
-61
-51
-23
-5
1
4
1
-6
-18
-14
-11
-9
-3
-9
-9
-8
0
3
-8
-9
-13
-20
-31
-37
-47
-49
-37
-27
-10
3
18
25
33
34
21
-10
-45
-65
-68
-55
-19
8
37
61
77
70
58
38
23
13
11
26
37
43
48
47
41
46
50
58
70
73
61
31
7
-16
-42
-51
-52
-40
-19
21
64
97
111
107
83
51
30
5
-7
-11
-3
7
16
29
39
41
45
43
28
4
-14
-29
-30
-24
-15
-11
-8
-7
-2
-1
3
9
3
1
-6
-4
-6
1
15
11
8
7
6
-1
-6
-10
-17
-12
-10
-10
-15
-23
-37
-47
-53
-47
-41
-44
-47
-56
-63
-65
-56
-48
-40
-19
-3
7
12
9
11
15
32
48
61
59
59
54
56
67
78
70
56
38
17
3
-3
-23
-39
-53
-49
-54
-40
-23
3
16
22
27
20
16
5
-6
-23
-19
-11
-15
-14
-14
-9
-8
-5
-6
-7
-3
7
13
8
11
8
8
13
21
33
38
42
36
23
10
3
-3
-9
-11
-16
-16
-6
18
34
39
37
18
-9
-28
-38
-41
-37
-21
4
29
41
46
29
16
-1
-22
-53
-74
-84
-84
-77
-55
-30
1
26
45
38
19
-8
-31
-47
-44
-36
-38
-39
-40
-34
-30
-27
-29
-34
-36
-36
-42
-67
-93
-121
-144
-156
-147
-133
-114
-80
-51
-23
-3
11
14
12
17
7
-4
-11
-8
-3
-7
-7
-17
-21
-27
-17
-18
-13
-14
-15
-18
-19
-16
-19
-22
-13
-6
-1
9
19
12
6
-3
-10
-16
-18
-14
-23
-16
-14
-16
-21
-25
-29
-46
-60
-71
-63
-52
-31
-13
-12
-11
-12
-8
-1
16
25
34
46
62
83
100
122
130
135
134
135
134
125
125
118
104
95
92
83
77
80
80
73
69
59
48
34
29
28
35
43
59
62
69
77
81
79
69
65
58
62
67
71
60
48
38
24
19
24
34
31
29
27
26
24
19
9
-1
-1
9
23
46
71
85
78
61
29
-2
-15
-12
7
24
48
62
64
63
55
38
22
9
-12
-27
-30
-11
6
17
18
13
9
7
7
-9
-20
-16
-24
-29
-36
-33
-31
-22
-3
25
49
74
93
94
89
74
49
20
-4
-13
-28
-40
-49
-57
-54
-44
-31
-27
-11
-6
-6
-29
-46
-55
-57
-46
-37
-32
-35
-31
-27
-22
-15
-15
-18
-27
-26
-30
-35
-39
-36
-25
-7
16
22
13
5
0
-10
-20
-19
-12
-4
1
12
9
12
20
27
19
1
-18
-45
-61
-76
-90
-104
-113
-108
-88
-64
-33
-22
-17
-15
-14
-25
-28
-27
-26
-36
-44
-48
-48
-41
-23
-6
-2
2
-1
-11
-24
-38
-45
-48
-36
-23
-5
5
8
-2
-15
-7
-7
-10
-18
-20
-14
-9
9
8
10
6
8
-6
-8
-6
8
19
29
39
28
17
8
3
2
-9
-20
-43
-50
-46
-35
-28
-18
-4
1
10
16
27
31
32
31
19
14
8
10
4
9
18
25
36
37
38
32
44
50
51
45
33
11
-8
-11
-5
6
8
6
-2
-5
5
7
11
11
12
9
3
6
3
0
9
32
51
62
65
62
55
48
43
26
8
-3
-6
-2
12
28
34
42
44
44
37
32
34
32
35
36
32
16
13
15
22
38
51
52
44
29
13
6
9
18
17
9
15
29
48
65
71
58
27
10
-3
0
8
15
15
9
10
-3
-19
-37
-40
-48
-50
-47
-47
-52
-51
-46
-43
-39
-35
-39
-41
-47
-49
-57
-55
-52
-48
-46
-33
-10
3
19
29
28
17
2
8
11
18
18
15
3
5
7
4
-14
-35
-54
-73
-62
-48
-25
4
32
46
45
43
26
5
-10
-7
-9
-15
-26
-40
-42
-38
-19
-6
3
11
14
11
10
18
19
24
27
25
21
18
21
11
12
22
37
43
43
49
48
64
80
87
81
69
62
55
66
78
90
90
86
82
75
70
76
92
102
109
91
59
27
6
3
10
38
51
58
53
52
44
37
42
44
49
43
41
38
45
47
49
45
47
47
34
23
21
18
17
9
19
21
24
22
21
18
15
12
-3
-2
4
6
2
-5
-4
-2
5
21
35
41
46
51
46
38
33
29
28
29
26
13
-2
-14
-34
-53
-55
-50
-40
-23
-8
-2
-1
11
13
13
5
-1
-1
0
4
3
5
12
27
31
32
37
37
39
39
51
48
48
44
30
14
0
0
-10
-8
-14
-22
-34
-36
-33
-27
-20
-8
2
0
-14
-39
-67
-68
-52
-29
-17
-17
-21
-27
-17
2
18
28
33
41
44
50
52
46
32
23
19
23
29
32
36
29
35
29
26
34
44
66
73
86
83
68
51
34
11
-6
-12
-10
-12
-15
-8
4
25
50
61
58
51
44
22
9
-3
-12
-23
-29
-23
-18
0
13
19
15
7
11
6
1
-6
-22
-26
-24
-6
4
18
29
37
39
35
18
-11
-28
-35
-31
-25
-7
8
13
11
2
-18
-38
-36
-25
-21
-18
-15
-10
-2
7
4
-7
-18
-19
-16
-11
1
4
-4
-16
-19
-16
-3
2
10
13
13
16
-9
-26
-37
-26
-14
0
13
12
24
32
45
40
24
5
-23
-29
-29
-22
-18
-12
-9
-19
-25
-31
-34
-37
-36
-45
-51
-59
-60
-52
-42
-9
21
40
41
32
18
0
-1
-4
-12
-2
12
20
15
6
-14
-26
-28
-12
-5
-9
-19
-40
-60
-72
-65
-55
-36
-12
12
25
20
14
5
10
23
25
17
5
-1
-15
-20
-19
-13
-19
-27
-34
-42
-42
-35
-25
-23
-19
-18
-22
-21
-8
3
10
20
20
18
21
24
33
33
40
34
21
2
-13
-22
-27
-22
-26
-28
-23
-13
-7
-1
16
24
18
5
-3
-16
-23
-31
-41
-46
-47
-39
-35
-20
-1
0
-12
-22
-19
-12
-5
-2
2
8
17
27
18
11
1
-5
-23
-26
-26
-25
-22
-11
-3
-6
-8
-21
-36
-35
-32
-27
-34
-43
-61
-85
-92
-89
-70
-52
-20
-1
3
-1
-19
-33
-44
-44
-48
-41
-36
-21
-9
-9
3
7
6
0
2
2
1
6
3
-4
-7
-10
-20
-18
-18
-4
10
16
24
21
18
12
1
-6
-4
11
14
18
16
12
-3
-17
-24
-34
-37
-38
-37
-34
-25
-19
-22
-28
-28
-20
-15
-7
-9
-23
-33
-36
-39
-46
-43
-40
-33
-22
7
24
35
40
37
32
26
24
18
14
16
17
21
26
31
24
21
22
24
17
9
11
3
6
0
-6
-17
-30
-24
-18
1
16
23
12
0
-10
-18
-13
1
11
8
-7
-27
-45
-41
-29
-8
1
15
21
21
29
33
32
19
17
1
-14
-22
-19
-15
-12
4
17
27
22
15
9
4
14
18
22
28
37
39
36
36
30
30
33
47
46
46
43
45
42
45
48
48
51
46
34
24
23
33
28
24
11
2
-4
0
2
-1
-8
-4
4
5
5
-1
-5
-1
14
22
31
34
36
28
21
21
22
12
2
-16
-26
-29
-24
-16
-14
-4
-9
-23
-41
-51
-49
-44
-38
-37
-33
-26
2
18
31
35
27
26
20
22
6
-11
-26
-39
-48
-55
-51
-47
-34
-23
-15
-19
-17
-19
-27
-32
-39
-42
-48
-46
-40
-49
-60
-61
-57
-48
-45
-48
-49
-52
-47
-47
-52
-53
-60
-72
-97
-119
-138
-148
-132
-102
-72
-38
-17
-17
-39
-67
-94
-117
-119
-108
-95
-85
-67
-53
-42
-31
-18
-10
-9
-2
7
20
31
33
25
28
35
45
51
62
76
77
78
78
73
69
63
61
57
60
66
75
73
79
86
88
84
87
83
78
74
70
63
65
71
80
77
75
60
50
43
47
60
67
96
105
112
112
113
113
99
90
82
82
85
90
84
72
66
60
57
58
61
64
67
78
84
85
82
80
69
69
77
85
89
81
73
58
46
43
34
18
11
12
3
-1
-3
-6
-15
-25
-46
-67
-82
-82
-68
-49
-26
-14
-5
3
8
10
-2
-12
-18
-24
-18
-2
8
18
33
37
42
40
42
31
11
-17
-52
-82
-91
-92
-94
-91
-76
-66
-62
-63
-61
-69
-76
-81
-86
-89
-86
-76
-71
-61
-38
-12
11
26
35
33
42
43
40
26
19
21
17
20
25
29
24
23
20
19
24
28
28
25
21
19
9
9
19
25
24
28
16
8
0
1
3
-1
-1
-7
-14
-18
-10
-2
2
9
1
-10
-22
-15
-5
11
24
22
12
7
7
2
-7
-6
-7
-8
-2
8
10
18
23
28
65
