-42
-49
-37
-12
0
-9
-10
9
16
18
-1
-21
-16
33
38
37
29
20
6
-7
-19
2
7
22
41
22
10
14
17
61
71
62
30
15
22
26
36
36
19
-4
-41
-38
-49
-14
-11
0
-16
-29
-23
-23
-12
9
17
6
20
9
11
-4
-9
-8
7
-7
-23
-38
-37
-31
-40
-56
-38
-4
5
6
7
13
43
38
59
45
10
-12
-31
-16
-2
31
30
8
-7
-18
-19
-8
-11
-16
-3
2
13
7
-4
38
20
34
59
54
56
13
-30
-50
-38
-18
-5
1
13
18
16
-1
-13
-24
-26
-20
12
19
45
36
35
34
71
51
26
-15
-15
-29
-39
-38
-30
-7
32
40
57
57
44
35
14
-2
4
6
9
58
93
98
43
15
33
43
35
2
-5
-6
-8
-8
-22
-33
-30
-12
15
14
10
-10
-3
20
29
77
61
44
2
-38
-37
-36
-49
-48
-37
-21
-35
-59
-82
-74
-50
-25
-11
14
67
57
9
-43
-49
1
21
24
-23
-31
-12
15
28
14
-10
-29
-24
-11
31
19
14
-16
-34
-28
-24
-16
27
51
45
-9
-65
-61
-40
13
17
34
32
18
35
38
40
47
50
63
26
6
-14
-19
-16
-25
-39
-19
-1
18
32
45
39
27
10
14
23
66
79
74
52
8
19
13
35
72
59
50
19
25
18
8
38
28
16
-9
-22
-22
-26
-29
0
27
44
20
8
-6
9
5
-9
-11
-42
-42
-65
-67
-59
-69
-61
-54
-33
-18
-3
-18
-47
-56
-40
-50
-25
-52
10
22
33
20
-37
-33
-34
-28
-16
6
17
24
8
-9
-45
-71
-68
-35
-16
15
47
63
67
41
40
62
51
51
40
34
24
14
-5
-2
9
25
28
15
-45
-88
-95
-79
-79
-79
-66
-21
6
10
-26
-2
-13
3
-1
29
47
52
22
-2
7
17
-15
-31
-53
-45
-39
-28
-18
-1
28
60
63
62
33
7
16
42
32
-1
-27
-24
-17
-20
13
48
73
50
35
13
-9
-33
-57
-55
-33
-9
30
14
12
-11
-37
-37
-25
2
28
42
60
111
125
99
30
-23
-22
3
24
64
82
78
89
87
102
80
44
18
5
-1
-19
-40
-37
-12
29
29
33
34
35
13
-12
-32
-28
6
34
51
45
10
-1
-12
55
43
23
-15
-41
-22
-29
-47
-58
-65
-56
-4
12
14
17
23
48
50
30
3
-10
-3
11
13
35
57
88
93
102
74
51
57
77
85
44
-1
-12
7
7
12
10
7
2
-10
-12
-15
-25
-32
-50
-35
10
27
-2
-38
-59
-18
7
0
-38
-45
-45
-44
-47
-36
-35
-14
28
30
11
-14
-12
36
17
-8
-20
-20
0
15
31
16
12
-13
-5
24
59
51
11
-31
-30
-1
32
23
-15
-45
-11
-22
-24
-47
-36
4
29
56
66
77
54
25
-5
-48
-58
-60
-63
-40
-30
-1
-1
-28
-6
-30
-14
-17
-7
-7
-1
-31
-40
-9
7
1
-13
-6
-7
-16
-31
-21
-15
1
29
86
67
36
-29
-64
-63
-40
-19
-8
-15
-29
-7
1
10
-11
-15
-24
-21
-31
-1
-1
3
5
-29
-24
-37
-54
-28
-22
-12
7
19
55
61
53
11
-25
-28
-36
-40
-48
-48
-28
-26
-2
0
-1
-7
-12
-7
1
1
-18
-5
23
37
42
48
48
45
2
-7
-9
-3
-16
-2
-8
-8
5
0
-6
-17
-18
-4
-23
-47
-53
-38
-33
12
-4
-28
-70
-95
-83
-59
-10
30
55
78
28
-11
-29
-28
-7
-29
-47
-49
-36
-34
-49
-49
-49
-22
-3
4
-9
-27
-28
-7
3
-3
-24
-21
-11
-8
-32
-1
5
35
4
5
-15
-13
-11
11
0
28
-4
-35
-58
-64
-43
-22
-26
-20
-21
-1
24
50
28
19
9
20
15
26
39
32
34
28
33
30
20
-3
-6
29
41
60
50
60
83
123
153
134
72
33
-6
-9
-15
-15
1
-2
-15
-13
-17
-29
-30
-55
-43
-46
-37
-40
-25
27
74
72
49
27
13
24
5
-10
-32
-32
-9
-9
3
-5
-10
-7
-5
12
71
42
48
-7
-20
-4
4
-10
-24
-20
39
44
60
17
-13
-16
3
30
89
91
87
68
36
29
14
-17
-1
7
44
45
40
-3
-43
-33
-16
-6
-17
-11
4
28
34
19
9
-16
-12
-31
-32
-29
-30
-33
-23
-9
4
55
55
37
13
-34
-22
-1
37
37
16
-7
-6
1
-14
-12
0
16
13
20
16
45
39
24
11
-8
-1
4
15
2
14
-25
-28
-30
-43
-27
-19
-11
-17
-38
-1
-2
5
3
-7
2
3
-3
-24
-34
-27
17
15
-1
-28
2
-7
-8
-42
-64
-55
-41
-38
-31
-23
8
2
33
15
12
-16
-28
-9
-6
29
34
22
31
38
56
71
58
43
28
19
33
39
41
26
-1
-27
-44
-11
-9
29
8
-3
-33
-59
-63
-27
-35
-45
-50
-59
-61
-46
-43
6
22
11
8
-24
-32
-32
-56
-39
-33
-44
-14
7
14
-1
-14
-3
14
42
48
62
37
17
-4
7
31
48
57
33
7
27
25
20
4
-30
-47
-44
-40
-39
3
19
69
62
44
39
0
-2
8
54
67
70
26
-5
-23
-64
-115
-153
-129
-61
11
79
155
166
160
72
8
-62
-80
-85
-79
-57
-32
-7
28
73
122
140
140
107
56
32
2
-8
-49
-87
-68
-72
7
17
46
42
56
87
123
130
122
107
90
64
75
72
75
37
9
-27
-21
-3
32
22
41
25
38
81
109
85
28
-32
-63
-84
-101
-108
-97
-102
-79
-45
-44
-33
-12
-11
19
14
3
-10
-27
34
50
46
27
-7
2
17
5
-8
-18
30
33
40
7
-30
-40
-20
-9
21
17
-4
-25
-63
-77
-83
-78
-62
-33
-27
-32
7
15
57
49
22
34
-9
15
-8
-25
-53
-37
-27
-11
-11
-23
-2
16
23
10
-1
16
27
10
-39
-18
9
34
17
-33
-53
-44
-32
-19
-37
-41
-17
-16
13
4
-29
-73
-72
-77
-25
-54
-64
-92
-94
-68
-37
-38
-66
-95
-67
-30
2
11
-6
-17
-9
40
37
41
-12
-38
-25
-9
-8
-20
-25
-21
-13
-15
-10
-14
8
13
29
3
-20
-28
-15
-20
-11
13
3
6
2
-7
-7
-8
-26
-21
-6
15
29
68
91
88
74
-3
-36
-79
-78
-38
-28
-13
2
17
2
-28
-38
-5
14
2
-16
-21
-9
14
42
63
61
30
-31
-51
-42
-32
-42
-75
-94
-93
-63
-32
-13
-21
-9
0
3
14
6
-13
-16
10
26
27
-9
4
14
-1
-10
14
44
77
61
42
32
29
22
26
35
81
66
50
57
91
121
111
73
38
23
35
21
11
-12
2
17
61
88
90
76
18
5
10
23
48
32
4
-35
-23
-7
25
20
6
0
30
33
17
-18
-36
-6
5
26
10
-9
-1
15
47
74
53
17
-20
-42
-41
-49
-41
2
12
17
8
9
59
47
35
-9
-53
-53
-44
-29
-18
-12
15
67
83
82
34
13
2
9
-3
3
30
61
89
115
92
70
34
33
48
39
39
37
43
50
56
29
31
47
48
49
22
11
-2
-8
15
-1
-20
-43
-48
-44
-22
-17
18
50
45
-9
-78
-90
-62
-38
-40
-21
-23
-11
-4
-9
-22
-42
-49
-48
-40
-40
-46
-43
-67
-67
-50
-18
-14
-39
-74
-86
-75
-68
-57
-78
-42
-65
-48
-61
-62
-67
-30
-2
-1
-8
-19
-29
-51
-77
-81
-83
-44
-14
7
8
-3
-8
2
-12
-19
-44
-63
-58
-49
-33
-26
-8
-7
14
17
6
-18
-63
-56
-41
-28
1
-3
19
42
42
18
-8
-14
5
14
29
40
64
69
62
98
71
80
74
38
34
23
39
78
92
82
51
14
8
6
-4
-4
3
-2
-1
13
7
7
-1
-3
22
56
31
8
-35
-37
-26
-17
-14
-3
15
28
45
53
49
31
21
-24
-56
-79
-79
-52
-27
-4
10
13
29
25
6
-10
-22
0
9
28
18
-1
-8
-3
-3
-25
-24
-33
-37
-42
-20
-16
28
32
53
37
-2
-41
-71
-43
1
31
27
0
-22
-26
-15
-14
27
12
21
53
89
92
59
5
-7
2
13
17
16
9
20
59
65
55
7
-23
3
21
45
39
-2
-31
-40
-22
-26
9
27
38
42
7
10
22
19
8
4
1
-2
18
2
-1
-13
-3
6
41
54
53
49
46
37
20
-1
-3
8
64
130
147
103
36
5
0
33
54
57
49
61
69
62
60
44
65
62
73
72
76
53
37
52
77
96
84
47
68
32
6
-53
-74
-62
-29
-7
16
19
15
2
-8
-50
-97
-115
-87
-36
17
63
86
109
93
49
-1
-24
-30
-36
-26
-11
23
67
87
80
48
47
78
75
20
-29
-74
-43
-17
1
13
8
23
33
24
2
-27
-51
-47
-63
-71
-66
-38
-18
-40
-31
-27
0
-4
-26
-57
-49
-57
-53
-57
-51
-15
-25
-41
-52
-45
-43
-58
-61
-55
-44
-29
2
36
62
53
-10
-87
-127
-99
-63
-17
-14
-27
-37
-48
-35
-34
-27
-2
17
20
-11
-42
-64
-45
-5
6
33
26
38
-9
-27
-47
-64
-44
-40
-28
-38
-52
-20
-20
-41
-66
-58
-42
-30
-36
-44
-34
-5
-7
-26
-58
-66
-37
-11
22
56
65
71
57
23
11
21
26
26
27
42
67
99
129
133
89
69
33
36
33
38
40
45
63
56
28
-14
5
30
56
36
36
27
29
21
-6
-36
-48
-31
-7
41
44
57
39
64
46
29
-2
-10
3
-1
-1
1
4
10
22
9
12
5
35
31
11
16
-23
-34
-43
-38
-8
-12
-3
3
-6
35
46
25
4
-35
-45
-50
-69
-56
-66
-41
-63
-80
-91
-97
-103
-92
-65
-38
-16
-22
-23
5
-21
-44
-72
-56
-39
-15
-28
-49
-54
-20
-27
4
-18
-8
14
22
14
-35
-71
-65
-43
22
30
32
-19
-28
-6
33
20
14
-8
-25
-6
39
55
63
39
35
55
28
4
-45
-54
-27
14
61
98
109
81
55
42
48
34
32
30
10
33
51
97
114
103
93
72
63
70
58
28
80
74
91
51
38
33
30
18
6
-7
-19
-25
-38
-51
-46
-14
8
14
20
6
22
15
-1
-23
-49
-70
-30
-11
8
-21
-51
-71
-51
-31
-27
-30
-53
-72
-56
-48
-40
-74
-91
-62
-53
-42
-44
-53
-43
-39
15
30
40
11
-23
-28
-11
11
18
28
32
20
32
-1
-8
-23
-26
-25
-13
19
43
37
4
1
22
39
41
15
-18
-34
-1
2
0
-12
-34
-32
-47
-36
-9
18
26
49
66
72
56
3
-25
3
35
48
48
19
23
28
32
23
-14
-55
-47
-20
4
3
7
4
7
55
89
86
58
44
80
97
97
64
19
5
31
40
57
50
44
51
41
65
46
29
25
25
14
-2
-3
16
59
51
43
21
40
46
29
-14
-34
-12
-2
-16
-48
-70
-53
-25
-4
10
21
9
0
16
10
4
-34
-37
-22
-19
-18
-15
-20
-26
-26
-24
9
7
56
21
17
8
2
16
7
1
-27
-53
-51
-40
-45
-39
-53
-56
-59
-45
-32
-33
-28
2
30
39
34
4
-6
7
19
26
19
18
31
53
49
43
35
41
55
76
42
24
-6
-32
-16
-5
20
25
21
-1
-13
-4
27
52
15
-19
-60
-52
-23
35
50
53
41
16
24
18
56
39
49
67
48
14
-43
-75
-54
-25
14
35
38
36
23
49
52
103
97
93
68
45
15
74
72
109
63
24
10
13
35
49
65
42
35
25
18
0
-23
-33
-28
1
11
15
17
-3
-25
-57
-65
-50
-17
-22
7
0
-6
-9
3
-6
-13
-23
-11
-7
-11
-23
-18
10
18
23
-6
-26
-28
-41
-31
-25
-19
-27
-25
-31
-4
3
6
-17
-34
-26
24
29
32
32
15
46
43
30
-19
-44
-39
-44
-17
-3
38
37
21
3
-12
17
41
55
20
14
0
16
-9
-26
-53
-58
-34
-17
-8
-1
22
23
24
11
10
36
42
43
59
64
98
97
68
60
60
83
98
114
88
38
3
15
11
24
44
77
51
0
-54
-80
-68
-57
-39
-24
-20
3
-4
-2
-20
-17
-28
-3
-8
-27
-24
-27
-9
16
0
20
28
50
49
21
-36
-30
-32
-31
-48
-69
-55
-36
-42
-54
-84
-94
-79
-63
-54
-34
-23
-21
-35
-33
-24
-5
22
-2
-26
-47
-52
-43
-52
-43
-17
-2
-2
-10
-44
-51
-47
-45
-36
-55
4
-5
11
-22
-26
-18
-12
-25
-5
-10
-1
-3
-31
-35
-32
-39
-30
5
12
-4
-49
-71
-56
-38
-35
-59
-77
-55
-3
19
10
-20
-37
-28
10
-12
-21
-46
-52
-63
-56
-54
-53
-43
-51
-64
-69
-49
-9
12
11
6
-7
-12
-28
-29
-35
-42
-44
5
43
59
33
10
9
32
46
29
0
-18
20
4
0
-22
-44
-24
20
46
41
27
29
1
0
-21
-10
30
82
85
58
16
-3
13
-20
-25
-26
15
33
67
68
35
22
-23
-4
-4
32
12
-20
-38
-41
-17
-6
-1
8
34
52
38
14
-19
-11
-8
11
17
36
31
41
43
82
66
54
-4
-35
-35
-19
-10
11
21
25
11
14
13
30
37
45
41
4
-5
-8
-24
-18
-20
7
10
20
11
37
36
58
31
14
-10
-19
-2
-2
73
82
71
44
6
-1
13
34
32
17
-1
4
22
16
-13
-47
-53
-12
-2
6
-1
-1
-25
-33
-45
-40
-19
-26
36
26
41
19
36
35
27
18
-2
-7
-16
-36
-45
-36
-18
-7
-7
-7
-31
-42
-57
-21
-9
-8
-27
-9
-17
20
-1
1
-18
-31
-41
-49
-16
3
17
-1
-16
-49
-76
-71
-67
-41
-31
9
51
37
9
-60
-80
-41
-13
4
-29
-41
-37
-8
27
14
-13
-43
-23
14
34
31
13
-15
-12
10
14
11
11
-2
0
-37
-42
14
17
33
-3
-36
-23
6
23
2
-6
-17
0
28
59
32
14
-19
-7
-7
-13
-25
-13
-16
-7
-16
-30
-37
-60
-62
-83
-71
-26
21
55
28
-24
-57
-60
-56
-31
11
34
34
-7
-25
-30
-20
-21
-16
-19
-26
-38
-12
5
37
39
11
-3
-22
-22
-28
-38
-39
-39
11
43
39
27
22
58
64
84
91
93
75
45
43
68
63
28
-28
-60
-43
-35
-53
-59
-39
-21
13
20
68
15
-4
-39
-66
-64
-54
-36
-12
3
4
6
15
33
29
86
42
19
12
-13
27
14
25
17
35
14
6
7
-8
-27
-38
5
16
16
4
-11
-16
-36
-67
-92
-78
-70
-35
-23
-12
7
-2
6
53
70
58
34
11
-6
-3
-11
-4
23
20
17
-2
19
43
32
-1
-14
-21
32
26
24
-9
-12
20
26
16
-4
22
19
-2
-22
-8
-1
2
5
8
15
16
27
19
26
9
12
28
51
68
58
43
28
17
-7
-24
-17
-29
-7
14
40
68
73
54
34
22
20
8
14
57
77
76
43
9
20
52
75
73
49
31
17
24
3
30
14
0
14
26
43
34
28
34
34
44
44
29
25
17
31
62
45
2
-54
-67
-78
-23
-47
-19
-41
-44
2
52
77
78
78
77
53
0
-40
-43
-10
36
56
106
123
134
101
54
17
-7
-26
29
48
59
63
39
51
59
56
69
49
67
80
69
33
2
9
50
63
92
66
25
-15
-21
-16
24
18
18
14
14
57
60
39
28
-1
3
-11
-33
-3
28
43
27
-4
-10
-18
-44
-44
0
23
36
13
-24
-33
-34
-29
-26
6
1
19
-5
7
7
-5
-23
-40
-40
-33
-21
-29
-12
-29
3
-6
-58
-75
-59
-33
30
13
6
-31
-40
-37
-20
2
-10
-28
-29
-10
31
40
12
18
17
14
9
-25
-23
-68
-55
-68
-57
-49
-58
-36
-31
-10
-2
-4
12
46
58
51
23
15
-9
20
32
18
11
-13
-17
-18
-16
-17
0
1
14
8
2
16
39
67
79
51
28
-8
-11
-11
-23
-31
-45
-57
-38
-19
-11
-2
3
13
15
29
41
18
-22
-53
-59
-46
-28
-16
-12
-16
35
35
30
7
-27
-18
-43
-41
-59
-26
37
84
90
39
10
18
25
15
14
-5
-1
-19
-17
-26
-33
-17
1
43
61
56
40
46
72
87
37
-6
-56
-51
-12
-1
-7
-20
-26
-2
4
24
25
4
-12
-3
55
76
114
98
67
62
55
60
59
68
64
51
38
50
85
85
100
77
63
46
65
60
71
38
-1
-20
-8
15
30
58
56
55
24
-11
11
42
80
86
62
32
27
30
26
45
37
36
37
27
37
45
45
49
29
5
4
18
44
51
62
65
56
74
69
58
32
3
-31
-47
-40
-24
25
33
32
11
-28
-23
-25
-45
-51
2
-7
-15
-56
-32
-15
-2
-13
-19
-17
-27
-39
-27
-41
-30
-39
-46
-50
-65
-63
-46
-32
-16
0
9
8
12
-29
7
-18
-18
-27
-53
-65
-73
-80
-51
-56
-44
-54
-68
-62
-69
-70
-43
-49
-12
-15
7
-3
-51
-75
-71
-28
-5
5
-1
-29
4
11
30
11
-2
-23
-23
-28
-51
-72
-92
-77
-71
-66
-68
-72
-62
-78
-98
-93
-96
-85
-46
-29
-19
-27
-38
-12
-7
0
-22
13
27
25
-17
-53
-39
-31
-9
4
34
26
9
-18
-41
-49
-98
-131
-176
-151
-141
-135
-172
-202
-202
-182
-170
-153
-155
-104
-64
-20
-27
-45
-22
2
40
42
22
-8
-28
-37
-59
-74
-40
-4
14
-2
-17
-56
-64
-66
-55
-13
9
0
-28
-47
-42
-18
-34
-20
-40
-40
16
52
75
89
62
75
61
57
54
43
37
23
3
3
5
29
50
56
71
92
64
19
-19
-49
-29
15
23
28
29
21
52
56
67
36
8
2
0
19
27
34
27
19
32
41
37
48
85
134
83
21
-40
-20
12
44
54
41
52
31
23
32
22
7
-10
-27
-41
-42
9
49
53
39
2
1
-11
-2
13
-2
-41
-33
-20
-7
-29
-44
-21
-8
11
12
-6
8
9
-3
-59
-111
-108
-120
-75
-61
-47
-9
-20
-27
-62
-50
-38
-38
-61
-63
-69
-65
-23
-21
-13
-43
-48
-35
-31
-15
27
23
26
-7
-37
-25
-18
-6
-15
-7
-25
-27
-35
-15
8
21
46
54
29
3
-27
-11
-13
-14
17
-6
-9
-42
-43
-23
-10
-13
1
-1
32
5
-31
-54
-39
-7
20
47
42
25
18
3
-11
3
-11
7
2
-7
-5
4
23
35
15
-17
-34
-50
-52
-55
-59
-50
-34
14
40
81
82
73
55
28
12
-29
-59
-58
-29
2
48
42
61
45
17
1
-16
0
-1
4
-33
-42
-55
-41
-1
3
23
-19
-16
-28
-44
-31
-12
2
-7
-4
21
22
21
13
28
72
87
100
90
69
51
89
75
81
49
23
45
60
70
52
47
-11
-25
-52
-41
-37
-52
-46
-26
-18
-19
1
44
44
40
-14
-30
-21
-19
-15
1
-1
-1
-10
-22
-28
-47
-32
2
19
47
56
28
3
-34
-49
-36
-17
4
18
-8
-34
-53
-28
-14
38
36
49
17
-9
-21
-31
-5
7
53
66
77
73
16
24
7
13
22
18
27
35
55
55
54
61
53
37
-3
-24
-26
-13
-4
55
32
81
45
25
-12
-46
-46
-28
-10
-12
1
-7
-5
-6
-20
12
61
61
48
27
20
21
17
12
20
3
6
23
27
32
24
29
33
72
78
67
57
18
17
-8
-20
-4
44
49
25
2
4
43
59
36
23
11
29
53
71
93
107
119
124
88
82
68
62
49
44
64
84
79
79
46
20
7
1
30
15
68
50
62
88
34
0
-52
-77
-64
-67
-73
-60
-52
-36
-58
-66
-59
-36
-17
-16
6
17
66
81
79
38
-33
-88
-88
-61
-40
-10
-18
-10
15
26
24
-12
-34
-45
-2
-25
-38
-81
-95
-56
-56
-32
-17
-5
-17
-46
-23
-37
-33
-76
-58
-46
2
21
19
-19
-71
-68
-75
-66
-50
-17
7
27
7
-11
22
58
68
22
-47
-46
-39
-28
-40
-58
-49
-26
12
-3
1
23
39
34
1
-28
-27
-22
-34
-28
-36
-45
-58
-28
-30
-5
-28
-62
-41
-14
21
39
28
27
14
23
12
37
62
50
27
-18
-35
-32
1
7
34
24
11
35
26
34
11
18
0
13
22
8
-27
-74
-105
-102
-60
-16
46
51
16
-32
-97
-97
-63
23
50
45
1
-8
-21
-13
-25
10
20
29
1
-11
-5
-1
2
28
13
16
-12
21
26
18
20
-9
8
9
19
9
-3
-12
-12
10
48
65
38
9
3
34
20
-4
-22
-26
25
36
59
35
21
39
49
65
81
72
86
66
73
57
70
80
76
50
28
36
35
42
27
3
3
19
15
-1
-19
-4
27
72
91
107
139
153
168
148
123
125
111
91
73
76
94
78
69
21
-2
8
34
31
4
-72
-110
-101
-78
-31
0
5
-4
-1
-20
-4
12
39
28
10
5
-8
69
45
37
3
21
17
7
-14
-17
-22
-24
-16
3
14
6
48
20
14
-44
-45
-65
-29
-53
-50
-36
-35
-11
15
9
17
-1
-27
-20
-51
-73
-77
-57
13
28
22
-24
-20
-26
-29
-34
-32
-13
-1
17
20
20
7
0
10
6
29
8
0
-35
-55
-38
-36
-48
-38
-70
-74
-87
-75
-13
-16
-19
-40
96
43
71
87
108
108
67
96
27
25
-21
1
58
89
90
86
102
91
85
85
61
40
13
-26
-16
13
40
119
117
128
82
46
84
95
130
109
64
-13
-45
-23
10
57
97
97
104
61
21
-34
-23
-8
37
32
15
2
-24
-2
58
123
137
124
66
72
57
63
62
46
40
53
57
69
72
108
127
125
93
65
83
102
125
113
126
106
76
17
51
44
105
101
94
72
49
47
36
32
20
2
9
11
-12
26
-3
50
42
93
146
126
109
26
8
29
22
17
56
7
13
34
40
75
40
75
48
59
84
45
53
7
-25
13
67
104
114
69
55
29
-1
16
28
78
56
48
35
35
-9
18
54
94
95
71
0
17
45
65
56
19
20
36
59
49
60
50
109
120
128
58
17
-1
16
15
61
56
79
34
1
21
57
79
78
77
90
124
75
27
-14
-24
49
81
105
52
-1
-41
-46
-16
18
10
22
25
31
0
20
-12
26
-12
-5
30
-9
-4
0
4
39
21
8
4
78
111
96
-25
-65
-102
-33
11
130
91
55
-32
-27
40
44
53
81
72
51
28
-5
21
102
79
123
44
0
-23
23
96
105
72
51
80
56
67
42
42
52
26
25
11
35
18
70
93
123
134
91
50
43
33
86
99
50
-7
-53
3
22
99
109
105
47
16
-6
17
-3
28
51
69
54
34
50
35
88
125
173
171
169
45
-8
-15
33
85
104
89
14
2
7
68
150
98
131
66
28
19
4
20
48
19
60
28
41
64
125
143
155
103
102
88
85
68
42
43
57
55
149
147
158
112
31
54
62
97
123
160
139
112
37
11
12
1
89
118
113
31
-41
-10
24
54
106
116
115
53
65
67
116
139
159
135
145
131
88
53
43
23
81
94
104
91
87
95
80
33
51
52
30
-6
0
37
8
24
11
23
49
19
57
37
72
115
75
71
15
33
53
103
134
135
96
77
45
34
27
47
42
17
-18
-53
27
2
14
2
-2
18
1
-18
-3
85
112
171
90
18
-32
-21
1
17
86
52
21
-28
-36
21
59
115
93
115
76
30
10
-20
56
80
100
107
45
55
25
22
61
72
103
101
78
73
95
120
125
123
75
45
10
26
47
108
116
100
61
63
84
112
147
119
67
4
-52
-20
14
35
46
21
38
19
39
100
114
112
124
107
94
60
54
63
80
73
61
43
100
103
109
80
116
86
79
38
72
32
44
18
6
36
45
84
125
134
123
122
93
114
130
131
126
126
116
121
101
102
109
102
132
138
147
128
59
49
42
63
106
136
112
103
54
87
100
96
127
159
130
105
58
43
34
54
94
163
189
144
88
64
73
90
89
76
71
61
53
63
57
81
126
143
146
47
35
-17
67
78
78
64
50
55
72
85
89
86
43
40
40
68
52
31
45
48
34
62
49
77
53
53
19
28
43
105
135
128
126
60
72
63
78
112
145
105
63
-14
11
18
65
65
93
65
117
75
105
41
17
37
64
96
91
91
100
96
95
72
67
73
99
124
107
45
18
10
42
100
78
109
98
28
-34
-38
-61
6
10
10
27
66
86
28
-27
-31
18
27
53
35
-15
-63
-95
-23
57
112
85
38
73
51
112
87
93
57
-5
-7
65
87
104
74
45
39
18
36
78
83
60
-21
-56
-51
-41
-31
-33
-19
-4
7
57
25
20
-22
-1
8
33
20
9
30
-5
46
90
55
67
46
59
77
85
131
109
66
11
-36
-39
0
61
69
100
164
102
101
59
58
89
75
28
17
4
51
21
33
52
93
69
2
-21
-43
-11
119
68
46
-47
-93
-29
29
72
98
100
110
52
44
-1
25
29
9
43
78
108
84
58
46
77
139
138
130
129
92
89
13
5
29
45
24
38
49
94
154
144
84
-3
-4
28
81
129
198
151
80
-6
-11
28
68
89
132
99
48
14
23
69
99
111
80
49
64
51
94
79
49
14
-3
34
123
131
122
105
70
100
75
47
51
104
99
96
96
86
73
71
67
98
115
71
14
-21
7
50
83
96
155
102
92
27
17
22
51
85
124
135
76
52
-2
50
65
120
84
157
164
152
104
56
71
101
122
136
143
145
138
135
124
118
68
75
88
72
76
157
108
124
68
69
100
100
74
82
74
69
26
11
10
2
26
74
54
51
32
15
42
36
20
22
14
-24
-39
-10
52
65
52
25
11
-2
42
12
24
20
53
39
38
66
5
34
0
65
103
80
71
36
22
55
72
64
12
-30
-16
0
35
-8
5
44
110
77
63
0
-20
-49
-5
13
25
17
-2
51
29
43
21
77
82
88
99
76
101
88
84
89
48
62
39
58
59
33
17
6
-12
36
45
58
54
39
41
38
-3
-26
-32
0
27
33
57
25
13
7
9
39
47
57
36
56
77
42
15
-24
13
51
80
77
76
102
97
108
65
44
20
19
20
43
75
96
71
90
121
105
93
76
67
76
105
42
42
51
33
71
98
104
113
93
108
84
116
116
78
37
7
-24
30
24
60
86
116
125
122
90
79
82
51
14
-10
-2
-8
82
89
126
135
75
100
27
65
61
64
62
33
9
-44
-33
21
48
50
19
35
65
68
85
52
114
88
79
0
-35
-25
-19
-41
-11
4
78
87
111
115
78
35
39
24
10
21
38
57
38
8
23
40
84
72
138
138
118
42
-12
22
56
71
56
37
77
73
79
57
65
95
139
128
149
105
115
110
99
50
0
-10
24
27
73
37
36
-1
4
35
64
45
78
85
107
77
43
5
45
124
126
106
82
81
69
31
10
7
32
90
63
52
34
27
69
92
90
96
110
85
54
49
32
54
17
6
16
84
67
62
43
58
87
76
69
48
81
54
56
8
-9
-5
27
36
104
86
69
82
79
48
34
11
59
75
93
101
149
121
151
109
108
97
111
113
157
129
91
88
82
105
77
30
44
112
121
147
117
96
76
123
121
145
113
117
119
102
39
6
20
95
97
89
94
85
96
58
49
82
79
94
82
97
95
123
64
89
43
71
103
152
163
149
69
12
-31
-1
-31
-18
-15
0
18
22
0
17
22
39
9
43
111
85
29
-19
-52
-23
-1
39
72
56
19
-13
-24
7
9
27
21
17
21
-50
-50
-89
-70
-23
7
31
17
2
59
51
58
45
16
24
10
-9
-14
-17
66
39
49
-25
-70
-46
-19
42
39
33
-25
-44
-56
-29
42
39
40
50
62
59
76
61
41
26
-21
-1
-38
3
-10
-34
-34
-10
34
44
130
113
152
59
9
-2
13
40
71
76
32
-10
-31
5
46
63
83
55
16
19
-15
71
60
42
19
-4
43
82
163
146
128
60
43
42
98
78
79
14
2
14
55
97
161
132
109
18
28
35
92
134
135
143
82
54
27
43
63
82
97
100
93
69
24
55
33
39
14
38
36
71
124
112
73
17
-3
47
89
148
168
124
80
-1
-22
78
131
142
88
41
40
44
38
47
16
6
-4
-13
46
106
121
120
66
60
23
73
32
33
17
2
22
-6
40
47
69
68
46
92
109
95
80
65
36
25
8
29
110
120
118
45
0
-6
29
59
107
64
-4
-45
-52
10
57
72
76
39
46
45
47
75
70
74
75
101
74
57
-24
-6
-23
29
42
80
100
123
130
154
117
88
83
46
86
59
64
25
37
36
26
60
76
67
74
68
77
95
81
112
107
110
59
15
27
36
68
97
131
152
173
109
123
132
117
110
99
79
72
43
48
50
52
58
71
71
116
81
77
51
33
60
63
68
45
39
54
64
57
34
76
82
80
42
48
57
53
5
33
64
120
74
79
52
99
105
105
96
89
77
67
94
86
73
80
54
37
10
46
81
91
70
100
102
126
71
26
25
29
54
60
43
21
16
42
83
122
90
65
-1
31
26
54
66
96
108
62
-20
-80
-96
-45
16
76
94
58
-5
-20
-13
-15
-6
-14
-2
-19
-48
-90
-67
21
70
82
25
-13
-5
5
9
83
91
63
19
-40
33
56
105
138
134
158
94
98
76
51
39
35
35
19
35
42
115
113
85
67
61
48
49
44
58
66
39
2
-39
-29
26
69
181
204
183
116
63
99
105
128
85
107
21
8
10
28
99
105
106
119
83
101
52
38
51
85
91
67
50
81
61
57
17
1
14
2
-5
29
65
66
66
21
13
53
93
116
107
87
50
61
51
65
71
58
83
121
69
32
0
9
56
69
67
73
104
90
95
73
29
15
-9
-32
18
65
110
137
93
60
51
99
115
143
153
122
97
73
83
122
139
150
142
97
72
47
72
90
134
130
117
114
84
75
58
1
38
35
48
67
66
103
174
136
80
34
-3
28
51
87
113
58
30
4
33
24
-9
-10
10
35
56
42
21
33
47
50
68
143
123
132
56
23
18
72
151
123
181
93
73
39
14
52
80
97
77
60
10
3
39
44
91
96
103
135
75
93
58
57
77
66
46
-6
1
69
94
91
51
38
62
73
79
62
71
72
38
3
-23
-26
64
56
57
60
48
45
-5
-21
-46
-10
68
108
101
53
30
17
67
109
123
109
134
73
45
33
41
44
56
36
34
37
52
86
64
35
44
60
70
38
34
56
119
105
134
119
78
34
-14
-31
31
41
63
64
91
47
37
8
57
82
128
139
114
60
28
6
4
-1
-5
-26
5
-45
-29
-33
11
60
157
135
111
55
-4
1
-25
-32
26
42
73
45
31
93
80
93
57
50
22
56
73
91
94
89
63
26
38
38
136
132
104
3
-64
-45
-38
-12
5
14
5
-42
-57
-37
23
66
35
30
-17
-40
-43
-34
4
36
37
39
13
22
39
44
52
18
0
-4
61
53
44
7
-33
-31
-2
23
19
57
11
-28
-66
-63
21
82
80
58
30
23
36
83
54
42
-3
-39
8
85
175
123
82
-28
-54
-11
72
92
84
95
23
-6
-38
-13
37
47
80
62
54
50
116
122
152
122
99
108
106
98
72
37
33
90
71
84
52
63
93
84
45
40
47
97
63
43
28
12
73
75
70
75
31
108
77
52
49
68
62
74
24
35
60
48
86
68
78
36
69
51
94
70
62
57
27
40
10
7
19
36
66
65
44
97
90
99
93
61
104
86
99
73
88
65
57
79
102
120
165
115
129
110
125
126
108
85
19
44
24
38
11
13
76
102
134
92
58
6
7
40
91
75
82
38
68
14
22
-11
25
51
42
19
19
6
5
13
82
84
76
25
-17
7
34
61
84
56
50
-1
49
40
98
116
132
153
169
158
127
133
112
121
167
170
184
158
97
85
59
52
82
84
98
120
59
30
9
32
67
91
130
138
121
75
53
71
55
99
78
58
43
66
45
75
27
52
71
99
81
60
35
72
124
134
145
44
-15
-49
-28
78
128
210
139
131
68
83
94
96
154
136
104
75
33
25
77
98
139
121
133
140
148
138
162
165
151
89
73
-5
17
55
66
83
88
109
130
154
161
121
83
16
-1
2
26
57
95
87
94
45
40
12
22
56
59
55
48
-1
-11
6
47
75
104
62
35
-25
-55
-91
-29
55
137
126
49
-8
-30
21
63
98
104
86
107
93
132
97
81
34
50
40
39
44
35
98
82
67
17
-18
23
11
70
75
88
64
46
57
78
105
84
68
48
50
76
85
71
77
68
36
20
28
54
54
25
12
21
78
67
28
-41
-42
-8
34
64
78
63
39
24
37
70
69
85
92
82
21
-1
-10
16
103
76
90
-1
-29
-30
-2
37
24
16
9
0
4
2
19
16
38
60
74
39
5
-18
16
41
50
42
11
15
58
74
54
3
-23
22
43
41
6
-1
-13
51
27
10
-15
-16
74
116
122
80
16
-2
-11
21
83
104
67
21
5
60
47
16
5
-1
34
50
72
88
69
73
32
52
55
69
56
38
39
14
4
10
2
32
73
105
146
156
144
81
39
70
141
126
145
107
132
135
115
122
104
122
85
69
23
43
67
94
81
81
80
129
146
171
147
167
154
138
122
55
63
39
41
52
65
61
49
27
74
81
90
59
9
-4
-14
-46
9
44
84
100
89
72
58
64
82
89
53
11
-41
-14
9
63
68
43
18
-41
-63
-69
-22
-15
52
62
51
25
12
14
57
94
130
139
85
30
35
70
95
99
67
26
-12
22
5
1
0
20
66
37
12
-23
-26
-37
-69
-25
-7
37
20
42
37
41
57
43
58
-11
-25
-60
-34
54
71
106
107
96
65
21
14
6
1
31
31
26
-31
-30
9
20
57
45
52
97
26
51
-25
-23
-18
9
67
36
45
2
-31
26
12
1
-8
-12
10
29
36
74
63
91
53
44
6
9
48
46
74
-5
-6
-6
39
67
92
78
79
53
60
47
58
40
50
49
36
12
3
10
67
154
168
173
115
80
82
53
49
57
22
-13
-53
-47
3
78
124
148
159
100
51
18
88
110
119
64
34
25
73
158
178
181
161
160
162
154
179
177
163
121
87
118
141
191
211
178
206
189
219
237
292
292
252
207
198
129
135
125
96
122
152
117
150
114
156
149
186
201
228
181
155
106
96
99
107
101
85
146
143
108
58
67
80
111
75
105
71
81
75
66
61
38
11
47
65
80
44
-35
-52
-31
-4
13
61
68
77
53
56
30
49
26
9
19
43
20
-8
-25
-30
17
39
45
18
-4
-10
16
39
43
54
22
-4
5
25
77
121
133
146
78
41
25
33
101
86
92
43
8
11
16
52
73
92
76
115
81
40
-29
-27
-9
18
34
76
65
54
11
42
51
83
36
46
0
6
-26
-35
2
65
53
42
43
50
72
97
34
3
-59
-76
-68
-18
44
76
90
58
46
16
42
44
74
77
118
117
93
5
-16
-38
14
30
82
138
105
68
33
-1
19
9
-6
-35
-19
-57
-32
-18
-1
45
61
64
61
11
30
50
38
53
43
61
36
34
-42
-105
-123
-92
35
86
110
41
-27
-41
-28
-13
22
110
126
128
58
16
44
47
79
99
119
69
30
-54
-64
-30
52
52
45
20
-15
-3
31
38
79
90
94
65
45
54
56
73
58
47
30
2
-9
-14
35
37
54
32
51
37
47
17
-7
-4
-12
-5
12
-24
-43
-35
-44
-19
36
67
45
37
19
69
103
92
113
81
71
98
75
73
30
38
57
68
88
85
105
101
83
74
44
22
30
17
-7
-9
-8
26
41
33
19
28
11
-3
5
26
21
8
12
35
77
112
93
118
137
107
89
43
26
34
20
27
85
159
138
125
91
75
73
96
142
127
53
45
-16
8
67
83
94
97
52
40
24
42
47
118
71
74
71
53
44
65
110
147
118
77
47
23
58
61
84
66
16
20
23
66
109
124
150
109
76
70
61
46
76
120
117
94
53
66
122
166
198
247
268
294
234
187
131
105
104
156
184
161
129
87
77
86
134
189
246
180
135
98
82
111
134
159
172
194
132
101
108
162
223
232
186
193
143
167
109
110
67
81
72
66
78
100
104
112
91
67
79
82
83
57
75
25
0
-36
-4
91
128
207
149
203
144
143
112
102
126
122
115
57
70
39
43
33
66
135
141
147
120
109
119
70
84
82
94
66
25
90
117
161
121
116
76
72
53
52
67
47
81
59
75
40
-8
9
0
40
77
71
67
47
91
99
96
77
63
83
94
61
50
46
52
56
77
67
46
6
38
72
82
106
65
63
21
65
34
61
52
93
88
124
85
77
82
77
120
86
62
28
8
39
77
86
76
110
106
144
142
112
82
30
3
24
48
72
86
58
96
102
109
84
61
68
50
21
13
-2
-34
-11
2
22
27
32
68
79
36
10
-8
-6
17
-19
-18
-76
-96
-121
-87
-87
-4
31
58
4
-75
-81
-49
-1
9
1
-15
-51
-73
-45
23
33
67
29
25
-19
-28
-47
-21
23
65
97
38
-18
-65
-89
-41
3
23
9
-2
-25
-34
-57
-81
-75
-43
-8
-20
-11
-31
34
30
39
70
62
41
20
-14
-15
4
-33
20
72
60
32
-7
-28
0
-30
-17
-23
-17
-7
-32
18
33
47
31
-6
-34
-67
-9
22
21
-26
-94
-142
-102
-44
17
36
21
22
-2
33
53
50
16
-18
0
-39
-44
-85
-44
32
93
103
56
33
58
34
71
5
-54
-89
-82
-59
-58
-14
44
53
24
7
33
80
100
71
55
-15
-27
-28
-59
-20
30
60
107
142
117
72
0
-50
-60
-56
-64
-55
-56
-13
20
47
78
97
111
103
57
85
68
59
46
24
12
-4
36
32
65
58
94
113
147
116
124
96
99
70
44
56
44
14
4
-16
21
83
136
180
120
94
89
57
59
27
17
-4
19
30
85
131
180
188
175
134
107
65
52
107
58
23
-34
-35
7
75
106
198
211
193
116
25
-15
-15
31
52
101
87
114
126
118
101
96
99
132
117
126
98
36
28
97
117
141
80
42
38
28
81
89
142
75
46
-12
-50
-21
35
44
65
48
82
69
76
83
46
76
47
25
18
9
77
89
110
73
21
50
76
103
65
94
37
42
9
9
25
17
22
48
27
40
80
132
173
140
68
44
6
41
88
73
106
54
7
-8
10
39
69
79
109
79
74
38
57
94
149
133
94
49
58
81
78
90
92
90
57
50
49
113
123
152
109
90
68
25
20
63
99
117
108
124
128
130
107
85
84
102
77
86
69
88
76
130
166
172
113
91
76
56
31
39
43
95
129
181
171
147
109
105
123
112
147
173
163
143
156
96
103
50
45
72
87
112
119
113
109
92
84
99
61
63
51
55
25
58
81
120
73
28
-19
-22
7
20
40
52
108
121
129
70
82
27
51
49
123
128
80
21
16
74
116
147
154
220
203
154
58
-6
-34
-25
-25
5
22
-20
-28
-35
-17
-9
25
-23
5
-62
-54
-24
10
58
71
112
101
80
36
51
86
95
64
66
24
47
18
23
56
92
119
149
76
77
36
29
35
32
47
82
83
61
3
29
16
51
35
45
26
-26
-58
-85
-28
10
26
81
42
36
11
22
90
114
185
123
76
19
-13
22
53
69
61
55
31
6
11
79
84
87
104
81
53
-3
-63
-42
17
69
108
76
36
-11
-5
0
45
52
64
52
54
33
59
67
82
65
83
116
109
48
8
-15
6
18
51
58
53
41
-1
-9
2
19
58
18
6
16
50
70
51
40
56
71
78
57
97
84
53
41
40
41
46
52
65
71
42
39
30
51
61
66
30
-3
20
36
85
96
100
100
101
107
104
114
87
44
-2
-57
-34
17
62
106
68
42
22
18
65
111
96
55
-23
-59
-55
3
72
108
141
88
77
40
-28
-2
-18
-7
-22
5
-19
-13
-62
-49
-19
-7
16
54
29
-11
-64
-72
-30
21
74
77
95
79
108
80
63
13
1
30
12
24
34
73
101
101
120
128
70
19
4
-6
15
13
64
70
147
186
150
109
31
30
71
92
90
104
95
165
141
112
55
-6
35
49
59
53
-7
6
55
65
113
92
47
-1
-58
-36
-1
65
110
142
140
86
37
47
90
69
49
17
76
91
102
25
-1
-5
54
93
92
104
84
126
75
23
-8
42
45
65
13
-20
-40
24
38
63
55
31
39
9
-12
60
57
78
40
-9
-21
-20
3
39
50
74
58
84
63
56
71
57
64
45
51
49
74
74
86
111
132
93
95
77
56
48
66
125
145
161
119
74
41
31
44
100
123
140
131
90
95
44
41
119
149
136
126
69
95
123
118
126
101
81
95
84
103
112
116
132
118
109
44
32
23
53
113
116
90
22
-9
-12
50
41
77
65
56
34
57
54
152
123
107
45
7
26
51
90
-28
